2939 4
4445 4
3289 8
1140 32
255 1
4290 1
6937 8
2348 32
3342 1
4814 16
5669 1
7168 2
5388 8
5073 8
5089 8
3550 1
1697 16
2523 8
3586 1
4331 4
2733 8
3396 16
511 1
2970 4
6144 1
6111 2
63 1
1023 1
255 1
511 1
1425 64
3817 8
313 16
4015 8
6854 8
6929 1
3631 32
4752 64
1030 128
5651 4
4195 1
4913 1
5787 1
5540 8
1023 1
2162 1
5084 8
6415 1
2952 32
1023 1
511 1
4296 128
6018 1
3721 1
2416 1
1122 64
6518 2
4223 2
5340 16
141 16
5978 1
3993 1
5470 8
6331 1
5328 32
5193 1
1023 1
2183 1
1367 64
511 1
4146 1
1086 1
127 1
5069 4
2882 8
2969 4
3856 1
4353 1
2239 1
6117 4
2223 32
6779 2
2578 1
4738 8
3138 1
3165 1
3883 8
3057 4
6201 1
1232 32
2054 1
3872 4
4352 1
2622 1
2125 1
1023 1
7315 8
3901 1
63 1
3889 32
4163 64
1023 1
3652 1
4511 4
4794 4
255 1
6213 4
3589 1
6112 4
5439 1
5593 1
1460 16
427 16
5114 4
6854 2
1023 1
812 16
3006 1
5126 1
1023 1
4731 16
5179 1
4136 4
1023 1
7416 2
4503 16
5280 1
2791 2
6155 1
5435 1
3571 4
1422 64
1434 8
6178 1
6107 2
3526 16
255 1
1910 4
4838 8
2347 32
5968 8
5702 1
5638 1
1023 1
3468 64
511 1
3400 1
684 16
1420 16
4653 1
6878 16
3234 16
5820 1
4536 4
1444 32
3607 1
6453 1
2046 1
6407 1
4198 32
5291 1
1133 32
5126 1
4131 1
1217 128
5881 2
1023 1
3739 16
5214 1
1681 64
6072 8
1476 32
5310 1
2402 32
1023 1
4164 1
1023 1
5362 16
1023 1
5584 1
511 1
2708 32
5059 8
4320 8
5643 4
3696 16
63 1
1023 1
4729 8
1046 64
186 4
2576 2
4559 1
4479 1
3654 1
4936 8
5952 1
2332 32
1023 1
6292 1
1414 32
3495 1
290 32
2049 1
5181 1
4830 16
4341 4
3620 4
2207 1
4197 4
511 1
3240 16
3166 128
1023 1
7448 2
5237 4
5354 1
2210 64
2276 32
919 32
1190 32
5203 1
3374 1
2310 1
3803 1
6914 4
4189 1
3251 1
5148 1
5241 4
7033 8
3229 1
7104 16
6783 16
2986 8
4944 8
2046 1
4356 8
5591 8
4708 1
3865 1
3658 16
4477 1
3983 32
3875 1
3241 1
4738 8
5771 1
3293 8
626 16
4091 2
2626 4
3684 4
1240 32
3094 1
4677 32
6070 8
3080 1
1023 1
1345 128
6262 2
4398 1
5365 32
5441 2
6242 8
4231 4
1023 1
4836 8
3221 4
2049 1
6525 16
7299 1
4102 1
1482 16
1026 1
2881 4
2878 128
2785 16
5839 8
2947 4
3594 1
1197 8
4113 1
4638 1
255 1
2474 32
2179 1
5182 1
1023 1
2048 1
6312 1
4670 1
3102 256
1023 1
4776 1
6150 1
2338 1
5699 1
4808 1
3954 1
511 1
4566 16
5675 1
3672 4
4787 4
1023 1
4323 8
5656 8
2110 1
2597 32
6056 1
2063 1
5720 16
5617 4
4485 1
2062 1
5876 1
2052 1
1023 1
6785 1
5141 1
4366 1
4381 1
1054 1
4200 4
3173 1
5421 1
3056 8
1503 64
5204 1
2086 1
2594 32
1358 16
3802 4
4144 1
1023 1
2062 1
3373 64
2302 1
2830 8
1023 1
5675 1
2249 1
2941 2
6089 4
1023 1
6499 2
2224 64
4030 1
5265 1
1078 32
5641 1
737 32
5824 16
4104 1
4329 16
3981 1
3136 128
542 1
1234 32
255 1
511 1
4402 32
3081 1
6052 2
670 8
3636 2
1025 512
2142 1
4112 1
255 1
2246 1
2046 1
5692 1
6119 4
7448 2
5816 4
6699 1
6657 32
2174 1
1104 128
1371 32
5152 1
2861 2
2048 1
5182 1
1023 1
511 1
4703 16
2607 32
5250 64
127 1
4642 16
255 1
4234 2
3463 1
3164 4
3427 16
2245 1
5310 8
4380 1
2343 1
2243 1
1792 1
5196 1
5692 1
5325 8
2872 8
5642 4
5484 1
2865 16
1438 8
1485 4
5071 8
3192 8
3347 1
2206 1
2215 1
3074 1
5116 1
511 1
5043 4
512 256
2625 64
3137 16
4535 8
4206 64
511 1
5129 1
1023 1
4029 1
5635 1
4898 1
5151 1
127 1
3538 8
3331 1
4621 2
2458 1
3541 1
3393 1
4301 1
4096 1
2062 1
6048 1
2559 1
4623 16
1066 64
3920 16
2184 1
3655 1
6009 8
2048 1
4469 8
1023 1
4346 16
5875 1
4766 1
1174 32
4113 1
5301 1
6523 1
6213 1
5320 1
5929 1
4398 1
2048 1
511 1
5067 4
5492 8
4160 1
5693 1
3599 1
5347 4
3646 1
4687 1
2042 2
3975 32
6136 4
5844 1
5895 1
1023 1
511 1
1061 128
448 32
2705 16
6698 2
3229 1
2358 32
6010 2
5832 8
5338 1
4137 1
642 64
1023 1
4988 1
4236 1
4725 1
3925 32
667 32
5908 1
5857 16
2574 1
2240 1
5455 1
1164 64
3098 1
255 1
2878 1
3440 16
4670 1
7127 4
6036 8
3327 1
6813 8
2671 32
1023 1
4503 8
2018 8
1166 32
6162 2
3461 128
4657 2
2158 128
6247 4
511 1
6279 8
2603 1
3335 1
5636 1
6127 4
1023 1
3473 1
2838 8
2953 4
511 1
3204 1
3787 8
