538
4
617 201 985 536
6
301 137 364 888 820 359
4
556 938 674 831
2
16 922
1
160
7
656 425 795 553 165 427 791
10
560 856 890 922 929 127 714 551 296 680
4
509 307 593 915
5
188 330 864 416 775
8
581 394 387 591 970 685 541 281
9
770 473 738 9 330 225 165 356 792
10
33 524 726 973 541 784 829 646 160 934
8
537 68 159 488 498 785 13 264
8
837 59 877 628 891 131 666 208
8
499 29 289 768 286 713 943 82
5
326 416 819 826 572
4
279 391 376 331
4
146 465 588 658
5
999 595 527 439 730
6
509 40 910 473 461 878
4
357 452 676 138
4
978 584 725 969
1
444
4
906 324 708 848
9
864 672 450 233 666 702 667 855 164
10
881 828 51 752 217 722 310 62 602 114
1
45
1
729
1
148
1
284
2
66 559
6
897 66 909 415 843 495
2
30 219
6
211 146 418 895 576 137
10
109 956 269 292 116 284 995 400 217 770
9
454 109 400 419 362 955 339 290 908
6
343 763 528 409 680 888
8
631 846 398 789 88 35 186 499
2
188 836
10
979 271 358 485 562 184 26 944 956 746
7
22 943 75 847 177 150 925
7
213 850 665 590 194 762 240
9
139 500 693 948 243 903 618 137 252
8
313 108 735 161 308 719 407 225
1
933
3
682 34 417
8
853 723 980 439 256 168 32 417
9
341 543 942 861 828 480 834 118 827
4
158 315 992 463
1
908
1
321
8
619 464 561 706 330 409 438 745
9
658 766 2 262 684 313 606 901 551
5
425 43 946 47 248
3
123 638 246
2
67 991
10
184 438 603 65 12 833 569 328 616 208
6
956 283 609 257 610 800
8
684 120 720 351 751 157 674 859
2
17 96
9
910 875 779 749 964 284 269 389 353
5
927 825 889 352 538
10
632 329 756 262 666 915 465 565 162 40
9
181 431 498 622 181 180 314 776 9
8
991 226 296 70 377 149 441 722
9
424 714 488 268 119 600 673 934 554
1
987
3
883 69 533
2
226 581
1
506
7
243 915 91 278 600 815 712
3
186 293 25
1
108
8
263 734 442 146 837 237 438 802
4
437 433 22 678
4
321 27 87 854
5
169 525 109 288 215
7
569 142 624 283 323 581 363
3
3 273 829
10
634 291 417 83 501 96 956 353 740 938
4
815 404 735 205
10
498 308 830 600 373 39 852 364 863 252
3
717 805 614
8
282 50 282 453 963 203 702 571
5
987 256 710 792 210
5
552 386 943 375 697
6
403 445 91 788 695 165
4
565 315 905 884
9
291 833 20 515 21 908 297 461 433
4
141 335 192 400
3
757 258 706
6
218 31 639 440 350 848
7
16 675 926 425 439 552 195
3
662 831 800
3
9 953 825
1
587
10
528 305 459 122 56 470 163 601 311 60
5
557 630 755 225 808
1
45
6
762 918 198 51 25 335
8
7 821 666 552 874 475 214 416
1
574
5
72 720 642 28 577
8
417 950 107 608 488 760 925 202
8
156 25 28 538 641 843 948 259
1
136
10
17 646 116 729 755 80 392 608 989 229
5
976 949 878 645 2
10
656 390 958 346 434 465 256 675 810 700
9
8 395 590 900 215 543 210 826 243
9
7 705 458 600 793 492 764 193 75
2
639 53
2
237 190
8
170 531 452 667 682 43 220 581
10
73 920 745 915 657 244 592 629 75 864
1
624
2
414 332
3
989 994 964
7
132 758 997 224 681 927 528
1
869
6
950 755 807 760 821 622
9
585 320 982 604 953 827 215 228 418
6
392 817 452 946 666 521
1
605
10
817 940 302 788 691 878 801 295 267 309
6
108 460 12 637 351 371
9
281 401 674 17 12 79 872 703 915
8
396 505 189 510 459 237 470 21
9
5 907 941 742 65 772 572 883 986
9
475 950 151 345 320 620 918 847 649
6
430 278 598 391 878 528
4
400 62 481 479
4
260 195 284 391
10
152 775 287 256 100 743 724 536 277 242
10
568 492 463 777 552 238 236 376 14 751
6
716 349 946 854 183 412
1
221
2
863 983
8
155 232 543 403 175 910 634 626
4
646 475 833 305
10
46 243 626 695 823 324 346 465 776 54
9
539 421 366 676 841 881 59 957 760
9
289 216 767 606 765 239 887 95 878
1
928
6
110 822 892 519 277 78
1
351
5
738 458 539 114 208
2
235 441
4
114 130 270 118
7
922 490 280 984 854 369 185
10
972 137 230 80 241 140 435 299 807 269
6
572 325 214 733 462 798
9
904 323 358 214 902 956 345 670 393
6
62 627 452 185 46 346
2
139 721
5
713 81 372 144 310
9
391 75 205 313 32 611 224 419 587
3
645 820 458
9
21 839 336 885 790 732 784 387 967
6
379 421 708 285 59 170
9
933 292 596 571 49 118 870 387 731
2
734 335
7
624 126 674 788 646 674 201
5
915 514 610 857 927
2
847 114
8
594 877 939 357 787 878 47 602
1
900
6
339 781 294 976 162 875
7
356 730 244 441 322 124 46
2
834 559
10
569 114 17 848 436 172 764 105 763 722
2
826 256
7
732 129 184 52 559 465 130
4
302 959 649 332
1
804
7
367 528 609 386 626 477 484
1
925
10
20 307 185 670 885 999 475 127 806 632
1
600
7
343 80 949 266 409 10 337
1
494
4
688 259 288 149
6
904 984 619 888 587 985
6
105 390 241 465 870 133
10
244 35 202 115 308 859 688 859 862 679
6
866 129 711 179 342 349
1
50
1
513
8
180 395 942 951 15 549 196 573
2
631 415
2
78 10
4
10 870 646 6
7
583 456 707 183 426 239 597
7
224 275 872 668 52 558 581
5
394 611 373 215 357
6
650 792 935 798 512 607
9
546 814 928 790 842 506 510 268 405
4
680 855 25 248
1
643
9
925 431 728 95 21 86 217 361 322
2
642 250
5
624 92 518 144 834
2
35 255
3
279 763 195
7
992 936 886 667 714 126 597
8
598 223 414 631 87 314 766 709
6
45 557 942 84 564 733
6
857 444 528 312 682 271
3
983 655 457
6
143 757 129 604 925 931
1
435
4
986 832 436 902
6
866 166 665 349 600 454
1
729
10
682 76 705 671 863 885 837 344 616 577
8
946 461 193 667 231 922 589 620
7
363 361 48 497 544 167 308
4
685 312 329 588
4
420 729 968 83
2
511 408
2
912 200
7
501 896 318 409 458 952 912
5
262 804 530 982 449
3
143 633 76
5
131 274 807 362 1
10
778 11 178 385 323 599 173 153 524 198
5
625 298 629 599 620
5
414 448 906 680 66
7
428 457 652 878 418 295 339
8
60 662 382 83 827 768 123 158
10
286 632 328 362 737 164 156 143 248 381
5
296 615 55 880 734
10
134 33 618 67 116 212 124 316 922 712
10
589 349 207 806 528 666 559 205 920 706
4
202 74 389 585
8
498 574 405 910 606 639 595 141
3
194 892 161
6
988 751 203 243 705 946
8
973 881 304 853 383 974 749 470
7
717 256 858 379 720 794 737
5
389 359 543 356 450
6
591 325 320 853 561 88
7
270 242 472 1 924 797 902
6
447 800 807 347 956 498
5
772 995 655 847 366
5
376 538 546 509 43
8
862 460 640 328 217 748 34 317
9
707 379 854 736 956 962 325 301 494
6
716 371 173 223 807 971
2
324 200
6
679 674 712 596 479 327
4
479 189 997 957
6
941 500 957 23 502 741
2
565 275
5
541 642 358 450 228
8
42 111 803 267 483 663 230 990
8
829 590 714 995 522 911 382 807
5
275 200 801 117 693
1
805
2
232 597
10
421 385 37 300 445 884 708 245 738 983
7
94 467 527 340 990 595 521
10
679 882 353 873 832 134 175 331 597 141
8
439 425 676 830 393 168 124 936
10
122 829 706 824 813 13 641 650 493 979
6
563 320 901 525 323 815
1
743
8
424 547 663 130 892 954 720 366
4
700 146 391 190
3
626 166 462
10
177 610 597 436 142 318 691 360 217 285
9
519 131 789 248 44 14 144 18 7
7
641 284 500 798 225 755 832
2
16 548
3
4 317 502
4
202 604 122 607
4
853 466 616 943
4
210 589 598 42
8
268 942 194 226 193 216 324 750
4
401 899 791 624
5
582 337 440 178 386
4
18 143 271 445
7
631 869 220 500 798 666 258
7
627 946 448 903 606 924 15
1
247
4
606 957 250 149
3
190 726 388
9
973 71 165 206 985 799 336 816 1
1
869
3
535 498 715
9
883 705 933 593 694 702 956 495 263
6
191 130 286 730 309 142
6
109 677 559 338 977 442
1
739
7
366 833 198 203 406 615 226
9
339 853 908 827 801 65 637 649 297
3
529 715 24
9
627 970 42 780 160 918 794 529 494
7
374 29 887 873 368 516 326
5
166 789 176 60 254
1
308
8
792 839 154 85 365 561 935 435
9
757 80 902 347 161 347 319 640 220
6
29 957 623 380 273 894
8
989 391 696 194 198 884 363 974
1
952
8
290 821 582 992 435 120 619 134
8
111 456 88 127 770 428 83 737
3
462 93 866
4
814 331 148 214
7
354 931 392 443 458 449 353
3
742 262 680
10
173 877 287 963 471 522 785 55 932 495
8
400 968 307 965 358 503 889 163
7
107 180 107 311 736 983 625
3
739 12 937
9
56 519 697 780 499 50 903 887 885
3
740 12 381
1
625
9
834 187 524 897 817 680 589 709 778
9
370 749 432 125 529 660 402 805 714
7
820 920 399 331 233 76 952
6
572 544 151 810 60 828
3
159 266 320
6
665 817 909 815 165 437
5
74 439 1000 749 895
9
831 250 509 15 989 861 937 291 610
4
222 809 69 64
2
675 188
7
978 177 367 470 191 102 351
3
581 144 774
4
13 911 406 944
2
395 827
6
913 24 899 422 915 221
5
347 208 598 70 122
1
602
3
707 362 516
6
738 899 320 425 182 713
3
742 553 221
4
162 51 819 366
1
605
9
492 136 321 601 270 686 119 296 975
3
865 117 581
4
643 86 504 82
10
559 754 887 410 414 692 342 101 762 652
1
958
10
574 901 514 442 896 772 450 281 289 660
4
146 795 934 29
5
168 866 45 78 38
7
541 770 642 539 168 268 514
2
651 323
9
288 176 925 820 815 881 337 88 181
2
280 5
8
166 51 236 336 311 690 265 401
7
784 631 102 917 651 478 101
8
671 531 372 289 594 539 459 474
5
873 763 924 926 490
6
579 713 310 246 313 975
3
122 52 169
2
501 729
1
248
1
324
8
510 931 803 82 201 704 406 661
5
895 910 6 246 159
8
511 679 183 968 589 711 741 598
2
444 220
6
321 708 966 770 363 18
2
648 373
3
611 508 236
7
995 453 338 674 816 645 27
1
181
3
560 791 263
3
607 549 474
9
18 127 244 815 237 557 981 605 698
8
178 484 389 539 112 316 387 492
10
495 755 662 178 296 185 2 64 42 495
8
920 334 483 337 680 452 416 26
9
580 587 694 592 276 715 806 559 265
8
868 945 790 854 651 619 555 863
3
235 725 402
2
76 994
2
751 76
9
986 62 202 415 858 759 12 123 804
4
605 273 797 670
3
121 996 20
7
79 380 465 133 967 135 39
1
641
1
444
6
531 27 669 165 185 182
4
132 806 740 847
8
390 99 360 413 895 691 69 29
1
68
8
542 946 921 914 58 148 270 327
1
232
6
32 181 284 914 669 144
5
470 527 878 821 334
4
585 591 260 540
6
21 816 490 224 915 789
3
228 228 988
8
472 36 460 406 716 37 167 860
7
109 235 858 30 246 951 542
3
950 480 370
3
806 46 276
5
269 65 249 34 253
7
981 126 427 228 216 16 371
9
375 21 515 658 654 545 62 407 351
8
130 313 761 840 37 163 482 455
4
19 295 599 327
10
807 746 258 734 977 226 427 102 906 377
7
555 840 606 756 951 121 755
4
759 419 492 139
2
947 467
4
152 77 410 192
8
397 406 621 459 322 627 544 383
4
947 948 878 275
5
265 294 614 879 534
3
633 613 290
3
451 657 391
5
455 541 239 126 945
9
115 229 729 794 446 327 933 970 569
1
431
8
193 973 802 138 612 759 900 52
2
178 332
4
497 107 165 828
4
816 527 50 590
6
718 596 631 713 26 251
8
884 959 395 42 780 251 622 145
1
352
7
89 367 427 300 855 157 214
1
615
5
113 44 566 157 258
9
341 810 237 180 449 664 892 44 135
7
428 166 646 84 621 377 57
9
220 122 909 260 724 586 348 434 545
1
81
6
551 887 295 954 485 94
5
764 963 209 409 672
8
403 595 667 415 101 812 859 313
3
690 656 241
5
408 149 846 474 927
5
497 616 802 318 955
7
484 341 662 528 852 57 860
7
93 145 813 720 496 800 335
3
971 6 232
9
702 214 7 61 199 727 683 112 951
3
602 818 932
6
811 471 468 114 227 452
2
914 70
6
273 346 711 245 741 32
3
520 605 297
5
569 549 600 58 268
10
74 976 122 600 887 366 149 957 286 52
3
242 863 550
8
899 336 943 358 647 199 232 759
1
867
8
998 4 712 24 618 394 327 777
9
830 639 89 875 385 885 750 687 335
7
908 975 922 686 104 560 200
2
690 474
5
539 979 609 696 822
9
812 261 211 788 388 253 665 728 765
9
619 105 564 99 634 845 242 645 822
9
688 269 704 929 501 481 856 930 740
9
763 839 292 23 636 431 292 755 97
9
955 552 361 253 466 998 232 449 92
7
667 672 867 246 179 351 572
3
346 679 27
1
309
8
826 669 944 445 151 665 20 831
8
416 462 929 398 247 401 776 599
7
511 541 514 183 526 472 933
9
480 618 756 136 121 31 819 93 708
5
92 525 564 123 849
8
480 9 227 533 525 888 247 122
5
61 12 518 554 882
7
931 419 773 277 855 251 913
2
902 898
6
501 546 408 230 854 392
10
530 668 848 310 518 268 475 29 233 271
9
815 73 718 995 490 600 477 949 641
9
830 627 744 529 302 268 705 683 218
1
986
1
262
2
106 947
2
250 196
4
902 475 75 69
10
374 856 633 272 833 605 261 221 357 82
5
279 522 103 192 856
4
12 964 321 957
10
326 990 240 314 208 901 129 364 857 563
10
322 961 467 253 689 103 407 61 884 609
7
330 355 548 35 330 801 294
7
392 360 537 939 223 531 853
2
11 375
1
724
6
656 692 770 653 544 139
7
886 653 763 848 448 383 213
7
665 216 2 168 40 708 773
6
179 900 873 781 614 402
2
334 45
9
689 686 452 175 361 215 386 599 417
10
520 714 885 383 442 801 532 359 145 680
3
584 870 679
3
406 691 395
9
931 303 545 827 874 678 470 508 71
2
525 383
5
489 633 782 227 393
1
184
3
934 943 792
4
895 721 740 568
7
202 361 545 653 522 80 728
10
384 411 961 807 404 991 730 394 152 477
10
754 679 50 585 188 235 108 914 961 488
5
474 975 97 303 822
10
470 747 232 861 63 27 681 100 246 314
4
42 709 146 524
1
630
8
967 212 787 280 915 667 39 364
2
959 931
2
613 277
10
202 90 804 457 658 345 532 765 664 927
6
74 444 703 758 969 1
6
505 447 187 359 665 318
4
587 740 484 315
10
537 599 73 373 756 89 979 191 709 13
1
463
10
711 529 121 350 365 391 690 507 243 308
3
606 924 716
5
254 229 518 534 959
9
448 876 406 686 329 924 982 720 84
10
750 484 416 316 524 613 372 476 840 224
1
526
5
169 592 382 27 561
4
409 425 35 645
4
705 484 395 197
1
263
5
860 805 92 226 772
4
979 892 973 943
