98
5
594 997 545 373 845
2
139 522
3
138 945 228
10
417 97 803 976 972 491 426 211 416 796
9
653 706 430 98 509 707 431 879 190
10
646 844 604 32 745 947 848 511 662 385
10
542 363 839 272 880 711 854 446 543 96
9
13 989 537 926 280 392 621 608 940
3
137 205 305
1
272
5
521 309 442 793 57
8
840 733 602 389 198 446 478 595
7
967 680 257 271 20 253 129
4
290 466 968 196
1
927
9
325 3 234 752 542 884 153 293 994
4
558 725 375 625
2
356 724
4
891 506 345 45
4
623 617 556 44
4
802 712 905 68
1
339
10
978 565 501 39 234 135 233 575 810 693
3
159 18 778
7
192 963 476 555 626 260 917
4
864 556 198 965
5
968 681 481 3 898
9
898 190 296 134 750 226 58 770 13
8
210 153 893 422 982 356 402 346
2
427 68
4
972 528 771 241
8
787 203 28 2 910 624 348 805
6
870 737 126 759 95 724
6
701 842 68 749 710 314
2
917 165
8
134 966 733 935 184 102 344 321
8
39 128 330 143 697 477 608 429
4
897 157 354 207
6
125 401 349 716 227 228
7
746 45 829 689 500 883 997
5
261 259 696 713 598
7
750 716 390 151 980 149 553
10
465 440 310 501 215 844 504 774 927 972
9
126 820 18 697 449 729 694 257 775
5
255 776 941 140 802
6
715 205 36 713 876 387
4
46 831 558 374
10
920 178 955 72 389 209 532 977 791 169
2
718 630
4
649 249 581 648
4
287 133 881 617
1
297
5
684 338 684 427 139
2
343 540
9
690 435 824 856 925 386 859 603 363
2
881 875
9
560 208 753 294 696 729 332 812 468
8
935 871 329 182 919 932 794 860
3
409 433 575
6
275 728 391 717 974 5
10
284 78 462 431 643 349 76 161 999 829
1
152
3
818 116 138
5
153 430 2 732 10
8
423 214 513 93 980 606 548 523
4
260 937 991 55
3
954 632 597
4
778 510 105 920
5
782 500 860 15 947
8
826 475 67 589 130 519 398 863
4
711 899 97 532
4
890 480 350 291
8
143 828 854 35 515 117 260 836
8
993 670 340 24 95 910 471 283
6
619 142 607 366 218 442
8
356 454 507 746 120 153 116 514
1
88
9
792 530 306 365 934 187 697 723 487
9
20 662 602 345 516 230 910 832 839
2
602 735
9
172 878 812 668 215 753 813 270 673
2
849 243
9
447 982 533 392 103 551 160 309 795
2
745 70
10
440 47 795 766 113 644 124 197 576 206
10
249 506 413 259 244 450 523 351 885 221
3
668 8 511
10
309 66 474 888 124 592 68 238 745 943
8
479 549 145 709 574 220 579 190
3
489 528 719
5
704 387 436 914 375
6
544 853 744 579 676 665
7
811 380 946 881 744 842 606
10
427 36 156 323 786 309 425 813 3 619
9
389 239 415 803 905 204 576 108 550
6
105 885 400 869 690 458
3
863 984 324
2
876 764
