2378 1
3302 32
5845 8
1023 1
2247 1
1023 1
4383 1
3414 1
3020 8
4146 4
4842 2
5878 1
2741 8
511 1
1853 8
3904 1
5325 1
2933 4
5377 1
5891 8
5277 4
1246 8
2048 1
1023 1
6206 64
1515 16
4383 1
1030 1
5453 1
5444 16
4880 1
5919 1
2218 64
4510 1
1974 1
255 1
5637 1
2905 1
3287 1
5707 1
4392 1
5950 4
1023 1
1420 32
4598 4
4889 32
3 1
3506 1
2591 1
2098 1
255 1
804 32
1026 1
5739 1
6606 2
5394 1
5274 8
6016 64
1258 16
6150 1
6997 4
5074 16
2071 1
4072 4
6263 32
3933 16
5383 1
3680 32
5409 4
3752 1
2050 1
458 8
2166 64
5713 8
5798 1
2659 1
7281 4
1023 1
3939 8
7106 1
2901 8
4131 64
4677 1
3759 1
511 1
1272 16
2208 1
1692 16
4729 32
7240 4
511 1
6509 4
1023 1
1299 128
3839 1
5450 16
260 64
511 1
1023 1
3428 1
4238 1
6646 4
3133 1
2528 32
2468 8
511 1
3754 16
3274 1
4178 1
3071 1
1414 32
3825 1
4699 8
3366 1
6539 8
4550 1
3837 1
5307 4
5709 1
1023 1
4700 1
5105 4
5794 8
2047 1
4321 1
1023 1
5201 1
4878 32
4615 16
2846 16
7464 2
3999 8
5546 16
255 1
6785 4
4221 1
410 8
2078 1
3805 1
63 1
3087 1
4860 1
1834 16
5385 8
4141 1
3903 1
4880 1
3744 4
511 1
5586 1
2318 1
3941 1
2626 1
5431 1
3698 16
6320 1
3108 1
2218 64
1019 4
6441 1
5357 4
3599 1
3265 64
4856 4
3749 1
2318 1
6426 4
6481 16
255 1
2252 32
2784 32
4566 8
3504 8
4568 1
6019 16
5806 1
3460 4
4234 8
4124 1
4710 8
4897 2
4110 32
5557 1
127 1
2016 16
2064 64
1658 8
2320 128
4382 16
5633 1
2323 64
5661 32
2548 8
5715 1
5119 1
5565 8
4919 16
2065 1
5153 1
1142 16
511 1
2063 1
5605 16
4740 1
6786 8
2050 1
4394 16
721 32
3104 1
1445 32
1379 64
5195 1
2898 16
63 1
4469 1
2062 1
6351 1
5876 8
4115 4
3980 2
7622 8
2891 16
2079 1
3407 16
2591 1
1022 1
2118 1
4146 4
2185 1
1023 1
1529 8
2434 1
5291 16
255 1
1126 32
4300 1
2934 16
5169 1
5631 8
3636 8
5504 1
1681 16
3479 16
4755 32
1342 8
5767 1
6106 2
4126 1
2694 128
4744 1
3616 1
2321 1
4634 4
6431 8
5200 1
2023 16
2319 1
3930 8
4695 16
5152 1
3435 16
2446 1
4773 1
