263
3
558 652 157
6
797 945 162 76 719 411
10
418 550 92 614 447 60 315 741 769 527
1
581
3
65 837 115
1
984
5
634 594 649 918 519
5
81 935 697 150 567
4
138 970 671 593
6
463 32 436 393 688 812
6
707 195 607 745 960 900
9
12 177 820 766 271 308 214 376 557
4
197 565 225 694
1
332
2
670 607
5
450 839 650 938 780
9
409 832 290 84 178 724 691 986 472
4
706 440 411 150
7
6 794 923 534 995 518 844
8
665 999 654 151 122 659 586 775
8
358 23 799 6 342 607 529 341
2
250 986
3
289 996 157
1
540
10
984 118 814 437 104 386 414 29 898 864
2
757 230
7
850 282 616 661 344 620 5
3
102 17 402
9
470 723 897 83 182 376 560 519 223
10
138 97 967 621 844 658 376 228 299 894
7
951 404 504 649 699 762 576
9
783 50 855 532 545 300 755 46 60
4
352 526 737 259
7
301 30 885 832 577 900 475
5
117 50 53 265 247
1
181
9
764 821 963 516 62 320 817 657 239
3
599 727 755
5
546 441 368 113 568
9
851 88 993 46 40 880 89 207 523
7
862 565 135 809 572 318 169
10
546 547 261 318 308 247 576 732 77 748
1
672
2
13 639
6
903 758 781 637 363 868
8
62 37 904 270 156 941 151 830
1
3
5
491 638 111 739 67
3
571 817 741
3
722 537 464
1
215
2
372 430
3
329 186 387
9
968 812 360 905 744 219 627 12 861
10
835 368 202 451 947 77 36 233 880 429
9
56 346 686 841 984 224 339 297 944
8
236 982 314 734 160 517 182 81
8
523 679 761 593 973 95 947 933
2
947 167
10
817 710 30 444 654 439 697 77 508 104
10
816 421 143 607 627 734 627 593 947 930
8
368 898 849 903 466 364 244 938
7
339 247 303 163 320 131 460
6
855 873 784 183 652 257
10
281 689 963 718 637 396 907 568 634 270
6
963 880 282 144 343 137
9
969 44 873 388 126 25 563 828 837
6
20 114 620 934 896 898
8
656 883 55 481 948 788 780 264
5
955 800 695 295 643
3
1000 475 18
2
210 230
4
405 162 836 523
8
302 783 348 876 674 412 309 343
7
281 827 570 966 542 773 778
3
775 669 669
10
180 613 722 649 629 144 654 863 250 973
1
750
6
953 163 85 738 867 549
10
21 932 823 257 415 770 479 55 83 407
4
633 36 205 455
6
681 14 390 481 117 332
7
105 505 605 575 519 232 722
5
834 787 615 64 662
1
445
2
979 213
3
541 320 336
2
616 778
8
124 235 316 471 310 661 765 823
10
608 877 558 519 842 991 449 953 305 554
1
333
10
828 546 416 437 506 31 696 28 172 277
1
788
2
622 133
5
129 619 50 191 342
10
377 55 984 76 888 132 846 956 560 50
2
233 19
1
380
1
824
5
276 444 949 694 856
5
798 385 940 806 896
10
414 974 760 93 573 145 571 114 671 731
5
731 285 638 230 993
4
107 594 767 292
4
560 35 743 418
1
437
6
841 51 342 739 972 721
5
764 379 315 601 307
7
38 160 999 139 293 622 847
5
790 504 735 642 363
2
341 813
5
685 72 883 616 867
8
462 434 885 179 745 59 879 24
5
412 953 54 154 700
10
680 745 752 689 161 997 228 478 139 38
7
950 395 20 440 995 231 787
5
414 408 406 833 903
8
241 651 76 195 547 403 328 698
9
735 569 484 132 371 316 272 280 679
1
668
7
270 181 48 208 10 863 911
8
457 781 457 912 645 779 317 289
10
666 847 952 439 368 914 515 181 516 98
3
53 903 201
7
235 884 83 786 84 888 922
1
709
9
995 960 433 68 91 354 3 570 762
6
862 418 929 816 979 840
6
827 531 533 297 996 903
4
467 74 931 294
10
279 206 235 206 929 286 334 132 25 446
6
351 152 762 412 54 536
8
700 970 453 117 143 422 94 23
1
161
10
529 801 677 439 884 822 998 613 138 304
7
431 583 235 264 45 955 952
2
244 144
3
739 252 816
5
791 403 381 304 828
1
61
5
689 215 359 667 317
7
994 204 14 918 905 521 933
2
600 652
10
746 304 695 519 483 2 859 946 243 412
7
510 561 393 536 254 950 100
5
264 743 313 384 413
7
886 731 784 811 127 97 536
6
60 839 330 31 920 794
1
470
9
592 984 592 709 19 248 213 484 820
3
702 243 24
5
443 173 40 205 566
3
745 577 978
9
391 654 712 895 531 111 158 319 76
6
162 633 100 348 936 453
9
59 474 531 499 404 418 358 246 660
5
435 282 466 758 600
4
806 324 687 65
2
351 348
9
237 352 690 304 791 469 237 397 294
8
418 306 409 733 148 69 253 821
5
207 537 635 141 121
6
216 564 938 567 469 511
8
424 200 793 390 812 659 604 742
5
25 287 360 351 644
3
193 111 522
8
730 481 324 210 110 7 97 59
8
887 941 731 546 784 591 776 545
1
231
4
422 518 276 632
4
8 318 790 192
8
737 162 802 363 22 831 326 963
6
970 547 927 10 351 371
7
696 607 489 413 217 743 117
10
661 317 636 560 649 140 880 816 251 453
9
77 156 966 29 174 736 682 601 920
6
183 467 831 132 951 736
6
830 871 730 422 955 296
7
561 160 379 974 924 807 109
8
962 724 202 851 671 49 124 471
8
94 424 410 657 592 889 653 896
6
457 669 123 737 678 902
9
471 771 82 542 866 513 161 250 80
1
105
2
806 824
4
473 297 669 609
2
821 689
4
595 479 54 680
6
405 670 1 42 634 4
9
659 868 555 474 662 368 827 523 492
4
681 147 350 625
10
812 891 155 472 607 294 644 404 177 945
4
419 708 687 62
9
847 115 240 289 582 421 218 654 324
9
719 379 904 1000 886 43 599 406 183
10
750 219 304 193 843 197 420 962 907 514
8
103 603 797 248 312 12 892 410
3
832 76 684
9
604 11 810 194 967 439 592 315 129
2
547 427
1
501
3
208 700 786
10
444 748 674 809 850 81 353 789 488 93
7
452 15 650 403 39 97 900
10
597 185 497 385 367 334 114 158 827 242
3
624 187 395
8
892 44 114 883 545 701 508 447
2
212 505
5
980 83 801 461 653
2
539 66
2
937 306
9
103 749 324 336 418 584 765 787 175
4
988 530 504 868
1
54
7
923 476 146 818 54 325 896
3
463 864 557
9
366 46 748 715 223 630 341 11 22
8
758 537 431 114 111 302 245 50
6
430 172 543 546 777 687
6
724 959 447 259 24 351
10
127 459 157 321 309 235 762 494 297 333
4
233 497 301 828
3
244 424 638
6
952 329 336 281 728 681
3
606 770 712
3
501 136 91
3
985 238 601
6
750 474 371 2 461 966
3
925 237 473
1
807
2
588 73
3
681 192 690
10
546 437 735 129 803 307 938 585 128 339
1
190
2
279 655
7
26 354 661 778 805 39 201
4
279 5 872 2
9
942 149 124 844 477 650 857 180 267
10
472 538 569 38 70 862 976 752 239 279
6
687 143 110 504 704 910
8
351 330 658 964 494 602 919 990
4
281 367 502 275
4
832 632 550 647
8
797 309 661 429 247 462 107 719
2
717 13
9
514 243 426 616 150 561 70 567 335
10
749 371 672 85 326 501 811 92 157 530
7
265 863 446 761 563 683 221
4
255 316 323 520
7
504 89 50 322 441 635 752
5
18 559 118 800 618
7
42 165 268 64 308 197 248
8
821 698 394 729 11 248 639 446
10
948 768 604 327 94 612 814 993 648 55
7
786 619 541 736 952 309 914
2
984 975
3
967 367 929
6
433 439 223 709 538 420
8
933 170 391 259 725 341 54 638
9
471 201 875 653 800 625 181 889 191
6
576 753 942 72 491 13
3
974 424 901
7
81 455 275 467 891 231 753
