5937 16
4161 1
2558 1
1878 8
63 1
5315 16
1214 8
2423 16
2697 16
1270 4
4136 1
6811 1
4244 2
1023 1
2819 8
2299 1
1022 1
5296 1
2671 32
1972 1
511 1
619 32
3973 1
1805 1
2632 1
4829 1
498 4
3374 1
5476 8
4266 2
4363 32
2100 1
2186 1
1369 32
3604 4
2651 16
3309 2
2315 1
6382 4
4755 1
1484 16
6738 1
6726 4
6431 1
1934 8
327 64
2631 16
3861 1
5054 64
2176 1
3820 4
3961 8
2706 1
1023 1
5423 1
511 1
511 1
2203 4
4702 16
2559 1
4099 2
6174 4
3149 1
4351 1
1919 128
3549 8
2148 1
1329 64
127 1
4173 32
3422 32
1991 32
255 1
4481 2
3248 16
1230 16
3362 1
4232 32
1238 16
1212 16
6790 1
3837 1
5519 1
6047 16
2054 1
4103 1
5822 8
3909 1
1691 1
426 8
2559 1
4427 2
5164 1
5674 1
4276 1
1968 16
3629 1
3352 1
4902 4
1349 16
2627 16
4274 4
6101 8
5879 4
1023 1
4746 1
3473 32
255 1
6424 2
3036 4
3569 8
5454 16
6059 4
3253 8
2336 1
2842 8
2945 4
1360 64
5091 4
6160 2
2569 8
6682 1
5552 8
4525 4
3640 8
3238 1
2729 8
5186 4
4728 1
4279 16
1194 32
4769 4
6012 1
3085 1
6120 2
1804 32
2879 8
3333 8
3362 32
3182 16
2578 1
6520 2
1023 1
5856 2
4343 8
5354 4
3563 4
2769 16
3592 1
3138 1
2600 8
1984 32
2190 1
1140 32
6296 4
3522 1
6200 1
511 1
4868 1
5178 8
327 64
3825 16
6288 8
5741 1
6075 2
6037 16
1023 1
255 1
4829 1
2624 1
2768 1
3320 8
2603 1
3586 8
1490 16
3306 8
4125 8
5750 8
7150 4
2051 1
4391 16
6825 1
3445 1
2210 1
4884 1
1317 64
4729 8
3324 4
5863 1
3455 1
2047 1
5997 1
3834 4
4463 8
2710 64
3383 1
5926 16
3792 16
2420 16
6564 1
5812 4
5107 2
4134 1
3353 1
31 1
5262 1
1240 32
3081 2
2863 8
4382 1
5953 1
3546 8
5213 1
6875 32
4297 16
3264 1
1023 1
2266 16
5040 16
4659 1
2350 1
3343 1
6950 1
2356 32
557 32
2083 1
3117 1
3955 8
7024 8
3599 1
511 1
6493 2
6607 1
255 1
1023 1
6845 4
5198 8
1244 8
4521 1
511 1
1023 1
5995 8
2060 1
4746 1
5302 1
4743 1
4228 1
5994 2
3005 2
3583 1
4233 1
2398 16
2080 1
3141 1
2173 8
6359 8
4537 8
2052 1
511 1
1589 32
1325 32
1029 256
5125 1
7232 1
2671 16
255 1
3586 2
2861 8
3159 1
5676 2
5851 1
3199 1
2766 16
4546 4
3045 4
6831 4
4243 16
511 1
2879 4
4168 1
5741 1
1805 1
3949 8
3392 1
937 16
3268 1
2049 1
7114 2
5149 2
2047 1
63 1
3335 64
3219 64
4410 16
1023 1
3586 1
5270 1
6181 4
2252 32
2061 1
2576 64
5026 16
2513 16
2112 1
2715 16
4958 1
4695 4
6597 1
4954 8
5555 1
6446 4
6675 1
4590 2
5794 4
4382 1
6164 1
4558 32
7709 2
1479 64
3073 1
5503 1
638 4
4385 1
1818 16
1023 1
2654 1
4888 8
255 1
3325 1
3878 32
6947 1
1023 1
6211 1
3461 1
1023 1
5307 1
2366 1
3217 32
2430 1
4328 16
3640 8
1288 128
6183 1
3651 1
1230 1
5473 4
5896 1
5471 1
2172 16
4328 4
5480 2
3968 32
5526 1
5172 16
2752 16
6086 2
5558 8
5128 4
127 1
3873 16
3119 1
63 1
2558 1
4254 4
6358 4
2590 64
2940 4
255 1
255 1
2478 1
511 1
5877 8
5439 2
3583 1
3651 1
5629 2
1652 16
2082 1
4021 16
3117 2
5408 2
354 16
2070 1
5251 1
6001 1
2094 32
3963 4
1023 1
4113 128
2431 128
2095 1
6080 8
1023 1
3603 1
2770 16
255 1
6331 8
2319 1
777 64
2989 4
5057 4
683 32
2240 1
5968 1
4742 1
2102 1
2176 1
6063 1
1293 64
1950 4
5991 2
1023 1
1799 1
6579 1
2418 32
4592 16
5829 1
3646 1
5591 4
5332 1
4351 1
5765 4
3092 1
1607 1
5757 8
255 1
1515 4
1287 256
1625 32
2186 1
3912 1
4652 8
4172 1
2200 1
3602 1
2304 1
1362 32
3981 1
2830 1
6520 4
4971 8
255 1
3738 16
4749 1
6815 1
4153 16
5648 1
3087 8
5848 4
6347 2
2575 1
6994 1
4100 1
1099 1
2332 32
5642 4
4620 1
4516 4
5243 1
6159 1
1537 256
4747 4
4572 1
2990 1
5928 16
2531 16
5375 1
3548 4
5026 1
6229 4
4428 1
2474 16
3839 1
6402 1
2606 16
4534 16
2816 1
6280 16
511 1
