479
10
947 150 963 505 321 274 578 268 183 620
7
382 751 674 858 402 878 213
3
649 878 945
2
632 720
1
53
10
758 257 395 767 650 428 634 383 627 408
2
867 35
4
111 445 717 638
4
714 656 781 284
4
370 146 470 240
5
516 949 708 932 870
9
427 340 928 236 246 155 109 316 387
6
24 250 664 923 581 572
1
817
4
218 830 117 372
3
311 565 567
3
492 163 344
9
199 377 900 558 620 2 896 86 349
4
950 859 296 436
5
105 158 344 80 16
1
357
2
256 147
5
861 115 770 903 864
5
399 250 141 455 480
3
956 537 649
7
305 923 314 847 35 997 316
2
152 148
5
474 740 613 164 554
10
815 621 750 270 241 920 397 296 654 190
6
829 369 373 435 524 48
6
136 752 148 258 505 488
3
107 994 299
3
466 227 912
2
756 81
6
814 161 973 821 354 61
4
982 422 383 862
4
107 613 707 514
3
720 178 32
10
834 198 97 734 195 963 744 908 901 454
7
498 910 952 138 532 755 595
2
311 773
9
590 961 166 677 456 982 974 939 774
10
415 219 918 339 471 547 210 464 142 657
8
536 705 533 197 572 649 208 691
2
605 557
2
96 215
4
844 330 2 813
5
952 360 897 718 783
8
711 168 514 223 155 991 596 32
3
543 334 611
6
984 750 87 928 742 311
6
893 12 122 496 293 601
3
963 680 930
1
926
9
83 790 720 435 295 400 995 594 491
1
425
1
347
8
165 73 106 422 136 354 419 278
6
155 186 165 269 822 161
3
732 690 868
6
343 700 808 766 363 863
10
494 526 243 845 472 673 177 288 805 431
5
814 841 696 167 130
7
496 952 168 182 785 694 349
2
684 723
6
426 920 217 812 796 234
3
852 468 717
2
201 516
1
115
6
639 659 204 636 153 794
6
706 412 484 327 801 626
2
627 580
1
242
6
728 292 518 885 542 788
6
87 775 826 950 252 84
2
275 547
5
455 695 941 828 371
8
935 550 235 484 621 88 851 388
2
617 321
2
9 843
10
852 202 505 195 362 64 575 296 734 75
5
159 786 129 465 140
9
826 52 556 295 84 106 857 989 791
10
103 160 282 700 394 164 777 215 868 520
3
34 660 455
7
990 184 810 242 13 974 339
10
676 833 570 479 361 279 556 12 163 545
5
2 151 156 401 897
5
300 171 304 393 8
2
183 227
3
684 598 826
6
106 186 10 854 27 600
7
193 592 65 279 819 22 46
9
366 575 792 982 717 438 382 951 404
7
993 352 689 770 134 255 173
2
821 891
5
986 59 687 700 876
5
3 677 226 847 563
6
480 946 25 429 293 409
4
28 417 51 201
4
415 646 411 771
6
102 160 854 116 80 872
10
506 453 984 531 610 329 652 761 777 350
8
800 820 825 958 217 190 915 892
1
737
7
955 746 548 567 789 7 390
6
455 514 588 888 343 13
1
220
10
256 703 990 282 348 608 271 580 781 547
4
610 39 443 96
6
235 393 786 810 947 254
8
965 180 323 398 124 3 130 611
10
633 911 912 934 481 109 32 164 60 71
4
972 603 974 638
3
945 312 868
4
155 452 714 329
4
993 277 260 131
2
800 398
8
263 668 52 635 264 169 921 187
10
965 630 100 674 998 311 980 427 781 212
4
341 782 970 90
10
580 278 425 719 787 536 405 654 743 739
8
5 240 212 829 449 819 47 99
8
262 665 491 45 272 584 516 840
6
601 650 281 322 828 360
5
13 781 985 270 627
4
23 935 487 196
8
116 820 96 28 288 721 563 462
7
760 504 256 116 377 137 755
6
372 612 58 399 245 285
2
699 495
8
454 92 148 818 842 414 972 895
9
262 10 676 661 541 743 7 247 713
5
65 992 830 234 647
10
973 293 305 574 915 726 987 405 549 229
2
693 583
4
414 793 153 175
4
968 662 660 781
6
466 582 754 279 573 162
4
734 661 681 402
3
742 774 781
10
199 782 405 954 396 978 122 705 301 428
1
995
8
455 138 483 643 697 481 509 338
6
683 121 343 468 218 398
8
484 701 810 355 8 366 299 979
4
983 856 742 900
4
716 509 609 899
5
431 457 827 206 83
5
683 661 285 644 383
4
204 960 898 326
2
563 525
3
798 369 60
2
159 789
10
344 589 683 641 978 7 91 648 254 869
5
322 715 693 219 225
9
17 454 175 963 355 143 277 787 237
1
316
7
861 240 461 367 222 678 502
8
41 621 87 723 514 486 158 388
2
168 31
6
516 203 694 864 793 267
10
997 660 551 142 870 413 703 522 26 122
9
897 477 151 47 97 193 723 878 334
10
598 239 307 392 509 18 851 769 253 771
10
11 726 461 208 529 7 903 637 171 544
1
630
1
167
7
137 970 148 396 124 418 791
3
812 904 693
3
786 831 531
6
948 65 523 299 613 436
3
975 927 525
4
876 771 994 617
2
409 949
4
482 295 371 862
6
674 785 381 501 839 925
8
813 796 732 501 485 961 874 544
10
678 192 465 660 121 406 49 180 250 911
3
870 460 702
6
101 772 113 372 28 401
9
830 434 212 623 672 567 750 654 734
5
120 893 63 636 834
3
486 757 175
7
485 709 893 789 908 308 566
2
1 728
6
910 415 847 787 766 812
6
786 747 63 201 468 987
9
53 770 901 409 655 933 797 658 97
5
907 974 310 161 498
3
438 536 738
9
169 262 811 216 495 258 73 914 938
6
978 317 114 776 816 423
6
757 375 896 482 956 961
4
500 767 20 399
5
626 349 540 537 265
10
949 483 412 256 556 82 850 961 92 175
6
587 263 735 118 992 809
4
950 593 352 481
9
710 917 819 832 297 685 823 822 185
8
319 182 74 331 846 78 464 890
8
478 250 111 71 646 556 317 884
7
493 32 777 78 692 204 939
5
407 852 30 23 512
1
27
7
438 949 489 992 156 282 345
2
901 163
4
910 390 230 269
4
494 222 791 266
7
667 534 425 505 541 957 395
9
39 798 846 340 246 273 680 14 56
6
875 495 557 418 789 124
7
473 566 652 688 999 682 180
10
715 417 326 976 719 569 926 456 949 758
6
319 242 90 409 460 657
5
902 336 494 766 235
1
845
4
153 417 549 967
8
995 327 883 199 792 222 998 528
7
622 663 206 893 785 415 531
3
468 345 923
5
379 903 733 794 502
10
286 800 446 403 979 477 15 922 174 910
4
643 995 16 86
2
59 490
3
297 243 609
5
907 825 226 614 493
6
508 918 846 947 231 505
10
656 587 731 893 531 41 864 952 950 155
5
568 742 278 856 670
1
286
10
482 597 316 377 639 788 261 315 457 717
9
704 88 471 942 530 755 999 567 743
1
142
1
591
10
951 788 618 602 553 42 157 625 498 715
8
124 288 211 647 755 409 115 569
4
161 493 1 405
7
821 444 661 706 937 161 417
1
343
1
860
10
196 719 575 457 529 83 437 58 655 558
3
736 304 337
7
77 408 345 232 913 74 966
7
704 532 692 29 671 468 751
7
830 724 298 716 520 97 797
7
186 797 226 154 944 618 454
10
152 174 450 760 363 472 715 598 899 713
4
275 592 873 917
5
714 251 149 534 555
7
341 259 600 874 162 756 258
4
463 546 842 507
3
901 84 536
5
636 431 382 676 679
4
791 716 346 254
10
690 974 685 117 866 333 171 198 658 595
8
317 134 548 931 667 353 417 858
3
349 4 933
1
283
2
607 918
2
41 760
2
309 716
9
124 389 24 733 873 675 441 262 590
10
249 479 796 679 73 483 401 216 81 107
4
963 33 707 872
1
216
6
794 873 130 235 150 650
4
360 324 947 176
5
224 204 565 835 484
8
76 334 137 777 199 680 184 425
9
502 145 253 857 661 894 906 706 883
5
571 91 804 495 770
4
745 828 333 596
6
864 976 955 615 886 208
4
949 922 574 470
10
458 452 244 393 631 504 78 937 686 328
6
412 101 458 282 640 2
1
479
4
587 218 562 926
7
714 499 325 309 753 544 458
9
304 350 599 304 61 15 824 625 532
5
34 327 486 465 400
6
730 426 118 406 3 518
5
121 98 788 836 380
2
412 457
5
294 575 285 207 803
3
740 60 792
10
716 405 595 80 139 154 378 279 187 269
8
926 30 285 900 99 375 848 132
3
832 670 226
1
35
6
30 526 446 738 864 215
6
345 520 999 665 175 507
8
937 570 60 136 240 971 785 427
1
966
5
703 517 854 747 421
9
65 924 880 119 833 757 17 302 667
10
38 725 112 952 124 992 887 774 890 411
4
352 133 542 821
5
208 223 154 329 214
4
101 10 803 606
8
249 836 90 279 682 452 895 455
4
190 556 714 411
3
198 459 887
4
453 234 275 673
7
624 489 447 227 291 887 301
6
648 970 664 588 400 765
9
4 946 413 155 270 308 395 362 687
8
932 272 11 539 189 557 871 911
9
950 250 611 943 306 937 698 157 499
10
393 82 764 330 242 772 157 861 285 122
9
198 312 101 698 469 222 23 36 733
6
243 954 222 219 76 306
8
780 854 365 547 653 79 579 721
7
853 693 968 51 843 264 476
9
20 978 485 83 168 32 398 364 647
8
21 781 928 2 354 205 972 875
10
929 201 299 449 391 444 212 421 24 947
2
361 862
5
789 468 13 762 750
7
784 55 396 500 137 426 296
2
121 505
5
827 762 935 968 817
2
980 816
1
686
3
743 880 892
6
720 931 925 482 887 927
1
154
4
39 548 167 91
6
839 180 413 227 120 547
9
966 450 291 313 822 433 477 492 50
1
681
9
785 366 867 876 860 11 979 93 696
5
777 762 158 131 764
1
858
7
902 858 534 117 788 979 622
3
173 548 539
6
803 210 290 734 872 16
3
487 984 955
8
684 866 486 543 942 38 252 449
6
446 529 247 897 213 712
2
891 397
9
919 744 879 42 956 658 507 454 939
5
836 504 149 364 199
3
7 300 257
8
2 204 847 312 30 77 527 752
9
955 942 651 95 323 427 644 659 828
7
228 85 664 245 81 275 487
4
836 44 952 168
6
266 981 611 800 287 919
8
471 181 709 854 309 66 471 243
6
439 546 788 587 495 857
7
540 639 535 711 356 818 767
8
407 585 22 849 72 579 36 590
4
863 959 552 122
8
242 24 649 218 136 180 682 543
8
280 510 340 947 684 110 369 10
8
514 332 918 809 612 43 465 899
1
125
6
172 353 978 222 978 78
5
47 163 338 936 622
1
51
3
923 580 830
6
350 928 392 380 701 469
10
376 926 469 292 629 841 648 310 892 705
4
771 12 415 816
4
883 787 301 305
1
212
1
243
3
351 793 790
1
411
8
57 140 180 309 818 140 493 274
8
221 141 688 358 329 665 756 157
5
539 101 485 157 355
5
549 540 667 341 940
8
159 423 707 999 642 44 239 128
2
908 518
3
800 233 50
6
169 280 495 757 130 622
4
171 670 48 426
8
982 827 357 956 497 173 596 996
2
135 27
3
932 901 67
9
555 764 12 484 869 327 17 660 345
9
297 450 847 441 272 522 975 942 810
4
453 87 539 935
6
469 855 322 82 24 715
1
789
6
660 339 689 872 517 996
4
415 60 992 962
3
187 625 509
10
525 390 999 399 672 104 151 955 437 104
3
245 331 155
5
848 558 702 308 724
4
104 62 870 418
1
253
10
94 270 677 172 152 947 4 341 841 425
3
4 746 738
2
435 326
4
937 442 529 813
8
430 533 136 424 954 554 767 961
2
426 249
3
214 974 763
9
365 124 367 489 518 932 828 176 476
7
344 68 247 833 916 261 219
3
215 85 912
3
837 633 44
9
458 357 321 564 647 322 397 572 350
2
207 574
2
873 777
8
490 329 257 838 873 928 480 366
1
883
5
419 474 15 319 504
9
638 639 661 297 958 716 99 820 598
4
207 683 914 390
8
678 385 824 145 582 997 434 379
9
20 259 801 460 101 163 868 384 579
5
175 421 287 777 114
8
807 16 334 8 284 28 243 921
9
763 855 101 349 175 819 498 5 607
7
733 1 554 465 37 909 634
8
303 341 447 731 319 686 300 462
5
696 80 408 608 375
5
321 458 338 7 150
8
717 4 174 539 131 598 257 9
1
140
4
414 485 111 505
2
752 7
2
826 671
3
294 117 534
5
236 76 231 956 84
8
768 713 45 914 296 341 189 794
7
309 764 143 856 266 682 665
3
551 322 839
5
685 69 228 763 519
3
516 249 173
2
523 167
5
764 141 536 716 933
3
731 563 628
10
207 592 131 429 694 7 548 729 272 111
8
556 916 423 375 323 959 977 298
1
129
6
251 16 879 534 150 610
7
434 69 312 299 356 678 682
10
756 699 609 967 233 890 65 332 563 865
6
162 31 724 119 433 620
9
773 191 19 827 711 893 698 859 225
4
390 507 242 898
8
22 530 367 723 526 524 175 517
8
327 51 101 91 492 555 124 510
3
594 958 784
10
227 826 369 476 164 149 910 401 656 402
7
275 254 204 571 968 612 927
3
371 193 449
4
595 699 176 326
10
829 27 654 497 241 529 828 91 229 813
7
428 287 599 127 997 170 220
6
115 407 506 260 149 999
9
560 203 196 876 735 211 865 1000 318
9
264 639 916 714 792 749 184 814 612
2
722 815
8
927 891 383 658 196 703 845 80
7
618 600 243 317 354 557 197
3
597 539 532
10
658 400 870 498 545 322 9 972 635 929
4
920 241 980 380
8
157 142 5 450 923 174 733 775
6
933 191 120 444 723 621
7
127 249 887 37 428 224 612
10
136 236 395 690 235 235 731 865 816 258
7
497 962 268 841 763 102 806
4
271 842 909 132
5
117 335 215 355 841
10
66 241 672 625 136 811 116 717 796 864
4
915 765 23 887
8
799 310 381 192 515 481 814 738
3
873 916 945
10
494 938 756 65 216 580 533 875 656 117
1
292
