3710 1
2319 1
6160 4
127 1
4050 4
3655 1
5417 1
1102 32
4532 1
3807 1
4198 1
2110 1
5119 4
6475 1
1168 1
4645 8
2222 1
5084 4
31 1
1673 64
3268 32
3012 8
1354 32
3998 8
868 16
3203 1
6076 1
3669 64
1520 16
5571 8
6702 4
255 1
2048 1
5882 2
447 64
3110 8
3185 4
4173 1
1023 1
2489 8
1437 16
3493 1
4633 1
4886 8
3033 4
6422 4
6171 2
5886 32
2524 8
5287 16
3683 16
3597 1
2785 4
3198 1
2378 1
1503 64
4161 1
5689 1
6039 1
1310 16
3397 1
5250 8
5137 8
1023 1
1538 4
4198 1
6447 1
255 1
4606 1
5450 16
1023 1
3394 1
3862 4
2192 1
5262 32
3215 1
4701 1
6040 8
2319 1
1023 1
3509 1
4220 1
2605 4
1492 16
2054 1
3897 16
3588 64
4973 8
2937 4
3871 32
5781 1
3549 8
1354 32
2426 16
1023 1
2050 1
2237 8
3281 32
2193 1
2702 4
2838 4
6897 1
4525 16
5462 1
1289 128
2024 8
2054 1
511 1
3482 16
742 1
1023 1
3975 32
5573 4
5631 1
5618 8
6017 1
1310 1
2490 16
1268 16
3673 16
3721 1
2630 1
511 1
3103 1
4935 16
1621 32
1392 1
4882 16
4864 1
4502 1
5225 1
1023 1
5428 16
5596 8
255 1
1173 64
3409 1
4739 4
6082 1
2118 1
3134 1
1213 16
4023 8
3169 128
15 1
546 64
5138 8
6315 1
3209 1
2778 16
6126 8
7578 2
2609 8
2680 16
1023 1
1298 64
4224 1
565 32
6165 1
5573 1
127 1
127 1
3261 1
1432 32
2161 1
6899 16
4660 1
1522 8
3677 1
3624 4
5248 1
408 16
1056 1
3501 1
3988 8
5455 8
5774 1
5995 4
4538 1
4209 4
5011 1
5274 1
6988 8
7184 2
2564 4
5266 1
3 1
2330 1
2614 1
6180 1
2142 1
4389 16
2965 8
6463 1
5552 1
511 1
3780 8
1963 16
4309 2
1167 256
2750 1
8265 2
3139 1
4703 1
2282 1
6355 1
3472 4
1789 4
4845 8
5389 1
4657 1
1184 128
6055 16
4001 1
3081 1
1452 16
5700 4
764 4
536 64
2735 8
402 16
5262 1
1023 1
2271 64
1023 1
5257 16
3255 8
511 1
7911 2
5836 4
5301 4
4652 2
5317 1
3846 1
5274 1
5630 1
2238 1
2511 16
1487 64
2994 16
890 4
511 1
5357 1
1437 16
5136 1
1023 1
4371 1
3195 4
4730 4
1432 32
5898 8
3763 16
6017 1
6556 1
6123 4
1414 32
4654 1
4137 4
3439 8
4221 8
4099 1
3763 1
3751 4
4373 1
3205 1
6646 8
3106 8
3822 16
2006 4
4118 2
2050 1
5714 16
3453 1
2054 1
3621 8
1023 1
2049 1
31 1
1720 16
3142 1
3673 1
3760 16
3106 32
4346 8
2050 1
8020 4
1031 512
1023 1
4884 1
3802 8
5786 1
4223 1
1206 16
5931 4
6052 8
3048 8
3141 1
2853 2
819 32
6698 8
1388 16
5560 1
5094 16
4158 1
2430 1
3824 4
63 1
3074 16
2195 1
2690 1
2438 1
5020 1
3505 8
5918 4
6709 2
2062 1
511 1
5832 1
2220 32
2599 1
4860 8
5248 1
3950 8
3214 1
3946 1
6056 8
5696 8
511 1
4306 1
1198 1
4438 1
5436 1
2860 16
3841 1
1057 256
3785 1
4809 8
6052 2
6630 4
5759 1
5961 2
6282 2
7218 1
5841 1
5631 2
4193 64
3056 4
4166 8
732 8
3582 1
2326 128
2175 1
6413 1
4310 1
764 4
4419 8
5009 1
3165 1
2588 16
4022 4
4267 8
6285 32
5933 1
3207 1
2887 4
1023 1
5650 2
4613 1
1023 1
4252 1
3776 4
4464 1
3150 1
3119 1
4773 1
3070 1
4777 1
1491 32
2465 16
348 8
4909 2
3214 1
1398 8
5881 8
4928 8
1178 32
3348 8
1023 1
3908 16
255 1
6163 1
2326 1
3369 1
1412 8
6523 1
5842 2
2040 4
4799 4
5195 1
3041 8
2131 1
2696 1
4478 1
2966 32
4311 1
580 64
6013 1
5849 1
3495 1
4261 1
4111 2
3088 8
5925 1
1036 128
2579 1
3178 1
4477 8
2398 128
2719 1
3267 32
5211 2
1457 32
5834 8
3370 1
5693 1
3454 1
2440 1
4332 1
1354 32
6948 4
2194 1
6330 4
2841 1
5385 1
3041 4
4487 32
5849 4
1026 1
1814 16
4932 1
1023 1
3292 8
4103 1
3135 1
1666 64
1401 16
1023 1
2897 8
4209 8
2430 1
6279 1
4532 1
582 32
1066 64
7220 16
1023 1
4958 1
3832 4
2435 64
7925 8
2326 1
1362 32
114 4
1024 1
7288 2
3793 1
4237 1
3327 1
1163 128
3351 16
4288 1
511 1
5017 8
4680 8
1023 1
3090 1
1023 1
511 1
1762 16
2111 1
5418 1
4236 1
63 1
4306 1
5872 8
4646 2
2002 8
3215 128
6032 1
3902 8
4824 16
4096 16
4814 8
4344 1
6704 2
345 16
7547 8
6301 16
6157 1
1222 32
4115 8
2052 1
4398 1
6564 2
4298 1
5709 8
2224 1
3389 1
3204 64
1859 64
63 1
5404 1
3691 16
6742 1
4397 8
2700 8
3461 1
3327 1
2126 1
5294 1
1078 32
4644 1
2659 32
5620 16
2025 8
5842 8
4247 1
6140 1
6176 2
6284 2
2312 1
5108 2
1023 1
157 8
248 4
5923 16
6127 1
3052 4
1023 1
5738 4
1328 64
2111 1
3143 1
2976 32
3058 8
2071 1
4374 1
5454 1
5738 4
3585 1
5430 8
5737 4
1365 32
2566 1
7437 16
2048 1
5645 1
7253 8
3315 4
7 1
3845 1
4201 1
3071 2
4476 4
3077 1
6648 4
4452 1
4377 16
2052 1
1206 16
6550 2
1961 16
5422 8
255 1
3284 16
3827 8
1599 256
6220 1
2221 1
4011 16
2074 1
5498 4
2599 1
4684 2
3217 1
2312 64
3664 8
3001 4
5410 2
5075 4
15 1
1023 1
1023 1
1067 128
1707 1
5063 8
4802 1
2848 1
6773 1
1089 256
7583 32
1872 8
2398 1
4809 4
1432 32
1683 64
3589 256
1023 1
5661 1
511 1
3872 8
3327 1
4628 1
6004 8
1023 1
4951 4
5729 1
3526 32
5830 2
3611 16
2242 128
4045 32
4654 32
3965 1
6074 2
5529 8
3267 16
1453 16
5709 1
4668 1
5568 1
1450 16
3880 16
3656 1
1334 16
3831 16
1206 16
4118 1
1425 64
2856 32
2754 32
2142 1
5323 8
3517 32
3459 1
6230 4
3121 128
3134 1
1211 32
5658 4
255 1
5142 1
3501 1
5791 1
6709 8
6400 4
3153 1
255 1
3133 1
5285 1
3937 16
3094 1
3349 32
3710 1
2094 1
2137 32
3676 1
373 8
1076 64
1044 1
3382 8
4412 4
7129 8
5450 8
4688 32
6665 1
6555 1
3071 2
511 1
5831 4
5083 4
5395 8
6307 4
3727 8
2366 1
4094 1
3266 1
500 4
2513 8
2590 1
2356 1
3472 1
1023 1
1739 32
1145 32
5775 1
4823 8
5283 4
1398 8
3766 4
1663 256
5284 16
2302 1
127 1
6463 4
5910 32
3133 1
1589 32
5443 1
4498 4
5776 1
5817 1
5560 1
5793 4
5304 1
1023 1
4569 8
63 1
4900 1
5862 8
6496 1
4639 2
2991 16
2070 1
5561 1
2046 1
511 1
4274 8
5875 4
1023 1
2175 1
1252 32
2719 64
3178 1
5436 4
7000 2
2496 32
3741 8
1023 1
5581 1
2178 1
6876 1
5887 1
3177 1
1892 16
1071 1
1233 64
704 64
2558 1
3138 1
5799 2
2376 1
2991 8
5848 1
1278 1
3545 16
2879 8
1023 1
572 16
2208 1
4534 8
7248 8
879 32
2130 1
2142 1
6560 1
5161 16
1023 1
5598 1
1003 8
3140 32
2117 1
6291 1
5094 4
4988 1
4529 1
6163 1
2622 1
5831 4
4109 1
1267 32
