781
5
42 38 36 989 344
3
30 540 754
10
5 491 473 845 752 250 552 868 807 821
1
118
6
449 16 370 573 404 852
5
280 165 258 373 657
9
468 881 496 759 93 615 860 839 216
2
800 144
7
427 587 6 14 31 988 639
5
509 207 225 821 483
7
76 984 868 426 123 950 250
3
319 640 146
8
591 786 471 797 270 325 569 350
9
599 33 622 897 628 730 749 460 810
3
132 385 233
8
496 614 845 496 283 737 776 124
3
910 719 193
8
915 925 299 771 144 161 513 656
1
31
2
531 870
4
761 869 971 659
4
85 538 21 508
2
8 700
6
386 20 577 483 954 488
2
422 316
5
844 112 692 336 268
9
931 102 575 74 486 128 176 721 484
6
362 927 309 32 758 241
2
152 662
8
408 72 247 955 177 396 726 464
10
417 398 103 363 721 919 478 856 367 960
1
255
3
56 901 721
10
378 693 806 928 909 350 237 201 253 67
2
208 239
4
619 849 799 259
4
15 363 569 62
5
192 523 231 77 120
1
780
4
17 170 813 685
2
391 998
5
164 865 835 271 256
7
353 861 30 158 165 415 635
8
312 257 188 625 365 774 877 548
4
946 669 98 662
10
186 617 289 420 619 225 944 493 113 352
10
119 709 199 724 781 349 978 561 253 886
10
308 523 444 389 674 842 651 786 500 511
4
51 819 588 146
8
909 771 671 169 69 999 516 863
6
462 850 738 385 189 987
5
418 443 965 710 424
4
24 267 121 945
5
933 735 129 498 319
3
251 744 72
2
554 53
7
100 942 742 360 653 291 916
9
638 517 395 491 483 444 520 354 250
9
718 682 254 884 210 156 986 145 175
2
344 952
5
636 77 306 328 847
8
273 788 306 732 51 602 445 377
8
607 11 27 221 142 930 525 626
1
520
4
54 165 484 131
7
825 912 257 981 6 188 579
9
306 178 174 39 703 146 798 564 246
1
146
7
923 939 441 225 286 854 838
8
480 387 929 745 873 256 784 840
1
758
5
739 869 155 89 754
6
2 638 171 115 881 767
3
485 648 161
8
181 27 560 206 706 908 364 226
5
401 238 932 193 589
7
458 224 853 731 620 798 788
10
21 813 553 505 606 406 938 481 148 281
3
190 92 754
1
617
5
971 33 825 802 362
7
388 810 701 319 608 186 497
4
453 727 90 743
2
996 462
7
217 13 144 310 345 364 491
6
249 457 160 582 943 442
6
621 934 411 579 350 693
8
117 854 208 460 63 723 870 380
4
753 264 360 482
6
269 467 24 935 831 769
9
866 89 378 729 171 504 562 411 114
6
756 100 684 285 849 83
2
314 910
4
792 110 1 779
1
641
3
159 911 116
4
218 778 31 880
6
979 246 27 818 311 612
3
296 876 516
4
878 122 120 546
4
349 281 905 779
10
818 675 129 81 224 389 401 393 907 344
6
272 297 987 123 220 306
9
457 275 331 528 372 541 24 729 547
2
66 695
2
777 799
3
308 930 87
1
388
6
541 690 127 799 192 365
3
213 192 214
1
806
6
887 16 687 228 26 323
8
258 431 930 164 184 6 123 587
9
620 609 648 342 436 993 921 6 701
8
267 160 486 652 74 486 619 214
9
845 371 337 917 764 383 935 839 488
3
388 287 336
4
573 274 559 316
2
900 142
6
956 771 502 146 903 251
5
285 873 263 222 126
3
584 1000 735
1
484
5
941 625 40 545 470
8
880 116 954 730 516 190 788 227
2
691 794
3
391 267 398
8
252 169 579 847 244 1000 24 731
7
673 369 586 636 781 788 13
7
952 915 115 150 478 657 150
9
210 495 609 793 355 404 240 612 825
1
763
8
645 697 604 878 785 637 320 278
10
335 244 98 483 433 980 539 600 793 803
1
218
2
337 568
5
86 664 635 66 497
6
10 312 864 504 459 482
9
679 443 959 738 771 815 403 266 532
3
320 486 593
5
63 450 117 763 973
2
821 116
6
865 112 727 810 340 637
6
415 409 35 992 594 524
1
9
2
458 22
8
18 632 146 163 901 255 284 939
9
978 127 945 384 862 963 937 466 513
5
901 919 238 529 228
4
225 517 582 126
10
825 966 800 690 49 39 303 596 671 259
10
594 792 577 711 867 344 930 578 118 601
4
741 415 404 965
4
649 631 844 456
1
833
2
162 590
7
297 288 908 763 438 232 563
2
270 199
9
161 547 406 536 616 739 96 597 913
9
325 451 256 34 695 946 783 130 788
1
106
1
118
5
218 723 704 341 334
2
645 227
3
733 81 345
10
58 920 355 333 10 247 111 368 176 977
7
917 493 489 694 63 86 126
2
140 640
5
226 205 881 318 106
6
120 891 201 885 831 436
9
941 65 849 783 209 226 698 445 194
2
167 193
3
326 211 27
5
270 828 789 13 526
6
138 647 331 286 179 583
8
762 632 908 199 169 975 803 943
9
243 824 685 461 925 621 952 725 324
8
593 193 166 324 22 176 223 532
5
534 806 583 516 712
6
303 191 311 262 638 840
7
900 911 563 327 350 623 809
9
254 268 257 940 872 672 524 574 144
10
187 782 428 845 419 440 794 118 365 48
10
338 709 673 596 836 869 141 552 519 903
4
550 356 144 550
9
862 441 725 71 169 12 869 805 578
1
2
3
661 599 52
3
976 725 530
9
944 865 775 185 190 399 883 964 867
3
307 956 684
8
982 349 749 30 883 388 145 735
4
274 992 952 733
9
338 140 262 208 347 884 883 433 131
9
36 964 964 301 878 336 553 632 443
1
380
4
684 526 579 583
2
851 768
6
619 997 45 627 889 64
2
995 140
3
824 513 535
10
720 907 566 780 916 936 786 986 443 893
5
817 959 65 520 432
7
565 582 386 185 651 539 71
3
977 978 193
9
968 884 298 962 771 300 276 936 313
6
391 102 892 780 929 164
2
691 946
8
414 76 289 772 949 364 917 606
9
962 325 347 38 632 5 876 537 424
7
371 605 687 210 178 681 561
2
374 552
10
685 180 644 273 450 713 516 993 810 447
5
422 985 414 261 214
5
832 554 377 655 443
2
824 362
8
485 570 42 37 219 393 565 305
2
483 225
2
436 82
4
773 637 168 893
2
194 174
9
627 152 252 612 848 896 849 493 96
1
691
4
929 215 828 171
1
718
10
257 974 586 592 617 241 407 422 386 623
4
121 221 598 203
1
443
10
216 646 150 415 30 443 638 127 133 185
10
363 244 586 591 733 417 885 429 231 265
8
461 773 207 121 196 649 41 601
6
268 390 313 10 660 381
9
457 994 969 772 169 12 204 553 248
5
899 339 15 500 357
9
422 718 336 851 521 312 821 240 624
9
177 554 328 17 757 797 736 111 151
3
914 941 164
4
131 376 576 626
2
726 249
4
753 853 690 146
2
459 335
1
292
9
424 165 751 241 527 267 523 899 964
2
602 59
9
308 680 207 502 804 258 459 735 548
1
780
7
374 436 849 911 541 813 241
4
892 834 493 942
6
133 28 61 66 912 240
2
242 660
8
158 409 153 46 48 103 676 973
6
700 389 343 758 512 961
9
444 802 362 312 318 791 750 66 823
9
588 802 931 322 272 309 370 353 16
10
630 740 408 805 58 628 470 396 493 463
2
93 549
7
953 314 273 495 853 992 116
6
116 87 412 823 20 663
4
898 570 680 633
6
356 65 410 824 145 149
7
731 54 195 915 968 37 315
5
36 121 577 32 682
4
667 952 683 665
7
523 491 743 52 512 37 469
5
251 1000 202 93 871
10
696 816 616 150 273 440 415 121 20 133
4
10 788 56 132
6
304 529 919 993 374 287
2
779 803
6
720 841 201 766 657 277
3
178 331 809
8
827 828 68 451 430 399 278 225
5
600 191 724 131 929
3
451 740 304
6
45 297 929 907 677 306
1
944
3
400 568 836
1
21
2
961 647
5
182 218 800 769 676
5
890 173 331 64 489
6
940 710 482 449 434 647
4
468 983 955 700
8
719 442 637 309 47 975 962 255
3
442 875 592
10
120 4 152 939 35 25 280 168 499 4
2
972 59
1
799
7
781 193 850 685 177 577 555
6
653 429 893 966 595 234
9
223 540 125 301 466 713 405 937 182
6
524 822 618 614 118 451
2
680 480
10
808 729 254 667 527 699 319 296 967 401
10
743 506 278 578 537 933 358 846 616 79
4
884 403 17 316
5
842 729 359 542 493
4
647 262 327 17
2
256 459
10
68 99 614 600 189 434 901 4 145 486
2
921 267
9
676 661 153 662 273 304 827 75 579
8
460 444 379 952 647 299 990 795
7
137 714 589 446 275 783 618
3
89 538 548
6
994 899 8 572 800 65
1
33
4
928 376 957 677
3
502 660 732
3
533 892 806
3
290 885 342
7
382 527 613 101 256 376 307
4
911 524 1000 1000
10
654 489 408 536 605 880 514 438 669 463
8
152 142 176 136 217 663 276 257
3
438 528 475
1
266
9
262 297 859 459 311 634 761 465 876
4
888 345 161 558
3
870 692 562
6
738 704 747 867 73 587
7
932 42 402 401 990 505 355
6
567 482 295 318 743 505
5
614 804 225 346 520
5
512 657 159 643 883
10
156 784 142 810 948 653 582 487 251 921
8
426 719 702 810 471 887 774 875
1
368
7
584 829 313 132 316 591 142
3
104 47 289
7
450 659 535 535 105 181 317
9
840 127 736 542 404 997 110 49 202
4
850 194 807 921
5
978 299 167 458 343
2
619 438
5
53 375 332 466 614
8
153 380 849 741 276 576 954 534
10
661 411 729 595 33 187 907 877 270 606
10
667 993 591 676 697 369 389 614 502 600
9
959 219 775 64 730 35 786 820 622
8
758 469 664 157 497 107 463 222
8
280 389 258 198 421 29 77 770
10
101 18 9 48 598 280 581 351 788 310
9
418 591 791 470 736 772 710 236 896
8
564 155 218 531 15 729 3 392
8
433 300 729 359 168 987 551 530
4
229 524 189 446
6
979 23 959 991 288 862
2
278 52
5
305 243 285 963 238
4
452 801 643 382
3
858 4 300
9
400 80 875 287 134 239 92 178 627
7
62 414 382 554 651 853 529
2
142 396
6
314 610 459 466 63 443
7
181 452 225 193 700 73 779
5
504 725 54 859 220
4
346 528 48 614
6
128 842 944 349 596 825
6
321 745 981 394 298 428
10
385 962 18 841 25 194 358 93 666 407
9
785 990 504 890 304 393 325 70 925
5
922 960 169 764 317
4
469 853 215 230
1
697
10
932 437 718 833 128 133 45 949 81 598
7
712 210 242 241 415 920 986
1
536
7
920 573 266 404 83 626 885
6
961 206 293 255 268 669
7
625 557 558 468 101 239 458
5
901 703 276 53 103
5
125 537 442 676 373
7
133 450 315 536 895 79 9
5
529 436 802 74 972
7
239 873 286 910 856 844 302
2
628 95
4
864 773 386 116
2
43 137
8
313 642 639 268 867 363 683 678
5
898 610 90 2 375
2
645 13
10
99 390 478 504 686 569 634 54 373 810
8
55 564 146 511 369 768 686 261
2
268 616
4
52 152 140 688
1
563
6
756 633 456 391 944 714
1
211
9
433 361 621 29 671 269 130 487 228
3
747 11 44
5
220 857 516 136 685
4
217 467 434 222
9
935 20 650 683 56 209 572 704 575
10
688 954 931 51 99 628 516 50 350 381
2
756 754
6
423 385 53 695 214 165
7
746 936 724 78 42 602 752
4
37 587 818 703
3
523 393 417
3
518 883 774
7
963 603 366 757 331 374 928
4
828 209 94 43
7
320 39 563 87 847 483 968
2
301 151
9
812 405 268 845 214 489 162 507 721
7
120 895 713 692 514 634 602
5
157 844 920 482 413
7
348 734 43 959 668 932 254
6
255 757 80 294 885 28
4
256 478 345 597
9
101 734 434 902 235 429 462 444 567
2
486 532
3
561 763 851
5
269 175 925 775 730
8
458 913 562 451 225 475 611 662
4
904 183 69 538
3
961 671 733
6
241 849 406 822 144 761
8
539 769 326 886 152 226 526 577
2
73 516
10
891 374 869 591 581 389 320 11 39 601
5
185 30 204 606 772
9
789 704 188 418 900 571 810 360 726
5
514 620 286 228 561
3
308 276 865
7
884 213 850 215 852 194 281
2
976 356
10
900 673 334 843 865 875 321 92 802 267
3
680 899 195
10
340 914 350 562 544 685 435 831 479 916
3
676 612 640
9
782 723 914 138 210 943 230 759 309
4
814 952 669 472
6
880 736 792 982 10 811
10
243 906 24 336 513 928 424 838 649 544
3
31 308 485
2
646 622
7
363 391 540 112 130 692 167
1
654
6
519 466 840 634 177 374
5
515 869 582 763 950
5
408 740 857 487 72
2
897 765
2
671 26
1
706
4
821 508 516 902
6
175 224 417 923 606 160
3
280 775 374
9
41 342 472 129 415 840 782 922 433
7
481 403 650 192 405 876 774
2
384 56
2
272 708
10
646 594 558 997 798 592 145 636 641 507
1
614
7
464 375 77 156 65 618 645
4
917 980 817 906
4
119 632 832 330
10
772 778 665 846 993 903 852 595 140 881
3
262 353 995
2
686 2
2
44 32
3
238 415 355
10
587 519 91 346 476 522 101 246 236 226
5
498 181 693 270 412
7
855 25 391 646 207 818 263
5
612 640 824 21 255
2
53 838
6
360 925 680 611 46 309
7
3 729 960 200 868 843 102
1
458
8
481 895 582 648 295 138 379 287
6
410 841 310 824 813 836
1
726
5
645 945 126 895 23
1
729
1
310
2
795 519
3
362 708 474
9
859 481 906 905 470 513 472 45 637
7
320 902 513 852 706 511 215
1
42
7
71 887 969 22 895 435 603
8
179 444 710 505 202 43 290 283
6
871 825 927 810 143 526
2
828 784
6
531 844 613 30 504 433
9
695 280 750 789 241 571 579 891 64
6
747 739 760 409 801 398
8
63 443 100 509 232 982 913 558
6
792 422 584 413 32 311
8
113 471 487 940 248 742 639 646
7
158 830 123 918 18 520 332
10
883 175 411 390 225 350 682 393 529 282
2
164 1
10
205 840 540 20 749 531 728 837 666 695
10
235 521 273 758 989 825 874 265 610 647
9
991 156 442 355 279 101 762 144 295
2
815 23
6
10 784 486 392 178 941
3
701 197 860
7
465 570 220 575 234 879 554
10
320 504 273 266 914 537 548 291 82 987
7
763 226 747 331 346 631 466
10
851 117 733 502 475 776 3 970 474 600
3
913 220 408
5
40 140 23 707 949
6
518 511 983 873 141 178
2
752 587
1
59
7
554 602 658 527 356 665 981
6
637 866 931 741 175 261
10
328 507 840 621 72 769 703 733 651 634
8
653 989 793 76 956 216 488 80
4
717 268 643 812
5
258 9 666 715 16
5
311 174 966 345 987
3
363 614 716
7
747 805 180 947 590 651 994
2
352 680
7
492 389 591 775 57 97 173
4
643 92 738 88
10
426 759 237 912 409 914 521 163 509 626
2
787 774
8
146 140 368 204 223 635 850 64
7
342 746 873 443 246 606 472
9
555 284 529 195 146 249 309 492 495
10
935 922 601 638 811 387 58 400 379 517
10
633 314 532 380 302 990 658 784 371 666
3
236 572 137
6
227 736 731 962 683 641
1
595
2
71 38
2
82 84
10
813 746 690 348 549 69 332 397 117 286
9
969 462 174 264 339 53 540 261 807
4
38 908 179 247
1
665
8
262 355 966 151 4 41 359 832
2
395 837
3
163 563 285
5
956 783 566 135 510
4
373 953 64 302
4
644 716 587 503
3
327 421 547
7
325 278 764 469 436 770 677
9
341 691 940 83 753 60 317 230 617
8
546 281 186 420 111 152 5 825
5
835 126 439 194 270
8
773 190 666 897 526 522 35 189
8
821 881 295 593 315 553 536 699
2
164 525
3
600 943 846
10
1000 471 386 916 335 454 278 345 587 329
3
711 874 155
8
92 413 240 272 431 50 825 872
10
168 529 651 952 163 977 936 582 886 717
4
957 859 815 300
1
6
5
506 751 8 61 6
7
270 406 882 948 654 654 76
4
366 183 709 229
8
839 78 22 212 956 907 426 808
5
233 968 769 116 793
10
984 486 255 589 21 352 470 521 324 492
7
678 241 823 353 304 878 425
6
811 527 930 216 677 920
3
45 668 484
2
74 770
10
587 278 843 296 327 36 441 14 838 552
2
894 811
8
520 72 8 434 127 158 533 942
1
239
4
997 716 837 698
6
73 420 539 208 501 986
2
873 726
9
589 340 828 843 167 409 434 415 305
3
423 759 759
6
583 188 548 733 871 316
3
917 341 246
8
329 437 384 593 893 101 479 146
3
771 533 967
8
866 353 496 278 574 763 638 432
5
586 364 18 43 897
4
717 697 389 501
6
792 142 27 817 916 324
4
258 441 322 586
8
49 161 172 513 425 84 733 897
8
286 597 763 344 403 100 518 142
1
10
1
645
1
821
2
223 780
5
76 332 495 33 44
8
287 376 224 938 637 899 161 497
7
315 130 267 150 955 942 7
3
610 747 695
9
949 33 570 8 823 550 710 875 578
2
367 722
10
13 474 591 466 31 242 103 170 368 453
4
414 420 396 510
3
733 705 78
8
338 760 224 981 448 455 898 551
2
476 954
2
599 828
6
474 357 682 334 945 797
1
714
9
735 261 499 61 144 459 624 624 444
1
270
6
988 86 674 175 815 588
5
531 310 268 595 878
7
77 291 666 750 812 749 784
10
113 629 504 244 953 741 669 859 283 997
1
850
8
125 290 126 806 883 488 731 220
9
395 948 910 906 615 269 15 219 924
6
70 982 470 828 557 361
10
404 799 646 613 21 830 414 559 370 324
6
711 658 644 421 430 443
4
970 695 360 209
6
696 246 421 873 931 846
8
634 133 100 144 613 949 953 76
5
901 665 306 778 950
10
881 789 360 506 687 486 42 64 947 230
8
639 924 983 921 238 10 968 716
4
552 176 660 717
2
146 707
9
746 400 502 955 969 411 845 82 747
7
776 30 576 95 800 79 145
7
668 823 880 500 820 949 573
2
838 274
6
537 198 974 329 62 178
5
704 772 774 225 588
2
449 777
6
441 943 928 10 536 569
2
58 882
7
66 478 940 235 815 147 616
2
645 232
4
748 189 635 768
4
35 717 194 648
3
397 789 26
8
402 962 937 186 857 402 709 714
6
954 719 317 15 824 432
5
704 562 156 650 480
10
970 219 79 417 766 357 249 744 755 634
6
152 826 781 197 834 227
5
688 821 487 27 399
2
256 579
8
613 490 69 219 234 48 371 998
1
213
7
312 329 185 73 472 754 143
5
990 510 378 158 948
9
853 421 520 276 770 55 207 110 218
10
533 515 167 97 371 436 666 212 547 45
8
625 587 646 209 565 856 692 836
5
920 671 487 279 572
1
234
5
866 365 511 530 196
9
783 420 419 17 252 836 718 749 965
6
25 767 199 983 840 547
5
541 109 716 803 427
6
76 686 84 911 455 977
5
727 764 195 461 761
3
726 475 784
4
984 398 8 581
5
173 590 733 717 97
2
80 217
2
400 602
3
443 90 243
4
459 876 473 454
6
754 919 688 599 623 301
10
231 640 69 422 214 956 417 317 351 276
8
983 481 812 536 562 760 892 412
8
673 381 618 330 624 60 895 331
9
859 209 114 443 337 224 633 251 237
9
823 877 605 237 744 810 490 986 932
4
454 204 574 205
1
314
8
354 318 95 268 1 909 965 485
8
16 47 149 683 701 891 975 981
8
753 7 415 529 776 956 612 831
10
604 358 370 115 269 610 530 135 981 255
6
669 473 92 955 171 663
3
211 216 623
7
515 294 123 956 394 707 124
5
621 614 382 312 436
2
178 184
4
781 887 423 22
3
740 625 810
3
259 387 970
5
156 997 709 169 99
1
678
2
910 701
2
709 320
9
580 254 399 558 994 194 403 7 441
8
232 348 83 863 489 545 876 839
8
164 896 57 170 679 66 108 889
2
339 987
6
4 864 312 185 812 771
2
565 842
8
351 814 697 681 994 718 66 923
3
227 524 30
1
115
10
804 634 622 81 450 712 806 793 939 58
8
847 998 526 552 837 496 573 533
5
515 428 460 975 2
2
872 673
9
195 970 209 164 692 950 551 447 265
6
857 153 230 154 725 195
9
264 134 732 551 481 500 742 15 408
9
567 382 595 38 188 693 162 233 950
9
943 283 190 328 742 298 783 136 778
8
343 184 191 153 582 470 400 652
9
157 947 513 772 648 252 363 269 781
1
821
8
955 34 610 14 952 79 643 336
1
49
7
420 273 781 100 424 204 999
10
635 654 71 352 410 104 820 157 820 425
9
939 260 107 194 444 401 32 872 270
6
482 840 330 786 909 856
4
7 384 266 956
3
39 992 709
9
40 329 777 34 623 207 624 808 261
3
131 492 595
1
478
6
328 401 70 890 276 955
10
954 977 620 974 464 928 108 368 146 288
1
595
3
47 585 823
2
495 757
4
311 532 921 699
5
871 230 549 501 91
10
976 409 483 645 49 830 573 803 243 141
10
18 414 799 910 222 437 254 311 86 219
4
844 135 232 641
6
109 756 407 179 527 723
1
686
7
995 134 954 740 642 524 569
3
529 874 320
9
834 711 840 615 541 743 107 584 381
9
497 424 811 916 7 130 152 802 253
5
343 828 518 385 132
2
977 843
3
134 64 398
2
326 619
2
490 212
3
722 673 860
5
494 705 577 305 219
8
516 841 874 305 654 258 918 583
3
606 91 751
4
744 649 442 626
9
751 237 232 733 133 228 805 500 891
3
265 270 501
6
612 425 918 287 359 512
4
84 321 754 342
1
679
2
171 361
3
678 191 490
8
989 183 571 457 481 668 573 92
10
314 134 353 330 451 503 219 796 408 522
2
486 361
3
496 729 627
3
70 345 725
9
418 907 25 437 319 160 514 181 425
8
615 655 108 529 309 240 130 511
1
968
7
182 474 488 390 556 296 435
2
297 314
4
29 96 242 713
3
916 660 44
10
829 895 789 618 189 263 916 329 599 156
8
947 257 137 709 592 201 127 508
7
698 407 318 977 360 197 487
7
217 540 972 653 125 487 645
9
30 575 79 308 301 856 805 18 438
3
709 999 890
8
718 521 140 282 518 867 611 764
7
357 769 7 491 686 665 766
2
648 387
