3205 1
4538 8
2815 1
4295 1
1492 16
255 1
5883 4
15 1
3165 1
604 16
6530 2
1352 32
4983 4
3374 64
1023 1
2048 1
3518 8
4349 1
1521 16
5390 1
6757 1
4143 1
1241 32
5445 1
3369 1
3484 4
3597 1
2118 1
4195 1
5010 16
1023 1
4278 1
3375 1
1833 32
5004 1
5086 8
2968 16
4350 1
5181 8
5092 4
4554 16
2062 1
4026 4
5471 1
3885 1
6993 4
1023 1
1460 16
5704 1
2070 1
5181 1
511 1
4278 1
1023 1
3472 4
5391 1
5889 1
3393 1
558 16
3859 1
1023 1
2209 1
4020 4
5933 16
3379 32
1023 1
5184 1
255 1
5793 16
5992 16
3213 1
3097 1
1613 32
3877 1
4684 1
511 1
2310 1
5215 2
5722 1
1023 1
2068 1
4510 1
2508 16
5271 1
1038 1
6060 1
4325 1
2430 1
4414 1
2058 1
1777 16
3231 1
1023 1
3174 16
4472 1
588 32
5665 1
4229 1
1023 1
2057 1
3215 16
3626 8
4186 8
4273 1
3106 1
5967 8
4011 8
2281 16
4628 1
1051 128
5988 8
3415 1
3589 1
3919 32
3843 1
6084 2
5809 16
1288 1
6279 16
413 8
3660 8
4126 1
1054 1
3632 1
5026 1
511 1
511 1
5020 8
4124 1
6837 2
1023 1
511 1
3342 1
6056 1
5786 4
1338 16
5277 1
5897 1
127 1
511 1
1078 1
1023 1
6228 4
5609 8
6748 4
5207 1
4802 1
2702 1
3585 1
2083 1
4029 1
4743 32
2052 1
5105 8
5852 1
6397 8
4841 8
5714 1
7278 4
2110 1
4414 1
5699 1
5600 8
2174 1
5911 1
1230 16
3357 1
4616 1
4953 1
1023 1
4497 16
2521 8
613 32
4454 16
2079 1
6979 1
6076 1
2757 4
2739 16
7045 2
5323 4
5180 8
2302 1
4810 16
4107 4
6780 8
4385 8
511 1
2981 8
4352 1
2174 1
1814 16
3515 2
5376 1
5038 1
4574 16
3247 8
3970 1
3357 1
3946 1
6494 4
5398 1
3621 1
511 1
2817 8
2462 1
3702 1
3097 1
3820 4
3587 1
3107 1
2562 1
2923 8
4623 64
6278 1
2064 1
6776 8
1281 1
1023 1
1160 128
2330 1
1156 128
127 1
4866 1
3393 1
3108 1
5191 1
5652 8
5792 32
511 1
1109 64
5939 1
1187 128
6330 1
2048 1
5216 1
6061 4
1136 64
5984 4
1023 1
511 1
982 4
5339 1
2735 1
5728 8
3279 1
1023 1
1854 4
3629 1
5753 8
1023 1
2304 1
3327 1
6257 4
6723 2
6969 4
4416 1
1316 64
1023 1
4406 8
5440 1
3165 1
5645 4
6690 1
2116 1
1173 64
6200 2
1150 8
2756 32
3006 8
4731 2
1188 64
2078 1
4498 1
6338 8
3863 1
1023 1
4234 4
511 1
1392 32
6089 4
3601 1
1771 16
2369 64
2062 1
5408 1
3709 1
7 1
3405 1
5401 2
4904 2
1023 1
4610 16
1143 64
4542 1
4097 1
665 32
5374 16
2306 1
3456 1
4236 1
1169 128
1023 1
1062 1
3018 16
4722 8
1023 1
590 16
3250 1
3211 1
4030 1
5797 32
5199 1
1096 128
5785 1
285 16
3611 32
5935 4
2122 1
1023 1
1042 1
4297 16
3524 4
4720 1
2956 16
127 1
5511 16
3460 1
4192 8
5922 16
4052 1
3457 1
2047 1
1091 256
1499 16
1248 64
4254 4
2478 32
2078 1
3600 4
5293 1
5951 16
511 1
6107 2
7 1
2110 1
2178 1
2831 1
6370 2
1023 1
6117 1
2182 1
4565 1
5691 1
3391 1
4337 16
2801 4
4839 8
3371 1
5452 1
5267 1
4849 8
3425 1
3312 16
4978 8
3228 8
3583 1
3118 1
511 1
1023 1
4448 1
3219 8
255 1
3341 1
5091 2
6904 4
4363 2
6884 2
1474 32
3609 8
3325 1
5467 8
5219 1
31 1
6961 8
2986 16
3217 1
3327 1
5881 2
6033 1
5077 1
4230 1
7192 2
5199 1
4240 64
5652 1
4925 1
2357 16
2225 32
3225 1
5538 1
3072 1
4158 1
3892 1
2111 1
1773 8
2046 1
31 1
7071 4
2303 1
4142 1
2936 8
6013 2
4194 1
5277 4
7114 4
5384 1
5603 16
4913 1
4927 1
5855 1
1102 1
5382 1
5661 1
2254 16
3679 1
6711 4
7500 2
1023 1
1023 1
7021 4
3350 16
1283 256
15 1
3266 1
5153 8
4188 1
679 64
6684 1
2718 1
633 16
6085 4
4694 32
924 8
512 1
2334 1
5746 8
4053 4
3397 1
7107 1
5872 8
2446 1
3598 1
5409 1
2878 1
3000 8
4736 1
6078 2
2090 1
4748 1
5325 1
4338 1
3033 4
4108 8
3437 1
4636 1
3295 1
7247 2
3085 1
3653 1
3797 1
4170 1
3159 32
3365 8
2143 32
6000 8
2566 1
7560 8
4121 1
2838 64
2608 64
4167 4
4086 8
5139 1
5967 16
2694 1
3747 1
3906 32
5585 1
4128 1
700 8
4867 16
4805 2
1789 8
2396 16
2754 32
1300 64
686 8
4100 1
2683 8
5232 1
5282 16
