502
5
165 818 114 844 275
8
968 279 136 37 778 884 619 473
3
600 686 724
7
797 122 448 463 973 605 593
2
47 517
1
172
8
899 595 759 998 787 578 483 672
1
12
5
573 814 556 198 397
2
296 138
10
653 198 78 44 636 920 896 758 910 183
4
484 209 7 120
8
677 9 913 84 420 73 590 445
6
44 89 519 747 925 474
1
522
3
719 362 787
6
849 965 241 900 310 133
7
793 591 261 370 965 424 763
2
979 478
7
485 545 546 923 777 775 573
9
426 69 403 23 35 301 104 421 965
5
929 933 847 763 551
2
960 229
7
57 923 137 669 702 727 528
5
376 460 695 317 815
6
928 204 641 326 225 970
5
603 2 653 612 226
3
923 314 45
7
161 372 878 790 766 203 502
8
431 781 698 101 179 192 991 69
1
893
7
660 530 662 65 299 895 338
5
838 685 398 879 270
2
666 591
7
531 800 771 245 114 588 743
8
57 802 30 469 571 973 383 393
4
268 6 756 110
7
954 611 657 318 230 589 147
8
697 197 891 63 688 971 188 974
8
507 233 532 324 2 814 196 620
8
987 571 256 236 137 949 720 46
3
413 624 246
6
621 509 881 48 545 886
9
717 63 269 866 600 358 719 798 360
5
233 943 221 445 437
10
568 738 890 644 707 671 419 41 319 676
1
703
2
95 533
9
963 541 193 114 315 603 608 376 33
3
375 880 662
9
469 934 378 69 572 161 239 816 569
1
462
7
71 65 385 610 722 834 394
1
729
6
131 835 738 105 65 926
9
746 91 680 770 907 155 694 393 311
9
773 125 560 860 283 821 975 166 584
5
366 534 941 417 924
2
141 349
5
289 969 480 186 268
1
570
3
733 457 389
6
5 702 788 239 125 365
10
644 528 290 823 363 25 983 429 788 448
6
205 860 796 570 490 390
1
600
7
617 787 105 870 376 882 636
1
143
10
515 71 971 968 695 245 433 307 476 48
8
664 573 778 775 817 997 524 152
5
449 503 695 786 160
5
712 893 390 366 559
2
531 930
5
264 452 644 445 341
7
960 140 561 399 359 30 34
1
460
3
272 965 819
8
168 608 280 791 591 322 849 896
9
760 203 241 868 57 49 567 160 919
1
730
3
291 834 138
7
687 177 388 531 225 575 313
4
348 423 699 910
9
650 391 226 44 339 836 630 882 556
3
353 334 160
9
467 404 198 220 430 233 628 853 710
7
356 478 775 28 565 772 154
3
108 32 607
7
510 800 652 498 366 585 340
3
603 426 40
2
576 845
5
101 420 572 891 513
1
836
4
435 416 443 712
7
776 520 907 331 429 304 726
2
270 188
8
346 772 276 242 534 350 245 510
7
601 786 682 357 284 862 174
1
861
3
132 960 368
4
192 231 989 235
6
943 54 842 32 48 657
6
559 173 920 98 232 114
7
919 23 998 175 938 231 885
5
253 334 118 930 940
8
712 215 186 87 240 751 976 238
6
524 434 256 946 391 88
4
606 640 422 403
7
418 933 594 597 784 180 743
2
158 893
10
999 356 267 770 92 690 287 229 186 958
5
423 566 675 167 936
5
71 949 649 613 797
6
973 529 23 3 979 740
5
157 173 217 580 310
8
872 708 19 849 708 784 538 854
10
439 467 732 883 590 440 155 164 355 552
3
266 335 506
10
742 877 187 257 776 456 209 80 225 270
2
252 157
6
745 427 108 907 123 286
7
845 409 753 60 542 136 378
3
441 447 96
5
894 380 32 176 213
7
734 958 668 866 739 119 165
1
338
1
289
8
507 78 655 472 623 55 756 338
7
665 103 634 786 820 489 484
10
538 943 194 102 795 182 516 4 121 14
1
562
1
429
5
974 840 370 98 621
9
481 732 426 946 700 58 175 473 194
10
12 473 569 572 823 21 340 84 684 978
2
129 581
9
953 59 482 608 967 486 108 587 551
9
458 659 124 461 614 267 918 206 477
1
112
1
300
3
259 197 258
1
917
8
456 335 304 465 152 477 714 109
10
765 947 2 541 991 95 270 147 690 265
10
870 866 232 878 768 918 438 659 196 805
9
805 969 656 1000 82 714 78 112 416
7
494 720 418 252 318 126 677
3
708 928 943
5
785 365 908 504 452
3
99 235 817
5
109 374 288 418 831
6
146 660 745 947 590 615
3
102 926 471
8
850 322 600 848 508 133 70 4
9
577 989 637 342 523 67 466 12 597
10
614 875 466 58 493 418 467 121 113 692
6
295 170 917 426 135 386
9
920 580 119 48 148 470 312 781 175
10
71 934 345 70 372 401 280 882 889 436
3
574 393 677
7
364 247 869 85 480 864 515
9
321 654 725 166 88 647 536 259 117
10
521 27 491 949 562 728 300 751 104 359
3
737 468 922
9
92 64 212 479 864 296 563 754 340
2
349 621
4
588 151 89 93
7
35 809 605 689 90 124 842
7
797 564 480 893 768 144 914
1
610
8
724 743 84 12 36 959 873 272
4
977 413 569 430
2
348 197
6
610 108 778 637 779 964
3
938 612 502
9
356 7 336 372 433 713 437 373 190
9
628 163 139 819 611 805 249 620 860
4
767 990 158 776
4
229 515 128 739
10
794 758 867 264 755 538 30 810 670 835
8
65 791 272 493 964 513 912 901
8
535 408 471 14 383 625 421 195
3
406 776 997
8
471 327 607 389 444 830 848 574
6
445 801 721 303 442 235
10
378 337 134 824 284 851 56 92 711 487
6
959 446 581 693 603 591
1
475
4
37 121 704 315
7
649 476 921 458 203 10 772
3
749 387 442
2
756 540
4
672 177 646 682
9
17 15 81 703 997 235 737 312 837
7
952 592 903 245 468 945 850
6
52 937 410 413 299 31
4
184 139 90 704
5
608 756 110 749 830
5
244 139 914 969 735
5
294 32 380 7 820
10
269 536 9 223 896 423 318 16 638 472
7
255 315 342 1 236 634 154
5
972 475 281 266 996
1
439
4
650 673 839 399
3
524 539 70
5
463 964 712 600 554
5
476 381 935 216 575
6
199 954 752 838 521 466
5
703 821 339 525 999
5
213 153 332 999 772
3
650 715 816
4
366 467 69 917
6
410 399 375 850 168 373
9
993 620 82 470 248 259 196 361 308
3
304 85 925
10
569 941 251 388 433 356 891 487 92 312
3
419 271 507
1
820
2
824 78
3
568 218 697
2
23 877
1
88
7
571 160 52 657 133 304 562
5
31 866 55 278 779
5
557 884 175 229 273
7
474 7 507 980 879 303 473
10
927 791 162 612 201 636 694 422 45 488
8
981 278 958 576 707 462 861 777
1
444
2
846 231
9
601 252 626 844 170 527 190 233 173
2
232 947
10
114 359 25 778 628 713 869 34 510 194
3
860 688 173
9
206 531 781 746 650 293 902 438 354
10
782 913 25 559 321 287 507 7 70 734
2
971 69
8
701 674 653 31 186 539 897 895
1
859
1
300
2
434 410
9
85 346 518 687 329 462 866 593 180
3
873 807 609
10
336 679 24 203 601 608 324 589 453 943
5
769 652 13 768 154
1
864
2
993 801
5
128 903 368 7 214
10
178 328 874 894 445 738 560 207 647 846
1
713
3
416 805 989
5
415 176 811 698 391
10
63 228 335 691 622 103 70 452 844 977
10
110 649 922 171 587 476 744 870 606 1000
10
655 794 51 940 630 782 358 831 660 752
7
312 586 940 949 84 288 902
2
59 737
1
610
8
844 267 675 950 144 74 134 954
9
909 911 564 917 991 230 221 253 26
5
330 765 71 384 599
8
77 490 510 235 640 820 394 365
10
93 882 487 561 695 861 942 34 993 854
3
901 540 293
2
483 650
10
963 627 120 39 785 344 460 836 254 402
2
916 20
4
992 366 285 853
4
829 868 974 47
8
73 238 426 565 599 771 326 597
2
788 78
3
395 192 605
7
768 56 306 416 864 941 240
8
87 634 641 735 884 601 996 668
5
770 637 903 998 386
1
851
6
815 938 286 202 391 320
1
429
2
127 753
10
791 569 295 793 807 81 752 519 484 182
5
858 602 547 939 155
6
348 200 508 367 98 246
4
775 856 126 98
3
303 584 483
7
697 707 242 724 905 202 526
5
315 303 527 160 144
1
7
5
526 981 152 80 659
8
672 709 123 174 616 396 10 419
8
971 966 181 978 91 673 531 337
1
858
8
270 843 471 220 651 836 561 374
2
538 413
7
205 633 872 343 596 357 346
7
370 440 794 942 209 551 712
2
199 418
8
268 719 651 328 36 309 176 323
3
438 845 830
5
927 915 155 485 866
7
147 675 380 9 862 880 886
2
461 672
1
771
3
120 505 47
4
350 845 355 188
8
2 163 658 104 833 823 127 820
1
627
2
110 478
5
503 749 169 335 932
5
120 888 611 409 12
5
465 457 967 153 286
8
266 420 436 122 99 190 205 985
9
506 568 195 428 142 634 846 965 126
2
755 325
9
98 838 913 189 580 796 991 53 880
2
45 204
6
602 430 471 296 641 107
8
593 915 864 914 776 651 212 652
3
626 753 451
1
780
3
375 94 157
8
379 261 637 39 786 731 214 914
6
362 228 814 56 735 527
7
727 857 721 456 256 634 702
4
577 101 925 561
1
80
8
687 151 915 224 626 704 173 991
5
105 560 58 388 576
6
892 433 862 613 787 89
10
984 701 978 419 160 935 782 461 333 101
5
48 931 914 918 994
5
588 236 255 618 941
3
420 58 734
2
658 297
2
965 486
2
87 841
6
996 368 924 650 386 864
4
344 819 251 792
3
41 695 892
4
773 546 768 965
9
230 912 853 189 572 291 311 956 629
8
968 615 178 852 892 491 974 979
1
431
10
799 229 939 791 402 288 585 617 870 147
1
7
3
349 738 470
3
762 641 467
3
550 748 514
10
862 860 335 343 922 72 41 382 920 927
1
954
9
351 665 319 384 878 847 296 770 915
3
63 888 331
7
534 224 755 231 1000 462 516
9
506 21 80 38 129 615 950 889 434
5
461 980 867 273 232
6
3 866 611 901 838 766
4
791 380 693 533
8
337 519 599 414 403 432 566 177
5
887 135 416 870 383
9
660 262 9 375 659 65 851 239 704
9
802 632 27 783 252 116 725 811 473
8
975 224 564 540 640 500 345 987
5
287 30 20 917 784
4
698 580 949 953
8
621 530 193 634 234 288 924 998
6
291 713 258 497 608 737
5
227 903 172 314 342
5
701 183 379 833 630
1
258
1
961
7
6 873 58 413 847 557 558
6
228 885 695 357 449 517
1
163
5
174 465 648 617 70
8
673 334 556 141 905 367 923 772
10
274 99 449 556 623 352 496 446 139 84
6
794 93 106 218 179 597
10
448 885 800 976 421 564 879 969 106 754
2
71 635
6
153 556 427 257 629 527
4
126 722 584 539
10
979 502 656 418 630 272 355 82 544 937
9
168 968 747 302 895 69 353 468 650
1
16
10
933 963 698 426 414 795 836 967 259 318
4
941 152 844 977
5
97 203 959 384 680
5
661 709 623 27 419
8
541 698 5 693 415 139 715 691
7
711 496 183 180 141 149 195
7
798 976 240 328 852 535 771
7
28 880 874 266 205 454 568
10
380 663 640 946 602 661 671 692 462 241
9
764 287 39 444 614 209 946 363 765
8
129 639 293 951 714 560 411 287
9
944 116 680 171 211 272 718 601 530
7
268 375 469 842 71 675 505
4
555 987 48 247
4
437 651 825 52
5
320 106 326 678 562
9
976 270 792 248 916 206 546 899 480
5
239 475 590 823 641
6
506 827 606 62 938 825
5
298 4 20 588 333
3
806 412 8
2
579 850
3
178 809 479
1
18
10
268 516 415 931 479 340 337 339 709 413
3
182 526 120
7
388 308 64 112 652 966 989
4
152 315 231 574
8
653 950 516 532 47 545 122 934
5
263 621 579 613 620
8
639 214 926 987 848 310 737 534
10
131 651 199 549 239 104 201 374 483 967
7
699 15 606 66 45 284 101
10
519 153 371 208 464 883 918 644 321 850
7
222 150 744 382 30 267 651
7
165 800 888 962 532 409 910
9
777 558 197 450 93 358 98 421 637
3
36 143 291
7
232 232 700 77 21 715 51
9
252 425 770 10 458 448 60 703 590
4
14 854 970 28
5
648 687 170 435 759
10
312 652 118 352 221 81 554 135 374 816
10
417 311 218 457 185 459 27 905 491 838
1
954
1
857
10
614 295 345 224 779 968 17 386 344 261
4
538 37 20 179
2
682 81
1
13
5
394 558 82 830 3
8
482 378 370 844 859 741 56 133
7
557 624 899 418 438 668 127
2
322 21
10
190 708 528 976 31 18 560 769 340 514
3
837 585 530
2
4 385
8
772 239 607 903 664 641 207 644
8
270 673 470 677 436 622 112 374
2
277 375
3
180 25 228
3
276 458 915
10
728 483 283 722 554 293 828 135 582 904
6
410 570 103 228 970 192
5
343 996 527 973 500
9
172 384 479 376 251 64 98 740 144
10
190 111 550 418 403 413 828 23 667 861
3
402 984 509
5
195 141 643 777 148
9
175 933 603 346 773 356 468 216 781
3
705 762 582
4
747 933 25 751
7
708 749 305 525 176 142 249
10
591 198 250 846 672 612 781 332 21 9
3
559 509 894
7
863 886 58 106 684 782 964
9
904 496 208 668 851 752 135 796 112
7
408 852 196 332 792 596 531
4
735 521 408 725
6
989 764 813 130 936 470
5
691 670 33 62 885
7
910 592 432 631 664 443 853
5
502 973 235 183 618
10
66 269 904 725 969 927 943 909 338 809
5
141 755 363 772 714
5
766 969 397 834 637
5
828 548 517 141 864
5
850 741 546 984 594
4
547 991 573 920
4
651 648 727 243
4
79 60 941 903
10
179 861 693 11 540 740 382 905 315 734
3
981 867 546
10
927 465 395 387 990 350 437 5 72 204
7
527 70 124 952 170 780 487
4
637 143 416 74
4
617 983 259 653
6
556 625 572 152 508 718
6
244 461 719 942 146 452
7
323 240 408 828 81 152 294
8
938 387 719 768 855 862 853 425
3
912 899 741
5
854 707 663 140 959
6
389 879 978 298 424 864
9
41 713 339 336 819 918 331 541 991
6
403 753 664 89 136 271
2
167 485
6
847 2 90 358 351 275
8
446 332 346 518 632 732 577 124
6
319 259 176 166 426 3
4
22 701 514 503
4
904 877 418 483
2
771 489
2
383 47
7
460 489 630 269 574 826 147
4
613 240 462 294
9
314 740 308 689 95 743 797 131 831
8
102 398 84 248 389 605 723 617
