31
5
614 240 708 294 425
10
714 604 124 315 283 508 975 722 145 394
7
501 952 624 876 840 726 442
2
899 663
5
497 626 16 159 111
5
273 493 985 932 461
10
107 8 615 208 470 162 588 131 80 271
10
838 300 137 915 684 830 938 460 180 534
6
625 300 609 117 22 542
1
466
7
312 522 590 688 654 419 539
8
370 763 179 403 903 159 862 682
7
295 774 112 676 811 156 41
9
257 671 761 253 343 765 356 320 507
5
422 668 525 366 84
5
129 224 351 685 945
3
702 572 173
8
90 51 55 314 135 127 122 296
5
46 336 544 65 949
6
805 691 424 981 754 961
1
65
1
392
7
323 241 471 62 146 985 520
9
436 898 531 371 338 182 641 268 586
2
514 385
7
766 42 294 742 365 161 395
7
321 612 419 272 115 212 627
9
479 37 49 191 978 475 743 798 294
6
321 344 247 197 735 232
4
394 941 330 607
4
14 801 391 220
