2312 1
4967 8
5736 1
511 1
3597 1
4642 2
3712 2
4193 8
1290 1
4361 1
2811 4
3985 8
1153 1
1023 1
4792 8
1170 64
1463 32
5885 1
4926 1
6424 4
1349 64
2079 1
3649 1
1023 1
1438 8
5596 2
3223 64
6292 4
1635 64
3062 2
511 1
5832 4
5775 1
527 256
3828 4
5096 4
4386 1
5637 1
1293 1
5463 4
1023 1
3749 1
6341 1
1023 1
2062 1
1193 64
2073 1
2374 1
3398 1
6978 8
1785 8
3330 1
5252 16
3340 8
1023 1
3527 16
5187 1
2669 4
6017 4
3506 1
1186 64
5226 8
4773 1
6653 1
2350 1
511 1
2412 16
3473 1
511 1
15 1
6805 4
6385 8
2842 1
3069 1
4748 1
5230 1
4197 64
1505 32
1146 16
1185 128
2078 1
3287 1
5260 1
3052 4
1023 1
4684 1
3069 1
5210 4
4662 4
4320 1
1138 32
6970 1
5945 4
511 1
6958 1
4124 4
4908 1
2452 16
6102 1
3085 1
3133 1
1023 1
2479 1
5873 8
511 1
255 1
5428 1
406 8
3634 1
4178 16
4201 4
3910 32
2302 1
3431 32
3252 16
4268 1
1681 64
5404 8
255 1
1023 1
2233 16
255 1
2304 1
2420 16
511 1
6498 1
4971 4
4719 1
5195 1
5269 8
5439 1
2615 8
1023 1
770 64
1023 1
2238 1
2238 1
5183 1
632 16
5072 8
5098 1
2094 1
3296 1
1298 64
6985 1
1023 1
1534 2
4830 1
713 32
3365 32
4367 1
2629 16
3343 1
3645 1
5413 16
1023 1
3073 1
5742 16
3817 16
255 1
4209 1
2714 32
6165 4
3389 1
1403 16
4868 1
4917 4
1088 256
4893 1
255 1
5785 4
3976 16
5893 1
2174 1
255 1
3888 16
2047 1
1804 32
2440 1
2502 1
1023 1
4520 1
1242 16
255 1
127 1
5493 8
2666 32
4649 8
2386 1
15 1
4652 1
4841 8
3617 32
1161 128
1731 64
5374 8
2672 32
2174 1
6889 1
6140 1
5219 1
2859 16
3025 4
5605 16
4140 1
4429 1
3277 2
1023 1
4162 1
2463 64
255 1
6763 1
1023 1
1023 1
2050 1
4917 8
4301 16
1023 1
3244 1
511 1
3072 64
2258 1
5127 1
2452 32
1023 1
6147 128
5564 1
2055 1
1512 16
5823 1
1023 1
4898 8
3589 1
4363 1
3201 1
1447 64
2066 1
3774 16
2302 1
1023 1
1901 8
5821 1
4414 1
3259 4
2302 1
6477 1
1023 1
535 128
127 1
584 64
5807 1
2048 1
1023 1
4792 1
4030 2
8024 1
4729 4
6861 8
511 1
5899 1
1052 64
2319 1
7092 2
2351 64
3854 2
4644 1
6053 8
1292 64
1199 8
4825 4
4418 8
2123 1
2054 1
3017 4
3817 8
2066 1
2177 32
2512 32
3907 32
3409 1
3356 4
5797 8
1158 64
5125 8
6139 2
1022 1
2178 32
127 1
6130 2
3938 1
2048 1
1023 1
2084 1
2174 1
5166 1
127 1
1412 64
5478 1
63 1
2398 1
1023 1
5756 1
1052 1
6446 8
2430 1
2175 1
6794 2
7546 4
2058 1
4568 1
2915 8
6603 1
5019 4
511 1
4813 32
3837 1
2920 16
1630 8
3537 1
3239 1
5521 16
5981 1
511 1
6408 1
7368 4
3333 1
2932 8
3303 8
3775 8
1183 256
511 1
5834 16
3341 1
5139 32
5867 8
687 64
63 1
3572 4
6339 1
4294 1
2964 16
5177 2
4328 1
6259 8
5799 1
3965 1
2742 8
5868 1
5220 16
1171 128
2590 1
2127 1
2303 1
3269 1
1507 32
5376 1
796 16
4432 32
6327 16
2142 1
5832 1
4748 1
5024 8
1154 1
4120 1
5485 1
4842 16
4805 1
4061 1
511 1
8032 4
2854 64
3141 1
6313 4
4235 16
3014 8
3022 4
1093 1
2047 1
6904 1
7111 1
2056 1
3809 16
3197 1
6737 2
5291 2
3583 1
4215 4
3642 4
3585 1
2354 32
230 4
6599 8
181 8
2056 1
6654 2
1023 1
3401 1
4743 1
5617 1
6983 1
2071 1
5635 1
3085 1
2012 4
6851 8
4713 1
1759 64
1468 8
5036 4
4748 4
3737 8
127 1
4570 4
3542 8
6205 8
63 1
1372 16
3147 8
1023 1
6123 1
3062 8
5765 1
5568 16
2356 32
2405 16
1199 1
4123 16
5949 1
1023 1
3374 64
4684 1
5775 1
511 1
2114 1
5466 2
1055 1
1023 1
255 1
3233 1
6260 1
4024 4
4734 1
2046 1
530 64
6479 1
2494 1
5923 1
1361 16
4175 1
1023 1
5987 16
4638 1
5594 1
3088 1
5975 8
1310 1
6275 1
2667 16
2050 1
567 64
1881 4
4925 1
5998 1
1976 8
1023 1
3016 16
5489 1
6344 1
5139 1
3166 64
5124 1
6246 1
1023 1
4794 4
5165 1
513 256
3215 1
511 1
3896 8
5948 1
3379 1
2562 1
2927 16
3013 8
7059 1
2238 1
2622 1
4709 8
1219 32
1244 8
6477 1
2336 1
2178 1
127 1
5204 4
2397 8
6421 4
5377 1
6271 8
1778 8
6109 1
1566 16
5831 1
5424 1
1022 1
5661 8
6777 2
1257 32
2050 1
6510 1
1023 1
2480 16
1310 16
6064 1
4789 16
3789 1
1879 32
2064 1
2853 8
1172 1
5433 1
1237 32
5287 1
6777 4
5436 1
6376 1
1023 1
3285 4
2180 128
6247 1
1393 32
127 1
4388 4
6618 2
3317 1
1377 16
511 1
6552 4
6214 8
1151 1
6067 1
1202 32
5073 4
3343 32
3709 1
3891 1
5759 1
6386 4
5725 1
5825 1
6546 2
5601 1
5483 2
6307 1
255 1
1022 1
6108 4
5479 1
2094 1
3742 1
5534 1
6223 4
2780 8
2511 16
1107 128
6456 1
3605 1
5315 1
4746 8
6149 4
2198 1
2338 1
2054 1
1077 64
3525 32
1576 64
6334 8
6977 4
6763 2
4371 32
3782 32
1399 32
3876 8
5842 1
5800 16
3750 8
4191 1
1299 128
7427 64
511 1
6151 8
4703 4
3222 1
1023 1
3785 1
4204 1
5477 1
6167 4
5717 1
641 128
7426 4
5675 32
5414 8
5242 8
3901 1
2893 4
2337 1
4578 4
1520 16
2302 1
6774 4
5947 4
3161 32
6059 16
2047 1
2078 1
5295 2
1023 1
4886 8
2828 4
4994 1
2082 1
5681 1
4596 1
5382 2
5812 1
3391 1
6127 1
2305 1
4127 8
3345 1
3585 1
6173 1
7322 1
3591 1
5711 16
3649 128
35 16
6954 4
4102 1
6895 8
5556 8
1023 1
2062 1
4444 1
7579 4
4048 2
6397 1
2079 1
3359 64
5034 8
1839 64
4648 16
6218 2
3271 1
3077 1
2608 64
1023 1
1276 8
3606 8
5571 1
2430 4
2506 32
2677 8
2706 1
5300 16
7293 1
2188 1
6721 2
2302 1
4558 1
3065 2
4942 1
4481 2
1023 1
5073 16
4903 8
1023 1
5245 1
5015 16
5652 8
6394 4
1449 32
2112 1
3455 1
6411 2
511 1
127 1
4993 1
6028 1
5397 8
2492 8
1429 32
3662 64
2398 1
3903 64
3992 2
6172 1
2227 32
3636 1
5204 1
4726 8
7340 1
4719 8
4626 8
6123 1
1054 32
2716 8
5303 2
4712 4
2461 4
4508 1
6910 4
5785 8
127 1
4577 16
1023 1
3955 8
1023 1
5586 8
5387 1
3929 8
3462 16
4140 1
3328 1
2056 1
5427 4
5885 1
3134 1
2355 32
4822 16
3881 4
3071 1
2095 1
1593 32
3483 16
2046 1
3538 16
2194 1
63 1
293 32
3101 1
4972 8
3098 2
4654 1
2053 1
5918 4
4671 16
3512 8
1023 1
6035 1
2792 16
2624 32
1272 16
1430 16
5203 64
3850 1
5704 8
3546 1
3150 1
1459 8
1284 128
6520 2
2049 1
2295 16
6745 1
4284 1
5868 4
5869 1
2456 32
1990 8
2145 1
3173 4
3031 8
2815 4
511 1
5152 1
2796 8
2822 16
6444 4
6473 4
511 1
2274 1
3165 1
3612 1
3137 32
2564 4
5965 1
1092 128
3730 1
4109 1
2278 64
4354 1
5867 8
6316 4
2270 1
1023 1
4749 8
1023 1
3015 2
4554 8
5143 4
2466 64
4097 1
1222 32
6198 4
2486 32
4520 1
4062 4
3709 1
5315 1
5372 16
4270 4
5127 2
4406 32
2686 1
5290 4
3445 32
1023 1
5802 8
1066 1
2433 4
577 128
3613 1
5771 1
5601 8
4664 16
4957 1
3581 1
3637 16
2081 1
7345 16
1426 32
4817 4
4698 8
1728 64
411 16
1298 1
255 1
1023 1
5542 1
3161 16
4214 1
3198 1
3133 1
1023 1
5582 4
1023 1
1795 2
5807 2
6343 8
1023 1
6061 8
1515 16
795 32
