856
3
260 805 465
8
520 591 156 955 93 749 491 864
9
667 753 288 760 54 27 547 281 219
1
266
5
772 620 953 675 198
6
550 132 904 707 672 835
6
604 320 829 708 55 86
6
786 19 436 808 622 878
3
297 424 347
5
270 881 302 287 365
4
325 879 955 364
6
866 596 385 65 74 295
3
14 354 118
1
517
8
616 466 329 32 680 269 502 562
2
983 187
2
313 894
9
975 21 707 636 44 760 185 804 834
7
504 680 170 572 85 383 217
10
880 182 788 805 95 690 607 758 347 982
2
45 660
3
516 328 666
5
829 404 736 526 663
1
598
2
59 603
8
479 319 473 536 137 321 344 735
6
590 656 298 476 826 117
10
440 297 579 745 818 920 570 175 545 19
2
733 838
4
323 939 585 855
1
503
10
326 882 313 693 962 545 357 308 168 548
9
335 248 275 496 375 537 642 311 616
2
442 85
6
731 302 331 857 449 830
8
437 857 715 582 519 777 363 398
7
639 756 395 20 627 918 190
9
484 499 180 671 891 875 322 404 775
3
462 286 494
8
245 45 545 603 400 798 56 79
1
606
5
43 436 139 570 316
9
347 310 524 191 584 649 627 546 702
1
809
3
342 240 699
2
408 717
3
993 933 5
3
576 100 727
5
861 68 790 270 542
10
663 721 887 711 781 776 230 823 726 36
2
884 625
5
174 530 614 410 595
8
12 955 919 128 413 747 6 24
4
539 857 641 783
1
588
6
704 312 28 599 662 370
9
343 702 833 521 646 442 382 551 415
4
553 25 770 93
10
834 955 29 338 817 546 232 422 345 819
5
799 272 862 124 900
2
414 706
8
235 85 589 892 30 696 562 85
7
627 152 159 5 225 722 901
9
47 712 568 782 684 563 535 427 942
3
184 634 759
1
392
4
937 311 265 763
5
687 60 646 262 41
1
480
1
10
10
78 6 582 965 241 392 106 266 596 449
10
815 145 318 231 887 227 259 609 383 191
3
601 664 571
5
143 752 380 106 919
7
49 279 944 936 831 258 479
7
859 492 22 252 92 246 444
8
606 474 485 687 239 792 64 784
2
650 151
2
826 190
2
226 959
3
453 83 794
5
992 130 492 598 994
9
811 481 199 590 807 324 490 647 583
4
189 871 303 281
1
718
7
53 202 992 451 895 200 5
5
901 683 560 124 451
8
621 362 903 306 570 117 54 213
6
804 662 605 915 776 306
7
601 440 852 224 126 808 870
2
545 429
10
271 664 139 751 302 643 216 140 267 433
8
891 281 711 312 665 786 955 808
1
493
10
100 922 727 333 616 94 191 136 143 462
6
284 704 423 762 646 743
7
851 229 430 406 509 634 304
4
238 167 892 611
9
19 134 419 560 613 207 165 467 914
5
294 929 557 91 202
5
877 950 42 912 21
1
525
3
426 486 992
8
914 810 952 111 923 695 789 295
1
463
1
137
9
243 500 611 949 103 903 149 671 427
2
242 154
5
284 728 418 208 339
6
322 928 686 854 436 786
6
703 185 683 436 45 353
6
517 857 153 298 486 447
3
880 423 287
6
732 819 455 648 485 208
6
516 321 153 510 940 710
6
844 448 759 652 911 456
2
860 561
10
391 805 708 307 884 199 129 718 362 725
1
172
1
634
4
650 917 296 12
1
249
3
864 445 400
4
538 465 855 490
1
338
10
822 543 759 701 391 228 943 453 928 426
8
277 891 410 626 181 969 174 283
7
675 941 998 769 45 76 897
9
110 945 860 280 903 923 39 243 560
8
69 223 953 879 619 674 665 155
9
458 993 726 340 229 695 406 404 539
4
116 113 631 971
1
952
2
492 272
1
855
3
361 854 120
3
825 787 46
9
562 505 833 390 457 870 169 678 619
2
508 122
8
660 162 522 880 753 228 374 941
7
918 929 163 745 572 672 81
3
715 388 517
5
859 156 181 901 649
2
243 543
9
663 68 682 558 749 968 812 868 570
1
557
2
158 670
7
151 136 167 589 548 660 484
2
383 74
6
792 942 127 387 511 606
7
131 988 305 852 369 899 101
4
513 300 306 856
5
205 671 491 74 570
5
917 554 676 343 923
8
885 636 768 489 267 980 682 688
1
514
5
415 468 566 41 837
10
690 5 231 231 16 380 787 683 750 785
6
538 31 520 898 37 313
1
248
5
205 708 737 968 656
4
196 506 953 27
10
439 191 182 718 665 84 127 470 830 795
5
717 108 377 722 678
2
696 59
7
584 152 419 58 273 513 319
8
394 964 901 281 289 988 604 134
2
675 285
7
647 491 740 35 81 263 16
1
168
8
394 321 276 236 680 661 166 177
6
196 382 38 552 81 913
9
288 76 898 661 209 377 109 120 681
3
180 718 393
1
207
6
563 212 176 995 878 518
3
131 921 117
2
596 678
3
983 982 419
3
592 615 103
1
865
7
488 665 899 218 19 570 705
2
644 416
1
210
1
109
8
653 112 627 830 662 331 720 964
4
127 254 697 564
6
534 948 899 427 989 516
3
410 312 785
1
14
7
606 340 221 171 642 530 253
8
362 794 137 200 974 481 936 771
6
625 730 261 346 109 706
2
562 327
2
852 623
8
738 378 125 302 255 50 881 597
4
986 341 743 538
3
144 962 189
9
504 772 92 285 97 312 778 276 14
9
134 812 871 542 699 633 142 992 976
9
328 539 717 269 408 518 438 74 979
4
157 872 683 627
4
127 509 173 676
10
843 115 638 195 396 779 904 77 860 126
7
560 227 546 662 889 484 407
5
570 977 728 589 631
4
622 520 11 706
1
814
7
475 708 848 61 787 457 640
4
48 87 605 955
1
177
9
831 678 120 568 990 809 979 667 540
1
938
1
933
3
658 841 418
8
313 198 663 790 514 863 766 232
8
664 998 304 684 444 359 10 572
1
519
5
714 351 878 982 220
1
272
4
688 196 441 207
3
436 157 959
8
403 515 506 946 849 454 231 95
4
328 804 842 178
1
635
10
439 457 832 448 569 882 649 487 538 830
9
306 965 886 5 517 769 398 393 179
3
114 644 502
2
521 31
9
438 951 72 780 829 169 883 300 438
1
933
6
818 589 890 899 514 610
5
208 161 298 345 770
7
168 827 659 396 473 525 177
5
165 723 504 626 906
2
530 69
3
282 752 827
6
690 720 868 295 687 448
3
254 2 681
1
728
2
647 534
7
167 228 762 721 197 153 235
7
447 549 313 991 932 737 371
4
734 141 694 600
3
303 976 835
9
949 743 765 635 827 764 974 125 439
1
938
2
403 116
1
110
2
66 500
7
99 238 95 102 317 893 95
3
892 973 48
1
953
7
769 601 169 800 872 757 290
6
191 418 807 64 734 230
10
22 359 162 161 92 173 417 692 261 205
8
31 575 947 794 416 39 838 433
10
498 428 562 697 582 856 513 515 751 19
1
283
9
232 284 794 215 697 660 91 140 699
2
477 575
3
986 924 308
10
798 79 779 882 787 619 904 176 935 261
4
741 757 435 386
6
894 26 252 946 564 782
7
970 99 291 857 809 708 640
10
321 578 548 572 821 943 712 292 17 405
2
432 834
4
337 145 116 313
8
679 79 904 773 954 166 133 193
6
265 403 98 967 273 228
3
113 979 483
3
628 482 661
4
186 731 112 434
6
473 249 495 870 1 701
3
76 399 549
4
7 814 202 896
4
973 162 517 184
6
537 240 22 190 732 582
5
646 527 342 166 695
4
726 660 908 786
10
271 246 231 515 819 57 326 261 997 730
2
927 231
8
311 412 844 939 146 410 7 518
8
398 59 14 110 822 122 129 483
3
198 409 314
4
75 261 683 903
1
94
10
625 981 612 139 939 564 378 227 707 406
5
773 916 711 803 293
3
121 896 517
1
979
3
916 581 12
3
281 103 638
7
994 47 37 459 185 317 193
1
78
2
86 556
9
473 182 176 989 985 596 398 926 8
1
32
3
826 293 430
1
703
9
370 120 452 545 853 846 734 259 364
3
202 266 427
10
339 615 370 650 544 416 854 750 981 637
3
279 770 892
3
363 53 769
10
424 743 757 175 424 592 724 437 215 235
10
72 555 656 67 139 67 43 71 997 31
3
333 60 687
7
657 598 327 123 609 631 443
4
555 844 920 426
9
560 842 366 805 954 28 971 522 946
8
943 633 658 993 191 395 679 367
1
345
8
745 211 590 300 124 306 785 470
5
380 389 811 211 274
4
573 166 489 24
2
905 553
5
39 144 561 291 592
5
845 106 431 526 34
10
775 584 280 926 468 242 647 522 423 362
9
537 585 890 462 353 752 540 798 381
1
505
9
358 473 359 396 478 957 39 567 13
10
592 603 987 604 894 209 731 883 869 348
5
646 286 797 364 999
4
89 6 900 173
4
552 14 102 137
6
506 594 963 729 526 377
2
903 216
1
488
8
927 902 836 902 463 351 788 281
5
875 748 390 289 465
8
952 975 830 466 279 335 738 562
10
962 102 888 387 343 819 116 430 989 559
2
104 295
1
59
4
798 728 731 667
9
168 362 864 639 333 337 351 222 886
7
96 324 823 713 349 198 560
4
765 160 327 140
8
827 669 974 224 113 750 502 604
7
445 158 817 434 539 793 168
10
81 288 40 732 804 689 189 170 789 285
9
455 822 886 597 403 318 480 793 605
5
850 848 452 667 975
4
658 342 614 772
9
123 101 467 335 369 773 898 532 194
8
405 632 165 185 633 660 273 79
2
517 366
3
761 956 802
3
861 381 755
3
745 147 565
5
675 425 730 520 402
2
389 926
9
200 358 300 266 221 518 718 849 869
2
364 398
8
921 148 942 490 716 18 587 478
10
598 774 426 375 551 92 977 731 942 541
3
724 858 331
9
361 597 425 95 460 633 292 400 635
7
387 667 487 811 298 509 985
8
782 917 477 762 283 415 310 886
3
69 380 302
7
972 441 17 730 377 814 211
9
606 607 720 824 146 458 373 147 151
8
271 759 758 507 78 194 553 698
7
953 532 675 128 50 716 230
5
692 995 691 113 694
1
495
10
508 37 887 325 849 103 291 322 438 368
4
504 567 412 347
5
743 52 899 16 828
8
143 12 247 822 43 85 295 314
6
615 87 98 961 188 222
4
103 611 249 507
4
718 342 896 918
3
192 376 320
3
620 166 410
9
310 311 220 45 582 24 182 316 487
10
230 345 528 825 15 417 297 440 799 379
3
138 495 603
6
864 164 284 584 814 643
5
183 868 138 991 504
10
611 773 849 585 739 534 209 999 112 390
8
848 374 335 653 91 489 49 840
5
59 125 905 167 451
6
770 826 115 86 81 241
6
944 417 15 834 168 950
5
523 976 844 433 763
4
240 916 1000 190
2
89 65
10
982 653 530 852 936 714 488 301 414 593
2
49 120
3
686 379 975
10
795 900 418 284 665 583 125 972 783 645
1
702
5
205 302 925 817 430
7
270 541 761 738 458 982 686
7
519 513 983 541 148 861 602
9
63 441 133 432 137 995 473 385 82
3
548 452 674
9
624 424 830 648 191 191 431 505 957
5
809 492 266 766 603
2
895 861
10
405 574 871 422 452 57 40 807 40 431
7
707 369 587 530 228 909 979
2
518 793
2
635 57
8
626 492 439 606 466 552 526 557
8
818 660 625 24 662 419 216 76
6
29 847 832 67 970 312
1
78
6
476 246 792 461 159 258
6
518 287 746 755 377 83
10
943 587 963 714 465 324 642 443 674 202
1
36
2
402 816
4
399 683 503 410
1
786
9
593 344 783 658 366 975 500 883 533
4
885 134 853 838
9
227 453 676 925 447 237 852 88 286
8
438 899 701 974 320 410 716 978
4
675 981 244 420
4
715 468 773 381
3
95 95 273
6
61 949 968 997 861 279
9
4 254 779 563 453 39 827 116 266
1
764
6
763 524 228 553 351 443
7
705 114 246 636 129 387 631
9
42 472 989 196 247 562 159 957 357
1
463
3
325 631 222
8
224 541 779 431 390 280 795 322
3
354 40 510
1
763
1
205
5
352 551 969 777 66
9
925 910 887 515 934 161 277 342 981
6
293 333 734 544 460 278
7
491 613 178 443 213 914 78
3
602 437 545
2
173 321
9
720 551 682 515 821 70 676 988 311
3
301 802 786
9
225 99 768 275 296 991 814 506 185
4
480 414 94 371
5
215 212 551 110 118
1
616
10
733 342 412 214 121 922 845 77 855 250
7
973 997 87 292 537 984 658
9
613 793 428 311 794 920 142 308 188
5
311 645 75 427 998
10
561 761 131 960 616 271 257 186 327 189
3
266 470 321
9
236 800 623 159 395 431 500 56 306
4
289 555 394 205
3
807 247 972
2
52 499
4
370 340 335 306
7
489 121 965 479 754 291 286
9
818 926 148 799 328 501 741 792 520
2
755 693
3
86 186 332
4
7 701 802 594
9
487 39 660 550 551 227 947 246 334
9
920 821 416 755 991 274 914 404 394
7
526 854 844 343 876 98 619
4
1 219 614 220
8
308 220 698 860 364 1 298 959
9
855 978 601 231 518 541 707 240 47
1
731
6
440 379 918 377 435 61
7
54 847 853 579 809 833 396
2
414 99
5
911 574 383 85 558
1
258
6
553 100 269 955 738 733
9
267 369 454 862 887 586 448 144 860
5
1000 647 644 476 141
3
588 941 855
4
747 342 757 569
4
911 29 471 450
9
126 507 561 384 151 374 290 440 421
3
80 335 622
3
720 894 613
8
777 981 727 153 255 14 670 492
4
498 173 6 412
4
487 7 151 439
9
88 382 683 79 443 522 375 100 349
3
117 608 185
3
243 155 992
1
84
8
91 713 511 84 745 425 342 745
4
914 40 31 762
10
708 375 307 397 500 793 516 274 242 785
7
759 703 803 141 715 626 786
10
72 631 945 838 819 18 464 728 633 59
2
853 601
9
828 475 663 579 654 23 2 904 665
2
515 995
9
734 544 245 423 253 993 330 375 372
9
803 535 390 755 602 7 491 196 81
3
478 161 326
8
774 652 8 265 479 10 320 47
10
202 314 135 331 216 679 948 657 345 190
2
824 45
3
825 898 243
9
737 937 310 580 743 212 625 657 891
1
857
4
59 82 673 866
2
808 456
9
736 217 565 232 200 450 490 934 375
8
331 225 788 146 944 140 255 854
5
965 104 586 835 567
2
613 706
3
275 218 959
4
59 676 256 312
3
218 147 434
9
997 62 878 547 219 782 893 358 9
2
986 243
7
903 849 936 973 41 494 909
8
601 794 875 711 700 561 719 720
9
605 3 449 743 353 775 80 782 566
9
303 20 64 788 244 152 625 570 181
1
657
4
554 222 218 233
4
579 430 248 915
9
609 866 218 730 592 31 994 521 145
2
904 261
1
126
6
664 28 306 681 551 608
10
821 1 177 867 168 313 446 43 478 988
5
315 276 49 820 743
4
167 98 40 494
1
318
10
828 591 994 412 647 941 540 85 9 729
10
389 370 548 505 680 329 612 393 357 923
3
97 285 27
7
612 613 892 840 886 739 780
2
784 92
8
297 288 754 340 305 50 634 699
6
816 234 916 836 169 336
5
207 283 660 416 489
5
382 747 855 828 951
8
742 17 108 297 382 415 278 830
10
937 696 919 322 419 378 449 984 377 877
9
948 160 427 3 630 352 111 963 119
9
186 152 708 481 487 434 844 105 857
10
773 976 293 397 709 302 758 984 354 834
7
960 711 503 862 514 998 930
8
123 680 45 517 691 908 150 957
9
662 555 942 162 753 949 28 966 177
1
151
3
409 27 100
10
927 854 195 771 669 750 522 86 159 279
9
481 586 197 282 588 358 849 723 113
3
989 158 274
5
264 405 23 63 641
9
539 568 431 484 706 444 650 115 742
10
966 101 85 212 506 517 116 593 673 542
4
458 255 505 530
4
455 864 513 263
2
53 926
9
224 11 883 45 440 371 265 931 448
5
542 651 608 364 941
9
531 784 172 158 128 858 389 855 37
8
669 700 31 407 829 315 284 871
10
579 664 7 42 426 536 783 370 63 655
3
588 297 46
3
770 344 467
3
323 247 900
2
589 388
6
439 792 889 146 96 891
2
834 660
10
228 75 398 144 272 757 546 322 881 273
10
128 118 478 69 359 689 347 199 892 274
10
555 634 102 646 328 540 107 709 30 996
6
725 92 293 490 402 317
6
265 758 583 117 792 995
2
317 954
6
911 200 39 32 292 796
9
50 168 60 435 416 772 930 496 598
8
122 811 198 283 393 269 950 406
6
719 596 29 305 599 350
7
285 288 733 249 899 903 512
2
862 437
10
309 782 507 804 460 25 323 42 373 218
1
406
10
194 56 878 217 374 573 862 569 346 286
8
550 245 314 901 205 742 477 705
5
917 48 50 790 940
1
775
5
354 49 195 121 836
7
685 310 426 335 747 536 61
9
767 667 887 394 697 425 4 46 118
10
633 316 779 469 894 26 736 593 692 253
9
317 377 34 187 450 91 563 761 997
2
239 402
10
69 437 289 424 706 487 120 230 432 58
8
90 10 754 436 374 345 418 154
8
942 992 522 30 897 589 975 147
10
834 571 623 400 165 253 629 328 418 961
5
839 65 636 676 731
4
262 133 921 149
3
955 871 507
6
705 196 613 658 560 236
2
430 928
3
722 33 255
10
809 433 979 456 627 372 311 404 110 205
10
572 404 158 249 54 947 884 884 372 103
6
455 557 683 296 25 981
10
510 803 723 970 654 587 926 438 127 257
3
952 708 30
3
52 232 959
8
557 523 866 768 483 118 230 628
1
593
8
466 358 719 194 174 907 802 78
4
850 592 350 688
7
509 434 941 923 593 641 867
3
160 363 697
9
269 731 225 358 41 974 346 154 794
7
135 659 613 476 477 594 240
8
101 374 515 529 7 98 983 343
9
130 328 818 451 989 204 290 917 998
5
985 975 314 346 670
9
410 26 502 462 856 950 832 219 229
3
198 554 662
6
336 529 811 731 622 58
5
673 888 624 379 383
5
142 701 676 627 92
8
102 154 205 450 410 962 280 364
10
337 282 943 954 797 791 16 887 973 638
5
23 609 241 411 327
10
897 921 293 206 76 348 936 701 667 274
6
482 304 650 61 477 515
2
3 24
10
4 567 12 893 181 399 265 344 613 16
7
341 917 624 424 875 144 6
10
426 157 586 779 411 438 659 256 309 362
8
452 787 985 826 75 528 351 832
1
781
3
954 123 596
7
24 864 503 895 101 586 564
10
84 140 14 24 36 518 178 608 683 374
6
728 144 700 321 212 305
9
303 389 502 262 231 642 876 172 131
3
883 125 929
4
889 658 606 692
8
471 73 970 188 487 88 738 923
2
903 840
8
925 907 780 274 251 298 150 743
8
457 275 842 814 430 19 385 300
5
273 111 631 978 614
5
843 217 548 367 670
4
146 550 449 343
1
605
2
105 875
6
139 535 431 546 766 389
9
502 512 546 826 298 839 472 136 831
4
256 742 884 492
4
100 665 855 102
4
267 685 201 296
3
981 958 670
8
681 354 255 923 476 329 810 432
10
992 909 64 824 907 834 268 157 908 930
3
998 487 150
10
210 708 234 743 404 119 864 133 335 283
3
699 220 3
7
797 661 227 512 720 472 222
4
655 999 325 990
7
914 524 563 36 21 29 184
6
810 135 538 616 51 619
1
740
6
322 285 381 285 370 614
8
60 835 375 667 884 602 105 95
1
721
9
94 409 739 365 462 680 964 433 564
8
505 703 299 441 774 195 717 325
8
270 86 347 257 944 208 409 555
10
266 170 83 656 608 568 876 210 354 237
2
782 347
3
17 681 292
5
733 403 781 489 483
8
407 483 430 189 480 74 307 817
1
334
1
112
7
302 310 979 174 529 324 380
7
680 739 829 574 970 701 555
8
108 299 317 62 822 194 964 165
4
495 705 100 628
2
949 476
6
696 711 291 649 44 87
3
406 792 909
6
991 309 924 331 579 641
6
776 790 287 701 510 734
9
58 250 338 575 26 672 493 718 147
4
568 1000 429 220
5
974 390 770 852 431
7
298 516 796 49 105 128 105
6
890 709 816 507 926 876
9
15 182 365 250 179 75 636 73 313
8
55 235 708 754 538 322 254 803
8
65 966 832 643 388 87 890 459
9
780 365 733 925 913 898 641 188 382
2
78 942
4
368 812 242 242
8
879 814 441 616 452 624 298 629
8
947 538 402 903 211 561 194 12
4
88 901 261 903
7
220 89 730 999 63 126 840
10
749 903 734 796 658 394 374 730 590 784
10
927 498 818 682 99 449 515 584 32 933
1
87
8
668 683 533 82 532 433 379 363
1
667
6
967 124 673 312 57 146
1
952
10
68 583 558 309 116 438 925 289 553 959
9
867 990 37 508 585 80 372 347 666
6
876 250 56 563 416 208
6
701 970 235 267 612 101
7
889 242 302 947 772 252 665
5
971 537 679 207 118
3
518 370 467
8
797 406 111 75 142 665 321 286
8
219 304 983 475 62 212 459 987
5
826 643 261 683 477
4
26 593 780 370
6
945 607 765 781 582 886
6
758 858 859 345 442 283
5
846 768 504 240 150
7
155 271 364 163 294 225 119
2
694 883
6
911 119 452 694 491 768
3
168 375 852
6
120 609 319 904 220 588
3
735 438 412
1
43
2
164 125
5
263 143 848 620 144
8
916 678 25 593 325 742 324 641
4
437 243 377 997
7
637 26 32 433 937 510 213
3
650 498 850
10
677 127 816 848 3 238 867 57 181 660
8
250 282 457 170 632 897 779 82
6
478 522 588 689 340 57
1
589
9
926 372 731 19 104 220 683 229 442
4
821 323 408 772
4
552 830 984 254
2
960 198
2
214 702
10
57 371 870 718 761 194 591 290 387 924
5
926 702 233 990 996
8
430 729 548 692 126 701 555 131
5
645 75 154 201 971
5
761 914 831 167 281
4
319 408 139 265
2
971 305
10
675 824 877 336 670 565 79 32 609 133
3
966 442 110
4
286 347 700 512
9
30 74 7 678 6 558 263 357 523
7
833 526 412 579 753 11 278
8
938 329 710 900 875 764 736 536
9
96 461 877 219 72 298 895 256 684
4
808 275 633 464
2
570 514
3
142 6 914
4
597 370 74 10
4
479 742 737 513
4
712 443 931 553
1
444
7
795 243 653 688 588 136 594
4
642 5 211 698
4
650 713 199 108
10
681 61 746 130 738 710 142 414 931 25
10
64 498 685 790 260 768 706 661 826 547
1
278
3
332 92 839
5
853 204 773 226 474
5
678 295 847 661 963
4
456 454 304 893
4
299 62 685 590
9
316 785 536 44 670 417 949 783 627
2
211 873
5
861 976 455 927 349
5
844 103 329 288 314
4
590 489 583 296
7
861 102 686 189 34 659 863
10
109 871 92 891 565 176 287 645 935 908
10
319 128 241 680 311 714 787 469 137 642
3
412 131 652
1
920
6
206 334 693 151 392 157
1
883
4
483 358 82 994
6
946 354 311 866 318 461
8
581 565 476 13 993 118 869 732
4
387 554 57 692
6
592 871 152 720 266 624
2
158 934
10
694 442 215 777 890 965 76 179 439 481
4
617 184 767 406
7
509 714 473 732 360 833 260
6
49 8 768 540 291 420
5
149 30 515 714 653
9
643 28 228 331 780 254 395 965 681
8
140 974 960 463 419 414 41 713
6
409 547 57 248 724 221
8
892 649 168 525 343 957 202 651
8
116 716 163 365 866 719 874 491
3
897 652 759
8
644 178 549 551 907 456 400 745
6
648 320 805 383 707 470
1
527
8
322 519 856 899 324 735 946 985
3
438 52 487
4
184 562 984 41
2
118 459
5
747 252 38 292 345
9
255 665 358 913 20 966 355 440 157
8
356 64 438 539 232 69 749 264
8
535 185 483 489 464 81 775 512
7
316 113 559 67 522 679 61
5
104 694 642 637 89
6
269 530 695 561 318 224
3
698 98 878
10
312 948 191 322 257 349 415 885 382 976
2
416 972
8
490 913 519 117 495 237 781 173
8
829 584 485 374 525 49 33 739
2
608 862
2
216 187
3
465 466 315
1
150
1
937
9
426 699 493 741 618 166 505 111 935
4
866 601 686 974
7
265 415 635 66 973 710 746
5
649 215 950 393 619
5
808 222 217 68 867
1
926
8
392 455 988 915 398 55 437 518
1
717
4
437 336 277 257
8
846 679 725 544 715 23 711 332
10
931 913 391 345 809 749 724 346 889 226
1
752
10
560 408 880 983 799 802 377 422 418 248
2
202 729
2
404 375
