4877 1
4768 16
511 1
2696 64
127 1
3109 1
3401 16
1023 1
1023 1
6222 8
4155 1
5419 1
3782 1
4670 1
5918 4
3254 1
5134 1
6481 8
3404 1
4213 8
5967 32
3846 1
3816 8
3582 1
2706 1
2342 64
7339 4
4339 8
5725 16
4579 4
3935 4
5356 16
6051 1
3554 4
4941 4
4500 1
4840 4
511 1
2643 16
511 1
2957 2
4593 2
5523 1
4815 16
3277 16
5496 8
5745 1
7551 1
866 16
2685 4
6637 4
1023 1
6809 1
2561 2
3180 4
4286 1
3463 4
3719 1
5915 1
5266 16
2046 1
6669 1
2837 16
255 1
528 128
1998 4
3520 1
5382 8
1204 32
6408 1
4676 8
4551 8
5955 1
4544 1
2894 8
1630 8
2047 1
7015 2
4045 1
2452 32
3096 32
5607 1
5131 1
5004 1
3381 1
2810 8
2416 16
4672 1
6226 1
2050 1
6321 8
2182 1
4153 4
1752 16
511 1
5546 16
1023 1
1228 32
801 64
5353 4
1224 64
2160 1
927 64
2313 8
3599 1
1103 256
5252 1
4876 1
4602 2
2411 16
6000 1
5338 1
6884 2
5712 16
2463 1
5205 1
2617 16
5251 1
5187 4
3500 8
6134 8
2497 1
2930 16
1633 1
5207 4
3333 1
2349 16
2046 1
1023 1
6774 2
4721 1
5799 1
5703 1
6878 1
511 1
6047 1
3939 1
1023 1
6291 32
6252 32
2226 64
31 1
3729 16
6753 16
3161 1
5284 1
5126 4
3101 1
3034 8
4593 1
3424 1
255 1
511 1
3746 16
5145 16
1023 1
255 1
2049 1
3712 4
1023 1
3773 8
4872 32
6940 2
511 1
6438 2
2448 1
3263 1
1023 1
1483 32
2119 1
6314 2
4678 1
3965 16
3221 2
3164 16
2747 8
4735 1
4776 1
776 64
1275 4
7143 8
4230 128
2047 1
63 1
3816 8
5447 1
5435 1
2649 8
2477 8
4385 1
3359 1
4740 1
2474 32
2590 1
6263 1
1023 1
6239 1
7246 1
6488 2
2645 16
5432 1
5291 4
6823 1
7961 1
4717 4
127 1
4496 8
3658 4
4767 1
4025 16
63 1
2400 1
5437 1
5427 1
6760 8
2070 1
4386 1
141 16
4170 1
5975 1
5150 1
4443 16
4709 1
3349 8
6536 4
2087 1
4880 1
5218 32
4482 1
5904 1
3069 1
1023 1
1406 4
6310 2
3553 1
3341 1
6118 1
511 1
3729 1
3647 1
6752 8
3840 64
3659 1
5323 4
4795 4
5561 8
6079 1
3645 1
4808 16
3500 8
4644 1
3617 1
3726 1
5553 1
4975 1
2309 8
4887 2
2339 16
565 32
3655 1
5566 8
4741 16
6232 2
4128 1
3101 1
6320 8
1145 32
1470 16
5100 8
3876 1
5836 8
5710 2
5418 1
3189 1
3165 128
5886 1
5313 1
6057 1
1318 32
5478 1
5096 8
4477 1
7076 1
255 1
511 1
6159 1
2143 1
2051 1
4456 8
3380 1
6348 1
2896 32
3536 8
2467 32
4927 8
5300 2
2540 8
5442 4
5134 1
6414 1
4555 1
3461 1
2622 1
4813 1
5727 1
2815 1
6015 64
4805 16
2344 1
5591 4
