310
7
806 722 322 740 729 230 981
6
81 631 715 534 525 938
1
426
4
136 504 710 318
1
77
5
868 156 25 965 13
6
518 110 900 177 391 905
1
845
1
566
10
751 211 222 821 966 332 609 819 592 99
7
432 564 199 864 784 483 544
9
784 748 141 29 812 795 617 327 340
5
256 408 114 554 257
7
457 940 436 508 659 544 387
10
394 271 392 459 620 432 712 560 874 926
5
726 54 1000 176 499
7
522 885 946 901 857 245 540
10
964 408 433 176 173 868 501 582 28 136
5
580 324 197 320 622
6
75 596 618 256 679 853
8
361 866 983 995 593 957 669 543
5
239 403 467 484 677
6
251 399 767 282 673 292
5
151 476 99 377 771
3
994 642 713
4
896 105 836 425
10
547 760 605 73 463 157 557 624 738 755
6
965 202 965 949 554 604
10
328 824 101 783 506 535 536 746 295 399
6
761 683 911 821 106 745
6
139 842 748 214 758 174
10
396 604 653 951 776 626 77 272 344 199
9
466 382 186 255 776 21 721 168 703
4
619 637 863 667
8
816 299 532 968 511 756 476 573
7
893 793 304 557 93 589 105
8
157 452 504 936 734 360 956 725
1
360
4
600 703 223 29
1
422
4
230 329 78 654
6
330 696 340 106 194 27
9
194 522 463 508 753 359 391 718 766
8
427 754 257 781 894 263 150 873
6
672 28 722 922 427 366
8
64 7 945 141 392 909 320 166
9
580 688 185 697 252 827 119 857 50
10
931 803 427 917 801 914 856 716 5 665
2
331 471
4
501 188 375 577
10
605 679 895 39 859 637 356 352 626 37
1
772
9
175 445 541 183 306 225 489 349 318
4
269 566 822 502
4
804 2 573 629
7
328 374 564 937 562 141 277
6
210 348 936 104 701 632
5
337 295 629 151 363
9
625 883 544 402 880 770 346 502 506
8
162 969 955 101 157 717 54 71
3
464 615 139
10
330 807 159 647 825 531 658 145 664 151
4
978 811 730 308
1
188
2
357 139
2
820 772
5
219 207 274 759 745
10
151 778 322 531 551 498 331 964 199 537
2
264 578
9
506 624 24 27 688 873 513 588 516
6
173 828 649 600 621 737
8
163 564 394 245 909 936 449 551
9
452 547 734 882 131 329 572 629 738
7
435 124 420 917 501 734 827
4
734 586 132 798
2
567 919
3
729 829 67
10
83 451 592 747 11 465 727 375 92 224
5
556 654 750 699 409
4
922 230 380 916
4
979 863 821 417
9
725 746 191 462 403 598 870 158 581
9
413 622 109 319 610 899 923 328 188
7
408 827 907 436 137 456 947
5
525 459 797 846 482
4
396 93 537 304
4
853 533 212 158
7
241 40 113 948 392 111 892
9
632 597 146 268 188 485 472 84 361
3
568 387 745
10
856 491 558 634 104 396 469 941 841 987
3
997 182 210
6
847 309 959 71 584 775
2
856 638
1
320
8
100 46 294 70 989 171 775 221
1
766
2
547 273
2
310 491
8
834 811 354 730 542 407 837 500
2
664 430
3
134 139 782
2
369 302
4
248 433 986 624
5
721 820 849 550 448
2
817 158
9
945 803 473 458 692 7 763 19 232
7
619 788 667 12 810 552 413
6
178 403 114 353 909 445
4
145 770 289 991
9
305 766 804 941 327 823 223 537 944
9
636 730 181 874 80 948 948 400 436
10
728 472 611 393 388 293 930 978 420 437
10
711 580 798 280 279 253 361 904 859 47
3
154 704 726
8
975 350 87 386 131 911 966 103
4
742 49 701 81
9
907 4 128 668 790 343 191 452 893
8
172 459 190 175 604 710 627 680
6
443 138 697 297 792 849
10
82 463 868 980 396 914 222 670 186 131
7
395 276 286 390 452 29 32
4
599 282 703 642
5
205 336 211 315 202
8
203 165 958 841 1000 439 12 401
5
617 270 905 511 914
4
731 118 822 148
3
187 884 70
1
718
10
351 918 923 318 402 180 713 324 264 907
7
713 704 526 756 300 847 342
9
671 88 275 283 267 687 311 232 645
9
735 458 456 784 863 187 879 472 249
10
395 673 29 909 224 167 445 371 368 929
1
427
9
937 416 328 456 923 458 52 146 620
5
807 470 859 972 591
1
932
10
493 834 891 859 5 186 744 284 877 606
10
882 59 708 661 598 506 230 793 821 960
4
714 341 886 221
1
29
6
832 704 242 652 340 791
10
409 581 746 802 420 661 834 514 744 838
5
803 22 405 503 668
7
288 89 353 226 573 147 298
8
357 905 937 182 14 771 860 584
5
804 969 205 283 82
4
267 467 826 50
7
889 890 763 853 211 273 316
5
436 622 739 602 118
1
217
1
361
6
483 911 895 730 632 95
8
185 544 276 105 458 72 756 643
1
827
1
177
3
25 449 757
6
27 165 368 488 928 514
1
703
6
905 712 793 505 489 277
8
544 405 72 473 797 307 806 932
10
26 618 307 344 843 55 440 876 52 417
1
286
10
741 897 206 19 887 355 407 912 838 968
3
979 959 434
5
591 190 498 708 979
1
908
2
9 570
3
714 878 476
10
782 654 871 278 34 536 896 360 590 475
7
148 523 65 988 987 904 636
6
908 483 428 409 974 539
4
498 167 678 180
6
616 852 454 488 61 655
4
215 690 144 584
7
895 934 923 67 662 429 713
7
370 382 741 470 683 196 357
2
503 257
4
100 347 251 313
10
753 838 366 824 236 637 936 553 882 598
8
108 221 717 418 592 806 821 287
3
840 58 502
1
53
6
717 435 506 892 981 281
9
740 933 121 893 56 146 537 986 60
9
91 799 104 623 929 112 325 838 410
4
136 759 936 140
4
157 46 660 776
7
445 555 993 357 783 761 337
5
606 625 458 343 847
7
962 656 291 229 478 31 165
4
317 591 792 454
3
661 796 834
9
244 28 946 677 149 196 433 743 301
1
865
9
550 643 637 424 494 847 679 552 885
9
431 179 395 45 285 908 156 337 424
10
180 489 183 167 559 316 376 904 677 677
4
971 313 657 564
9
944 517 497 1 719 899 74 638 67
8
92 660 515 191 951 212 102 486
9
782 617 987 266 747 737 850 738 582
9
861 881 625 563 596 613 677 533 882
8
146 269 872 536 461 544 310 857
1
73
6
210 186 165 503 288 934
6
791 249 52 525 791 146
7
649 332 412 986 148 3 260
6
686 748 55 55 616 169
1
32
3
686 34 563
7
986 806 573 419 908 512 862
9
481 335 179 165 576 580 514 926 543
10
102 572 905 112 185 586 181 97 612 310
3
204 842 171
7
501 492 793 800 542 365 167
2
7 118
7
94 925 221 300 862 569 713
9
252 305 27 146 536 593 497 468 585
7
874 387 287 9 811 305 137
8
157 949 108 392 868 98 980 845
7
750 602 510 725 773 68 782
4
744 646 153 736
10
270 874 773 21 148 364 702 65 258 227
3
978 276 192
7
16 144 74 577 617 846 199
8
520 887 210 821 492 722 924 638
7
110 368 962 856 853 992 186
9
527 423 968 671 118 9 796 761 623
5
297 366 988 534 195
1
863
2
744 104
10
428 449 981 254 456 611 386 81 909 519
5
395 911 135 482 814
5
241 557 142 288 582
9
893 684 931 546 221 250 939 151 523
1
353
5
730 327 438 253 189
5
979 998 30 585 615
10
485 463 353 984 634 991 576 275 946 973
6
696 338 750 972 275 807
5
619 63 210 713 602
8
900 709 267 808 931 14 709 581
8
993 660 163 267 178 923 609 178
10
847 725 59 196 493 678 448 640 854 505
8
755 714 733 727 869 148 597 428
5
290 845 675 686 873
6
859 555 807 794 749 660
6
968 683 154 222 623 296
7
373 448 45 239 692 793 372
5
146 465 9 778 228
5
362 454 460 933 954
9
745 245 155 675 771 767 488 65 806
7
120 245 116 448 296 543 754
4
346 566 48 955
8
625 386 757 836 87 439 69 276
4
470 615 263 943
2
255 310
5
9 827 384 152 241
8
104 541 221 632 763 229 374 138
8
563 50 679 145 372 509 455 768
8
281 755 777 589 915 601 889 817
7
908 592 473 814 17 737 269
5
994 405 373 119 530
8
903 971 547 485 985 794 662 877
2
728 349
4
104 157 27 350
8
358 319 107 675 371 664 891 419
5
497 165 117 661 22
10
120 828 385 434 164 690 832 547 110 412
10
794 377 43 37 240 722 191 891 574 929
9
304 616 119 770 146 792 96 529 465
5
950 163 575 80 305
6
27 984 237 922 325 542
9
761 716 407 866 72 552 692 44 979
9
35 375 615 382 170 531 875 441 653
9
311 999 181 925 216 447 837 113 466
2
752 40
9
535 392 552 285 622 184 904 532 279
8
33 923 430 111 648 140 654 717
5
801 744 727 696 663
9
999 703 213 971 638 540 680 797 733
1
211
1
464
9
539 898 787 894 435 787 212 862 60
3
585 341 707
3
999 15 277
8
561 900 275 832 513 29 136 482
5
746 343 727 471 989
9
499 501 403 74 556 18 105 637 349
4
491 55 418 876
6
956 438 133 686 849 324
4
276 856 809 196
6
404 782 847 973 881 940
8
672 388 694 421 358 897 553 829
4
589 26 825 128
8
231 592 375 590 720 715 612 455
7
662 60 609 893 633 610 496
9
932 970 1000 284 474 778 293 996 598
7
188 14 426 778 707 520 131
5
419 980 129 984 294
3
902 675 536
7
999 498 348 194 879 342 982
9
163 433 526 658 383 106 809 350 182
3
695 527 577
10
11 901 488 317 343 960 190 923 630 228
8
643 635 194 799 573 412 221 240
3
309 928 497
8
682 973 937 167 854 880 461 601
