4001 1
3213 1
6336 8
5368 1
3846 1
4113 1
3858 32
5758 1
1023 1
4095 1
2046 1
2062 1
566 16
6304 16
4439 16
2450 32
6357 16
1023 1
3122 1
5605 1
5651 1
1476 32
511 1
5933 1
3604 32
5464 2
5459 1
2728 1
3269 1
1466 4
1759 1
5526 1
5489 1
1023 1
6307 1
1327 128
4322 1
1045 128
3404 8
5332 1
3649 8
4396 1
7128 4
2141 1
5631 4
5781 1
2847 4
5447 8
6781 1
2876 8
6136 4
4689 16
3028 8
2380 16
6004 8
5025 8
4322 1
6901 16
1023 1
1023 1
1023 1
4900 64
1355 64
511 1
7028 1
5796 16
6610 2
2421 8
4481 1
7006 4
1023 1
1840 32
3779 1
6626 4
1023 1
1023 1
512 1
4668 4
1155 256
6206 2
5724 2
4623 1
2896 16
4488 32
511 1
5124 1
3192 1
1023 1
2144 1
2051 1
3683 16
511 1
5054 4
4640 2
1040 256
2881 4
2046 1
3882 1
1218 64
3446 1
2848 32
2686 64
959 64
1367 64
6167 8
1023 1
3701 8
5217 1
3485 256
526 1
3077 4
5633 8
5485 1
1206 1
3865 1
4418 1
3277 1
15 16
3781 1
2187 1
4699 4
6093 16
2370 1
1463 32
4236 1
5379 1
3122 128
2463 8
5969 1
1141 32
2798 16
1478 16
3809 32
2338 16
1404 8
2852 32
3749 16
3841 1
5934 32
2335 1
1379 64
1074 64
1434 16
5311 1
5421 1
1057 256
2099 1
6648 2
6262 2
4711 1
602 1
110 2
4675 16
2134 1
3717 1
63 1
5694 4
1522 8
5637 1
511 1
4847 8
6005 8
2374 32
5906 1
2608 64
1754 8
355 32
255 1
5361 1
5081 4
4643 4
2057 1
5636 32
4372 1
3353 1
3709 1
2226 1
5660 1
4430 16
5566 1
4912 8
3595 1
5851 8
3558 16
4280 8
6407 32
4732 1
1007 16
6079 1
5452 16
3641 1
3474 16
5861 1
5885 1
2206 1
3801 16
3650 1
1023 1
5451 1
3070 1
2046 1
1023 1
6395 2
3929 1
4354 1
4917 1
5670 32
3290 16
2046 1
6600 8
3685 1
7458 2
1315 128
6957 8
2046 1
3846 4
511 1
3877 1
4115 4
3569 4
634 8
5772 1
5185 4
4777 2
4009 8
5369 4
5281 1
5578 8
3751 1
6015 1
1906 8
4564 4
4076 2
4742 8
2690 16
415 64
871 32
6843 1
4624 64
1218 1
3165 4
3313 32
5684 1
1023 1
6304 1
3742 1
5380 1
2773 8
5002 1
1725 8
6067 1
3581 1
2350 1
5946 4
4416 4
2112 1
3201 1
4100 1
3875 1
5902 4
1298 64
4123 1
549 64
4828 8
5120 1
5724 2
7469 8
5993 2
5170 4
6572 1
5867 32
1094 64
4700 1
5917 1
2451 32
1348 64
5452 1
2712 1
792 32
4831 4
2111 1
4156 2
2078 1
3902 1
2046 1
1023 1
3392 8
2046 1
5584 16
1522 8
3525 1
4157 1
2200 16
5285 8
2299 8
1871 64
1196 32
4744 1
5384 1
3142 1
3973 1
2302 1
2480 16
5695 1
5632 2
2170 32
6557 4
5331 4
1023 1
1210 16
5277 1
6405 1
6003 1
534 32
2350 1
704 64
4634 1
4270 4
6064 4
1023 1
5582 1
1482 16
1023 1
5513 1
511 1
6404 16
5659 1
3751 1
4656 1
5587 4
3195 4
3993 8
6091 4
3458 64
5905 4
6507 1
2921 8
3732 8
6441 4
3055 2
1126 32
1860 32
2046 1
4940 1
255 1
4562 1
6150 1
2466 64
3117 1
5237 4
3186 8
5226 4
5164 1
4158 1
1023 1
3790 8
3237 1
1023 1
2263 1
1115 64
5659 1
3418 4
4495 1
611 64
3454 1
3586 32
4724 1
2048 1
127 1
4691 16
2560 1
4991 4
2696 1
4709 32
2680 16
898 32
1558 32
3277 1
1023 1
6607 4
5968 1
4700 4
31 1
6207 1
3824 8
2489 8
2063 1
5451 1
2078 1
6015 16
3969 32
3592 1
5695 1
1023 1024
3709 8
3425 32
3652 1
2054 1
4608 1
1743 64
3349 1
2308 1
1554 64
1023 1
4221 4
2915 16
4288 1
1023 1
2050 1
2054 1
6675 8
5712 1
1023 1
3391 1
4661 4
5112 2
7361 8
3206 1
7040 2
6084 8
3246 1
1370 16
5218 16
2689 1
4222 1
4400 64
1110 32
1375 128
1214 8
2178 1
5099 2
2238 1
5334 8
4912 1
5857 1
