435
5
570 48 306 317 369
5
593 881 302 210 30
10
85 806 31 445 238 216 907 446 801 57
9
134 503 12 380 728 881 346 527 860
5
6 736 978 566 653
7
330 227 815 227 524 567 411
6
477 779 751 298 793 752
9
830 695 879 443 139 433 482 688 461
1
780
7
241 409 167 839 591 827 61
3
66 958 357
3
227 552 335
2
260 204
8
106 841 572 881 540 842 799 947
8
375 178 606 477 778 309 602 536
4
217 869 25 567
10
649 213 204 640 487 182 144 588 697 845
1
660
5
596 975 159 273 309
9
24 291 826 788 863 40 210 272 624
9
198 866 320 96 283 669 437 815 163
2
823 269
1
373
9
622 914 77 667 597 22 523 182 248
6
511 121 775 141 860 168
8
430 276 773 622 162 467 263 775
8
44 176 432 607 639 637 872 766
7
325 480 327 502 471 217 286
5
206 310 385 945 690
4
117 185 421 211
5
249 273 476 246 252
9
693 103 189 617 770 298 617 777 316
7
228 339 431 37 623 236 217
1
535
9
233 866 931 148 123 335 14 328 300
2
240 575
7
94 903 794 685 570 350 61
2
365 644
6
393 849 184 659 15 908
9
824 626 295 284 948 768 147 255 70
4
682 704 718 903
7
576 737 487 994 316 484 167
10
191 422 312 729 82 80 784 77 39 418
3
19 819 947
10
719 785 58 752 967 284 77 220 629 300
9
821 990 726 614 583 907 471 128 341
4
547 443 313 120
8
801 113 651 92 561 750 817 106
9
237 390 472 109 273 92 953 435 166
4
427 25 94 722
10
703 796 733 28 776 739 34 878 491 60
8
821 351 365 676 145 260 245 650
4
271 700 604 553
4
641 17 268 786
8
764 747 661 782 470 640 245 607
8
155 769 577 141 975 599 748 353
7
777 546 457 141 648 250 956
10
184 140 182 287 780 370 156 169 851 258
1
766
1
711
1
878
8
532 175 610 90 785 208 379 569
2
162 529
1
305
9
752 614 692 828 668 590 229 595 255
10
535 967 769 463 214 479 791 473 137 648
10
108 77 610 259 401 131 199 307 546 988
4
969 652 426 168
5
919 968 820 727 943
10
430 495 658 354 474 860 305 303 67 970
1
887
2
921 855
5
919 713 865 475 755
10
280 676 332 972 336 857 472 954 172 393
1
974
1
835
3
172 240 77
6
765 653 749 665 431 885
2
808 83
10
243 986 902 968 972 267 491 11 357 769
8
902 813 440 913 378 520 916 442
7
352 739 899 833 177 796 665
4
297 546 36 445
8
804 144 630 879 690 408 72 69
1
322
7
900 629 980 875 696 534 323
5
727 279 778 785 179
1
815
3
547 826 439
3
459 553 403
6
764 966 152 887 462 384
1
449
8
601 504 361 305 860 498 645 236
6
48 887 293 820 784 874
2
898 108
4
973 902 829 77
3
143 434 873
5
219 927 135 75 106
2
244 968
5
729 89 533 974 123
4
859 1000 271 686
4
477 80 755 286
2
356 347
2
973 362
10
810 78 458 111 859 617 790 412 67 45
1
650
6
333 138 984 784 556 698
7
629 757 949 922 507 638 815
6
349 292 618 634 35 789
3
207 136 103
4
783 404 265 85
10
471 104 770 588 861 123 650 821 317 92
9
395 850 601 912 525 80 308 15 84
3
68 260 259
5
85 300 720 181 112
7
355 390 330 835 928 673 519
5
399 922 668 272 19
2
6 9
5
416 760 35 403 152
3
144 754 384
8
218 312 294 811 629 854 821 230
10
144 26 653 342 588 903 885 539 626 491
3
736 75 625
2
253 698
7
408 108 776 843 383 744 567
9
857 157 929 2 793 110 572 343 362
6
287 467 753 541 767 307
4
126 693 373 743
9
991 240 75 227 81 867 576 113 521
2
722 347
4
342 957 837 326
2
962 506
6
271 258 55 558 529 666
4
494 748 712 344
2
288 930
4
812 647 614 203
6
40 954 470 206 820 231
5
366 415 274 301 740
10
848 723 504 415 309 63 644 697 759 968
3
234 560 252
2
239 628
2
399 579
2
120 540
8
329 159 960 649 793 471 450 232
9
471 913 562 235 52 581 568 189 872
2
445 608
3
332 654 70
10
886 502 714 813 576 403 170 928 615 991
10
62 222 441 209 960 376 972 951 806 233
7
423 927 835 682 335 791 406
3
45 14 175
2
55 39
8
845 169 376 804 338 289 599 731
3
354 709 353
5
134 281 779 317 186
1
50
10
130 847 403 563 514 408 592 147 823 187
2
430 930
9
494 405 973 685 571 911 503 556 299
1
270
8
900 18 870 97 613 160 172 635
10
231 274 927 690 721 946 597 527 370 42
4
547 471 841 507
9
965 683 622 387 370 785 462 931 633
4
610 950 327 689
6
186 166 324 343 142 431
2
60 167
1
142
9
598 423 505 585 361 163 800 583 891
8
702 879 137 880 880 425 433 721
8
357 546 824 766 130 301 392 865
3
694 610 258
10
665 512 238 779 335 820 245 796 311 423
7
986 440 164 293 731 255 989
5
619 131 80 420 578
5
635 772 891 361 662
3
790 342 541
9
616 443 750 243 2 938 206 622 497
6
554 21 331 248 70 612
7
519 866 916 864 822 42 996
8
465 307 735 747 401 744 151 306
5
364 563 321 816 785
10
421 352 302 15 588 584 645 757 283 456
6
731 764 132 551 441 299
6
272 384 176 246 819 25
10
992 403 203 712 964 638 629 309 704 829
7
222 42 682 697 405 583 197
2
436 443
9
278 348 436 570 874 311 823 141 825
10
633 697 783 208 94 288 300 669 133 999
5
642 870 746 870 308
6
848 501 374 221 734 730
9
786 988 306 160 920 564 556 857 89
9
745 436 526 67 76 576 81 960 559
3
842 519 280
6
494 976 649 2 69 403
5
689 843 543 673 264
1
536
9
948 117 737 747 388 106 826 46 581
4
862 180 612 624
3
985 870 53
1
601
10
544 905 651 809 308 84 146 52 820 636
5
119 179 278 642 186
7
823 838 295 394 214 634 907
7
358 127 645 71 553 174 437
10
564 340 766 219 179 836 808 449 527 896
6
196 650 369 829 645 417
3
402 526 761
10
83 862 9 768 434 906 941 914 522 759
5
331 734 880 733 526
10
360 904 291 418 166 309 370 136 194 968
2
4 735
10
395 215 776 398 204 251 911 497 336 734
3
603 296 197
6
287 63 732 429 131 988
1
397
5
976 915 269 566 960
6
201 325 205 307 854 783
6
820 844 636 54 226 197
2
479 91
9
360 422 646 954 187 596 448 386 82
8
955 457 144 271 821 467 666 52
8
617 86 604 292 188 703 312 813
6
499 5 809 650 467 475
8
221 712 838 778 644 999 115 948
7
526 806 139 985 610 866 814
10
945 402 938 711 122 464 772 236 809 21
5
712 870 517 773 97
9
982 898 767 489 381 394 108 262 149
4
334 313 371 368
6
442 65 66 88 153 776
6
9 470 113 826 487 867
6
339 810 558 567 516 670
4
89 460 142 879
2
229 186
2
355 500
9
66 455 135 222 364 630 298 454 350
8
223 732 565 522 148 930 489 503
3
434 137 185
4
528 669 583 213
6
469 812 142 652 711 335
9
582 81 58 455 751 62 106 676 934
1
561
9
522 787 822 702 905 78 659 590 416
5
347 637 918 635 789
9
767 502 71 632 421 79 975 913 500
4
938 191 600 906
7
363 414 39 253 514 92 607
2
746 939
9
866 171 308 904 419 860 768 360 372
5
195 216 574 570 69
3
705 78 644
10
20 383 245 592 597 889 707 134 694 353
6
600 611 593 254 854 158
3
542 291 655
5
557 866 795 64 185
7
244 201 855 90 550 929 914
5
960 329 247 200 208
10
279 31 385 638 582 993 493 732 349 8
2
904 356
5
308 447 511 270 987
2
277 204
6
632 630 999 579 979 985
7
845 465 204 378 156 469 897
8
981 666 622 126 744 66 115 600
10
151 5 408 195 529 14 287 21 941 230
8
56 152 2 685 758 54 503 437
8
815 533 772 522 205 169 84 946
9
368 581 97 589 646 641 887 940 525
10
462 466 547 773 570 976 766 345 357 285
2
658 298
7
918 917 985 15 51 636 952
9
308 742 338 943 560 211 215 227 29
4
322 758 245 580
2
673 27
9
832 825 440 960 53 3 395 841 697
3
772 865 580
2
290 452
8
360 682 951 850 91 955 254 678
3
998 578 380
6
565 52 641 584 838 334
3
420 561 238
5
755 1 188 47 261
3
364 144 807
1
761
6
119 713 999 624 419 454
3
718 993 24
10
482 594 437 760 991 308 461 668 313 560
2
434 958
5
171 841 792 812 278
7
901 14 415 627 42 945 69
6
446 422 286 488 452 68
8
210 915 184 126 727 813 103 159
4
978 733 100 406
2
868 971
2
627 289
7
640 580 368 895 658 544 332
7
991 839 740 598 606 805 364
5
68 893 861 693 489
5
618 593 786 617 186
3
412 931 870
4
608 649 210 401
9
837 197 332 853 32 899 701 575 711
8
590 507 495 2 256 474 411 737
4
502 76 583 897
10
479 35 843 204 342 208 635 557 589 201
8
46 140 554 284 71 862 85 855
1
950
2
809 109
9
715 169 94 653 903 901 781 79 324
9
354 169 616 945 666 718 765 528 833
9
462 719 792 348 542 773 921 234 793
2
34 458
3
905 398 326
2
306 12
7
427 564 848 472 100 148 336
6
267 766 734 542 699 236
10
440 265 913 80 475 505 853 99 605 641
1
685
9
122 732 478 209 972 968 110 32 622
2
896 436
1
714
9
487 747 592 465 884 121 129 578 188
1
390
10
784 665 639 203 97 236 900 880 991 993
9
80 819 146 381 303 796 662 941 314
5
84 427 662 471 386
7
659 879 648 376 628 763 305
8
492 407 360 213 263 537 502 761
4
177 689 126 3
6
486 721 340 707 265 266
10
771 561 567 333 109 23 139 739 899 14
6
253 975 629 30 320 739
8
872 239 883 36 585 669 565 736
9
690 221 59 301 248 496 415 766 431
4
192 59 15 927
6
767 889 902 502 612 58
10
756 442 594 670 274 555 955 727 888 432
4
736 73 156 472
2
357 765
2
924 806
3
354 661 541
6
650 700 735 559 40 942
1
207
7
298 185 37 1 653 661 813
10
259 67 161 91 273 219 873 702 806 643
4
124 84 899 527
5
373 732 862 400 651
8
13 94 488 882 817 804 71 482
4
197 729 577 559
8
23 839 608 265 513 416 695 627
7
736 748 50 685 118 523 777
7
507 565 26 816 361 645 140
1
661
6
560 65 482 929 806 594
5
324 819 111 180 611
1
716
3
67 103 869
2
744 331
9
463 197 569 357 734 728 547 910 784
4
129 532 15 6
5
782 899 963 539 780
2
199 348
5
528 530 300 294 525
4
979 748 860 999
7
368 691 482 571 658 557 921
3
709 560 429
1
84
8
626 879 848 132 955 400 557 152
3
531 999 730
8
959 694 754 290 862 786 145 347
3
788 832 549
8
918 250 201 149 964 722 780 3
4
909 151 281 123
2
257 381
2
924 628
5
60 376 811 157 527
1
614
10
518 811 886 846 160 595 165 598 810 366
9
58 473 529 551 653 51 874 21 122
8
489 501 554 39 977 161 683 724
1
21
9
489 324 130 605 476 929 258 460 809
6
509 399 784 963 168 773
4
748 114 718 363
3
461 707 803
9
57 285 666 236 259 787 537 598 900
3
631 632 424
10
993 714 256 141 261 750 341 615 378 414
6
28 531 910 804 184 736
5
388 840 54 84 241
9
543 821 435 270 459 467 95 773 960
2
925 98
6
971 449 522 311 770 438
6
788 31 354 894 648 2
5
677 124 675 773 797
3
830 232 975
6
994 762 643 535 363 743
2
810 517
5
624 514 609 390 175
3
27 611 762
2
861 689
1
578
6
288 196 761 601 156 91
4
761 13 86 455
7
379 559 501 333 715 598 307
1
901
3
169 466 570
3
289 966 145
10
494 243 585 304 600 837 465 348 214 393
9
27 35 402 425 240 794 365 747 905
1
536
5
108 271 666 663 50
6
250 476 128 161 110 928
8
995 922 420 250 634 986 49 836
10
670 600 795 543 800 646 424 857 752 942
5
126 992 751 376 824
10
339 32 24 236 119 564 883 178 394 517
10
900 989 162 925 627 214 857 620 19 179
5
19 990 256 566 344
2
534 178
8
133 554 249 115 896 94 542 387
3
545 541 841
7
884 449 251 950 716 73 368
8
776 196 605 750 310 353 11 791
2
470 638
2
505 870
2
692 500
3
42 856 545
8
202 102 557 547 559 779 269 164
3
685 146 392
8
552 606 291 244 644 306 151 88
7
589 609 874 52 873 291 658
9
460 227 450 76 843 569 906 450 87
