5967 16
7050 4
1093 128
5571 1
3377 1
4308 32
2925 4
5572 2
4353 1
6360 4
4367 1
4971 8
5582 1
4259 1
319 128
2319 128
2179 1
4937 4
1023 1
6233 1
2608 1
2143 1
6514 16
5551 1
3102 1
2300 8
1518 4
5131 1
2206 1
4722 16
1162 1
2304 1
1622 16
2181 32
2182 1
3725 128
1023 1
6061 16
3328 1
5995 4
4938 1
7455 2
6121 4
6946 8
3746 2
5952 4
4666 1
1357 32
5620 16
4706 8
3634 1
4982 8
4534 1
4616 1
3168 32
2439 16
3816 8
2895 32
8175 1
1056 1
511 1
2183 1
4181 1
4134 128
1023 1
31 1
3268 1
4562 1
3325 1
1200 32
4472 8
3965 1
2252 1
3983 8
1023 1
5384 2
1659 16
5833 4
2790 16
3007 4
2871 8
6117 4
3085 1
3981 8
2054 1
1128 64
1739 1
1546 64
1023 1
3267 1
1300 64
3331 1
5932 1
587 64
1023 1
1181 32
255 1
207 32
4399 1
4365 1
3109 2
1023 1
4696 1
6622 1
1310 16
2190 1
1376 64
706 32
4188 1
511 1
3482 1
5212 8
2931 8
5565 1
3556 8
5199 1
5659 1
5707 4
3986 1
5329 16
5261 1
4432 1
4119 4
5131 1
5246 1
5949 4
3811 1
2210 1
2739 16
1326 16
5380 4
5994 8
1281 256
511 1
2995 8
4738 1
6130 1
3592 1
3587 8
1651 32
4384 2
3976 16
2051 1
6272 1
1728 64
5913 8
1814 16
3939 1
2048 1
5432 8
1623 64
6021 1
3110 1
2348 1
5405 8
255 1
5740 8
5582 4
1141 32
5149 1
5777 1
4559 16
1018 2
4470 16
5488 1
5868 16
4735 1
4135 4
2190 1
1336 1
1370 16
2955 16
3885 16
3380 16
4639 4
1023 1
3260 4
1422 1
1735 1
2449 1
2885 4
255 1
6073 4
5435 1
5177 8
5325 1
255 1
3489 16
1174 32
1030 1
5705 1
724 16
5927 8
6973 1
1936 32
2497 1
4310 8
6452 8
2102 1
3834 4
1552 128
2182 1
5995 1
2046 1
5028 64
3520 4
3709 1
619 32
5780 4
2716 16
3918 1
5733 1
1023 1
6248 16
255 1
1449 32
1673 1
511 1
6526 1
3708 4
1240 32
1782 4
4908 1
1253 32
3981 2
3630 1
2512 1
5336 16
6003 4
1171 128
6046 2
5117 1
5344 1
1468 4
1646 8
5683 1
3842 1
1080 64
758 4
1161 128
5792 1
2514 16
734 4
6768 4
1310 1
5735 1
6387 2
3718 1
6232 1
2960 16
5837 8
6205 1
5164 1
3953 16
2069 1
5652 32
4350 1
5783 1
1598 8
2078 1
511 1
3645 1
6266 4
4330 8
1246 1
5684 16
6002 4
2939 4
7174 1
5652 1
2354 64
2081 1
3453 2
5417 1
511 1
3309 1
3019 8
3329 1
4612 1
4421 16
2272 1
4637 2
6528 2
3698 1
3902 32
4543 1
4572 8
4332 1
6036 8
4599 4
4740 1
2062 1
6511 8
6439 2
4692 1
5522 1
2048 1
2414 1
6018 4
5483 4
3679 1
5179 4
4847 8
2047 1
2078 1
175 32
3134 1
6102 4
1151 512
4387 2
6680 4
1053 16
1475 64
2079 1
1395 32
2477 8
5699 1
3204 16
942 4
3197 1
3086 32
1023 1024
4480 1
5408 1
6921 1
7303 16
822 8
4156 1
844 16
2046 1
1468 8
4046 16
5012 1
2047 1
3706 8
1772 8
6307 16
5331 1
3361 1
583 128
1023 1
2174 1
5641 1
5995 1
1857 64
5963 16
1238 1
3725 16
5636 1
2446 1
4677 8
3798 16
2336 1
3402 32
4383 4
3261 1
5282 1
4438 1
1595 32
2070 1
5602 1
3528 1
5785 1
3078 4
5317 1
2688 8
3397 1
1076 64
3184 16
6624 2
1338 16
3581 1
5703 1
1214 1
5157 8
1023 1
15 1
5188 1
4927 16
3891 1
4242 1
4876 2
3367 1
3297 1
2062 1
3921 1
6279 32
3873 1
1023 1
4706 32
6821 16
1665 128
3881 1
3038 1
2046 1
4608 16
4461 8
5075 4
2381 16
6083 2
5660 1
3123 1
2710 1
3510 16
3131 2
1027 512
1035 1
2232 32
3457 1
1023 1
653 32
5283 4
1023 1
4385 1
5909 16
1236 32
5777 1
1491 32
5251 1
1023 1
5998 16
6301 1
4591 4
6199 8
5913 4
1366 16
4110 1
5183 8
5566 8
3213 1
1023 1
255 1
1590 16
2280 1
5746 4
3217 1
5898 1
2055 1
2775 16
4616 8
6009 4
1023 1
4172 1
5421 16
2240 1
2098 1
6347 4
3615 1
3058 4
2046 1
4807 2
4355 8
1027 1
511 1
618 16
6259 1
5175 4
2051 1
1888 4
4475 4
4415 1
1582 16
2740 8
5049 4
5247 1
3048 8
1023 1
5646 1
31 1
3721 1
6788 8
5704 1
3093 1
6362 2
