474
10
539 405 201 750 308 411 873 771 701 876
10
458 888 929 142 949 462 281 63 407 167
2
772 189
9
795 107 835 602 343 50 98 780 748
5
751 476 993 878 229
8
667 147 860 116 272 717 449 936
4
287 726 236 74
8
441 161 419 656 417 489 913 720
7
227 10 897 568 243 861 679
10
254 711 875 980 400 187 692 456 403 352
7
337 684 839 833 565 306 33
8
696 854 37 699 45 745 158 69
9
30 608 473 308 577 507 893 399 849
7
479 761 917 437 857 236 534
2
187 4
4
365 778 702 472
3
950 156 974
8
874 276 369 894 79 251 797 629
1
729
9
249 23 401 800 335 9 467 211 916
3
584 837 640
3
869 127 761
10
90 112 668 491 212 949 240 408 941 341
9
791 814 21 921 109 980 345 222 866
5
234 551 496 860 314
4
963 132 794 163
2
433 929
9
387 160 476 635 59 846 548 901 107
3
862 80 9
8
217 677 710 803 611 887 388 333
3
165 470 405
3
209 608 12
2
688 792
4
862 207 530 452
3
460 923 172
6
122 943 721 197 782 928
1
723
10
585 927 527 676 587 66 388 868 169 400
5
148 591 697 353 565
10
53 161 756 775 681 446 671 73 673 278
7
113 217 335 977 299 506 813
10
404 208 95 218 305 192 659 656 360 30
10
119 558 739 812 531 978 631 289 139 413
10
180 105 420 193 189 792 182 9 639 897
6
269 849 617 328 475 512
8
670 102 629 263 753 578 758 871
7
409 781 110 525 11 68 628
2
365 988
8
88 923 88 449 262 941 154 459
6
667 89 824 871 865 870
5
870 783 961 727 13
8
465 517 803 283 697 569 910 18
7
674 789 295 553 888 292 4
7
709 770 121 938 577 754 308
4
780 406 291 475
4
31 661 208 819
6
714 559 760 99 303 37
4
467 909 158 209
10
322 205 341 509 80 433 223 913 433 456
3
95 347 134
1
320
3
704 948 390
7
69 938 432 534 340 185 662
8
780 550 370 526 453 235 444 708
1
706
1
19
5
961 739 137 504 125
7
77 140 593 733 508 836 732
5
993 211 348 204 746
4
59 221 405 451
6
40 58 925 252 9 494
5
746 663 289 721 764
3
849 353 592
6
64 280 172 813 638 212
1
812
8
872 437 618 924 954 895 478 202
2
848 723
10
301 207 228 865 62 754 961 238 904 733
4
388 996 695 519
4
329 882 643 769
4
824 808 274 435
10
495 235 106 867 210 624 891 953 658 542
5
235 569 286 973 888
6
680 71 339 407 747 177
3
24 927 620
2
802 180
5
94 507 304 123 58
2
752 772
1
546
5
181 764 654 261 936
2
104 642
5
998 180 711 867 230
9
581 29 44 354 17 387 11 934 927
2
49 386
1
635
2
176 977
1
248
2
75 100
7
657 270 518 63 655 829 335
7
661 222 516 233 105 989 301
4
51 821 273 384
1
759
7
560 591 816 405 688 917 332
9
2 161 277 918 444 313 477 317 659
2
351 959
3
440 691 476
2
800 446
2
116 328
7
850 136 925 37 178 334 645
1
499
5
534 337 342 942 884
8
701 633 200 681 605 835 105 400
4
9 749 257 148
9
175 263 522 778 715 141 573 720 446
6
110 362 887 582 774 23
9
334 745 721 283 205 856 804 125 444
9
844 584 323 962 869 239 616 372 115
10
456 569 448 962 494 336 123 960 681 518
5
654 122 910 679 738
8
32 953 694 926 550 226 864 790
9
871 716 538 396 115 288 297 589 148
7
117 878 869 499 926 347 148
6
941 112 519 817 418 876
9
67 342 244 595 399 919 800 943 686
9
66 936 164 82 152 266 876 631 884
10
782 114 909 145 845 198 670 262 861 555
5
516 573 812 637 434
3
366 549 628
4
307 465 192 647
2
266 986
8
58 158 979 213 42 907 181 594
10
805 727 259 252 685 771 857 75 406 949
2
962 319
1
397
4
188 961 352 428
7
988 200 182 882 686 949 846
9
699 36 474 564 81 40 594 552 693
5
898 885 352 472 388
6
828 272 889 723 191 288
2
581 974
6
967 76 250 629 639 543
6
21 427 600 434 645 37
3
118 724 940
9
930 654 264 918 269 950 421 446 793
2
800 542
10
706 971 378 256 41 944 955 428 353 693
2
548 716
5
100 959 390 447 314
3
838 235 22
8
432 147 126 941 238 896 106 462
2
534 945
9
40 96 826 496 529 34 789 201 223
5
374 661 268 642 850
3
517 84 709
8
48 848 263 199 185 360 44 832
1
179
10
398 226 279 614 947 476 533 820 295 990
8
861 945 787 209 933 753 563 471
2
584 449
9
250 284 917 226 611 346 811 539 984
9
622 39 97 495 737 593 651 249 434
6
648 827 662 377 750 655
2
402 406
8
517 240 369 798 807 639 94 494
9
461 703 865 345 314 450 747 493 570
10
492 139 981 754 194 416 862 633 788 543
7
1000 581 23 688 450 836 832
6
161 917 368 417 201 967
3
204 941 450
3
493 297 428
2
928 260
4
55 802 406 394
6
217 643 521 992 27 881
6
962 638 834 153 296 391
8
645 328 231 761 456 945 882 323
1
995
4
309 309 433 905
3
504 415 439
5
461 37 8 330 72
3
737 717 173
4
71 490 326 588
1
228
10
160 62 890 565 803 212 716 972 432 721
9
231 212 575 517 321 200 786 922 156
8
328 570 539 142 366 11 885 222
9
233 540 495 787 214 442 249 751 846
1
167
6
473 284 539 846 712 499
2
809 65
3
82 293 208
9
608 457 429 952 112 74 885 460 157
2
266 32
10
846 192 952 300 353 821 844 576 478 229
9
524 868 845 633 751 362 872 329 775
2
699 725
3
938 422 402
6
270 229 55 135 442 971
10
437 387 938 509 876 291 695 37 896 954
3
550 352 741
6
116 918 568 774 728 256
2
858 692
3
426 206 729
9
470 851 513 25 659 737 30 719 963
3
743 387 280
8
282 906 442 945 313 613 357 898
6
63 178 280 995 883 833
5
777 951 606 633 32
2
419 48
8
52 107 622 49 671 171 538 362
4
688 100 971 897
5
790 805 857 319 305
7
68 234 37 435 32 110 742
1
813
10
700 802 89 762 890 166 105 749 295 656
1
185
2
197 656
5
477 45 505 462 166
1
465
9
260 291 604 371 808 108 890 260 413
6
551 390 672 844 117 952
2
982 240
2
674 938
7
935 760 489 837 997 474 366
2
831 38
6
8 388 370 741 866 488
5
795 785 15 760 983
3
33 8 548
10
786 342 796 636 514 141 511 524 208 484
10
280 500 294 654 9 865 588 920 834 307
2
500 671
10
848 149 479 693 901 219 760 329 756 820
7
261 146 46 619 25 549 401
8
148 733 918 402 130 871 654 572
4
42 226 246 390
2
874 762
9
113 331 642 394 986 140 49 40 967
5
191 221 171 868 23
2
161 871
2
31 279
2
609 276
9
275 656 621 423 701 13 386 286 341
4
395 631 93 627
2
38 262
10
657 747 22 398 398 271 700 116 440 9
3
422 377 429
9
916 977 639 46 935 110 827 523 426
8
803 613 301 791 930 700 889 556
5
711 437 163 450 89
9
107 87 382 787 501 574 353 853 388
4
725 583 174 950
8
578 330 518 344 629 558 973 721
9
908 696 802 591 783 237 267 726 987
7
176 7 580 979 97 80 143
6
139 860 552 299 532 859
3
496 632 16
10
814 120 217 450 850 49 289 529 750 542
7
931 6 727 613 299 732 186
9
867 210 203 576 357 250 683 90 551
2
832 640
3
261 651 858
1
465
5
255 106 725 524 195
10
835 814 840 429 679 617 218 472 629 689
6
418 325 229 307 156 703
3
346 74 341
8
89 576 542 95 449 192 735 254
10
865 11 558 8 64 981 961 89 358 591
4
761 371 866 917
10
947 837 162 745 629 540 626 216 833 819
7
871 817 858 552 603 412 862
4
409 844 525 504
3
573 937 241
4
574 680 523 994
9
317 188 830 35 480 397 540 811 596
1
432
5
682 487 509 578 737
4
709 17 430 183
5
811 448 440 659 895
7
582 662 217 628 899 368 815
8
509 572 955 151 997 490 653 94
3
378 118 871
6
900 422 915 295 323 454
10
285 901 348 354 498 758 108 850 918 398
5
440 138 301 634 296
6
257 898 107 605 165 206
7
403 559 450 436 910 382 688
8
258 515 400 623 935 86 367 956
7
22 725 387 856 121 335 624
10
995 721 24 309 248 419 940 687 715 802
8
303 758 464 537 191 435 710 545
7
646 519 936 54 895 415 563
3
514 584 493
8
752 892 991 849 920 902 613 522
10
3 36 945 785 750 884 933 481 847 307
7
291 729 271 202 25 472 904
9
447 321 672 699 395 926 163 587 644
3
754 15 291
3
833 454 975
10
907 25 17 243 962 989 939 389 427 872
8
16 986 916 963 825 613 384 558
5
519 812 649 484 904
8
571 876 14 611 411 189 623 860
8
578 623 184 406 925 887 697 419
3
962 580 56
3
946 421 105
2
39 104
5
942 446 112 621 994
10
461 725 139 941 882 286 422 882 15 165
2
853 42
6
324 772 888 337 979 659
10
769 975 579 145 518 902 531 469 12 708
4
72 225 431 281
2
224 731
3
441 995 573
2
138 513
4
803 469 875 50
9
418 245 95 559 20 409 716 550 676
6
274 373 744 669 528 410
2
390 470
5
277 289 778 762 614
4
689 679 134 784
2
320 703
7
304 198 959 678 459 463 858
9
902 558 229 148 942 892 50 229 935
9
951 74 952 850 838 660 790 822 283
10
849 434 458 250 751 256 88 483 439 207
2
399 327
7
730 135 304 942 312 663 97
2
265 443
3
13 644 506
2
686 236
6
374 233 746 985 630 564
7
694 477 543 824 528 107 591
3
948 586 346
6
500 17 901 239 862 83
2
896 658
10
971 51 996 411 315 500 243 149 31 584
9
15 903 827 465 177 125 921 739 187
5
76 863 559 42 300
2
184 271
1
596
3
620 265 790
9
428 64 88 685 362 336 964 570 413
8
88 767 143 353 640 201 77 450
2
951 778
8
604 75 309 87 421 493 241 141
3
355 100 66
6
695 716 112 14 658 486
9
641 892 643 482 706 286 828 564 119
3
945 470 472
8
495 347 118 557 807 471 156 702
6
524 612 976 439 542 319
3
353 308 957
4
798 585 923 960
6
982 594 982 624 474 635
5
388 650 759 421 537
7
240 790 46 210 6 119 530
7
49 797 455 445 944 963 531
2
728 795
3
778 687 233
7
836 378 299 195 224 367 266
5
69 834 225 709 73
9
817 511 730 727 249 177 230 66 962
4
236 244 570 484
7
130 344 68 302 365 142 585
4
237 828 477 118
5
811 343 530 43 562
2
665 339
4
631 184 90 231
10
70 949 157 695 956 679 599 114 583 254
2
171 623
5
909 915 182 928 312
9
308 935 298 209 507 97 768 919 920
3
396 179 384
8
635 926 70 688 462 333 324 373
1
679
1
12
7
621 69 249 455 274 160 370
8
952 664 767 297 247 501 2 469
5
992 549 609 56 715
5
656 813 978 690 728
8
170 443 639 875 355 969 859 262
5
366 698 440 828 320
5
689 817 514 84 307
3
643 524 485
5
564 990 793 901 319
10
966 937 403 106 477 265 672 700 375 346
5
174 654 531 157 132
1
734
8
882 274 396 912 10 900 750 382
10
459 95 384 212 744 304 278 420 124 653
2
849 556
5
38 231 644 33 335
3
678 697 673
3
698 539 485
8
681 132 475 308 965 394 559 838
8
169 813 377 349 580 612 675 302
8
227 189 482 38 534 513 889 371
4
562 463 162 528
10
73 581 329 248 274 921 675 993 453 372
9
147 72 364 190 948 239 930 351 608
5
39 996 133 812 889
7
186 170 404 415 85 187 139
6
222 629 538 236 505 866
4
770 274 62 407
2
919 108
3
89 315 425
4
285 693 755 483
5
529 154 118 17 923
1
980
2
286 111
8
317 696 362 479 333 495 982 595
1
742
7
570 290 560 629 908 298 129
10
776 868 388 890 546 66 311 24 762 718
2
336 634
9
586 935 52 957 429 977 725 671 83
2
971 480
9
518 725 468 843 669 206 494 857 52
1
522
10
122 739 585 281 150 708 700 421 123 629
9
355 109 208 777 162 812 24 303 452
8
917 892 23 972 258 502 721 156
10
529 607 933 276 418 522 406 903 934 63
10
811 40 815 626 498 331 270 907 549 90
4
193 280 269 448
7
395 838 746 519 258 565 504
8
81 599 374 731 694 686 788 188
8
472 442 526 582 815 712 549 600
5
363 165 200 663 970
1
711
1
156
6
174 403 110 336 327 142
3
378 127 623
10
302 81 773 776 567 892 151 732 56 194
5
157 805 184 308 913
9
116 396 49 5 534 854 888 102 457
3
657 935 99
4
955 748 549 491
6
114 346 101 455 865 415
10
678 475 246 102 989 584 452 292 896 155
1
556
7
325 952 490 994 735 71 41
10
345 645 287 66 75 779 661 816 507 648
3
308 809 516
3
721 403 90
10
717 181 650 569 903 483 953 132 27 824
5
844 674 487 779 686
4
307 271 743 297
3
536 237 439
6
507 394 887 381 159 431
6
751 619 876 574 827 420
3
301 87 485
1
288
2
472 76
9
159 627 608 81 86 550 912 842 861
6
600 630 599 647 107 720
3
431 709 861
6
411 496 448 147 15 211
8
798 385 869 352 238 406 527 658
7
691 779 166 168 938 68 934
2
731 779
4
985 736 456 455
8
234 132 533 265 943 827 611 696
9
868 165 560 878 99 247 934 487 152
4
659 140 810 735
1
547
9
29 909 922 69 962 500 131 897 301
1
30
5
594 859 346 323 770
10
369 295 720 772 213 35 724 186 70 218
9
775 419 26 638 255 373 250 937 431
5
454 524 941 45 502
10
518 501 311 207 941 600 603 655 146 728
