3229 8
3341 8
2534 16
5116 1
511 1
4124 1
4279 16
1475 64
5157 1
4751 1
5088 1
5518 32
5408 1
1023 1
1057 1
2485 8
5562 4
2860 16
1076 64
2580 64
5714 8
1607 128
2553 4
3492 16
1633 1
7411 8
3149 1
5913 2
4255 1
4646 1
2082 1
2632 1
1591 64
4203 8
5899 1
3239 64
2871 16
6004 16
6134 2
2229 16
2192 1
1023 1
3865 16
2398 8
5378 1
255 1
3954 8
4764 1
6156 1
5030 8
2262 64
868 16
2406 1
1023 1
5559 1
5554 8
4871 32
5415 1
1023 1
127 1
511 1
6544 16
5793 16
2462 1
5047 2
2830 1
5832 16
6294 8
7333 2
3903 1
4743 32
1022 1
3783 1
3906 1
2086 1
6335 8
3598 1
6447 1
2342 64
5814 1
2195 32
3542 16
1023 1
1673 64
4165 1
3298 16
300 16
5318 1
152 16
5635 1
5186 16
5892 1
3441 32
1023 1
664 32
2722 64
5639 1
2126 1
1495 32
2505 16
3087 32
5465 1
5268 1
3305 16
2659 32
5131 1
5789 16
511 1
4294 32
4860 1
5636 2
6677 8
7508 4
1113 64
1893 16
6848 8
2111 1
5645 1
2531 16
5289 8
5369 8
6335 1
511 1
4566 8
2795 8
5048 8
3685 1
4630 8
1798 32
2779 8
4464 8
1023 1
2306 1
1023 1
2302 1
5710 4
3126 1
6471 1
1671 128
511 1
2441 1
2390 64
3047 8
2625 1
6089 1
2128 1
3974 16
3443 16
1023 1
2674 32
3199 1
5995 32
1023 1
1343 256
5244 1
511 1
2151 1
2385 16
4014 1
4817 4
5165 8
2632 64
4129 1
3746 32
3647 1
715 32
2910 4
3072 1
2306 1
4480 1
1023 1
511 1
2497 8
4093 1
5634 1
3923 8
2238 1
2567 8
7 1
5013 16
643 128
3077 2
1023 1
3601 1
5859 1
3603 1
5969 16
127 1
2186 1
3950 1
4794 8
2903 16
3556 1
6420 1
6415 1
159 64
4534 1
4903 8
1023 1
4918 16
5462 8
1023 1
4417 1
511 1
2267 16
1787 8
1023 1
2046 1
3218 64
5100 2
5774 32
1058 1
5529 4
1030 1
255 1
4404 16
2078 1
4609 1
2592 1
3663 64
3605 1
4196 1
5883 1
3959 8
6637 4
2242 1
4965 8
6190 2
5837 8
4913 16
546 1
3038 2
4831 32
2310 1
4131 32
4161 1
1023 1
5254 1
3200 1
5959 1
5563 4
3856 1
4170 64
2821 2
255 1
4249 4
1314 64
2813 2
3405 1
6631 8
3013 8
1143 64
2641 16
2105 1
4252 1
5273 2
511 1
4770 32
6563 4
5252 1
2112 1
1582 16
1 1
4109 64
5265 32
1444 32
1023 1
607 128
5492 2
5915 1
1560 64
1162 64
4616 1
3142 1
6535 1
715 32
2861 2
2749 4
5342 1
2837 16
6000 8
5255 1
1944 16
2064 1
4101 1
8279 2
2153 1
1622 16
3478 16
3165 1
5872 8
3955 8
5700 4
901 32
4853 8
1802 32
3697 8
2114 1
2241 1
4302 4
1348 64
5000 16
2314 1
2048 1
6882 8
5349 32
2136 1
5508 1
255 1
5463 8
7315 8
4199 1
5725 32
4412 1
3724 1
5761 1
4229 1
3327 16
255 1
6487 2
5342 8
2050 1
4197 4
6423 1
4892 1
890 4
2768 32
4780 2
1023 1
5691 1
4390 1
2349 8
4205 1
768 128
3522 16
1023 1
4544 2
6012 2
2055 1
4314 1
5544 1
4364 2
3327 1
4040 8
5733 2
1789 1
5218 2
1497 4
6634 4
4926 8
5770 8
4570 8
5504 32
3464 1
2095 1
511 1
5310 32
3455 8
5155 2
4307 16
1023 1
2176 1
6070 8
5671 1
5526 1
1023 1
7026 2
3173 1
1569 128
3172 8
3585 1
5863 8
6702 2
2814 1
3304 16
5401 1
1023 1
2848 64
3157 16
1069 64
3648 4
1471 128
1342 8
5509 64
3267 16
511 1
6031 8
4279 16
1336 32
6184 2
645 64
5616 4
3205 1
5556 32
1258 16
6392 4
4630 1
5757 1
4277 1
2394 16
1023 1
5795 1
3234 1
2435 1
6419 2
3714 1
4041 16
5663 4
5209 32
5309 16
2434 1
2989 4
4409 16
255 1
511 1
3794 1
2384 1
2178 1
5496 16
2667 16
3527 32
4950 1
3978 16
2116 1
3090 1
5406 8
2766 1
2525 16
173 8
1082 32
4176 1
6275 2
1519 32
5846 8
6776 2
1949 8
2005 16
4142 16
1048 1
7013 8
5821 1
5647 2
4816 8
1023 1
255 1
4545 1
5370 4
2467 32
2860 16
3998 4
1189 64
3405 1
4355 1
5167 8
7 1
5349 1
1878 8
3455 64
255 1
6305 1
5448 8
2814 1
3149 1
2062 1
3750 32
2047 1
6543 1
2494 1
2474 32
4456 1
2760 16
2332 8
4892 1
3326 1
31 1
2670 1
1023 1
1023 1
4005 1
3655 1
619 32
2436 1
5769 4
4387 4
1058 128
255 1
7362 4
6150 2
6899 16
5197 1
3427 1
4648 1
7304 2
1621 32
3329 1
4437 1
3085 1
5885 1
3103 1
1104 128
5074 8
519 1
5888 1
6933 1
63 1
1092 128
5022 8
1023 1
5296 1
6366 2
6340 4
4979 4
6073 4
5675 1
5129 1
4071 4
4545 32
2092 1
3215 1
565 32
5043 2
2079 1
4862 1
6408 8
5659 128
2094 1
5038 1
3697 1
293 32
4384 2
7474 2
5251 16
255 1
5917 1
1023 1
3297 1
2056 1
5291 1
1023 1
511 1
6545 1
5648 16
4441 1
3687 32
3742 4
6240 4
4573 8
1391 64
5963 2
7023 4
4612 1
4740 4
5454 1
2198 1
5777 4
4773 1
2440 8
6144 1
2070 1
671 128
6155 16
2569 1
6119 4
4301 64
4442 16
4649 16
2327 64
6517 8
1065 128
4191 1
4260 1
4655 1
2400 1
5527 1
7111 1
127 1
4713 8
127 1
3063 4
2987 8
4188 1
4692 1
5970 4
3865 16
2302 1
255 1
5133 32
2092 64
5932 32
650 32
5697 1
5742 16
5950 1
662 16
1023 1
2058 1
5393 32
3161 1
3199 1
7528 8
6248 1
2907 8
3113 1
6576 8
7725 16
1023 1
3854 1
511 1
3824 8
5101 8
3553 8
5582 8
2918 32
3498 16
4182 1
5131 16
4765 64
4884 1
1464 16
1023 1
127 1
2990 16
6324 2
5599 4
4502 1
5778 1
6261 16
3389 1
2853 16
5820 1
5220 1
3985 2
3417 32
2817 1
598 16
2377 1
3817 16
5524 1
5998 4
2840 32
2414 1
5439 1
5221 1
6049 8
2051 1
5334 8
3907 1
4636 2
4838 1
1384 32
1919 128
5955 2
4289 8
3586 1
3682 32
7164 4
5284 32
255 1
255 1
5515 1
5746 1
1635 64
5458 16
683 32
6419 2
1055 1
2855 1
4644 128
3533 64
6205 1
4602 2
63 1
1295 256
2080 1
4844 4
511 1
4722 4
6107 4
4852 2
5756 1
3473 1
4841 4
4950 16
3308 8
3818 8
6775 4
2171 16
3992 16
4149 4
1058 128
3595 1
5127 2
3077 1
1023 1
4349 1
5034 1
1460 16
2154 1
5002 8
4757 1
255 1
3089 16
6992 1
4206 8
2867 16
3457 1
2792 16
6414 2
2062 1
3103 1
2078 1
3246 1
4092 1
3600 1
3376 16
5376 4
6453 1
1575 8
6227 4
