719
4
851 727 877 758
6
560 245 471 185 984 864
4
954 355 174 915
7
331 359 979 174 176 152 37
1
299
7
759 321 828 322 496 659 661
8
23 475 705 4 162 868 792 876
2
285 806
9
272 30 997 685 386 473 65 624 598
7
102 153 55 806 69 543 711
7
184 182 946 436 154 991 198
10
679 817 433 975 265 284 435 745 638 119
9
704 646 261 1 620 494 294 763 732
1
606
3
221 265 193
4
307 909 457 704
8
172 532 170 529 145 978 524 628
4
333 502 802 183
2
895 181
4
786 60 988 742
8
198 415 869 314 574 18 293 345
2
671 808
4
204 72 730 933
4
817 957 524 934
5
361 102 241 386 120
10
246 65 272 426 35 127 172 985 204 751
5
775 679 273 688 452
8
710 69 553 734 40 200 102 15
5
797 347 969 988 860
7
812 409 450 612 855 917 320
3
534 263 220
7
214 423 278 474 396 460 134
2
944 631
6
896 778 947 637 332 409
9
629 193 16 515 133 8 16 930 869
6
79 951 113 663 273 888
4
683 896 967 213
10
692 602 136 490 851 623 539 413 925 93
10
626 17 516 765 373 356 129 224 998 484
4
104 434 805 584
3
480 684 645
1
695
6
823 900 553 392 512 117
4
228 696 620 302
9
888 370 322 698 901 866 46 543 81
1
205
6
408 455 401 990 937 563
6
533 269 578 621 596 963
9
851 45 935 327 216 163 502 144 357
8
527 103 912 939 210 910 5 576
4
275 636 373 706
2
457 339
3
247 101 736
1
653
9
563 576 631 97 752 505 252 930 447
10
476 711 377 552 82 910 527 317 810 470
8
214 313 665 771 498 908 620 876
9
850 762 573 425 412 43 418 886 457
1
897
1
67
1
318
10
593 243 574 621 579 64 162 554 147 159
10
868 786 578 453 261 978 370 387 131 653
3
540 577 70
6
515 31 816 655 639 535
3
694 661 602
10
376 2 973 275 254 530 673 240 485 974
8
730 306 444 480 428 461 897 448
10
937 738 589 836 545 733 205 932 487 683
5
189 692 520 783 705
8
797 549 494 144 894 615 281 709
3
386 383 44
5
385 825 801 347 259
5
199 550 28 188 272
3
669 778 74
8
558 565 204 708 195 611 707 611
5
294 479 401 605 113
10
718 62 500 541 945 979 732 132 724 450
4
686 183 789 428
7
416 390 262 179 261 866 295
4
416 793 696 8
6
536 153 836 194 926 255
1
818
2
907 766
7
269 628 895 454 951 235 717
6
275 977 262 761 677 178
2
108 190
7
123 326 448 126 862 886 358
2
56 94
9
701 21 100 407 562 605 803 78 846
8
871 335 42 860 355 435 635 885
9
455 7 179 591 57 503 535 249 940
6
213 524 285 729 651 331
1
838
2
455 161
4
448 7 537 378
9
33 342 749 349 356 934 831 960 402
3
804 645 394
2
547 4
4
182 619 29 779
4
434 167 708 208
7
320 367 74 286 484 927 236
7
875 970 509 606 698 840 589
6
717 468 603 775 307 99
4
496 846 519 732
9
938 241 847 23 598 800 221 281 186
10
131 669 648 696 65 316 282 766 353 563
1
378
8
911 432 544 619 413 904 3 64
6
885 843 908 74 927 871
8
417 239 82 769 158 487 495 877
10
47 418 512 390 46 258 867 558 255 282
10
249 295 752 121 36 44 371 103 934 203
2
848 245
2
593 712
8
427 272 790 268 431 303 490 507
3
6 314 652
9
576 77 569 696 539 4 318 942 409
4
624 191 643 425
8
316 668 968 361 369 693 422 458
10
109 992 127 258 941 714 411 688 160 797
9
216 354 413 662 157 167 879 422 296
1
470
6
488 403 354 953 472 854
4
105 856 955 615
8
486 778 54 25 313 543 844 149
5
927 881 736 102 610
8
116 861 950 217 466 560 573 99
2
545 729
4
333 24 239 871
6
352 82 517 325 212 314
1
868
3
529 762 169
1
554
3
582 60 699
8
875 575 719 996 628 93 126 930
5
866 86 190 822 767
9
191 123 331 836 134 228 356 720 21
2
926 745
1
334
3
631 35 83
4
586 24 803 289
4
479 773 765 966
3
960 876 624
9
548 20 237 338 323 732 92 259 661
3
234 839 834
6
643 332 523 835 340 517
6
552 288 650 737 242 354
1
801
4
717 154 307 272
5
925 160 904 244 579
10
705 640 811 238 407 801 828 446 159 544
1
805
2
154 549
9
913 110 172 965 104 274 770 639 818
1
478
3
113 355 743
4
561 314 576 256
5
309 852 784 694 850
6
358 822 292 317 240 460
8
475 95 582 241 813 866 80 157
4
229 185 576 598
7
202 658 958 351 353 86 654
6
64 826 797 103 995 697
5
530 102 587 735 224
2
356 87
4
176 340 162 536
5
141 873 691 844 469
3
876 391 990
7
290 968 736 377 275 590 829
1
895
1
309
4
808 316 125 986
6
159 291 699 861 976 907
9
939 741 277 133 514 646 33 789 28
6
376 882 688 767 992 206
3
916 680 167
4
918 764 60 183
1
5
8
651 157 164 978 814 62 8 353
2
202 433
4
612 584 194 777
1
602
5
579 472 697 627 926
9
577 966 779 752 990 322 293 29 628
5
689 855 249 779 729
8
547 615 740 988 733 484 922 906
1
120
3
3 561 370
5
721 613 773 86 707
8
497 175 672 986 327 531 990 528
4
683 94 760 852
5
150 706 738 201 858
9
91 839 924 526 316 572 631 784 996
10
454 915 272 998 837 115 902 430 34 158
2
59 100
7
30 509 764 553 660 759 485
8
886 163 53 675 98 443 540 621
1
832
8
356 549 172 160 856 577 287 381
8
138 824 950 706 890 487 695 760
1
650
7
444 523 699 967 81 531 40
1
363
4
275 999 650 167
2
826 569
1
715
3
645 377 858
4
965 624 575 798
8
920 24 98 740 215 266 107 862
10
584 530 295 215 620 702 524 432 233 321
3
189 357 166
8
34 804 469 561 159 105 532 25
3
388 471 99
1
200
8
196 894 988 412 78 941 529 294
3
780 787 219
7
660 170 103 750 428 727 920
3
742 951 890
6
202 516 427 909 70 355
5
344 915 435 378 832
7
33 740 937 374 619 502 183
9
33 607 520 250 127 640 319 631 320
6
322 892 71 573 91 410
10
950 650 595 313 216 570 397 914 513 607
3
502 509 711
8
431 110 530 759 788 44 251 386
8
472 487 335 474 481 567 47 255
10
85 277 230 676 242 367 598 733 885 684
8
903 983 515 142 73 764 876 49
3
15 199 220
4
331 119 495 781
8
786 495 141 942 826 1 390 800
3
296 921 383
6
486 27 431 349 632 158
7
423 764 361 55 565 400 751
1
517
8
98 26 875 282 401 884 578 466
5
508 522 438 743 970
9
443 578 415 579 989 274 634 898 896
10
690 180 721 106 557 842 200 425 966 316
5
633 9 404 125 215
8
700 388 109 319 528 976 364 646
4
923 686 379 697
1
153
6
554 547 418 734 624 168
2
674 126
4
46 87 345 991
5
381 498 619 926 849
10
80 45 881 695 467 182 861 196 416 192
4
635 357 943 822
2
25 926
4
760 58 488 289
3
500 816 180
7
469 846 33 202 336 605 742
8
933 146 296 594 65 842 863 836
1
261
8
538 499 660 675 323 239 319 493
10
39 818 236 213 246 264 522 85 836 416
7
968 71 236 429 271 78 367
3
558 19 415
2
947 611
1
1
6
855 700 426 936 221 971
8
462 559 15 500 615 137 368 273
2
442 992
1
871
2
31 384
8
651 641 191 760 410 127 963 525
9
7 112 908 623 659 664 454 548 859
2
709 803
2
106 798
7
57 432 714 525 512 813 61
5
928 22 946 109 518
9
11 906 270 124 459 258 837 831 291
2
100 343
4
720 534 210 219
4
618 86 426 297
7
535 469 129 483 157 340 211
4
814 728 186 587
8
556 137 697 268 650 721 693 798
7
394 847 815 915 821 94 889
2
988 954
3
259 622 711
7
593 113 703 355 775 420 200
10
148 693 187 230 223 79 2 25 13 663
3
353 117 993
2
703 791
6
848 64 979 203 668 58
5
622 499 811 76 756
10
974 829 503 629 134 201 799 66 405 228
6
967 249 931 456 680 628
10
693 878 922 318 416 734 213 484 492 540
2
316 325
8
706 672 146 259 282 57 794 423
2
746 542
6
804 674 79 268 388 244
3
195 857 370
3
475 231 751
6
496 22 434 94 383 551
2
274 936
8
378 76 764 837 288 393 626 94
3
103 693 198
3
912 581 504
10
400 465 817 677 193 403 35 292 822 270
10
229 789 785 466 235 532 889 160 30 830
3
435 151 530
9
782 902 658 923 161 31 733 415 39
1
243
8
626 800 625 763 503 687 397 534
10
5 358 105 841 374 435 358 788 574 373
7
367 329 239 177 635 597 953
10
185 844 669 737 328 316 42 409 559 464
7
409 512 248 167 842 693 54
5
242 858 224 359 82
9
895 286 259 42 876 410 577 626 369
7
899 437 758 769 766 501 11
6
41 687 331 921 971 168
1
168
10
397 960 345 816 917 6 167 885 149 393
8
695 625 564 288 490 618 647 71
3
2 481 952
6
525 579 906 363 305 807
9
140 52 548 853 78 371 439 27 368
7
191 695 178 601 400 436 270
2
293 417
4
713 413 300 186
6
194 556 776 514 786 580
1
946
9
905 425 148 746 338 90 70 905 43
7
89 970 3 761 919 45 13
4
589 497 335 604
5
139 1 132 548 90
2
389 379
6
37 834 108 383 906 932
1
930
6
618 783 887 260 965 663
10
430 340 755 665 974 747 270 229 779 727
3
428 970 542
7
833 648 722 690 297 420 165
9
746 869 881 362 344 404 381 716 184
6
989 6 969 304 783 797
5
881 306 78 522 775
6
96 906 804 571 853 404
10
96 437 65 973 851 696 279 591 721 80
5
92 419 146 105 79
8
192 183 433 472 435 810 800 569
4
308 425 167 289
10
515 358 167 710 734 545 618 353 958 826
8
961 134 888 455 211 471 572 114
8
283 489 9 271 193 250 483 600
8
75 979 14 936 376 464 639 823
10
45 213 400 925 515 426 78 782 912 694
5
973 817 85 804 323
3
17 407 985
1
293
8
281 923 117 294 194 852 810 431
6
712 647 871 341 359 413
8
643 199 638 542 1 228 130 916
8
971 968 573 60 485 223 862 161
3
432 166 346
3
287 610 794
10
246 833 810 77 408 555 842 335 615 741
9
159 715 208 52 745 968 754 395 284
7
489 419 185 188 731 409 459
1
517
10
129 958 512 518 562 641 430 730 955 77
5
892 982 251 427 109
2
954 615
4
294 841 48 313
5
694 586 775 893 388
10
827 209 831 453 494 467 944 311 753 558
10
333 705 417 744 573 538 232 717 871 976
3
620 667 597
6
233 440 555 770 545 421
9
594 342 578 267 803 916 209 839 240
1
956
4
60 479 530 243
4
551 616 981 973
2
915 66
6
140 60 102 600 869 815
2
398 945
2
35 739
10
10 302 707 767 640 343 501 585 946 180
4
608 103 92 158
1
333
10
357 956 924 544 466 881 266 136 44 153
6
94 757 502 343 269 202
2
774 448
10
112 799 626 706 627 32 418 100 126 792
2
280 97
8
732 473 106 315 22 210 814 124
5
478 458 649 598 345
8
505 657 880 538 843 470 697 950
2
85 833
10
151 745 827 677 501 571 228 605 561 482
7
338 121 377 572 578 200 753
9
577 749 502 138 287 288 52 25 888
7
598 791 309 721 578 433 307
4
781 6 140 795
1
946
9
940 635 45 10 368 917 654 625 891
5
755 972 238 444 308
3
867 369 283
10
180 338 665 570 623 223 346 522 435 13
5
202 372 271 788 102
6
722 322 911 566 517 91
8
300 122 353 798 68 808 132 476
8
564 434 736 663 853 807 202 772
10
447 157 718 200 802 54 836 703 864 492
3
551 78 84
4
436 724 992 815
6
356 729 51 248 426 31
1
161
1
467
5
345 603 147 346 261
3
554 647 166
3
959 900 238
10
423 277 863 509 626 673 436 447 580 630
4
813 989 505 352
6
263 248 849 937 787 43
7
374 511 907 319 383 731 189
6
205 294 300 49 787 535
3
524 956 437
5
946 77 990 310 572
8
605 9 161 116 653 478 617 167
3
617 588 839
6
325 299 292 272 3 374
2
23 70
2
853 145
7
59 451 528 833 503 70 752
10
395 544 892 205 765 706 688 927 249 376
2
247 760
10
378 420 645 191 358 806 682 865 844 431
10
602 48 371 692 376 355 468 191 592 239
2
544 577
6
330 12 339 249 460 455
6
92 647 877 134 18 244
3
500 180 17
10
834 580 566 817 484 287 844 323 272 770
9
459 396 318 213 243 910 536 607 187
8
585 321 841 321 901 509 845 540
8
152 883 611 467 121 260 77 929
1
980
1
160
7
881 369 172 520 806 924 276
8
161 762 5 604 440 676 69 417
4
21 445 546 687
4
67 863 409 425
6
765 979 179 29 801 705
2
416 761
5
859 890 997 406 241
5
630 758 522 674 842
8
52 399 26 690 668 168 627 743
1
4
9
165 65 941 398 1000 1000 494 601 594
2
633 721
6
431 797 531 984 386 70
1
241
9
867 985 844 650 276 997 233 938 417
8
854 667 611 886 242 945 555 128
3
729 694 589
5
195 813 52 910 41
3
506 310 721
6
454 285 783 122 657 105
3
520 438 732
9
87 813 954 738 781 799 827 401 695
3
395 441 950
4
27 677 856 74
7
914 884 910 182 538 372 403
4
330 231 589 458
4
968 211 960 5
7
380 470 179 485 977 850 963
5
319 627 249 647 652
1
20
3
984 594 605
1
587
1
622
5
418 270 97 357 832
5
781 184 941 600 819
2
241 354
3
240 641 744
10
256 412 419 164 109 196 817 630 748 790
6
651 696 278 985 975 538
2
94 898
1
235
10
249 228 118 132 51 478 913 250 539 298
10
721 156 697 167 947 46 887 502 339 8
10
393 669 583 843 758 965 686 652 100 2
9
378 410 77 166 811 889 222 706 845
5
80 814 965 324 989
7
777 56 502 78 639 230 445
10
202 328 830 334 940 249 402 141 444 128
2
754 859
5
328 959 289 986 609
7
467 300 822 496 750 502 561
5
835 135 29 695 887
9
896 794 734 865 999 81 294 463 702
5
485 936 27 700 100
2
374 728
8
475 491 740 362 184 902 228 624
3
55 181 195
9
536 436 449 596 809 237 284 330 438
9
974 951 856 148 943 874 807 333 935
1
41
2
995 89
8
768 581 311 808 727 215 91 849
1
909
9
966 207 867 43 290 488 815 751 629
8
137 46 6 15 735 126 46 775
10
654 92 240 938 78 14 251 827 477 655
8
768 572 661 503 463 298 88 404
10
380 811 445 708 685 817 781 51 595 24
9
894 9 926 51 23 512 923 241 524
7
528 148 337 402 256 304 873
6
11 841 443 763 522 571
6
613 608 851 652 91 954
3
373 165 996
5
65 382 523 874 934
2
113 440
8
465 236 725 411 404 726 709 691
3
558 436 112
7
722 557 139 470 484 10 127
10
628 632 463 144 481 971 225 56 4 730
10
993 697 844 199 274 25 729 942 438 454
3
340 157 795
7
619 458 119 447 94 556 56
5
557 556 55 352 7
2
34 251
6
632 229 165 530 801 551
10
841 480 393 488 446 80 973 993 383 257
8
168 630 721 680 346 709 256 703
1
156
9
868 221 705 449 272 706 974 669 798
1
743
5
993 263 193 725 997
3
458 591 446
9
765 306 369 656 639 143 665 478 948
1
777
1
400
9
566 943 563 54 958 955 569 282 694
10
675 59 56 724 396 777 502 951 350 900
7
903 321 900 167 153 645 286
6
356 969 564 198 226 266
6
174 437 998 2 870 59
8
188 273 199 301 272 656 215 128
8
268 538 834 803 102 69 863 150
2
948 315
10
789 132 804 423 761 73 851 1 791 678
10
145 577 370 669 262 712 328 49 33 62
7
768 232 935 517 607 983 240
8
161 627 963 40 111 363 824 571
7
359 902 551 886 840 748 935
3
511 924 249
8
531 468 150 370 512 255 156 37
7
161 149 751 627 253 565 973
4
149 17 829 733
9
186 581 239 569 389 756 977 972 681
3
314 733 351
2
362 53
10
986 157 413 542 122 692 730 115 437 297
3
676 976 532
8
797 148 642 753 800 909 821 821
8
296 133 992 792 138 51 822 659
8
340 505 742 758 345 894 751 107
8
748 589 99 493 707 639 330 468
4
946 324 920 119
10
594 53 134 453 312 650 596 275 233 445
2
683 382
7
907 60 124 163 871 311 667
7
991 454 665 74 341 520 712
7
160 859 387 349 641 365 196
3
286 414 771
9
885 940 477 828 275 18 105 45 984
9
9 550 250 504 289 162 119 115 341
1
75
8
619 207 214 927 428 627 392 723
1
108
4
51 11 520 449
4
780 22 636 715
7
36 105 817 936 750 423 459
7
241 910 769 264 678 886 675
10
566 183 656 93 358 406 917 833 319 55
6
445 902 972 72 634 800
3
905 455 304
1
217
8
672 51 337 92 587 101 862 639
4
56 756 901 359
10
746 550 188 553 285 197 621 970 787 459
2
420 208
9
792 410 862 200 149 865 564 592 756
10
747 889 484 585 14 356 922 532 178 997
9
835 567 38 50 471 158 86 880 310
2
291 75
1
586
3
859 170 312
8
822 620 676 467 914 69 852 939
5
344 392 635 979 252
5
820 206 250 720 910
10
747 976 736 794 747 121 438 688 697 534
9
529 157 30 97 992 194 75 983 97
4
926 729 368 874
5
629 867 195 938 176
10
682 144 203 869 710 556 360 669 569 204
10
167 242 480 204 395 977 23 14 147 372
1
896
5
259 603 928 881 913
1
475
6
137 820 134 752 351 408
8
932 568 144 988 273 949 653 176
4
637 768 973 851
8
327 776 904 935 590 634 509 523
4
908 243 859 844
4
855 525 758 512
7
561 376 747 806 444 221 568
8
964 889 602 89 97 101 9 560
8
526 695 922 161 740 73 333 227
7
142 437 300 722 702 274 158
2
932 482
1
818
1
70
4
97 293 674 166
10
777 95 11 524 711 415 339 709 617 782
8
438 66 489 78 690 453 182 577
7
404 663 207 182 999 614 625
9
980 780 501 186 626 678 135 646 851
10
820 547 523 504 458 763 997 512 932 25
5
731 274 796 987 437
4
786 460 770 763
7
925 930 529 692 697 754 190
7
791 486 465 244 511 363 800
6
343 311 186 685 215 565
6
734 804 835 198 413 257
3
971 947 831
2
1 425
3
444 792 904
6
673 720 642 225 426 403
7
878 257 61 892 803 941 810
10
718 735 494 790 349 375 223 826 233 231
4
772 974 941 117
3
941 294 930
9
521 384 78 907 949 757 306 280 506
7
769 774 321 323 503 785 326
10
648 764 482 136 816 111 917 329 702 588
3
584 306 474
10
405 801 481 678 384 747 626 19 297 524
5
35 255 248 98 939
6
434 966 887 596 986 749
7
706 234 287 429 175 292 651
2
480 886
2
947 972
10
317 751 998 485 776 519 737 231 636 389
6
670 633 710 490 171 559
5
613 670 996 278 968
6
588 519 921 73 194 163
10
910 829 775 483 845 187 159 916 829 783
10
983 775 443 52 468 110 733 570 18 874
1
138
1
158
9
208 625 821 698 587 603 98 452 480
9
964 533 870 635 233 464 429 751 813
2
560 939
8
801 542 65 104 290 213 460 379
2
484 183
10
834 422 955 68 882 12 914 391 656 985
3
72 26 390
3
971 799 925
8
152 347 510 296 569 789 726 231
6
992 79 502 729 666 53
9
291 762 271 935 847 653 723 590 925
6
161 551 352 23 123 392
1
33
2
535 248
3
892 425 613
8
83 119 771 415 1000 372 57 723
1
403
6
529 801 548 765 634 285
10
339 962 138 460 449 819 664 150 32 882
6
458 203 436 328 422 851
9
429 4 57 604 217 718 867 563 595
5
191 720 135 124 956
6
637 636 626 54 670 934
8
268 820 27 512 209 707 226 465
6
425 158 446 745 768 624
6
268 653 539 377 88 477
10
234 158 641 536 241 63 719 942 788 725
4
911 850 200 104
6
321 780 968 457 388 768
6
983 955 381 433 894 503
2
232 820
5
611 372 295 222 135
8
521 961 870 207 42 958 633 103
5
189 575 460 776 498
1
537
5
722 632 239 710 721
7
82 310 68 146 714 563 334
2
636 54
3
141 414 796
8
905 886 192 535 405 231 332 344
7
567 791 616 747 81 370 917
1
141
4
678 240 453 144
10
644 20 158 191 500 412 727 456 2 976
6
715 811 861 707 131 781
4
688 565 726 342
5
3 878 116 669 102
4
632 845 442 613
10
683 354 759 455 266 694 838 613 845 571
3
398 453 610
5
382 693 616 937 324
3
124 688 359
5
327 646 54 860 340
7
362 711 944 28 531 940 115
5
629 244 727 133 557
4
659 748 150 731
8
552 558 808 842 161 439 628 36
9
494 652 13 618 304 110 543 40 72
4
132 173 302 134
8
4 446 178 33 366 668 434 252
