2511 32
2668 16
3495 32
4409 8
4384 32
5632 8
5710 16
7895 4
5155 1
4136 32
4579 8
4913 8
1151 1
4364 1
4703 1
3351 1
255 1
5276 8
2575 16
3709 1
6479 1
4535 8
255 1
6197 1
4815 8
2576 16
5877 8
3543 1
255 1
3448 1
4941 8
1023 1
4581 8
1119 256
3173 1
255 1
5939 1
2615 4
5892 1
4806 8
5714 8
2046 1
1544 128
4482 1
2462 1
3101 1
4347 4
2050 1
3399 1
631 32
4085 2
3975 16
925 8
4779 4
3234 64
5132 2
3331 1
1023 1
1242 1
3425 1
3390 1
4096 1
6031 4
5358 1
6952 4
6296 2
5297 16
5972 1
4551 32
2858 16
1023 1
4890 16
5587 1
3122 8
3757 1
1023 1
5942 4
511 1
1953 32
2582 16
4222 1
2224 64
2354 64
4998 64
1180 32
3643 1
3277 1
1513 16
3844 16
5388 1
1504 32
1144 32
5723 4
6846 1
5989 1
3069 1
2927 16
1119 256
6977 1
4481 1
2625 1
4961 16
3190 1
4460 1
2064 1
4621 1
1023 1
4978 8
1023 1
5515 1
3359 32
5455 1
4350 2
4994 1
4434 8
5753 8
6760 8
4857 8
3594 64
5112 1
3127 1
1049 128
255 1
4612 1
2118 1
6693 8
511 1
4786 1
255 1
5296 32
5763 8
2378 32
6063 4
1062 1
1332 4
6079 1
3845 1
5623 1
3006 1
1023 1
1023 1
255 1
3342 1
1150 1
1514 8
1513 16
3614 1
5849 4
5653 1
3809 1
3512 8
4269 4
4189 1
3670 1
2935 4
6363 1
2717 8
5244 128
1040 1
4396 8
3621 1
2213 32
4755 1
1023 1
2314 64
1164 64
6090 8
4147 8
1023 1
3085 1
511 1
4827 4
1085 32
1023 1
5603 1
7043 1
1150 1
2508 16
2046 1
4436 1
6764 1
2367 8
2976 32
3902 1
6105 4
2446 16
1360 64
6063 1
2178 1
2572 16
1023 1
7128 2
2070 1
5114 2
4493 32
5208 8
5094 1
4868 1
1023 1
3710 1
6027 1
2858 32
2303 1
513 256
2792 16
1150 8
2828 32
3854 4
1569 32
2062 1
2046 1
4422 1
1731 64
5236 1
2491 8
4896 1
511 1
2224 1
6467 1
2203 1
1023 1
6373 8
511 1
4264 1
5168 1
4960 8
2545 8
2630 1
511 1
1023 1
2958 1
511 1
1178 32
4158 1
628 16
5440 4
3662 1
749 8
2564 1
2648 16
1158 1
5556 1
4157 1
4816 1
5049 4
511 1
6204 4
3606 1
5680 1
2052 1
1387 32
1023 1
2570 1
4586 1
1440 64
1333 32
3204 1
3117 1
2335 1
2634 64
2849 8
4558 2
5757 1
5274 4
3606 1
2115 1
5583 1
3607 32
4716 1
2314 1
2852 1
5264 2
2046 1
5518 32
5134 1
5248 1
2281 1
4910 1
1333 32
2480 32
1056 1
2120 1
2114 1
4611 1
3524 8
6607 1
2496 16
2054 1
1023 1
2576 128
2048 1
1023 1
4153 1
3975 16
1023 1
5889 1
7779 16
6766 8
4140 1
6898 2
3249 1
2214 128
2459 16
5635 1
2756 32
5811 1
5197 4
5192 2
1124 64
3968 2
5181 1
5635 1
4752 8
4224 1
1024 1
6723 1
2110 1
6447 4
3966 64
2326 1
3583 1
3189 1
4717 1
2989 4
798 8
1023 1
5656 4
755 16
3099 4
3081 1
6528 1
2444 32
3333 1
2543 8
5780 1
4101 8
2774 8
6174 1
6480 4
6480 1
1023 1
1032 1
4093 1
1023 1
3331 1
2120 1
2584 16
4205 1
3147 1
4630 1
5600 8
6658 1
4173 8
3070 1
4436 1
4283 2
6076 1
2084 1
5170 1
4336 1
1023 1
5867 8
5205 1
3613 1
4500 1
2626 1
2407 32
2174 1
5454 1
6093 2
2446 64
2558 1
511 1
2177 1
5962 8
15 1
5685 1
2089 64
1433 8
5170 32
3704 8
1024 1
1026 1
4428 1
5619 2
1507 32
4332 4
127 1
4194 1
2410 32
1505 32
3749 32
1568 32
6528 8
6670 1
4136 4
3558 4
4155 8
1886 4
1440 64
1023 1
6493 16
63 1
5751 1
1524 8
3958 4
2524 8
1198 1
2065 1
2395 16
511 1
4228 1
6437 1
4526 8
1023 1
3137 16
5326 1
1023 1
1032 1
4645 1
6355 1
1023 1
1675 64
4983 4
3025 4
2345 32
3861 1
3695 16
4404 1
1102 32
3136 64
4030 1
1023 1
4161 1
5156 1
2178 1
2682 8
4511 1
3344 1
511 1
6252 1
3457 1
6862 4
4967 1
5452 1
4209 8
6695 1
5709 1
511 1
3290 8
2114 1
6453 8
342 8
2192 1
2086 1
4268 1
4319 16
1618 32
63 1
5955 8
4250 1
2051 1
5470 8
4870 1
1152 256
6653 1
4454 8
2834 32
3269 2
4797 2
3082 1
6602 4
5791 1
6169 8
2126 1
4075 4
2686 1
255 1
2536 1
3550 4
5717 8
3351 1
4448 4
3358 1
5455 1
5094 8
4420 4
5210 32
2466 64
4772 4
6633 8
3397 1
4652 1
1126 32
3317 1
6208 2
2066 1
2054 1
3207 1
4147 1
2126 1
4648 1
1538 1
5714 1
3204 1
1989 16
1457 32
3176 16
3712 8
3525 1
3035 4
1404 8
2046 1
6070 4
6680 4
5184 1
4640 1
936 16
4417 4
3101 1
5190 8
3085 1
1339 32
5404 1
2074 64
4342 1
2271 1
4918 16
4244 1
1023 1
6816 1
2198 1
4154 2
5310 1
2046 1
4765 4
4789 1
5128 8
5015 1
4292 1
127 1
1297 128
5910 16
1431 64
2179 1
5581 8
5252 1
1102 32
2379 16
5915 1
3141 1
5810 8
5704 1
3205 1
3422 8
3077 1
957 4
6199 8
4168 1
5837 1
2407 16
2055 1
1166 1
2494 128
2064 1
2560 1
1023 1
7116 4
1023 1
3337 1
4156 8
2520 16
2303 1
6226 4
4402 1
3220 1
5962 2
6670 2
2356 32
5228 1
1212 16
7147 4
6697 2
1904 16
1478 16
4367 32
1023 1
6336 32
228 8
6876 4
4243 2
3437 64
5243 1
2059 1
5107 2
5673 16
5632 2
2206 1
4539 1
6807 1
4281 8
6389 2
3062 2
6604 1
5381 4
3893 4
5380 1
2054 1
4927 4
5806 8
1479 64
4689 1
6923 2
5240 1
701 8
2142 1
2401 1
2047 1
2960 32
3982 16
4009 16
511 1
5723 1
4277 32
3361 1
4040 16
1248 64
1254 16
5805 1
3710 1
2598 1
3162 4
6254 4
6191 16
6786 1
1023 1
1683 4
3942 4
3248 1
7563 8
1023 1
1023 1
4102 1
2183 1
4066 1
3070 1
2366 1
5943 4
2046 1
4849 16
4276 1
2535 16
5318 16
1294 1
2047 1
6086 4
6243 8
6530 4
1151 1
4061 1
3718 1
2307 128
3052 1
4546 2
4011 8
1080 64
4123 1
1023 1
511 1
4197 1
5366 4
2312 1
2664 32
2663 4
3135 1
3860 8
3342 1
1046 64
2159 1
2366 8
2764 16
2046 1
4366 1
1111 1
1023 1
7205 1
2179 128
2590 1
5404 1
1258 16
5875 1
4063 4
4542 1
5330 4
2119 1
5979 1
2582 1
2086 1
1488 32
3832 4
4924 1
674 32
5599 2
2073 1
63 1
739 32
1059 256
1023 1
5993 4
1023 1
3882 1
1325 32
1976 1
5045 1
63 1
3189 1
3566 2
2731 16
127 1
4610 8
2079 1
6629 1
3401 32
5439 4
3501 1
4634 16
4896 16
6589 4
2046 1
4110 1
3027 8
1023 1
2813 2
5661 2
3589 1
2125 32
511 1
3205 1
3602 1
3347 1
2078 1
5001 1
5715 1
511 1
1023 1
1644 16
2055 1
1090 1
5815 2
2729 16
5040 1
4385 1
1023 1
1023 1
6346 4
4141 1
4516 1
4942 2
3359 1
1482 16
1023 1
6360 4
6581 2
5543 1
4742 1
2486 16
3869 1
6114 8
2836 32
5389 1
2836 8
1470 4
2354 1
5933 16
5339 1
6099 16
1023 1
4139 1
3176 1
4240 1
3477 1
3640 1
1023 1
6996 8
5526 1
297 32
5643 2
6969 4
2132 1
6423 1
1840 32
2587 16
3519 1
6559 1
2090 1
3969 1
255 1
4104 2
3485 1
2297 8
5598 4
511 1
310 8
5237 1
2134 1
5315 1
2360 1
4259 1
6328 8
1023 1
255 1
5517 4
2235 16
1023 1
4212 4
6120 2
6264 4
487 16
4111 32
2592 1
5720 16
5124 1
5399 1
7644 16
5270 16
3935 8
3261 1
2218 1
5321 8
3128 4
2833 16
31 1
2370 1
3765 8
255 1
2296 16
1079 128
2194 1
5644 1
3726 1
255 1
75 16
347 16
4792 8
6012 1
2426 16
4905 8
6372 4
4718 16
4498 8
766 2
4461 8
1187 128
1055 1
1305 64
1581 32
3137 1
5621 4
5180 4
3934 1
2174 1
4829 16
5617 4
6582 1
2535 8
2190 1
6298 8
255 1
5675 1
6582 2
2959 8
3093 1
5925 1
578 64
3217 1
1553 1
4513 1
5859 16
4261 1
2070 1
511 1
3090 1
5158 1
4748 32
1023 1
5909 8
6827 1
3583 1
511 1
3713 1
7243 16
2860 16
1513 16
2850 64
5769 1
6119 1
4896 1
4285 4
2480 32
5899 1
5876 8
1501 2
1509 16
5963 1
