904
4
700 14 848 51
4
878 457 149 92
6
720 602 453 70 9 917
6
547 197 84 600 776 549
8
633 807 486 982 17 89 51 775
10
552 865 989 231 105 196 743 290 753 260
8
765 823 716 259 723 896 151 705
10
609 663 954 967 635 823 767 948 901 596
9
6 954 261 977 613 337 723 910 184
6
564 381 978 730 918 547
8
790 857 134 365 302 920 562 199
8
619 608 681 137 485 894 838 291
3
346 20 106
7
940 696 85 954 754 167 315
7
437 6 247 393 861 149 820
5
811 463 378 516 943
1
202
8
200 980 747 969 393 771 514 398
4
814 122 688 53
5
278 135 825 68 363
9
141 357 266 317 11 826 546 474 88
8
371 835 845 107 635 318 669 235
1
181
7
849 948 695 861 850 915 959
8
2 554 385 538 131 482 671 618
4
902 92 979 475
10
835 672 41 139 345 817 674 692 206 252
5
689 4 645 992 139
1
244
5
192 758 676 104 357
8
367 968 135 646 780 272 502 101
1
794
6
919 106 942 577 543 534
2
271 656
5
407 468 322 611 713
1
244
9
723 306 916 445 973 660 437 319 830
4
759 70 966 210
8
523 874 830 31 676 808 278 940
8
202 875 171 620 639 739 184 304
10
993 266 829 72 390 984 609 185 297 997
3
732 262 187
2
531 997
7
896 202 515 576 5 169 957
3
511 480 929
5
301 389 864 751 522
6
860 402 684 685 548 996
3
672 73 850
5
663 687 942 218 441
2
369 246
6
288 842 238 143 124 590
6
72 20 533 266 850 422
2
318 351
8
162 137 662 556 925 415 448 636
4
706 936 635 949
8
867 490 490 797 27 871 175 71
5
819 728 393 356 281
1
578
3
24 25 314
5
228 873 382 438 983
5
422 954 339 272 556
5
609 585 737 668 55
8
457 165 460 998 227 166 440 968
7
901 506 854 510 375 161 506
10
7 41 575 766 64 170 812 155 472 264
8
378 892 525 740 642 619 820 616
8
329 992 779 746 899 696 514 252
9
587 834 789 470 96 144 472 352 83
6
776 786 938 445 436 782
4
830 810 11 695
1
653
8
195 978 52 371 190 716 686 658
9
399 224 198 907 898 529 784 692 399
4
902 799 410 691
5
431 556 664 699 809
1
868
8
462 332 402 91 280 50 781 916
1
438
2
634 551
4
877 238 114 553
7
732 303 439 46 460 935 554
4
349 459 523 573
4
644 738 313 107
8
694 459 195 724 753 11 441 681
2
959 221
5
594 528 19 43 342
5
232 87 891 789 594
2
398 923
6
489 587 886 848 5 761
7
542 396 222 157 19 229 652
2
399 913
2
232 878
10
128 518 978 310 598 342 443 185 831 794
9
97 576 289 655 538 668 685 629 795
9
624 222 15 734 329 223 864 586 99
5
682 688 879 456 343
4
231 617 356 155
2
749 370
9
831 912 483 492 464 466 204 74 424
7
787 638 13 534 937 103 229
3
521 693 793
8
288 918 438 193 841 377 884 980
5
139 715 557 412 775
7
269 555 836 930 182 504 803
3
228 845 392
7
405 514 800 870 77 376 878
1
749
8
349 341 287 745 567 775 202 112
1
888
9
530 41 911 945 412 886 224 318 797
6
819 108 218 648 58 976
7
514 578 109 710 632 634 295
6
476 72 528 382 334 180
7
764 248 188 526 707 902 806
6
661 170 116 54 209 630
10
214 426 49 65 794 815 222 932 570 510
10
261 785 647 575 648 885 145 129 922 527
8
878 561 547 441 254 618 806 462
6
853 207 699 814 899 122
7
4 157 710 679 706 946 781
5
860 602 446 155 839
2
88 957
1
133
7
623 600 407 931 632 301 648
3
587 988 504
10
191 618 769 643 374 986 806 657 26 527
1
485
7
124 233 681 905 932 957 600
1
251
10
153 585 171 671 355 364 343 871 755 996
8
528 230 853 40 317 396 266 311
4
247 541 184 894
8
393 81 407 529 112 170 374 121
3
511 41 104
4
105 173 365 361
9
217 306 227 702 145 522 351 202 922
5
55 519 336 164 248
9
259 303 793 328 297 650 553 481 765
3
885 890 838
1
731
1
835
1
183
5
16 574 774 574 441
3
182 472 385
2
330 862
2
87 578
5
944 350 956 671 594
10
913 846 559 164 693 909 177 416 491 369
7
403 805 806 720 851 963 869
5
928 618 947 401 687
6
523 693 444 454 105 745
6
510 351 516 794 886 952
7
279 106 348 706 396 736 731
5
517 995 873 371 708
4
221 21 633 452
9
729 452 602 985 832 703 934 420 587
4
784 440 401 806
8
212 699 558 225 525 272 502 203
3
44 329 132
6
430 407 714 474 36 221
5
70 291 819 323 770
4
670 353 341 525
7
978 760 616 496 22 845 881
1
667
4
747 143 115 797
2
53 839
8
726 923 413 484 356 166 496 458
6
411 348 784 294 109 597
1
825
5
496 671 889 564 454
1
401
8
282 168 663 131 23 972 273 883
2
865 160
1
732
9
762 431 483 683 391 726 302 642 387
9
866 946 886 695 722 977 616 967 315
3
44 83 317
4
797 454 246 995
3
461 637 146
7
961 104 746 487 653 510 152
9
30 204 966 582 185 245 384 193 490
4
779 471 459 554
4
490 757 854 875
5
91 581 24 15 517
10
908 394 90 180 853 220 575 487 779 467
4
784 205 265 920
2
463 865
9
170 906 443 883 696 825 476 537 779
3
714 210 417
4
751 83 638 332
1
979
10
848 347 54 391 852 271 77 210 832 412
3
804 704 67
8
717 28 528 635 818 8 930 478
8
233 965 972 15 643 335 690 480
8
996 975 115 558 230 203 732 855
7
699 654 248 201 220 605 632
6
416 641 240 181 462 162
1
514
5
494 835 87 105 469
9
874 397 602 625 589 832 2 506 891
4
383 398 342 647
3
877 923 305
2
478 35
4
43 610 885 982
2
959 63
4
868 303 415 218
6
716 555 421 95 845 838
4
377 344 437 407
3
532 592 447
3
661 923 362
7
637 537 896 140 226 526 441
2
516 831
9
788 517 412 623 219 683 295 459 904
4
311 563 793 32
7
71 602 742 351 626 897 862
1
321
3
390 715 454
10
968 599 498 862 111 946 494 677 486 774
3
569 345 603
1
990
10
605 836 103 721 26 311 51 676 674 914
1
281
5
335 987 473 479 354
9
945 522 863 51 465 948 68 627 177
8
782 324 297 885 733 36 184 15
4
727 640 495 75
3
830 681 648
1
369
1
648
3
612 556 515
1
435
2
179 983
7
437 102 548 877 337 938 248
2
404 30
10
780 751 117 244 312 968 840 612 111 407
5
890 692 643 784 158
2
478 207
3
589 676 957
4
772 106 290 788
3
117 339 38
9
257 627 225 158 419 599 915 137 727
7
5 939 970 52 480 874 614
7
576 240 943 124 713 237 128
8
648 173 176 287 595 986 822 520
1
460
10
939 527 157 646 444 686 190 978 823 300
5
151 966 614 902 626
9
843 431 836 324 8 966 492 550 441
3
269 165 860
2
601 202
1
941
3
883 640 800
7
558 274 535 534 119 762 403
2
197 667
2
581 140
5
255 31 773 622 291
5
213 231 778 714 776
3
229 631 683
4
711 282 154 335
4
720 105 299 137
6
656 183 661 793 981 940
8
447 422 505 395 401 859 653 851
8
423 850 193 823 546 776 59 780
5
760 936 980 607 30
3
928 42 408
9
825 429 873 301 776 211 67 560 411
6
645 353 402 767 723 189
7
727 206 335 202 175 648 903
3
138 600 171
3
644 533 716
8
482 837 97 153 463 695 997 416
3
826 967 44
10
507 415 885 635 144 125 967 340 641 795
7
574 476 726 155 687 715 1000
9
793 201 299 866 552 374 230 528 468
3
755 487 499
7
163 748 398 319 383 438 844
2
351 918
4
340 987 894 195
3
88 397 324
3
358 979 103
3
110 982 341
7
289 695 35 724 525 269 60
6
670 86 304 601 979 42
9
16 95 1000 628 851 119 76 78 255
4
815 473 921 223
3
664 863 171
1
685
4
581 698 253 16
3
947 343 590
1
878
7
378 565 731 202 527 339 415
6
608 994 340 567 812 122
1
741
9
107 719 156 724 12 444 432 769 103
10
85 234 596 161 31 62 201 268 389 432
10
601 102 955 672 31 13 529 943 553 191
7
88 657 857 826 447 618 435
10
901 803 716 713 124 922 489 705 839 450
5
25 348 612 217 784
4
166 815 636 341
4
285 756 919 483
8
353 186 15 791 189 250 990 173
4
299 146 226 925
9
848 509 720 995 553 90 993 756 60
8
823 294 995 902 564 585 444 60
8
434 816 195 931 451 523 778 664
2
604 454
6
462 36 560 150 351 663
9
506 539 117 614 818 498 463 828 661
9
782 447 758 690 555 419 499 778 494
6
416 477 369 192 853 361
7
570 273 41 226 945 444 743
3
428 144 349
9
886 83 140 599 146 146 129 33 372
3
889 724 231
10
611 730 95 898 364 74 698 546 799 20
6
546 436 284 837 427 154
3
356 257 898
5
283 796 352 356 541
5
548 649 406 6 835
7
342 322 496 894 921 599 908
4
586 572 982 15
2
396 364
1
787
10
759 402 750 524 836 210 725 285 59 448
2
60 311
4
3 421 800 283
5
970 15 659 382 171
10
259 823 543 775 358 151 938 236 805 952
4
693 702 200 333
5
752 6 967 60 561
4
50 569 504 634
9
948 536 910 914 345 412 741 277 324
6
617 272 292 390 871 171
4
796 524 902 128
10
489 797 649 580 619 269 253 79 74 437
10
229 888 60 563 277 302 855 500 270 982
9
442 521 11 385 211 412 155 513 506
1
913
3
124 157 361
7
529 910 551 241 507 893 270
1
770
5
518 347 410 417 874
3
423 54 899
4
256 447 952 669
7
221 843 224 205 350 927 827
5
517 556 385 759 276
7
940 64 859 648 814 694 238
8
156 692 677 576 553 789 816 413
10
37 981 890 301 922 971 922 648 173 577
6
216 397 873 757 502 396
5
883 345 33 965 142
7
752 700 70 580 374 761 412
6
65 889 638 634 539 486
9
757 140 979 666 498 641 937 815 133
3
174 887 374
7
459 916 336 784 582 952 890
7
36 51 970 365 929 266 563
1
516
10
859 116 596 968 446 341 681 57 710 829
9
776 298 866 658 231 245 977 202 331
5
733 92 701 118 174
7
267 345 72 361 594 551 544
3
513 667 824
4
976 30 908 299
3
127 864 514
9
853 205 63 656 416 977 102 65 743
10
242 308 638 170 469 592 839 786 794 907
4
699 172 934 481
3
887 648 522
1
320
3
564 72 840
10
942 116 282 147 643 837 304 107 51 845
1
8
9
560 289 436 199 107 716 452 363 820
4
422 858 66 661
4
134 297 119 67
8
51 149 985 818 624 918 974 611
6
539 975 250 531 257 944
3
218 99 399
3
112 51 393
7
578 525 799 132 262 375 596
8
274 465 297 700 164 24 594 79
2
42 561
6
837 652 618 117 903 865
1
94
7
418 908 66 827 612 394 40
4
826 408 829 211
2
378 871
6
996 141 80 879 84 473
4
416 255 219 166
10
643 76 735 429 637 315 679 2 738 546
9
217 502 176 761 233 749 242 885 79
6
121 822 517 788 231 597
4
645 863 517 569
6
57 808 399 964 336 459
2
524 684
2
542 64
1
684
10
8 906 665 592 318 814 687 932 333 562
1
44
9
88 18 119 645 791 48 996 695 150
2
756 254
6
994 472 209 512 453 180
4
43 635 982 88
3
76 263 75
3
664 528 500
4
322 55 533 829
1
280
7
190 402 594 713 489 800 763
9
478 247 221 18 44 817 156 836 61
8
677 781 709 248 139 951 444 313
1
758
4
840 100 885 794
9
691 560 20 929 85 455 653 897 490
1
685
3
71 434 130
7
510 132 866 57 303 504 602
9
134 183 475 487 288 67 504 996 588
1
886
2
516 887
8
693 928 133 714 792 992 476 9
4
229 550 511 183
4
794 232 627 162
5
380 617 885 636 692
6
955 630 599 360 118 9
7
942 11 736 255 589 300 626
2
701 269
6
727 951 248 335 280 531
5
744 718 212 843 694
1
921
7
33 557 855 255 425 998 308
7
769 340 315 54 502 995 492
3
492 764 919
4
838 226 346 132
7
648 271 542 318 257 82 822
5
236 654 50 523 454
1
477
9
269 97 400 147 613 369 388 137 794
5
861 139 400 770 272
10
176 703 708 404 153 166 317 745 555 115
7
435 986 535 898 878 10 922
7
383 210 335 956 333 488 138
6
586 628 772 119 73 911
9
298 705 733 532 762 982 516 880 900
9
239 934 272 530 809 958 438 599 729
1
284
4
204 5 161 688
3
258 152 689
10
876 695 121 425 563 974 959 376 377 831
2
211 123
3
711 490 679
3
585 856 415
7
758 997 901 194 285 543 198
6
781 430 913 179 897 671
2
563 927
1
63
10
885 237 471 919 986 785 319 170 486 697
5
67 577 41 181 2
3
186 584 306
10
813 748 719 467 160 452 57 813 269 864
7
502 80 195 131 956 450 687
2
993 159
9
89 206 350 57 34 224 608 726 580
6
366 956 155 332 206 357
4
529 430 16 315
4
27 106 205 523
8
906 177 596 770 273 13 76 576
5
199 112 799 661 807
10
492 323 444 779 351 990 138 864 50 881
9
962 818 401 133 429 752 450 935 235
10
707 244 405 299 396 971 356 758 241 716
3
459 608 76
6
45 583 627 468 599 905
3
880 544 847
1
247
3
607 586 95
6
478 915 659 455 107 784
8
900 573 254 149 263 454 498 416
5
799 472 111 794 503
6
536 698 984 184 963 933
5
298 300 530 189 820
9
249 294 52 851 558 188 733 766 995
8
841 902 139 54 794 517 582 289
6
69 410 441 252 122 552
8
812 800 209 733 512 985 316 703
4
532 370 203 521
6
208 175 465 709 477 110
10
556 902 289 773 432 906 441 697 260 645
5
661 112 623 580 451
7
909 804 996 583 967 190 3
2
521 401
5
792 203 798 61 785
10
744 989 623 680 386 74 946 186 427 943
3
967 836 47
3
60 939 478
5
464 736 677 9 407
7
238 381 446 911 225 775 547
3
882 221 473
7
735 23 690 483 312 370 87
5
409 225 28 365 193
9
220 650 706 257 644 900 564 23 437
5
592 36 44 877 990
2
989 996
2
648 197
4
267 995 336 474
6
700 365 138 974 283 2
5
859 89 604 100 171
4
520 743 790 36
2
963 321
3
629 156 427
10
242 775 130 67 105 87 676 843 710 667
10
473 940 156 444 776 133 448 119 128 709
9
987 287 830 846 764 541 138 490 10
7
320 805 197 431 232 734 46
2
332 282
6
865 104 261 871 331 125
5
766 848 343 59 184
8
920 571 269 236 162 178 879 183
5
178 417 778 721 339
2
529 210
7
11 716 568 100 550 647 747
4
491 633 539 395
7
45 580 342 736 997 867 312
3
293 567 827
8
503 515 595 868 928 162 376 923
6
879 992 706 164 167 726
1
718
9
277 295 243 322 911 263 334 654 405
3
62 344 799
6
296 843 813 446 55 133
9
8 998 139 592 960 820 474 253 741
3
443 845 546
6
484 309 304 492 444 540
5
532 629 553 567 754
8
356 174 898 992 881 633 409 761
7
320 520 780 878 28 889 611
7
439 603 380 729 103 71 807
1
65
2
9 740
10
21 835 832 490 216 33 825 27 937 122
2
594 53
3
526 590 372
8
180 414 751 971 690 100 692 741
7
383 546 160 625 695 572 647
2
856 232
4
225 902 715 385
9
948 223 514 861 204 689 572 123 946
5
663 933 76 319 414
10
917 530 908 539 929 206 82 260 992 81
9
114 836 52 682 821 618 374 181 591
5
223 65 1000 767 874
6
563 522 459 292 290 598
5
693 225 322 703 262
2
374 311
8
93 677 204 234 13 60 8 736
7
487 253 869 45 431 789 752
9
413 187 143 65 938 3 500 621 929
4
178 479 919 703
3
927 361 697
3
81 306 316
4
892 179 559 96
3
752 789 57
3
908 564 577
1
599
10
296 222 10 340 276 40 278 1 718 957
1
790
5
57 328 640 632 145
6
562 413 19 105 481 500
4
402 608 304 770
3
110 144 576
10
669 689 526 142 434 786 798 87 634 371
7
648 144 851 836 678 145 113
5
984 433 180 728 354
8
168 428 426 902 373 381 988 204
10
287 733 805 183 827 185 399 139 447 233
4
698 411 874 365
9
233 439 349 861 862 709 709 27 809
2
574 380
10
715 894 174 255 187 199 62 442 980 167
10
314 422 261 204 8 479 913 549 970 205
2
925 787
2
618 82
6
38 424 173 789 195 408
1
923
10
457 534 767 369 696 876 642 548 404 905
2
108 118
10
504 918 745 166 750 124 839 844 991 961
6
244 495 191 317 724 732
6
325 98 838 629 504 755
8
687 155 572 885 289 24 136 307
3
623 141 959
8
59 757 492 763 506 150 462 892
10
11 664 406 463 547 490 804 519 231 690
8
667 494 689 677 896 385 440 928
3
532 329 18
7
791 600 890 627 27 285 379
9
325 194 411 399 290 183 607 482 164
8
608 289 869 227 289 971 708 136
10
712 685 455 895 51 632 95 47 422 91
4
944 602 54 554
9
799 438 806 574 926 695 359 920 764
8
561 146 309 2 831 516 442 124
4
530 583 605 575
9
670 814 65 33 121 255 947 397 602
3
812 698 459
6
552 333 512 572 655 667
10
435 328 529 903 468 769 921 73 906 118
2
395 956
7
973 482 676 630 710 790 113
10
454 979 478 137 173 695 172 290 618 175
7
164 495 132 607 54 292 429
2
120 313
3
460 83 722
3
820 444 288
3
67 953 773
4
397 230 297 976
6
264 950 287 669 38 492
6
592 966 290 191 775 859
1
508
9
640 316 517 990 558 163 141 218 593
6
565 479 253 430 486 16
5
371 948 929 201 378
6
770 560 815 795 94 108
2
350 576
2
435 683
9
685 521 631 898 33 385 911 493 554
5
639 274 140 308 104
3
834 768 727
4
256 543 671 540
10
627 818 863 136 174 106 340 688 186 254
10
541 827 482 191 108 90 579 52 471 802
9
849 572 712 584 866 94 711 576 473
1
742
4
218 409 386 404
6
584 88 532 376 214 722
5
584 916 425 964 202
10
718 169 543 550 804 315 701 839 530 602
1
570
1
524
7
476 825 137 318 573 580 451
3
222 938 136
5
607 640 636 862 68
5
643 445 21 353 862
3
350 965 1000
10
354 272 379 662 552 940 248 441 645 146
3
903 625 88
8
471 872 756 192 595 470 124 311
7
788 420 498 593 710 148 140
4
704 745 350 158
8
679 245 238 880 960 556 83 633
3
497 438 282
3
757 399 105
10
132 314 824 357 618 743 513 586 395 754
10
159 872 556 370 870 900 289 376 978 345
10
224 100 289 361 514 22 618 852 140 708
3
99 73 319
5
942 161 664 561 742
5
55 129 848 375 105
4
881 588 168 148
3
637 637 620
6
607 33 206 366 584 92
6
685 927 400 54 849 820
2
934 96
7
595 952 183 155 872 491 607
1
863
1
456
7
668 491 260 676 910 341 534
8
36 593 37 969 732 294 125 232
3
807 467 902
4
621 176 507 332
4
575 300 812 430
5
771 447 684 114 3
6
859 237 110 505 461 660
5
799 273 120 33 863
2
850 186
3
828 690 62
4
209 723 561 269
4
13 566 830 971
3
682 837 351
7
843 544 432 858 310 560 64
3
244 340 370
1
924
10
922 975 656 967 157 273 793 761 812 617
4
921 102 583 317
3
527 664 839
9
951 838 149 57 991 971 449 740 136
2
148 896
9
35 203 964 715 580 935 344 903 644
6
579 202 36 283 169 826
7
19 316 543 567 200 674 847
8
73 72 841 828 733 173 743 707
3
827 569 141
9
306 174 647 610 97 715 37 192 677
3
573 890 990
3
817 502 611
2
822 280
6
515 206 596 460 125 548
7
793 385 114 834 510 196 493
2
401 205
8
10 870 694 537 962 390 862 836
3
883 343 663
1
53
2
416 187
2
116 943
1
884
10
298 641 101 741 850 982 982 653 459 78
1
692
5
112 568 856 703 730
2
739 50
5
131 375 385 462 391
7
758 77 685 769 419 755 742
1
32
5
137 558 910 409 321
4
882 798 860 766
4
866 237 191 413
1
73
6
862 586 531 732 151 786
3
704 334 152
9
879 661 567 599 610 778 586 207 470
6
844 635 275 675 33 283
8
9 142 650 902 255 577 20 450
5
662 593 845 118 26
8
324 197 883 620 535 44 503 724
8
480 250 449 781 631 791 643 807
10
139 492 542 362 891 929 146 328 274 90
3
141 502 816
5
20 583 888 568 562
4
730 781 527 93
1
593
4
289 419 795 870
8
414 638 272 199 101 988 386 469
5
977 352 852 331 102
4
122 987 11 997
1
455
5
815 72 866 632 157
5
163 80 438 346 600
5
132 778 356 844 438
3
873 239 434
7
587 573 831 109 543 484 658
9
150 587 885 813 52 698 845 949 406
1
303
1
835
2
661 775
3
915 65 117
3
243 488 347
8
201 25 581 941 780 749 533 645
4
224 225 662 572
7
788 629 808 960 770 470 64
7
208 804 373 973 585 335 601
1
630
1
691
10
956 818 986 172 391 761 708 643 352 401
7
725 763 153 345 258 982 813
7
679 147 556 112 930 316 641
8
461 627 205 601 651 932 65 232
5
37 220 186 1000 545
2
972 504
1
797
10
278 682 608 891 322 340 823 650 560 256
10
753 880 409 7 163 885 555 691 831 727
9
371 774 323 911 695 866 20 935 96
7
589 503 628 67 657 600 224
4
354 439 954 731
5
262 1 356 853 35
10
371 470 251 974 683 641 553 187 900 948
4
511 669 82 38
9
64 57 906 748 401 958 845 328 831
4
163 104 954 423
2
455 903
3
227 680 617
10
646 381 110 123 871 535 568 66 292 789
9
522 381 476 448 251 957 736 80 953
10
653 744 13 414 826 273 213 967 798 814
1
619
7
5 727 479 624 509 913 308
5
14 897 548 704 416
7
472 585 943 250 249 15 930
5
864 847 421 102 274
5
848 51 135 407 479
1
745
10
98 554 82 124 437 798 506 529 5 133
9
661 282 339 746 57 822 807 7 273
2
151 66
8
386 20 450 199 841 92 59 626
10
67 70 190 205 275 412 385 973 992 84
3
913 313 656
9
143 648 498 605 717 885 522 807 748
2
951 889
4
124 68 830 539
5
743 210 442 716 583
9
682 857 5 503 254 53 116 270 41
3
899 80 400
5
605 526 764 816 39
1
129
6
374 229 523 359 833 426
5
353 525 646 107 38
4
406 718 229 846
8
454 870 341 14 319 97 692 459
1
493
2
79 135
9
842 883 429 535 811 134 652 12 474
3
999 70 993
9
510 700 874 487 312 541 17 566 601
3
377 957 380
7
345 773 693 833 125 76 640
10
93 986 886 312 336 29 535 371 676 294
1
831
1
254
8
583 28 304 737 261 326 88 476
4
330 617 149 779
1
976
6
903 750 169 599 513 30
8
204 621 656 790 660 660 988 869
8
149 480 382 473 169 34 654 171
2
149 130
6
2 627 526 511 828 593
3
701 616 865
8
549 398 514 905 971 358 983 866
9
611 862 72 438 664 29 907 868 172
9
684 305 921 378 446 541 748 953 216
10
506 176 249 254 493 852 231 315 370 100
8
773 504 948 973 323 185 836 684
6
596 538 852 86 402 977
5
941 166 531 465 428
7
241 485 140 167 468 114 316
8
349 169 787 415 795 387 545 450
4
271 22 147 560
4
947 736 977 137
1
25
3
255 580 124
6
417 696 491 640 669 36
1
239
4
891 179 289 537
2
633 446
3
319 93 532
7
549 862 831 823 691 360 952
5
847 981 115 627 764
1
139
2
16 35
2
148 55
8
961 797 472 304 554 464 780 116
9
378 300 114 877 128 755 90 860 71
4
931 974 209 192
8
579 57 981 722 842 984 45 367
10
994 769 802 908 451 724 648 121 486 259
8
121 780 152 296 964 753 756 876
8
572 28 393 375 396 580 726 648
2
175 431
6
985 436 64 237 218 393
2
196 927
3
233 447 39
2
984 317
2
607 910
5
954 31 374 695 499
8
498 645 69 795 724 822 919 989
8
351 38 317 810 159 443 904 622
5
84 863 199 217 169
3
82 57 878
8
316 456 719 158 54 851 425 696
8
623 333 515 219 254 26 274 493
9
196 671 472 542 704 757 728 8 991
4
639 615 331 182
3
931 234 709
10
601 25 190 996 477 541 484 556 203 165
1
251
9
568 355 246 213 718 138 731 17 788
10
550 927 548 659 462 646 746 188 320 154
4
280 656 224 229
5
543 497 106 926 604
9
531 997 123 542 318 718 203 896 648
2
381 193
4
325 518 269 293
5
313 373 7 214 220
7
858 211 359 831 654 791 329
10
584 744 270 191 465 225 868 279 920 209
7
825 126 710 549 429 359 599
3
70 485 514
1
433
5
690 863 119 475 811
9
236 8 320 978 549 766 770 421 577
8
810 461 613 887 172 170 311 236
1
759
10
608 621 661 968 494 605 409 393 247 895
10
15 997 369 216 764 492 415 893 427 187
5
355 782 178 25 223
1
360
5
439 956 869 430 307
10
138 682 213 389 30 547 588 17 394 245
4
8 857 488 407
2
694 163
4
924 576 143 631
9
248 78 467 813 298 326 799 630 189
9
879 89 288 110 116 190 377 895 740
7
624 193 900 565 604 758 305
6
588 387 92 356 502 192
4
448 279 858 575
9
112 706 293 940 415 158 722 249 401
10
484 936 934 981 33 862 541 226 502 343
4
193 126 326 38
2
654 151
9
3 111 492 834 261 369 572 874 221
