44
1
780
9
213 905 208 642 335 480 490 899 398
1
451
4
199 441 310 565
2
559 75
6
350 513 937 865 848 487
8
234 27 700 609 600 297 829 923
5
664 679 128 226 904
1
156
9
440 644 144 224 650 787 687 401 308
7
163 100 216 975 148 300 105
2
519 587
10
686 151 148 820 458 812 719 240 966 641
8
140 377 766 884 440 32 183 944
10
339 915 813 125 403 15 534 966 418 896
10
37 346 428 614 653 157 71 210 754 328
10
256 852 694 252 756 653 147 657 496 643
4
385 926 285 188
2
528 877
3
592 504 56
8
725 84 42 855 687 672 513 547
6
288 688 332 537 447 423
10
485 361 672 288 979 508 147 520 214 676
1
387
4
495 499 342 249
9
739 539 22 591 427 593 540 742 344
4
638 42 609 562
2
497 953
4
298 57 923 799
8
850 808 556 585 314 685 617 329
7
528 925 168 142 800 442 561
7
689 778 304 597 852 46 298
5
549 258 168 11 63
8
172 3 521 928 37 529 216 495
8
879 11 350 971 546 301 406 802
1
363
6
503 485 88 970 823 236
3
909 289 178
2
506 908
6
804 992 816 420 216 139
5
734 419 508 158 308
3
897 518 903
4
574 813 396 618
2
72 865
