4224 1
4484 1
3966 1
255 1
4683 16
2725 8
3583 1
872 16
6681 2
336 32
3928 8
6652 1
3609 4
1023 1
3262 4
3235 8
5496 4
6631 2
1469 8
5260 1
1832 32
2385 32
3213 1
2397 8
511 1
6447 4
2210 1
5446 1
4642 2
3121 1
2051 1
5888 16
1746 16
5667 1
2041 4
5398 1
3491 16
6315 1
4483 4
1023 1
1023 1
4516 1
5082 8
2095 1
1142 16
6966 4
1144 32
6429 2
7118 2
2497 32
3035 4
1023 1
4550 16
5981 1
1424 64
8027 4
2365 8
2702 1
6031 4
2047 1
2307 64
5680 8
3848 1
4345 8
1060 1
6345 1
6163 1
947 16
4770 32
1056 1
3003 4
255 1
5556 1
5250 1
2301 1
6153 32
5302 8
1261 16
5147 2
6143 2
5674 1
5261 32
4750 1
2072 1
3389 1
5160 1
4525 1
4183 1
4484 1
3640 16
3433 1
3610 32
5631 1
31 1
4361 1
5898 2
1663 256
5281 1
6021 1
1023 1
5653 2
6256 16
3085 2
2094 1
5271 1
3688 8
1038 1
2819 64
1023 1
5298 16
2411 16
3176 1
3859 8
5113 2
2064 1
3741 1
5350 4
3421 1
6537 8
2938 8
3049 4
6731 16
2065 1
5213 1
4767 16
511 1
2155 32
2366 1
5701 1
6510 1
3263 1
6523 2
2767 8
2755 16
5397 4
3399 1
5337 1
2162 64
4284 1
1023 1
2048 1
4208 1
5715 16
511 1
2046 1
1842 16
4535 8
1023 1
602 16
6779 16
4815 1
1493 16
5875 1
5243 1
255 1
2973 4
