156
7
736 344 679 995 120 625 431
7
327 866 261 565 782 125 126
5
42 278 921 356 354
1
140
8
31 266 918 780 227 509 172 626
4
575 136 844 876
5
36 664 381 393 115
2
506 364
10
30 710 104 752 44 549 929 542 638 427
2
212 122
6
79 693 488 156 508 974
10
561 384 304 206 870 920 860 571 654 856
6
137 537 781 755 156 471
1
925
4
870 784 662 606
4
818 784 405 930
8
219 962 462 307 408 889 421 732
10
345 720 502 507 551 343 162 579 387 447
2
470 919
9
735 876 206 682 463 613 272 260 204
2
997 819
4
190 906 734 425
5
316 251 193 981 946
4
19 994 514 172
1
394
10
928 701 321 32 3 555 841 940 868 706
3
551 876 62
7
727 601 135 620 617 124 648
6
529 149 710 655 720 55
5
663 220 863 540 290
3
38 734 988
10
423 881 872 151 737 799 116 847 552 254
2
664 948
9
690 498 552 589 489 162 660 891 857
2
905 908
8
977 106 340 880 305 768 766 948
4
962 762 613 632
9
270 687 20 533 37 245 66 920 150
8
700 284 510 732 931 285 582 261
1
783
1
798
7
298 536 578 538 325 243 209
8
796 98 177 267 309 596 849 42
3
909 257 199
2
440 560
10
586 476 686 229 115 678 244 173 648 21
2
16 918
10
977 220 13 675 574 691 39 37 373 382
10
946 977 588 579 227 989 691 944 35 566
4
619 788 510 322
4
635 204 366 4
1
679
8
729 299 834 333 385 663 233 930
9
920 777 883 292 312 721 243 516 947
2
876 258
10
653 193 813 160 242 244 73 231 60 182
4
627 268 826 122
3
594 792 821
8
359 400 383 300 818 934 510 133
3
705 123 909
4
204 738 476 887
8
91 645 678 932 991 552 295 696
5
740 679 513 629 473
8
419 383 310 672 538 761 221 905
3
441 97 56
9
677 358 754 456 508 753 127 132 245
9
848 77 182 451 40 279 679 387 488
2
307 376
8
371 215 39 787 781 223 1000 10
3
180 361 184
4
327 304 769 203
1
166
9
92 634 130 925 132 618 884 27 857
7
845 485 913 952 295 748 990
3
920 408 664
10
6 472 717 130 721 524 753 149 904 469
8
143 568 623 154 412 675 509 426
2
49 800
8
882 314 771 411 794 94 458 957
8
910 536 987 893 581 584 939 357
9
484 144 299 849 160 624 890 248 139
10
614 243 360 53 940 812 924 499 172 632
7
114 135 47 33 950 745 682
3
548 452 289
5
368 601 484 358 927
9
336 621 968 863 348 396 2 679 702
7
606 58 78 844 855 493 580
7
478 223 571 224 346 588 950
7
912 43 689 323 830 388 423
6
509 989 288 790 952 106
5
587 154 531 898 43
6
872 65 61 440 707 385
9
47 226 557 143 980 743 534 344 152
1
22
7
384 585 698 121 628 430 74
10
918 19 51 597 182 108 736 77 982 834
2
797 610
9
836 949 661 224 372 391 192 695 322
9
206 917 765 812 280 523 724 20 647
1
892
8
444 820 58 416 342 304 226 689
10
402 493 473 690 473 466 606 902 951 670
4
999 811 699 440
3
107 935 740
9
677 890 172 71 57 960 783 124 335
4
803 575 886 768
3
297 195 110
4
744 383 663 517
1
916
8
70 96 499 300 852 185 287 701
4
127 615 411 746
5
20 975 820 524 140
6
430 12 696 739 378 440
8
409 845 482 773 196 467 241 556
3
105 136 868
5
155 448 480 672 355
8
213 992 982 504 979 115 763 754
5
735 669 199 482 464
10
773 796 840 879 516 207 898 251 924 193
4
677 152 267 74
4
383 25 438 795
10
992 403 310 120 840 506 360 935 416 793
3
25 693 497
9
453 928 50 790 7 747 257 935 218
8
720 435 613 932 286 351 65 49
1
318
4
764 262 819 164
3
109 66 734
7
814 757 735 780 952 682 512
9
351 793 289 919 734 403 989 891 977
5
844 69 725 472 850
10
544 268 778 22 778 535 921 252 736 937
4
709 825 145 928
4
973 431 998 289
8
346 548 146 479 13 752 79 600
5
222 114 745 527 330
9
734 278 320 679 422 177 545 695 470
4
84 742 787 453
7
399 650 641 632 917 272 30
1
930
3
97 444 520
7
691 408 629 266 15 656 467
10
149 905 584 789 180 459 939 700 245 113
1
456
3
586 385 767
2
768 972
6
754 716 579 29 953 924
1
731
2
337 245
10
925 137 933 583 938 848 523 872 634 146
7
601 527 290 85 696 661 57
2
226 715
9
78 473 543 508 193 425 736 966 270
8
125 324 162 418 153 950 910 999
1
159
4
858 394 767 944
