4747 1
2094 1
127 1
3078 1
5513 32
3333 1
3748 16
5472 1
3998 32
5129 1
5978 4
1406 1
5916 2
3256 16
7 1
3378 1
255 1
3139 1
3092 1
4154 2
3487 1
5404 1
2302 1
3425 1
2179 32
3291 4
2048 1
5411 1
5079 4
3351 64
7 1
4508 1
3373 1
255 1
2113 1
511 1
511 1
5662 1
6029 1
765 4
4888 1
6331 64
2478 1
1215 4
1700 32
1023 1
5584 4
1294 1
2358 1
1231 1
3856 32
1816 32
5765 8
5152 8
2983 16
614 16
1051 128
4946 1
2069 1
2482 32
2430 1
2828 32
5061 4
1022 1
2955 16
2543 16
2804 8
2939 4
1023 1
2570 16
3049 4
4877 1
4265 1
5192 1
4908 2
4328 1
4173 1
6317 8
4258 4
3405 1
6409 8
2702 64
3827 2
2094 1
1194 32
3109 1
5836 4
2046 1
1088 256
3465 1
5757 1
1023 1
6021 8
2095 1
2470 1
1026 256
2255 16
4593 8
2405 16
1271 32
3526 16
3958 8
2064 1
6484 1
5891 1
1917 4
1023 1
3661 16
1023 1
2270 1
4546 1
4543 1
255 1
2945 8
6519 1
5975 4
3754 1
255 1
1215 256
6449 1
4258 1
4098 1
2116 1
3707 8
2431 1
5744 16
3187 4
255 1
4767 1
2226 1
6140 8
3412 16
5835 1
5565 1
5179 1
6451 4
2758 16
4227 16
4253 1
4796 1
4512 1
5905 8
2809 4
2079 1
6553 2
5196 1
3853 1
5622 4
308 16
3761 1
5509 1
5794 4
255 1
1023 1
3251 1
1023 1
5517 1
3317 1
3223 1
4917 8
7401 4
4181 1
5280 1
4325 8
2815 8
2128 1
3337 1
2110 1
3774 1
6139 1
4989 4
4733 1
1009 8
3031 4
3924 8
6576 1
6667 4
6076 4
4581 1
4365 1
6690 1
4480 4
4357 1
511 1
1948 8
5911 1
5719 8
3971 1
4282 1
3612 4
6066 1
4464 2
6987 1
4236 8
5876 4
4334 4
6175 1
3044 8
5945 1
5251 1
6065 2
4463 1
1330 8
4109 1
5336 8
5285 1
6869 4
4198 4
5709 64
1020 2
511 1
1023 1
3070 1
5888 1
3742 4
4679 1
6871 8
6539 2
4751 32
3830 4
1363 64
2495 32
5557 8
5403 4
4292 1
6535 1
15 1
3077 1
4878 1
31 1
2052 1
1023 1
255 1
4748 1
255 1
3029 4
946 8
3061 2
1482 16
4991 2
3295 1
4281 4
610 32
6199 8
1023 1
3369 32
3979 1
4015 16
5005 2
2686 1
2084 1
