251
7
767 65 765 655 954 367 902
3
809 162 999
1
84
5
135 410 829 761 361
10
934 287 239 430 856 517 562 984 5 443
5
974 651 412 269 658
6
368 709 629 623 472 943
7
445 876 484 329 333 847 436
6
164 873 129 179 959 414
7
704 563 59 617 635 771 280
10
130 288 133 611 645 480 880 479 433 751
3
291 344 319
10
870 565 162 443 404 862 297 902 483 750
6
519 481 986 941 224 53
1
6
5
558 646 894 126 175
1
210
5
543 743 453 110 506
5
212 310 95 814 914
6
747 344 219 118 392 724
5
82 30 816 656 638
9
123 855 548 293 601 378 494 561 135
3
894 962 429
5
324 650 648 204 516
4
18 472 698 789
4
961 351 433 498
3
536 277 236
9
928 960 242 730 188 526 96 894 50
8
67 935 626 926 363 749 540 73
6
544 863 397 225 872 414
1
6
7
643 188 303 928 721 438 189
5
353 649 718 725 10
1
219
3
530 418 430
1
463
1
488
7
577 143 202 435 208 471 174
9
450 526 73 27 242 134 6 960 770
2
16 273
7
411 28 101 604 508 158 611
10
981 51 873 254 606 64 259 188 654 97
3
44 611 37
4
483 338 118 250
2
548 894
1
677
8
839 217 429 541 158 160 53 495
3
441 475 278
3
28 665 94
3
80 374 382
6
919 148 587 570 626 492
2
774 992
10
8 764 321 634 175 856 270 843 247 527
8
59 653 749 775 281 690 229 944
4
746 332 719 608
2
334 214
2
801 194
7
18 986 309 509 424 913 8
3
971 171 355
4
955 464 612 443
3
128 155 748
4
633 335 136 176
8
566 232 740 513 323 298 481 226
3
285 103 458
4
507 794 302 70
4
794 316 536 511
4
211 530 949 946
4
255 636 317 195
1
613
4
880 296 47 955
4
494 63 64 634
7
282 697 74 556 375 76 312
7
676 198 908 756 557 489 268
9
304 656 691 343 978 405 169 887 627
6
290 954 445 455 293 151
5
886 875 860 378 942
7
535 343 476 164 306 724 924
10
653 5 146 210 405 599 854 710 52 331
6
890 408 284 47 16 811
5
86 193 100 747 907
10
410 702 805 436 412 161 69 6 914 938
4
730 42 777 881
4
818 819 560 820
3
770 75 133
2
244 928
5
749 886 572 459 296
8
373 990 548 958 682 998 499 768
3
523 758 492
2
399 561
5
66 42 516 374 722
9
897 784 206 238 949 445 397 914 560
1
746
10
438 635 168 662 54 731 175 261 784 689
3
382 186 752
3
889 380 299
2
126 898
4
520 75 488 770
8
973 927 224 250 860 141 891 263
4
374 171 519 701
2
712 463
6
341 414 604 313 627 907
6
696 655 307 933 759 464
3
355 907 166
9
298 340 83 338 666 372 79 512 405
9
45 621 464 191 190 195 574 393 834
2
785 912
1
727
6
861 432 800 342 936 130
1
1000
3
267 532 13
7
58 934 328 552 410 338 821
7
932 25 966 413 990 72 960
1
156
4
473 592 629 671
9
459 792 966 843 197 546 960 791 656
10
552 825 778 288 221 334 559 464 866 488
5
103 469 158 901 449
1
217
2
634 325
9
970 844 542 886 809 120 474 642 905
7
578 943 227 441 498 620 666
7
814 245 73 786 112 385 745
3
120 961 753
6
775 490 150 349 777 942
3
576 2 124
10
174 875 789 72 973 704 808 699 454 122
4
636 189 652 548
1
200
7
609 158 896 596 95 580 40
7
166 38 110 114 481 370 498
10
806 949 291 736 928 411 103 812 102 744
6
350 428 521 279 570 622
9
198 431 976 410 534 459 665 500 985
9
479 592 343 982 530 932 323 494 241
9
664 954 221 840 527 839 279 448 177
10
833 765 249 574 167 147 991 236 665 796
4
918 72 238 502
6
418 76 736 411 13 257
5
550 699 629 840 874
7
641 508 508 882 851 480 911
7
853 508 966 261 664 943 203
8
169 444 509 127 990 424 34 6
4
627 371 91 424
3
730 260 734
10
475 898 227 682 818 205 34 765 629 740
7
973 608 633 311 810 684 994
5
483 440 270 492 519
8
703 800 731 287 833 569 206 533
2
147 89
5
410 921 799 434 257
9
629 626 579 180 669 461 132 343 852
10
489 481 718 93 645 985 652 421 856 282
1
146
1
794
5
560 811 184 445 16
1
809
9
330 810 124 618 674 246 120 303 851
5
981 158 186 393 795
5
688 419 75 995 714
8
468 950 129 391 349 695 809 774
10
281 466 290 591 55 31 888 509 278 44
7
845 721 382 227 243 789 304
9
462 935 379 219 755 621 608 337 800
6
149 125 602 540 239 366
4
504 542 556 827
3
741 357 968
5
777 361 895 429 657
3
779 187 788
5
798 600 260 769 734
9
568 809 736 860 676 218 603 487 775
6
796 318 279 442 123 343
7
998 633 611 613 897 465 422
2
313 308
4
647 999 767 74
6
621 989 166 319 906 795
9
516 904 770 527 982 938 304 902 254
10
749 825 255 977 530 145 688 348 760 862
10
763 844 742 8 861 531 440 329 786 434
7
815 725 21 629 254 347 126
7
780 92 43 458 879 952 404
9
923 10 943 739 867 440 965 715 900
8
467 794 499 577 335 717 601 26
7
813 410 737 63 667 612 79
1
426
2
825 859
9
987 574 488 550 146 902 639 91 765
10
451 401 236 328 616 198 833 669 516 647
5
465 639 975 999 837
7
463 704 237 341 838 592 36
6
43 787 173 853 524 172
9
728 114 556 688 923 674 504 826 58
6
10 655 656 226 504 155
9
947 528 918 708 967 816 813 247 809
6
611 589 285 597 676 178
10
569 286 188 786 679 41 535 262 218 838
6
937 451 936 267 455 56
9
311 205 683 4 358 372 620 562 89
4
387 192 779 462
9
695 710 896 514 151 356 423 801 687
9
429 190 120 277 635 634 949 954 230
10
24 444 169 650 161 604 396 907 514 600
7
880 443 375 811 351 740 211
4
248 379 377 62
7
618 334 408 978 717 163 548
8
880 562 286 127 740 803 335 819
7
883 887 359 863 608 489 532
10
597 499 501 345 156 953 296 469 18 907
6
694 309 695 12 122 316
10
907 931 570 490 583 503 88 146 26 289
2
307 305
1
469
1
970
5
186 668 320 839 494
9
78 579 231 585 529 616 169 458 277
6
432 545 484 13 382 676
7
461 180 203 805 690 145 661
10
862 825 964 882 374 782 441 151 733 537
10
592 858 215 973 559 711 73 271 116 763
8
122 489 916 869 97 408 22 542
6
561 696 412 557 196 246
2
183 540
4
65 299 973 774
8
682 962 848 47 762 382 886 982
8
21 188 284 129 496 431 711 819
7
319 833 580 673 353 169 107
9
91 191 135 184 100 167 540 780 683
1
11
5
350 953 584 715 166
7
414 620 514 538 737 356 742
1
24
3
158 647 895
1
738
1
172
7
517 447 622 940 448 971 722
1
149
4
434 54 218 649
2
420 488
4
564 45 527 993
2
827 271
6
881 803 319 801 529 986
5
427 644 412 217 788
6
242 706 971 476 169 77
2
75 471
10
455 50 598 174 49 557 117 517 682 904
1
783
6
140 937 950 279 668 75
5
580 836 97 884 639
6
131 465 923 325 557 494
8
435 712 38 527 928 406 450 203
3
904 695 974
3
663 207 782
