6704 1
3773 1
4672 1
6039 1
6747 16
4868 8
2312 1
511 1
1894 8
2093 32
4313 1
3405 1
1023 1
3068 2
2032 8
31 1
4677 1
255 1
6464 2
4576 8
511 1
5603 1
2047 1
2997 4
2334 1
4464 1
6814 1
1201 64
4373 1
6146 32
5494 1
5865 1
511 1
1150 1
224 16
4181 8
4085 16
511 1
4110 1
1023 1
1143 64
6349 1
5593 4
3446 16
1310 1
5453 4
511 1
2454 1
5572 1
511 1
1097 128
1472 64
5038 4
2462 1
5960 4
2870 1
5247 1
2566 1
4545 1
5602 4
5679 1
4536 4
5765 1
3327 1
1574 32
3463 16
2206 1
1487 64
1023 1
3457 8
4532 1
6359 8
2058 1
2046 1
5759 1
1732 32
4250 8
1776 16
4805 1
3103 1
571 32
2538 8
127 1
5537 1
5111 4
255 1
3422 1
3893 8
5249 2
2334 256
6773 8
5442 1
3391 1
1642 1
5899 4
3757 1
3605 1
3085 1
6443 4
6145 2
6456 16
1023 1
3197 1
3277 1
2148 64
1867 32
2047 1
6071 4
6520 2
6436 1
2113 1
4227 16
5525 1
6710 2
2883 16
2566 1
5182 1
4636 1
5860 4
5505 1
4157 1
5227 1
5866 8
511 1
2320 32
5574 16
4165 1
2303 1
3671 8
2844 4
5341 32
3580 2
6432 4
1662 4
4048 8
1023 1
5447 16
3337 1
4811 4
2862 1
3611 32
2828 4
5842 8
2304 1
5646 1
4310 1
5523 1
1861 32
4159 1
4720 1
366 4
5936 1
4958 8
4301 8
3241 8
2844 16
511 1
2821 8
1023 1
511 1
806 16
170 8
4906 32
1214 8
511 1
4399 1
4307 16
2310 1
5244 8
4924 8
4927 1
5428 1
5801 8
3711 1
4356 1
5318 8
6151 8
3422 1
3150 1
1023 1
1023 1
4270 1
1030 128
4145 1
1023 1
3361 1
127 1
1023 1
4748 1
2238 1
7181 16
3069 1
511 1
63 1
5566 8
3100 1
4197 1
6019 1
2099 8
4965 8
3993 8
4860 1
1072 128
4109 1
5919 1
5512 8
6484 16
5560 2
2698 64
5437 4
4426 1
2051 1
3908 2
2915 16
2790 32
6497 1
1214 8
1022 1
2304 1
4643 8
5617 4
6116 4
5489 8
1493 16
5517 32
1335 64
1123 8
5128 1
5212 1
5469 4
5077 4
6805 4
4289 1
3846 8
7225 1
1357 32
3262 1
1472 64
1049 128
4274 16
255 1
5358 8
3271 1
4732 32
4360 1
1023 1
2062 1
294 16
1168 128
2623 1
5706 1
2304 1
5625 4
5668 1
6498 1
7124 8
6428 2
4450 4
2924 8
1052 64
1023 1
3790 32
4509 4
1205 32
3261 1
6815 16
5797 1
2492 8
6533 2
5432 1
5818 8
1376 32
3313 1
2442 1
2574 1
2720 32
4107 1
2003 16
1476 32
6028 1
1023 1
3368 1
4167 1
2302 1
6735 4
5845 16
1207 64
2207 128
2882 1
5254 1
1023 1
2736 32
3087 1
5788 4
4380 1
4731 8
1023 1
511 1
5763 1
6769 1
6145 1
3102 1
6169 16
4260 8
4029 1
1023 1
4549 8
2366 1
5922 2
1846 8
5292 1
6243 1
3149 1
3774 1
3069 1
4330 1
3619 1
2176 1
3326 256
5122 1
1160 128
4204 1
5623 2
31 1
4780 1
5436 1
2187 1
3365 1
255 1
3624 4
5635 1
1300 64
5775 1
6198 2
4748 1
5537 1
511 1
3085 1
4376 4
511 1
1035 256
4974 1
6331 4
5636 1
4248 1
5340 16
4688 32
2048 1
1473 64
3127 1
63 1
1023 1
5889 1
3123 64
2054 1
255 1
2858 1
3469 1
5825 8
3713 1
2558 1
2321 64
511 1
4161 1
4238 32
4508 1
255 1
1322 32
3638 1
5635 64
2128 1
5204 128
5781 1
2074 1
6019 8
5204 4
5572 16
31 1
31 1
5883 4
5642 4
3954 8
1023 1
5212 32
6146 1
3305 4
4422 1
1702 16
6171 2
3373 1
3426 32
4069 2
6266 2
2281 1
1024 512
6091 1
1023 1
511 1
1158 1
3536 1
5244 1
2048 1
1517 8
3946 8
4716 1
4906 1
4488 16
5933 1
1418 32
4518 1
6065 1
4997 16
3224 4
3316 8
6136 2
1023 1
4505 8
3166 1
5250 2
6540 1
1023 1
4291 1
3205 256
5697 1
3458 1
3010 8
1342 1
3517 16
5360 8
4607 1
3457 32
2051 1
5797 2
5297 1
1042 1
4816 16
3121 1
6786 1
5189 1
3135 1
5120 1
5385 16
1909 8
542 16
3082 64
5857 8
4265 1
2086 1
3149 256
5183 1
1184 1
6017 8
511 1
7233 16
5933 2
1936 32
2218 1
1023 1
2079 1
4410 2
1446 16
3048 8
4307 1
5389 1
5279 1
3587 1
4019 8
1344 64
4648 16
5046 1
6739 2
6496 16
1262 8
5947 1
6884 8
988 4
4183 32
2856 32
3838 1
4908 16
3793 1
255 1
2588 32
2430 1
1023 1
2307 8
1023 1
2079 1
4477 4
1023 1
3466 1
4810 16
3529 1
6217 4
5425 1
1023 1
5498 8
1278 1
1083 64
5186 1
3069 1
4513 32
2047 1
3965 4
1542 64
3258 16
255 1
2080 1
5714 8
4132 1
2506 16
511 1
6080 2
3581 1
3870 1
3872 16
5585 2
3107 1
2546 8
2620 16
5327 1
6061 1
6213 1
1023 1
255 1
3375 1
3763 4
2652 16
2825 8
5735 32
3350 1
4555 8
3693 1
1592 32
4376 1
4130 4
2424 16
1023 1
5919 1
1412 64
1023 1
1103 1
4736 32
6033 1
1070 1
362 8
5403 1
4952 4
3725 4
4126 1
4714 4
5623 16
5226 4
3166 128
2052 1
2611 32
1023 1
2302 1
1245 16
4306 64
5370 4
6444 8
4297 1
3773 16
4722 1
5190 1
4569 2
2110 1
5810 8
3120 1
3021 4
2126 1
2841 4
1023 1
3326 1
1023 1
63 1
3993 16
1383 64
5816 4
5638 1
4941 1
5521 16
5952 8
7 1
7402 2
4222 1
5443 1
4166 4
3108 8
139 32
2735 1
127 1
3274 1
4384 1
5268 4
1916 4
5130 4
5406 8
5471 1
5955 64
2094 1
255 1
2503 1
4189 1
2814 1
525 64
2782 1
3843 8
6872 8
1345 128
255 1
5667 2
2497 8
4707 1
4731 4
255 1
4273 16
3120 1
2571 1
4698 1
2068 1
3111 1
4932 64
4557 8
2046 1
3630 1
2111 1
2574 32
7716 4
5770 2
7288 2
2283 16
6829 1
6033 8
2240 1
4879 16
1256 32
6043 4
1990 8
4496 16
4649 8
2750 1
6309 1
5288 16
1483 32
31 1
255 1
5928 1
2468 32
6412 1
3567 4
5118 4
1132 32
589 32
4238 1
738 16
1115 64
4865 1
3671 1
3327 1
5832 16
4689 16
4220 1
255 1
1378 32
5142 2
5214 4
4399 1
5726 2
1214 4
5904 1
2276 8
3343 1
5064 1
2351 16
1074 64
3297 1
5050 1
2891 16
3117 1
4760 32
1083 64
3764 4
3406 1
4122 4
5454 8
3090 8
4270 1
1347 4
2142 1
3091 1
2648 32
515 1
4224 1
4625 1
6600 8
3606 1
3358 1
1118 1
4672 1
1023 1
4439 16
6266 1
4608 16
1340 16
3085 1
351 64
510 1
4529 16
6144 1
63 1
2430 1
4763 8
4203 16
2078 1
2076 1
3440 16
2383 64
5967 1
6580 4
2055 1
1183 256
4820 4
1230 16
3410 1
6148 1
4175 1
4924 1
2060 1
5733 1
2916 16
6260 1
1396 16
5149 1
3881 8
6651 2
1221 64
532 1
3118 1
2319 128
6427 2
3368 1
4983 1
4876 16
5246 1
4307 8
1584 64
3072 1
5162 32
2354 1
4233 1
4605 1
3843 1
4509 1
3746 1
4849 8
7112 4
6448 2
6179 1
2347 1
2977 16
6741 4
1038 1
2369 1
6461 1
5636 8
1716 8
5548 16
6477 1
5644 1
3632 8
1023 1
3774 8
3119 8
5379 2
2266 1
2334 1
5808 2
2641 32
3326 32
7136 1
4992 1
511 1
3301 8
3008 4
6569 1
4826 8
3613 1
4868 1
1546 1
6330 8
2635 16
3141 16
5916 1
511 1
4079 8
4636 128
5928 1
3657 1
599 64
1117 32
4411 2
5702 16
4408 1
4275 16
4998 1
5546 4
1773 1
4860 1
3197 1
2777 8
5858 8
3655 32
1023 1
5645 1
3500 8
3663 1
2480 32
1389 16
5901 1
4692 32
3527 4
5112 8
2939 4
3212 1
4445 1
1486 1
5831 16
1023 1
255 1
2600 1
4927 4
3150 1
5099 4
2958 64
3886 8
3110 1
2993 8
1023 1
3997 1
4855 4
1100 64
5838 4
5601 1
4526 1
4173 4
5802 8
2565 16
3654 1
2886 8
3111 1
5411 1
4908 2
5250 4
511 1
4371 8
5753 8
2887 1
3141 1
3269 1
5561 8
1023 1
1023 1
5884 1
2186 1
4272 1
2084 4
3685 1
3868 4
3052 4
3137 1
6641 4
1111 16
2855 1
6109 4
702 1
4630 2
1023 1
2841 16
5410 8
6476 4
4476 256
4883 1
5139 1
3069 1
5877 8
6294 8
6659 16
2334 1
3574 4
4278 1
1092 1
4420 1
4583 1
4478 1
5505 1
2425 8
5754 4
6045 4
2046 1
5913 4
5014 1
1023 1
6265 16
5289 1
3898 8
1023 1
3002 4
5372 1
1569 128
2775 16
5538 1
1093 128
2558 1
4120 1
5647 1
5739 4
3250 32
3740 8
4167 1
3173 1
5482 8
6983 8
1645 1
7485 4
4492 8
4788 8
4294 1
2238 1
5431 16
1023 1
6710 4
4870 1
6271 2
3581 1
1426 32
3399 1
7280 4
5370 4
6167 2
1 1
4609 64
302 8
6699 1
1602 64
511 1
3105 1
3377 8
5745 16
4953 16
2563 64
6111 2
5457 1
1278 1
4830 8
1024 512
1130 32
7110 1
1165 16
4265 8
3232 1
3287 4
3178 1
5729 1
2906 16
776 64
511 1
5643 1
4071 4
7482 2
5655 16
3091 1
1106 64
127 1
511 1
2991 4
571 1
2046 1
3890 8
4276 1
4956 8
1023 1
6541 1
2699 32
5979 1
