986
9
932 782 793 833 238 575 742 738 820
5
890 994 509 370 357
7
726 931 490 301 231 77 292
9
570 998 458 991 618 787 264 314 606
10
162 258 651 465 711 789 508 500 354 237
8
379 695 369 752 122 610 549 320
3
350 959 842
1
363
2
616 752
4
154 115 978 820
5
226 609 610 581 539
5
967 247 292 848 960
1
637
4
294 670 983 913
2
976 990
1
22
7
311 304 773 42 573 407 897
1
250
10
787 19 787 735 163 87 617 234 124 263
6
311 568 195 398 29 67
1
492
9
953 910 29 720 134 838 795 411 264
3
402 550 856
4
152 350 961 432
3
731 9 518
7
755 702 384 24 707 413 409
10
306 127 248 543 616 406 275 594 345 200
2
350 531
7
387 503 890 738 833 23 259
10
42 843 687 465 817 242 200 214 55 525
9
345 720 759 131 694 266 81 987 619
9
556 964 681 301 800 76 604 872 428
1
448
3
455 224 156
2
97 127
6
511 845 606 148 333 330
6
88 106 837 365 10 791
1
257
5
710 543 819 889 657
1
833
2
460 587
9
575 672 504 648 953 85 96 760 685
8
924 260 927 477 373 229 843 400
6
260 729 942 976 290 7
3
413 451 264
8
442 87 698 792 76 322 344 54
1
506
3
142 680 233
9
924 360 880 614 370 103 231 409 994
1
269
2
378 719
2
287 801
8
24 209 932 316 942 720 273 306
3
80 521 6
10
212 87 462 402 619 74 773 620 481 804
3
516 643 704
8
24 695 463 286 559 822 356 376
3
835 692 615
7
337 959 814 937 32 369 635
10
56 266 740 105 326 915 135 676 869 612
9
651 631 907 902 869 498 880 96 176
6
492 138 130 855 28 235
9
103 529 749 503 191 270 589 540 515
5
876 545 273 118 92
2
821 749
6
281 378 551 249 625 851
3
485 950 185
2
888 343
1
680
6
840 912 219 337 108 953
7
73 563 688 824 137 306 190
10
682 892 191 197 23 592 962 598 85 969
3
545 210 851
3
106 731 436
9
820 922 824 998 960 140 172 411 145
2
553 787
6
386 465 816 272 421 552
2
731 981
7
627 377 69 423 41 166 882
5
392 621 819 180 480
2
433 114
4
271 535 611 145
1
116
7
145 279 98 216 708 338 210
8
689 724 233 585 960 850 349 125
1
152
5
714 368 966 411 860
6
555 143 840 499 499 293
8
72 781 107 521 469 381 110 656
4
315 840 7 596
10
725 524 761 772 179 991 610 610 106 423
7
630 517 906 711 643 142 876
5
894 817 887 175 426
5
351 202 18 478 362
10
177 606 728 636 394 774 926 706 339 409
5
714 9 275 379 280
5
333 189 882 186 89
5
825 702 192 351 438
10
651 785 625 346 284 469 885 970 122 906
8
413 370 262 308 866 866 101 77
10
691 483 703 384 853 598 758 191 979 768
1
662
5
401 744 652 471 99
5
448 251 384 993 626
4
732 459 594 291
2
662 549
3
221 313 707
8
465 22 461 466 832 408 19 16
10
25 519 858 254 132 230 565 347 770 50
9
765 565 852 851 926 982 342 532 98
3
353 973 725
6
935 978 211 255 204 108
9
655 314 850 134 322 731 83 221 762
10
70 713 10 188 287 258 459 634 478 595
4
334 39 425 997
3
665 941 622
9
95 995 211 945 714 610 431 300 93
7
29 839 802 294 464 2 865
10
951 59 521 291 698 974 491 108 12 435
9
738 507 269 561 786 658 428 279 938
5
968 687 795 816 535
9
110 704 796 158 757 777 284 406 168
10
757 794 245 677 609 312 205 866 149 200
1
271
4
813 752 61 306
8
818 637 907 772 642 378 464 552
7
975 99 393 525 15 184 832
3
117 651 629
6
946 816 504 244 413 728
4
769 262 589 660
8
596 164 417 239 787 474 24 398
6
180 930 225 897 74 572
10
296 528 506 899 896 203 446 752 781 811
2
980 596
6
327 831 273 454 821 942
1
805
8
53 486 648 480 234 539 499 442
5
279 917 5 565 597
8
731 482 91 879 359 312 556 881
3
522 647 709
6
711 829 429 874 598 138
4
227 813 256 32
8
85 920 285 780 849 579 891 549
3
93 724 40
7
558 894 647 749 663 794 972
7
877 688 717 237 300 968 172
9
64 669 170 923 905 968 336 778 319
6
262 417 343 227 212 256
7
150 259 651 812 767 19 357
7
877 178 945 801 528 97 904
2
214 70
9
559 918 416 251 545 128 977 823 675
8
122 6 379 367 832 427 698 551
6
432 771 482 849 261 66
4
284 385 478 1000
4
275 381 964 180
1
497
4
948 444 736 559
1
748
1
271
2
335 407
2
104 60
8
665 509 726 237 804 372 791 798
2
225 929
1
437
7
244 556 438 716 508 964 172
8
531 756 8 991 478 426 899 80
3
924 493 795
8
351 123 700 828 373 471 322 540
8
210 555 987 263 875 562 467 925
7
502 951 893 667 691 865 346
7
562 531 865 513 541 404 926
8
435 456 265 811 366 181 337 638
5
480 338 604 380 226
7
520 453 884 758 463 479 741
8
580 168 998 640 559 722 108 435
10
26 955 886 548 695 104 325 129 240 299
5
270 686 947 816 500
5
481 537 441 682 539
1
808
1
520
7
926 730 583 204 577 451 259
2
218 802
7
174 520 975 450 50 960 793
1
910
5
135 320 876 813 934
1
103
1
881
7
951 760 492 923 322 276 409
3
259 9 572
10
966 859 633 980 253 954 699 669 243 925
5
124 550 931 834 477
1
445
1
52
10
710 918 185 860 217 315 307 657 419 690
5
411 838 638 668 126
5
306 288 502 933 287
9
49 706 296 708 860 774 501 827 807
6
320 316 58 352 135 362
8
832 883 29 474 858 693 350 460
6
960 247 832 182 348 376
7
801 648 921 449 259 902 498
2
314 756
7
494 722 22 209 313 888 812
9
814 819 662 31 8 40 789 663 13
10
519 946 986 784 15 286 588 213 316 153
10
132 392 949 175 995 275 297 586 95 380
6
579 523 533 668 835 518
4
872 627 791 128
8
571 496 934 763 802 537 35 891
7
612 297 961 232 955 395 812
3
276 910 622
6
69 965 726 761 497 790
4
76 38 372 891
4
568 69 810 959
9
937 152 469 794 152 23 93 120 251
2
349 541
3
157 364 371
3
288 461 880
8
545 756 849 253 435 647 192 410
8
351 356 220 530 43 464 544 219
10
629 7 578 81 132 651 999 198 894 219
8
259 113 468 502 209 566 282 1000
2
704 233
10
858 729 61 214 126 786 921 436 296 958
2
89 670
4
183 271 230 263
7
884 589 804 445 795 761 712
7
442 803 41 22 228 510 17
8
857 185 26 759 540 62 803 701
8
214 524 596 641 975 736 365 344
10
967 216 499 580 910 606 910 820 351 814
7
983 85 992 424 715 819 219
6
802 506 658 636 441 657
9
124 8 170 103 77 698 552 426 40
2
123 714
5
439 686 585 435 157
2
147 685
2
169 844
6
957 965 563 651 88 978
1
153
8
538 982 510 468 900 753 769 274
5
69 768 86 984 517
8
379 90 19 632 880 649 49 978
7
109 522 502 622 414 725 553
1
801
3
664 631 287
2
19 203
2
399 737
3
701 771 911
7
536 185 52 425 31 194 73
3
831 962 439
10
622 976 540 440 8 378 363 410 528 948
7
997 640 841 804 744 712 531
9
159 148 868 679 85 185 457 664 135
10
962 99 302 308 940 23 120 359 464 169
10
804 43 921 195 519 937 749 735 182 31
6
243 676 689 246 607 933
4
220 16 453 615
2
76 942
1
800
6
153 956 432 783 683 399
6
992 401 338 500 268 954
2
872 33
5
513 478 534 556 305
10
222 704 32 205 747 893 202 434 209 535
9
867 79 301 78 957 303 36 193 663
4
124 762 256 570
10
771 451 56 865 818 985 450 891 59 635
9
735 70 367 672 854 339 981 339 59
10
447 681 450 728 573 131 384 474 992 832
4
48 71 380 361
5
429 695 678 970 45
3
614 21 69
3
962 809 519
4
669 938 974 107
7
176 960 507 536 45 588 298
2
544 523
2
377 835
9
810 925 355 529 531 492 820 561 31
1
941
5
740 888 52 129 758
7
24 966 857 467 225 869 53
3
844 411 500
10
962 575 181 546 835 837 562 354 107 656
10
480 148 341 623 920 920 295 746 803 389
2
436 755
4
640 482 284 735
3
860 999 871
8
886 645 443 677 293 988 957 213
1
896
4
726 998 785 131
5
159 624 83 918 874
10
893 401 242 556 171 147 946 913 126 721
6
450 488 911 914 94 329
6
319 343 305 500 732 464
1
730
1
364
9
57 777 616 439 707 798 845 444 598
9
181 920 224 284 640 81 158 182 456
9
484 647 698 581 265 982 551 826 895
5
912 349 147 805 719
10
378 38 500 896 274 946 667 223 366 837
6
451 408 938 725 494 146
5
935 666 97 690 669
1
580
8
77 695 63 824 186 150 858 926
3
59 128 676
10
983 150 949 48 607 893 34 125 930 787
2
517 717
7
457 581 366 210 365 142 336
9
333 78 787 475 905 697 494 334 392
5
84 556 368 991 243
5
733 15 57 290 259
5
582 180 285 337 939
7
799 284 230 878 738 125 379
5
573 525 918 449 988
3
798 562 331
6
328 549 318 577 506 534
7
24 311 224 641 476 417 378
2
55 833
7
881 897 730 401 24 535 338
8
463 34 469 818 192 634 137 202
1
29
7
479 157 862 297 77 6 566
7
397 483 700 420 243 98 186
3
965 405 759
5
314 739 377 398 941
1
161
6
307 732 245 700 562 416
8
390 470 751 689 451 368 393 963
2
393 867
9
784 65 171 929 410 897 333 830 422
10
725 50 998 312 735 983 325 113 43 106
7
45 579 762 577 406 864 782
9
436 280 83 652 286 531 829 997 445
1
260
5
518 548 97 394 473
6
144 57 666 645 501 39
1
345
2
698 329
7
513 460 990 833 232 831 832
10
537 406 250 171 281 392 657 296 969 996
9
53 956 693 658 151 915 501 821 398
7
25 434 924 479 9 739 762
8
31 28 15 407 887 582 482 476
8
126 437 44 791 571 815 584 296
3
260 760 373
2
788 297
5
69 715 333 424 668
1
46
1
982
9
175 770 988 10 631 554 691 123 966
6
51 737 930 253 787 325
3
259 644 247
1
186
3
966 981 773
5
244 674 40 905 207
10
948 870 526 174 344 39 238 436 438 620
5
464 405 170 227 571
3
656 895 775
4
70 182 875 648
1
293
7
691 834 761 344 570 500 190
8
962 261 815 701 113 765 281 76
7
347 651 833 28 374 801 966
1
189
2
476 776
5
85 161 161 870 427
10
67 751 637 956 766 55 422 496 936 37
3
959 530 54
8
329 424 702 920 805 750 539 607
9
17 413 813 106 539 191 282 933 465
3
913 466 50
10
30 144 687 712 310 514 114 664 241 863
8
19 804 321 83 752 269 793 455
10
624 610 449 39 897 371 214 393 595 724
1
29
1
26
10
897 472 416 493 307 946 605 596 328 727
8
514 403 528 237 713 754 517 156
6
447 787 979 564 170 879
1
996
8
371 588 292 799 714 243 549 632
9
369 389 156 501 689 840 495 204 937
4
118 208 28 625
7
34 536 666 431 208 944 98
2
570 866
10
634 113 106 826 552 963 908 282 691 172
5
441 501 521 886 882
6
839 513 363 126 200 801
6
143 762 540 834 360 618
10
68 977 713 538 908 434 963 991 239 203
3
927 155 651
2
89 935
9
535 270 261 592 752 141 526 619 969
1
852
1
364
3
37 1 374
5
224 621 111 293 561
9
29 567 201 939 975 812 917 434 50
3
704 61 408
2
544 49
6
107 952 621 976 575 195
7
969 742 77 26 333 306 193
7
538 601 893 325 680 777 274
8
67 184 681 206 811 450 900 925
9
637 898 545 178 37 723 629 477 931
2
493 921
7
124 39 403 609 545 831 721
9
53 858 526 411 588 449 834 810 995
8
850 903 573 204 815 332 914 148
8
299 225 166 188 66 165 220 183
6
160 628 462 583 460 921
10
150 805 769 219 398 91 871 122 982 369
1
545
8
399 31 607 275 973 741 446 777
5
895 953 227 372 585
8
155 329 202 969 760 642 72 365
9
255 873 103 201 133 220 761 516 124
1
689
7
630 350 709 635 256 198 814
6
1 287 820 242 995 588
9
934 17 953 648 848 549 500 316 585
5
596 66 476 79 660
4
543 681 780 142
3
491 341 320
6
176 793 152 536 505 555
8
33 163 301 942 710 170 248 897
7
277 72 201 651 700 439 369
4
617 725 840 759
3
619 953 67
8
596 52 342 723 784 596 925 521
9
687 545 914 909 832 441 452 192 90
3
302 461 103
8
718 989 859 400 237 114 723 128
5
444 607 896 541 87
9
69 591 38 34 725 203 235 156 591
9
479 637 997 650 340 799 208 232 809
5
447 487 531 544 158
7
203 181 545 90 510 512 136
8
709 365 593 857 690 968 211 840
2
761 624
2
12 492
4
353 978 295 408
10
14 83 927 390 57 202 889 351 933 603
7
648 66 947 682 458 230 835
3
258 595 196
6
260 495 752 699 803 108
9
597 312 650 665 910 484 281 69 464
3
440 241 229
10
535 338 956 287 284 477 887 136 632 841
1
505
10
519 494 38 132 622 319 201 65 236 415
8
554 219 763 665 65 765 607 239
2
846 800
3
628 311 871
1
871
3
623 163 501
6
806 821 242 373 880 982
2
930 506
4
473 758 41 236
7
245 746 789 967 196 933 81
7
860 779 767 431 902 823 763
9
426 282 659 996 760 369 476 52 724
5
368 25 513 239 400
6
9 925 437 638 432 294
4
110 182 395 17
8
486 736 303 83 702 890 161 759
7
249 622 750 519 767 64 107
10
119 249 206 971 268 909 39 185 715 390
10
90 257 37 146 359 932 707 753 211 372
2
704 464
9
16 373 706 734 607 366 585 549 56
10
957 960 13 853 880 730 939 503 911 74
2
417 387
8
629 431 268 490 574 758 120 911
4
312 614 200 190
5
610 582 956 202 573
8
503 985 466 918 793 132 259 564
5
819 400 229 408 187
1
239
4
57 482 411 606
3
187 689 718
1
926
4
542 298 459 526
1
800
3
100 698 880
8
544 760 481 431 500 269 513 787
1
747
5
591 251 371 216 585
8
776 203 439 512 578 476 401 245
5
337 86 82 560 667
10
989 250 791 190 990 618 746 386 761 492
9
920 756 120 978 304 736 169 451 420
1
837
10
899 567 605 388 112 416 182 418 783 694
3
306 422 473
2
490 553
7
115 41 619 419 167 372 409
5
765 170 280 871 657
8
492 777 884 661 226 95 546 62
3
803 219 469
6
673 816 428 788 491 577
2
833 697
6
829 15 810 210 920 144
1
171
3
256 724 781
8
575 569 856 290 840 862 141 929
7
783 225 892 292 687 212 375
4
391 603 535 65
1
423
8
361 271 928 497 287 3 160 177
5
9 91 566 597 874
5
772 350 321 154 490
6
458 841 177 255 318 799
8
925 316 775 386 174 875 871 943
5
300 902 612 378 182
4
659 23 529 407
4
877 701 884 154
7
407 339 97 132 167 898 443
9
971 795 755 351 770 568 2 435 842
9
423 50 98 396 871 82 629 431 504
1
617
1
192
5
508 688 834 826 308
4
797 573 554 559
4
372 673 294 237
4
320 82 155 842
10
883 457 451 620 100 83 680 730 721 410
5
963 649 419 181 996
8
61 357 174 990 835 745 181 696
5
374 811 492 864 975
2
907 589
7
552 184 809 229 792 361 315
6
428 672 724 400 561 535
4
874 612 216 174
1
759
9
446 898 786 567 727 20 687 944 195
2
738 152
1
826
3
353 333 239
8
210 840 389 569 396 900 274 894
9
818 882 331 370 877 341 650 537 310
3
380 511 51
2
217 77
9
759 27 586 676 497 797 472 69 642
6
726 877 569 40 624 574
6
22 239 450 677 934 683
7
899 963 184 584 788 124 77
6
454 118 223 155 412 662
10
214 790 483 961 220 636 685 741 368 485
8
917 436 683 741 357 403 609 992
6
616 213 371 226 925 815
3
173 165 852
4
780 510 763 556
1
651
3
667 764 70
2
479 766
8
461 362 725 600 438 492 635 589
8
757 651 261 456 127 507 150 349
10
468 258 635 333 536 64 722 271 498 129
7
276 84 497 864 928 588 591
6
192 137 562 817 451 462
7
748 930 194 531 802 307 949
7
618 9 644 983 898 850 727
6
849 199 591 613 23 598
3
519 778 188
10
998 656 54 338 554 458 227 389 465 541
5
608 332 708 915 136
4
210 860 32 97
3
300 140 899
4
703 39 928 995
1
711
5
346 994 311 580 904
1
548
1
52
6
54 328 859 438 915 103
2
710 81
8
547 421 974 515 674 677 996 196
9
11 779 54 85 620 974 87 309 759
7
781 891 913 412 559 843 190
10
7 773 884 588 878 426 99 868 200 186
8
336 597 117 252 243 290 147 602
1
6
10
235 712 493 204 270 996 504 159 427 228
5
207 91 221 596 131
9
509 808 855 61 499 958 660 58 971
6
22 663 794 164 25 368
4
290 53 922 299
2
40 91
3
716 896 966
1
114
5
725 447 963 487 596
7
427 844 648 466 612 292 992
8
26 80 573 765 92 333 574 705
2
672 546
8
108 677 57 971 429 628 610 814
8
108 135 411 665 156 361 902 328
9
242 679 483 422 224 80 832 559 569
10
483 668 438 45 891 88 590 993 300 435
3
978 287 89
1
177
3
518 562 32
7
640 862 440 843 260 184 151
3
652 627 719
2
399 126
3
727 713 962
6
293 993 508 741 948 300
8
168 571 519 722 685 767 670 594
2
208 621
1
194
8
108 134 791 303 854 13 14 344
4
62 651 93 859
7
858 8 962 706 799 730 21
8
228 588 75 17 718 859 695 431
1
188
6
934 936 381 577 945 460
5
292 954 661 624 120
3
975 765 541
5
877 601 791 861 894
3
721 688 377
5
989 48 498 613 416
8
807 420 210 653 758 892 267 797
8
480 692 944 46 697 81 323 748
3
85 903 872
5
402 857 540 752 654
3
267 933 659
4
654 175 533 444
10
725 770 776 754 771 66 873 581 821 603
10
441 18 104 395 874 696 694 921 829 384
10
445 29 227 441 982 704 429 321 393 1
4
710 833 438 220
9
530 312 855 493 778 590 778 615 773
10
892 465 328 95 22 869 561 259 583 775
3
938 387 670
8
164 36 343 843 918 100 253 664
2
411 653
10
581 129 773 432 546 522 680 419 849 280
2
832 888
8
33 703 299 243 721 447 526 884
8
918 203 223 193 947 257 534 526
3
821 824 523
9
299 353 894 810 462 629 985 358 859
8
129 535 896 85 694 37 52 484
2
998 469
1
16
1
177
9
175 233 363 543 748 191 595 293 403
4
561 168 808 151
9
802 742 782 2 777 373 686 661 536
6
207 727 357 563 322 543
8
393 887 457 64 266 539 853 139
2
788 134
2
86 487
7
642 814 362 623 32 392 420
2
161 445
2
43 904
7
321 361 84 563 793 44 173
5
908 303 48 41 205
5
859 507 294 971 148
10
434 725 116 965 913 51 150 190 580 634
8
957 903 424 340 225 725 99 976
7
554 429 514 182 173 993 322
1
171
2
748 112
8
455 775 96 119 557 311 771 42
8
81 723 344 364 218 782 445 845
7
189 501 871 387 594 802 295
10
534 683 413 308 341 386 77 837 913 574
4
146 8 378 350
9
160 148 153 664 118 380 738 716 914
4
188 852 300 540
5
271 945 220 817 508
7
667 833 218 211 710 722 235
4
601 745 160 317
4
110 149 477 274
5
719 536 214 495 453
7
982 358 430 516 384 479 192
4
33 126 668 398
5
762 155 952 305 856
8
198 923 163 731 738 268 383 300
2
185 890
6
859 889 1000 61 95 336
5
510 296 707 836 326
6
99 342 579 233 114 915
8
651 35 404 433 673 39 188 951
4
128 88 899 143
7
877 186 839 997 321 249 619
4
237 252 317 21
3
313 677 54
5
969 118 442 851 690
4
376 95 949 200
3
246 6 44
7
102 457 623 597 909 274 310
7
202 976 793 828 564 546 219
10
964 543 184 588 97 638 16 917 942 805
5
14 680 620 731 100
5
788 682 450 458 277
3
435 308 47
7
656 246 451 71 651 522 31
1
615
6
123 586 836 978 691 697
9
584 491 17 440 396 290 328 681 170
6
437 648 787 557 663 744
2
895 445
5
559 127 390 554 478
2
143 16
3
49 254 5
8
909 85 746 312 468 63 839 787
9
275 133 203 885 638 143 179 21 619
1
58
3
731 164 707
6
313 828 914 918 616 906
6
443 93 473 404 616 114
3
928 105 191
3
601 440 857
6
597 983 395 930 207 232
4
72 430 830 921
9
967 192 507 994 657 778 750 364 689
10
529 684 953 4 255 181 197 583 554 808
3
512 372 390
2
645 474
8
322 14 614 749 904 493 668 920
2
250 970
5
630 750 470 29 240
9
736 744 752 16 843 312 686 517 85
7
18 914 416 136 634 274 612
7
943 2 867 719 456 768 797
3
399 607 958
8
908 983 516 874 24 268 938 540
4
560 747 688 269
9
703 836 3 341 664 712 822 662 946
2
983 349
9
243 495 828 59 594 954 77 768 999
6
506 244 391 305 574 693
10
589 755 648 653 330 403 352 893 652 752
2
917 172
3
205 5 36
5
944 471 148 626 50
4
751 14 625 385
10
675 552 611 923 182 762 290 98 776 162
5
259 735 191 527 216
7
294 898 942 886 503 267 430
8
30 504 987 340 411 877 940 723
7
783 3 790 784 277 594 534
6
662 54 227 22 827 179
2
555 997
5
756 489 259 157 553
8
851 718 933 69 946 721 554 282
3
416 480 875
7
187 331 285 579 992 93 826
7
652 657 259 438 693 107 699
5
528 98 968 669 753
7
495 973 5 807 580 276 371
5
525 915 720 955 195
6
261 121 94 706 118 157
10
554 795 658 737 776 464 620 293 809 548
10
854 457 707 802 384 485 564 19 404 386
9
483 980 430 281 438 32 367 661 881
3
90 650 728
4
450 885 813 569
10
355 446 873 944 581 908 958 996 172 464
3
355 398 9
3
314 422 902
9
199 497 348 345 251 481 579 486 669
10
123 840 890 435 586 90 950 535 91 310
6
234 268 234 403 175 328
8
765 682 466 735 920 797 476 579
9
644 601 831 473 992 852 995 380 671
9
932 306 318 977 579 320 114 141 214
6
426 340 592 340 737 839
1
789
6
156 352 783 662 758 981
4
807 647 280 777
8
129 350 933 469 81 452 547 238
3
913 147 946
3
991 269 338
8
942 769 957 154 645 613 493 911
4
9 911 725 832
6
877 901 678 49 42 331
9
184 232 3 209 495 250 341 999 43
7
804 358 744 658 219 750 670
1
373
4
802 586 606 977
4
870 431 988 687
9
539 884 581 15 340 788 551 953 576
8
862 328 108 883 700 513 200 932
5
683 687 416 708 192
7
760 582 252 483 751 57 189
5
84 277 58 484 390
10
392 857 672 170 261 625 554 704 863 850
4
806 708 783 192
4
31 104 212 740
9
309 977 80 631 523 261 504 14 335
1
361
6
212 570 822 597 930 16
8
1 892 757 974 577 319 314 290
9
582 170 560 323 434 700 748 534 998
5
282 908 176 444 72
2
195 356
2
497 592
6
123 558 547 522 156 929
10
236 647 37 536 64 84 769 866 934 355
7
409 886 545 266 489 878 235
8
821 492 624 230 167 474 557 872
7
459 288 897 658 923 955 438
8
776 311 960 21 803 824 22 969
5
349 370 91 324 153
7
569 355 15 584 557 38 802
5
879 159 8 832 883
4
340 845 159 21
8
714 19 446 235 454 939 446 397
6
618 282 805 831 395 84
1
993
9
895 133 992 992 462 606 414 704 352
6
807 712 128 691 219 343
5
658 153 888 540 933
4
430 685 952 153
2
457 856
9
605 342 560 828 896 390 29 890 610
8
557 6 894 740 461 150 941 879
6
331 519 858 31 345 731
8
101 119 824 355 584 333 500 704
4
302 405 683 365
5
366 434 750 973 158
7
296 329 283 543 975 718 449
3
318 309 273
10
398 927 236 230 550 437 77 587 441 892
1
738
1
161
3
943 894 747
8
394 854 189 647 914 272 992 311
5
841 531 163 418 433
8
393 445 688 22 437 742 287 657
4
611 208 909 686
6
717 401 690 865 509 672
5
551 714 342 404 832
4
466 327 945 135
1
923
5
54 259 393 400 924
8
5 894 858 803 124 382 301 718
2
321 755
10
754 926 379 743 72 617 113 216 307 671
9
326 403 918 631 548 30 834 286 988
7
889 823 308 277 745 107 927
6
360 493 294 629 974 79
8
172 154 573 790 611 685 586 951
4
690 899 47 153
5
940 126 655 520 816
4
378 854 176 442
5
654 684 500 634 378
9
641 480 374 229 734 325 787 931 800
8
146 240 882 933 632 126 953 964
6
664 813 635 816 821 853
1
299
6
859 531 726 458 914 659
10
802 814 249 423 795 890 570 307 241 134
3
989 875 975
5
567 31 476 648 425
5
123 820 301 364 698
8
365 665 62 590 625 125 655 682
1
602
1
545
9
179 524 305 474 972 660 134 416 299
3
962 928 179
7
737 340 296 997 597 241 626
6
484 379 307 210 239 457
5
218 224 153 715 978
6
35 44 532 351 948 400
4
655 992 642 35
5
282 692 931 345 545
10
854 208 498 404 837 78 889 151 333 177
4
152 380 384 49
3
896 852 978
8
386 100 147 545 244 361 26 266
3
215 236 249
6
258 250 274 579 341 454
1
859
4
852 139 614 674
8
972 481 188 685 825 938 621 528
10
789 193 999 637 453 761 67 659 541 201
8
275 447 303 208 973 824 704 742
7
183 515 113 545 713 963 789
9
752 916 47 773 594 753 487 256 470
5
37 487 953 734 770
10
825 651 241 229 324 720 659 476 538 106
10
302 241 242 224 756 867 957 165 1 951
10
741 632 430 468 677 383 457 42 42 163
3
758 630 169
6
634 652 199 71 814 338
7
292 9 706 541 944 583 321
3
82 475 226
7
794 333 824 410 935 14 245
7
632 86 114 782 734 406 118
7
623 102 973 410 866 475 852
7
777 822 34 756 774 780 573
4
46 205 816 680
10
973 43 807 424 858 404 377 903 119 686
10
635 770 729 240 359 742 310 679 607 446
3
4 892 755
8
945 408 937 933 946 346 634 610
7
570 515 241 762 254 152 643
1
945
10
679 623 251 628 776 674 304 449 825 996
9
116 476 629 168 346 324 566 989 756
6
859 970 264 462 505 764
1
654
4
560 172 486 192
7
348 298 777 400 222 435 229
2
942 627
4
430 55 13 837
7
826 686 294 853 583 872 951
2
868 221
3
747 793 966
7
171 870 792 60 463 76 999
9
943 726 380 525 382 243 778 537 716
8
506 733 454 1 328 500 772 311
4
802 920 761 759
6
373 388 344 103 694 536
7
735 131 810 889 751 356 91
5
679 382 937 24 302
8
542 886 943 28 844 72 999 620
10
839 938 269 975 360 860 92 567 809 666
5
320 474 123 153 457
10
57 309 510 387 115 131 76 394 265 521
8
719 235 222 647 123 299 861 778
8
917 694 48 677 484 186 805 41
7
733 350 615 78 130 457 986
3
95 841 864
10
422 344 785 241 683 614 83 841 141 649
1
611
10
456 281 831 667 936 670 790 260 667 638
7
654 16 589 307 407 67 274
10
944 900 57 116 332 326 100 247 531 614
4
716 728 854 701
2
508 912
5
935 406 623 284 318
10
186 51 611 900 309 39 321 184 190 353
8
765 581 532 452 23 50 961 610
8
492 136 164 56 204 837 326 194
1
1
6
170 408 471 511 133 868
2
160 112
9
887 786 783 797 638 283 428 437 956
2
626 974
1
375
5
612 611 268 173 463
4
471 959 435 488
10
540 863 427 438 30 245 681 136 883 350
8
777 558 203 859 916 111 63 826
4
603 581 32 315
10
700 935 157 797 877 497 551 10 756 59
9
669 595 830 168 909 309 54 260 49
3
390 339 428
6
9 46 47 16 587 637
2
629 395
2
894 234
9
509 507 363 331 125 998 399 144 130
4
157 39 271 442
6
675 407 83 346 375 35
5
584 130 886 95 782
4
526 103 131 63
5
71 597 964 307 479
9
189 645 287 470 488 806 88 533 137
4
169 321 424 784
2
309 451
1
307
9
106 697 539 546 586 399 201 374 246
6
60 968 832 688 984 455
10
632 513 27 567 543 698 496 997 666 799
10
32 832 41 289 922 960 199 474 859 607
5
782 206 723 300 103
2
112 988
1
115
1
393
4
246 822 934 971
3
12 142 76
3
498 366 645
6
751 800 988 844 233 200
7
950 46 933 831 117 697 254
8
594 980 65 544 718 903 304 144
1
687
9
638 458 183 325 92 657 58 51 362
4
189 590 525 115
9
957 925 555 874 15 609 112 810 366
