5218 16
127 1
6562 8
5339 2
7585 1
5375 1
5710 16
5892 2
511 1
3620 64
2002 16
1622 16
6956 4
4320 1
4180 1
648 64
5843 1
2474 16
63 1
1023 1
2186 128
1960 16
2012 4
3645 1
6407 1
5446 8
3724 8
127 1
5579 1
4660 2
6312 8
3088 1
1052 64
6900 2
984 8
1023 1
331 32
6155 1
4014 16
511 1
2046 1
4237 1
5285 2
3122 8
4874 8
3829 16
4193 1
511 1
2558 1
4108 512
1362 32
7001 4
4340 2
3484 8
1141 32
2186 128
3758 1
4608 1
6202 4
3093 1
5295 1
1382 16
4378 16
2048 1
127 1
1459 32
5439 1
2674 32
4198 16
4722 16
4624 8
1512 1
2210 1
1095 256
3758 16
1524 8
63 1
3361 1
5969 32
2815 1
3725 1
5434 1
6829 16
5707 16
5782 4
2149 32
2876 8
2184 1
3804 4
2177 8
4832 1
1293 64
6861 1
63 1
5594 1
5214 1
5702 16
3782 1
2062 1
3294 16
4101 1
6283 4
5541 32
4960 1
3103 1
511 1
2046 1
3675 16
2053 128
5926 4
1023 1
4349 1
5449 1
988 4
854 8
5621 2
4651 16
4100 1
511 1
1023 1
5135 1
3484 1
4414 1
3631 1
6383 1
5820 1
1338 16
4028 2
3803 16
3090 2
2146 1
2318 1
2079 1
1270 8
4092 2
3101 1
3238 1
5937 16
5886 2
5270 4
2992 16
4736 1
1521 16
2110 1
5481 1
2110 1
511 1
1108 64
2574 1
2046 1
2058 1
4580 4
6089 1
3297 8
4869 1
2558 16
5794 8
511 1
2650 32
2176 256
5350 1
7205 4
6247 1
2262 1
511 1
6512 8
2887 32
3089 1
5687 1
4478 1
1437 16
5376 1
3132 16
3496 4
2680 16
4304 1
4657 8
2310 64
3598 1
3253 8
1091 256
4645 1
6507 16
2097 1
5195 1
6504 8
6189 1
5013 1
2001 16
1023 1
2343 1
2182 1
1023 1
3071 1
6128 4
5167 1
3135 1
1023 1
2111 256
2951 32
7012 4
2654 1
2202 32
5587 1
2175 1
2306 1
3811 1
3125 4
2722 32
6345 1
1023 1
5263 1
4569 4
6746 2
3387 2
1812 32
6225 1
2337 1
5210 1
6193 1
5495 8
3933 1
4817 4
4172 1
4683 8
2260 32
4928 1
6208 4
2328 1
2732 16
5836 1
1974 4
1023 1
4504 1
3516 4
3621 1
6173 8
31 1
2440 64
1484 16
6337 16
1023 1
7126 1
6269 16
5829 1
5200 1
1521 16
2112 1
2812 4
3209 1
6188 1
255 1
4510 1
2642 1
3730 1
1479 64
4511 1
3184 64
2659 32
4468 32
4368 8
734 4
1111 1
2910 4
2041 4
5743 1
4628 2
4868 1
255 1
2332 32
2178 1
4248 1
6780 4
2690 1
574 8
3069 1
1265 32
1507 32
4173 32
2602 1
255 1
7216 4
4180 1
4604 1
1023 1
6208 4
1477 32
5108 1
4472 1
2425 8
1023 1
5472 1
2167 1
1023 1
3717 1
2174 1
5357 1
4925 1
4609 4
3585 1
2820 4
3614 1
4177 1
1193 64
6042 4
4906 1
2858 32
3678 1
4893 4
1023 1
4404 2
5773 1
2056 1
2846 128
4172 1
2839 16
1395 32
2086 1
6131 4
5414 8
2659 32
511 1
1335 64
3253 8
2446 1
2978 8
1023 1
127 1
511 1
2817 64
3473 1
4959 4
7256 4
1023 1
6393 2
4358 1
2385 16
2215 64
5907 32
1023 1
2182 1
5450 1
2729 2
1774 4
4127 1
5886 4
3350 1
642 64
3598 1
255 1
2047 1
3857 1
3593 1
2638 8
335 64
6315 1
255 1
4097 64
3087 1
4779 8
2625 64
5339 1
1615 128
511 1
2062 1
1023 1
31 1
1023 1
6480 16
3127 64
1647 64
5807 1
5375 1
2322 1
2336 1
6366 8
511 1
4392 1
971 16
3102 1
6288 2
5978 4
1023 1
1202 32
6277 1
4946 8
4319 16
2394 32
1023 1
6765 8
1234 32
5164 1
5688 1
1179 64
5423 1
3648 1
1093 128
1845 4
1664 128
2084 8
3690 16
2623 1
1749 16
4786 8
1023 1
2569 1
4616 32
2266 32
5600 1
3372 16
1023 1
3390 1
536 64
4450 1
4338 1
4220 4
5229 8
6208 1
2047 1
6843 2
3805 64
4111 1
5469 1
5681 8
1023 1
5667 8
4048 8
2952 32
1028 1
1172 64
3527 32
6032 4
546 64
4402 2
1103 256
5697 1
4798 64
511 1
6406 1
63 1
2047 1
4615 8
3084 1
6325 16
3718 16
6568 8
6270 4
5566 8
3069 1
6561 2
530 1
3282 1
4666 16
5604 1
1023 1
3173 64
1023 1
4576 1
3417 16
1023 1
1023 1
5529 4
5729 1
1023 1
3845 1
6733 4
1023 1
1079 128
6305 1
6856 1
1560 64
511 1
3090 1
1112 64
4755 4
5008 16
3230 32
1093 128
4973 16
5415 1
4421 1
4449 4
5709 2
2783 4
1023 1
3495 32
5628 4
3117 2
4404 1
6798 1
2336 1
3312 4
7018 2
6527 4
3756 1
7892 1
255 1
1023 1
4778 16
5644 8
2950 16
511 1
4482 16
6373 1
6147 1
4210 1
7364 2
127 1
4927 2
2090 1
4949 1
3640 4
5425 1
5847 1
2120 128
3225 1
511 1
2625 8
5464 2
2655 16
4716 1
5464 8
6139 1
2366 1
4985 4
5686 1
2527 4
3651 8
1352 64
2050 1
4428 1
6210 2
5377 1
7105 32
1102 1
2303 256
4845 4
5237 4
3710 1
4687 16
1475 64
1023 1
3125 64
6063 1
3361 1
6829 2
4509 1
1023 1
3731 8
4591 8
3785 1
1142 16
3300 8
1495 4
3198 1
4914 1
4519 16
4282 4
1901 8
5005 32
5388 1
3071 1
511 1
4244 1
6420 2
5929 16
2244 32
5645 8
3856 1
5585 1
63 1
4993 8
3129 2
2686 4
3142 32
2985 8
4118 1
1023 1
1023 1
2575 4
1314 64
3357 1
2164 1
4812 1
1023 1
3512 16
2289 16
1799 4
3344 1
3462 1
4740 1
3469 1
1670 32
6536 1
6182 1
1696 64
5954 8
4922 1
1547 128
4557 4
6441 4
5864 8
4392 1
4524 1
1947 16
1983 1
4298 16
31 1
2814 1
5318 1
5650 4
1023 1
1023 1
1550 32
4006 8
4221 1
1414 1
3992 8
7154 2
4446 1
6055 1
3790 32
4819 8
1077 64
2046 1
2144 1
4270 1
3674 1
3311 16
6104 16
2046 1
3630 16
4406 1
5475 16
4183 1
5443 16
4031 1
4702 1
1436 16
1023 1
5327 1
1022 1
1526 4
511 1
3138 1
3420 8
7148 2
2284 16
5721 8
3325 1
2637 16
5863 1
511 1
6475 1
2392 1
5048 2
511 1
1230 16
4111 16
6287 32
2310 1
5068 1
5126 1
5470 1
4233 1
2134 1
511 1
2238 1
63 1
5338 4
3404 16
3206 1
6658 1
2054 1
255 1
2955 16
1414 32
1023 1
3853 1
3956 4
2062 1
2174 1
4323 8
3489 1
4097 1
3028 8
5042 4
4162 1
1543 1
5213 1
2814 2
2936 8
6161 16
2486 8
1023 1
3981 1
255 1
6031 1
6228 1
2047 1
1023 1
1023 1
4681 1
1023 1
2335 1
4311 8
6680 4
721 32
6040 4
4104 4
2302 1
7957 8
4473 8
3067 2
2951 8
2224 1
6065 8
3324 4
6825 4
5247 1
5260 8
3199 256
5209 1
2381 16
1023 1
4773 1
2895 1
2284 16
1223 128
1066 64
5229 8
7295 4
2366 1
4517 1
6419 32
5383 1
511 1
5283 16
3562 8
6018 2
4134 8
2673 16
1023 1
5582 8
4721 4
3309 1
660 32
2056 1
3217 8
1383 64
127 1
6016 1
3365 128
4897 1
5577 4
5296 2
3011 16
1023 1
2985 8
5947 1
4458 1
5468 64
3118 1
2200 32
511 1
4927 1
6453 1
1214 8
4345 8
2644 32
63 1
1525 8
2003 16
511 1
5899 1
5795 1
1023 1
511 1
4318 1
1497 16
2747 8
3905 8
4827 2
3583 1
63 1
562 32
3595 1
3229 1
4315 4
5179 2
2178 1
1023 1
6707 64
1023 1
2691 1
1239 64
2238 1
4732 1
2804 8
5401 1
4604 1
4483 8
5436 8
5865 1
5719 32
1023 1
1389 16
511 1
1046 64
3419 4
2785 4
1317 64
4153 1
5713 16
4585 8
5825 2
255 1
4239 1
5803 1
521 128
5021 1
4366 1
615 64
4702 4
5315 16
63 1
5655 1
5754 8
511 1
4670 1
1724 8
5185 1
2717 4
7900 2
3991 4
2046 1
4492 16
3979 4
1023 1
1111 128
3853 32
4924 1
2116 1
6283 1
5292 1
3133 1
3177 1
2894 64
2595 1
5563 1
6398 2
4106 1
6093 16
4384 1
2232 32
1296 128
4152 1
2238 1
1023 1
511 1
5282 8
4660 1
5427 1
1756 8
127 1
63 1
2680 1
2366 1
6615 4
4046 8
4188 2
2306 1
5962 1
326 16
2082 1
4364 1
4717 4
2195 32
255 1
1581 32
706 32
3106 1
1160 128
2526 4
6220 1
1513 4
5375 1
255 1
4431 32
2803 8
3657 1
3973 1
5687 2
4907 8
5742 1
286 8
1767 32
6374 4
1205 32
4639 4
2050 1
6454 2
4634 2
2082 1
2553 4
3341 1
255 1
5888 8
6439 8
6496 1
1023 1
1023 1
4283 4
1609 64
2174 1
3243 32
6733 4
511 1
4833 1
1459 32
3335 16
4854 1
7030 4
2350 1
5979 1
1033 256
2110 1
2639 64
3685 64
5921 4
31 1
3996 4
4060 2
4764 1
2056 1
3329 1
604 16
2054 1
2055 1
2359 16
2514 1
6629 8
6568 4
3197 1
4175 4
1022 1
5693 1
1023 1
2113 1
5674 1
6668 8
516 128
5601 8
5376 4
511 1
6907 1
6210 16
2351 1
4875 4
4616 4
6556 4
3255 8
6996 8
