963
8
272 434 22 882 765 225 161 365
1
102
10
765 1000 67 755 940 78 43 117 49 176
8
847 880 881 390 274 857 466 78
10
637 876 541 787 824 746 933 375 789 429
9
501 263 616 229 858 980 798 27 423
8
735 441 104 3 183 741 196 715
8
183 217 119 152 959 171 351 540
1
481
6
172 246 546 334 464 828
6
63 321 97 260 270 63
2
624 984
10
834 975 179 681 23 625 912 518 939 926
7
674 137 965 272 685 171 354
6
396 732 634 506 85 221
2
231 401
9
771 631 955 679 128 704 93 170 164
4
361 369 513 955
1
62
1
597
4
45 52 916 909
2
549 627
2
864 834
5
473 272 71 158 579
9
549 970 818 223 739 545 532 264 754
10
242 129 395 949 786 818 321 739 678 53
6
835 254 85 208 268 900
1
71
9
827 382 766 848 362 861 828 147 173
6
232 611 744 976 707 768
10
896 370 33 490 739 837 583 669 742 801
5
513 764 472 432 830
2
196 806
10
892 164 764 132 994 203 760 564 583 778
2
283 317
3
458 50 28
2
160 19
9
688 219 60 885 430 343 320 184 459
6
148 729 57 943 258 23
1
490
3
588 178 799
5
567 881 863 926 544
8
559 772 792 76 45 668 249 802
4
56 558 5 423
6
331 286 308 417 665 299
6
986 29 196 875 55 344
5
270 3 535 51 94
1
302
3
809 583 724
8
110 201 188 833 770 690 781 503
2
550 138
10
387 82 734 162 164 670 36 511 440 595
6
337 301 887 830 397 176
6
942 88 935 410 179 664
2
941 36
4
597 52 778 487
5
921 759 824 687 499
7
991 4 200 663 562 103 45
10
30 153 874 569 478 107 48 88 785 992
5
783 448 703 232 267
9
724 942 347 332 738 908 638 471 78
2
608 248
8
775 907 274 928 66 700 241 175
3
295 578 990
1
120
2
192 651
7
463 603 148 201 215 271 50
4
214 625 313 490
6
48 289 403 594 436 202
8
625 279 420 980 227 874 215 46
6
24 884 743 985 621 595
3
410 399 395
3
826 625 96
2
945 6
4
550 700 581 631
2
442 944
1
53
5
257 716 845 352 421
10
730 531 824 368 457 99 26 161 864 329
3
677 707 605
5
9 33 391 440 934
7
627 208 698 594 893 599 114
10
342 240 6 545 39 680 346 448 159 596
10
478 44 428 562 886 548 240 598 541 350
10
348 956 58 655 115 68 912 23 563 850
4
984 107 631 419
4
472 397 166 717
3
76 313 812
6
613 858 335 379 917 446
4
676 413 119 821
7
709 473 617 125 940 712 938
2
696 73
9
400 526 2 152 413 378 428 42 445
1
53
9
188 188 636 779 885 315 606 96 740
9
224 488 895 636 272 752 854 157 287
10
653 337 982 302 542 234 210 316 444 588
5
114 593 108 450 310
3
489 559 772
6
969 298 56 235 864 566
7
62 823 280 194 748 792 719
10
476 532 881 389 381 185 932 227 681 419
10
8 732 206 377 343 48 642 991 898 588
7
70 147 621 543 663 727 21
5
508 596 593 648 391
1
341
3
486 159 577
6
245 763 844 270 338 191
4
193 235 792 821
8
748 993 484 969 672 833 513 566
1
970
6
879 537 75 106 661 707
9
294 6 831 699 783 718 3 117 862
2
293 263
2
321 489
8
986 249 237 856 252 681 79 217
6
920 585 97 575 711 667
7
84 283 934 759 928 321 536
1
271
1
954
8
439 665 976 860 400 104 210 355
5
769 72 288 884 418
7
796 920 384 75 869 469 19
5
297 573 547 961 743
9
739 995 736 841 852 689 186 811 464
9
134 525 46 634 262 945 264 585 516
2
639 187
6
25 14 196 824 337 762
6
406 612 606 220 964 863
4
663 147 375 145
3
519 31 916
3
248 95 658
3
987 19 837
2
568 304
6
981 987 82 648 720 452
5
369 935 569 620 474
5
676 566 932 318 287
8
252 534 5 208 168 234 556 354
8
794 540 113 546 79 107 218 81
8
800 958 111 618 867 506 400 966
4
596 131 525 872
7
821 118 918 21 874 749 843
2
433 956
3
140 565 387
9
858 506 313 306 27 174 832 565 543
3
428 955 4
1
444
2
613 463
3
682 768 839
3
452 665 294
3
139 904 378
6
51 281 474 295 148 891
9
514 804 304 356 30 232 852 285 1
4
913 428 368 430
7
893 467 437 423 868 906 273
4
456 843 958 205
10
894 173 392 928 617 347 662 206 56 449
1
479
4
679 144 113 538
4
440 13 612 851
9
289 959 461 1000 635 92 537 614 373
10
20 124 109 896 943 509 450 101 226 175
9
862 87 934 322 979 989 296 998 531
3
430 168 905
1
408
10
263 215 83 506 806 205 300 530 194 752
4
867 768 759 477
5
419 926 566 854 91
9
562 555 318 987 373 656 465 596 689
7
397 724 237 508 602 560 163
2
201 680
9
550 347 144 901 74 875 171 629 729
6
981 738 313 58 286 746
6
742 406 144 647 966 269
4
729 451 628 788
7
71 854 520 530 196 461 813
6
262 329 174 28 403 805
4
845 149 670 390
5
57 9 563 360 603
4
857 764 934 692
2
641 314
7
672 299 139 480 807 437 999
10
874 447 806 355 274 142 139 726 89 415
5
406 392 153 403 313
8
536 9 662 281 878 945 663 121
10
273 840 940 288 1000 757 75 562 633 598
9
321 530 836 911 45 833 888 950 73
7
770 153 296 302 387 236 926
2
664 693
1
953
3
100 116 690
3
292 518 593
1
691
5
392 412 755 337 548
8
629 89 557 931 885 767 991 767
9
964 625 897 62 382 537 188 759 303
5
157 549 816 464 139
1
633
4
87 186 992 844
4
866 129 600 570
10
262 669 894 453 619 671 721 137 753 741
3
547 942 949
4
64 646 802 382
9
661 245 989 217 512 266 476 742 540
3
202 944 998
3
581 686 253
5
532 761 705 194 217
4
915 672 450 982
4
650 690 862 452
9
190 338 995 99 501 155 603 386 490
1
533
9
502 289 617 528 390 853 725 121 292
6
412 48 408 744 404 353
10
670 315 284 98 358 470 794 898 784 389
4
247 621 607 632
2
779 993
9
980 796 697 920 507 284 704 942 220
3
159 87 515
9
468 596 33 963 448 428 992 603 42
9
301 332 4 792 799 383 77 551 84
10
286 20 252 771 992 614 940 477 316 691
5
919 151 40 82 8
8
857 190 261 725 908 404 343 785
7
86 973 96 744 267 992 663
6
991 755 998 854 909 160
4
515 469 685 431
7
822 872 493 893 531 422 741
10
717 816 945 241 465 62 831 255 249 87
3
850 822 467
4
341 56 82 945
9
476 85 581 515 956 591 980 325 765
2
886 830
1
727
7
546 648 120 643 320 43 371
6
241 247 692 368 854 548
5
383 588 350 798 829
10
256 217 493 893 865 644 368 636 708 769
1
26
4
176 71 516 889
2
308 774
10
295 629 992 528 596 49 624 221 157 922
1
652
9
926 620 526 590 844 654 634 328 701
8
30 417 774 442 245 369 312 478
9
745 222 410 904 5 879 727 979 542
9
163 376 120 375 557 446 989 807 663
2
281 788
3
960 109 369
4
164 911 985 524
5
294 596 359 663 633
9
773 572 299 427 96 459 306 207 245
1
252
7
110 345 279 317 597 987 945
3
756 893 727
5
941 963 919 76 749
2
468 995
7
744 684 472 406 179 229 932
6
880 913 85 222 956 122
4
614 944 574 397
8
790 111 468 993 79 614 197 864
6
847 781 84 665 554 921
2
203 491
3
124 504 90
4
948 14 288 452
2
977 980
9
972 267 286 489 777 164 710 815 318
6
297 187 689 647 690 702
7
170 756 910 763 308 683 813
1
162
4
313 17 856 622
3
275 264 616
7
252 721 632 932 161 980 279
10
771 992 71 150 580 333 47 265 182 77
3
715 760 947
2
23 471
5
124 717 334 419 657
2
256 525
2
617 114
8
281 774 918 125 679 220 503 593
3
966 597 532
1
169
10
112 647 761 513 767 939 520 543 397 157
7
607 400 453 390 590 140 815
7
768 820 433 94 783 791 170
1
729
10
124 656 102 116 168 912 669 471 502 926
2
27 546
7
182 630 63 957 33 341 12
7
778 278 691 148 475 819 838
4
372 655 14 646
1
791
9
404 959 246 308 42 921 676 515 428
3
568 190 826
1
884
5
976 190 391 481 38
3
802 25 101
7
114 996 46 358 345 140 353
7
119 123 462 705 889 333 368
6
953 223 648 754 778 541
5
662 694 656 490 206
4
528 18 611 151
5
769 899 765 786 93
7
736 202 158 409 794 785 598
2
527 346
10
245 826 856 629 678 757 622 435 303 163
7
112 337 623 186 155 938 175
4
181 154 124 863
5
808 942 752 805 150
6
929 421 502 950 957 990
1
968
6
288 954 431 809 786 582
9
970 20 570 850 379 207 491 244 245
3
489 668 280
4
33 597 842 798
7
812 423 603 828 456 186 9
4
363 476 119 601
2
804 431
3
10 221 780
10
166 942 322 157 698 689 630 275 965 615
8
107 672 303 226 857 95 9 537
4
604 787 682 384
1
396
2
353 934
4
632 911 869 549
3
887 788 344
4
45 532 285 316
1
993
1
86
1
451
4
305 999 330 159
5
687 910 444 457 894
8
117 464 997 517 682 68 204 312
10
237 769 18 619 831 78 599 708 636 681
1
563
10
509 544 155 678 20 296 746 526 977 746
7
956 662 868 365 469 555 261
4
125 333 591 820
4
45 667 824 423
10
444 355 510 822 788 607 15 672 459 211
1
747
3
864 517 375
9
430 489 516 901 322 705 847 85 949
8
442 344 250 354 411 57 403 306
2
623 895
7
285 833 669 249 107 839 919
10
289 251 860 268 932 50 27 127 733 937
5
399 233 622 553 83
2
302 82
5
878 272 168 194 453
1
185
3
215 335 553
5
170 852 2 226 142
5
699 574 458 655 866
4
235 489 773 41
2
223 112
10
913 473 457 992 501 104 699 672 825 635
1
149
6
934 725 920 401 362 747
5
194 772 170 96 828
8
869 854 466 727 248 630 386 549
4
973 574 401 545
8
90 344 900 838 310 91 331 761
2
977 638
1
420
3
423 833 78
1
890
1
28
1
836
10
749 439 822 482 265 892 335 792 436 242
6
330 483 631 958 40 653
2
521 902
9
643 320 855 468 158 547 712 683 936
7
36 864 953 904 976 862 759
3
751 207 516
3
159 534 194
10
201 820 441 427 354 852 819 895 596 701
1
318
7
817 1000 360 466 226 539 809
2
477 494
5
356 15 699 997 187
10
519 14 292 520 855 642 867 598 420 263
10
806 897 184 689 149 813 873 547 343 109
1
970
2
239 931
9
688 820 198 444 52 253 63 538 70
8
624 184 747 79 999 487 238 532
6
912 604 929 872 447 423
4
418 198 627 591
1
712
10
452 931 558 330 966 829 933 198 584 772
2
339 639
9
400 255 722 596 628 296 959 827 336
9
453 997 304 114 368 435 638 864 546
2
950 213
9
82 997 983 766 89 295 303 952 828
5
927 322 651 597 863
2
608 473
6
284 18 344 45 392 170
2
981 683
6
352 452 305 287 61 111
6
487 449 62 535 680 309
3
909 803 575
2
814 519
8
333 89 566 98 695 623 775 311
1
837
3
924 728 876
8
363 923 717 416 263 692 822 148
4
149 442 758 773
9
871 347 219 851 351 959 745 493 92
6
370 912 517 339 434 742
1
893
5
677 658 461 447 187
2
459 45
7
983 198 464 333 734 878 235
7
756 610 859 403 397 730 211
6
123 173 838 391 406 1
8
580 861 806 61 865 266 163 955
9
847 967 787 497 445 882 450 811 382
3
376 522 390
10
119 849 623 603 226 190 560 814 748 63
6
518 44 712 641 299 119
7
2 965 487 471 584 683 571
9
997 84 774 365 182 474 729 769 985
8
39 876 350 202 1 448 365 998
1
703
8
985 14 659 791 133 526 899 572
6
630 203 697 680 8 144
4
591 96 86 627
3
400 225 297
2
668 502
6
937 17 645 70 984 214
10
48 576 114 255 184 873 856 434 351 779
2
202 278
6
180 648 980 662 908 166
2
457 614
9
294 119 991 233 686 261 499 718 80
8
856 622 27 178 289 388 566 460
1
320
10
349 294 990 194 959 886 64 387 531 374
1
44
3
507 637 385
6
195 188 314 702 225 303
5
102 758 579 918 412
10
611 966 667 128 440 565 375 904 554 811
6
202 663 609 965 221 402
10
459 276 50 38 39 578 735 974 28 509
10
543 317 642 329 25 903 449 388 682 452
8
118 742 802 100 673 562 156 681
5
912 717 546 379 269
8
228 602 458 110 194 110 94 375
3
10 97 129
5
389 595 309 551 294
8
477 180 407 493 903 614 533 963
9
593 593 965 650 332 762 391 227 181
1
540
6
847 203 94 886 128 951
1
852
7
368 234 886 563 144 617 591
6
516 260 581 407 437 536
1
593
1
741
8
19 614 10 654 715 761 645 287
9
665 585 919 90 563 756 402 431 826
1
724
5
661 894 631 226 513
10
636 891 574 597 723 235 934 290 327 742
1
761
2
340 659
9
175 177 426 758 644 626 129 458 507
10
82 346 58 425 639 292 522 16 664 398
2
659 885
1
268
5
800 51 999 193 273
2
924 58
8
749 889 461 249 372 763 603 149
8
39 214 466 426 683 95 766 783
6
884 290 724 239 774 13
2
814 151
8
887 182 961 188 612 914 115 568
7
819 275 829 782 139 797 974
7
117 713 848 827 65 234 651
6
420 216 228 63 502 948
8
195 557 543 638 879 714 794 269
4
211 23 426 947
3
121 447 261
6
150 968 187 248 892 534
10
492 332 737 57 249 873 607 179 928 614
4
663 384 813 917
7
195 572 768 1 927 198 736
9
341 491 29 889 777 446 238 260 377
3
377 948 489
4
247 686 527 700
10
660 779 905 116 83 297 175 28 5 190
10
565 990 768 320 181 553 273 612 829 764
5
46 148 684 557 56
9
540 631 551 589 707 851 740 742 821
1
176
1
641
8
801 997 698 593 568 403 16 386
8
545 689 43 78 91 525 724 889
4
172 226 982 30
1
305
8
351 735 266 384 62 571 523 886
9
169 327 230 310 190 941 154 380 663
9
754 996 648 603 343 562 69 102 893
7
960 24 24 244 697 779 791
10
74 220 837 172 86 332 459 746 501 255
1
120
8
251 423 746 520 955 371 873 740
3
406 70 789
7
663 848 921 35 757 173 534
6
387 721 670 403 57 554
9
467 840 394 618 953 357 316 700 105
9
106 713 686 493 674 483 742 367 187
4
977 38 936 21
5
989 396 879 674 142
1
387
4
982 135 356 14
8
867 334 554 331 427 811 885 671
4
183 125 486 821
7
27 749 500 150 600 331 342
8
726 613 105 21 280 596 806 741
9
449 411 100 38 771 442 637 208 47
3
495 882 452
8
51 811 859 526 42 527 100 373
9
604 973 637 465 774 912 313 267 447
4
89 764 88 800
6
716 244 343 59 890 631
2
388 818
3
697 97 842
7
526 350 373 220 728 755 161
10
954 41 314 376 57 697 447 999 761 256
9
37 531 120 213 340 748 910 714 813
10
201 33 294 150 651 674 377 401 447 413
3
103 196 489
4
277 681 375 970
6
673 466 925 665 932 960
8
767 343 597 307 230 376 817 504
5
963 303 537 590 821
8
411 148 756 834 602 138 547 65
2
593 106
1
575
6
585 418 659 514 471 374
9
623 121 796 529 760 689 42 159 90
5
387 910 673 170 289
10
730 794 179 637 451 679 990 233 731 885
7
167 586 673 183 464 829 763
1
983
6
627 250 191 245 965 941
8
792 211 709 386 791 308 637 337
5
930 304 385 128 255
2
196 844
6
652 129 842 219 937 349
4
207 335 327 466
5
777 244 563 383 587
7
711 901 455 804 854 943 110
8
985 327 209 162 802 533 743 166
6
829 595 310 99 786 879
2
624 737
8
837 993 626 376 20 670 678 3
7
582 96 961 838 659 811 580
5
358 410 360 647 671
1
405
7
165 93 519 360 997 792 620
10
529 724 443 209 228 646 905 548 265 595
10
793 753 836 182 8 637 587 116 489 236
4
284 213 798 625
8
194 461 617 819 856 603 848 591
5
773 769 582 9 925
9
596 378 37 929 857 463 928 328 586
1
36
8
852 944 987 471 143 427 921 48
4
549 279 532 645
4
141 1000 156 645
4
915 655 756 160
4
129 739 862 663
7
423 22 360 640 710 838 504
1
557
1
767
4
881 240 297 869
2
348 896
5
356 814 753 427 403
3
220 476 853
7
196 519 235 417 140 843 456
1
514
6
490 312 329 559 574 990
4
701 856 256 22
4
330 296 334 453
5
247 367 547 654 193
5
196 850 544 54 619
7
361 874 98 357 153 681 450
5
104 136 199 678 951
2
523 883
9
129 889 315 791 832 481 848 937 780
9
638 570 402 884 26 314 176 174 99
2
662 968
8
592 499 701 653 730 589 710 324
7
516 767 254 454 6 257 131
2
678 853
6
975 857 580 544 873 72
10
893 683 876 439 955 510 333 350 842 304
10
2 379 205 958 347 89 573 639 965 427
7
634 99 726 939 18 681 363
7
121 69 61 602 317 663 957
2
950 981
5
13 242 233 468 245
8
394 8 823 690 152 28 984 887
1
19
3
569 523 724
9
229 446 950 161 65 369 723 948 597
8
309 848 606 857 478 464 8 340
1
561
1
705
2
814 734
6
84 125 298 736 372 845
7
792 27 737 373 591 259 230
3
434 384 501
6
457 319 788 735 808 625
10
21 114 739 20 669 415 142 428 416 664
7
497 986 780 332 647 80 877
9
642 865 614 431 511 276 909 960 644
6
620 436 307 643 301 171
8
270 416 925 54 624 484 843 781
2
389 588
3
538 559 481
3
436 680 49
7
625 760 688 787 466 137 500
5
699 520 440 530 862
6
544 364 655 452 671 429
10
301 656 907 298 989 364 860 888 347 228
3
936 123 532
6
370 513 929 224 204 268
7
659 67 471 698 944 133 478
10
861 230 133 422 18 278 576 735 955 595
6
700 805 38 268 932 836
10
532 541 600 927 381 359 273 443 744 127
5
794 885 775 418 542
7
652 832 909 57 713 600 257
2
899 481
1
857
9
170 559 998 533 284 502 470 899 679
3
496 47 402
2
445 949
1
355
5
308 622 316 679 242
4
762 567 712 859
10
633 768 512 63 728 206 925 665 806 864
4
870 94 904 92
8
656 763 717 815 591 193 567 363
5
253 530 11 639 384
4
617 983 908 125
9
754 154 3 138 196 67 923 957 570
1
269
9
391 108 627 337 634 12 587 41 228
3
141 557 168
6
71 129 30 90 862 88
1
348
2
945 129
6
722 202 991 589 885 82
10
620 23 868 627 156 925 103 76 437 140
3
900 995 279
7
935 965 361 278 688 656 935
9
982 61 27 250 961 995 291 426 601
9
851 638 568 500 306 773 82 887 182
7
998 593 200 691 321 699 405
3
438 307 660
1
384
3
907 924 162
1
36
8
100 183 919 565 586 569 248 868
4
701 527 623 913
5
567 71 684 381 263
9
313 399 398 215 970 242 433 193 827
3
244 132 883
1
229
4
332 429 945 217
2
600 32
1
687
5
601 854 630 809 278
6
640 440 519 458 352 285
3
822 89 497
3
347 627 260
6
187 313 529 426 126 430
5
567 861 394 276 837
7
934 992 757 28 399 20 90
4
854 823 936 31
8
850 658 312 632 680 130 436 532
5
727 783 829 956 673
5
127 412 409 69 104
9
186 298 335 937 672 724 882 779 139
4
24 416 548 354
4
117 824 759 704
10
692 490 433 615 406 128 906 470 574 131
4
980 402 926 110
1
732
5
440 647 559 518 649
1
220
9
964 472 373 676 165 758 891 707 983
9
719 743 926 33 691 31 539 947 95
3
437 659 111
1
862
1
975
7
540 873 860 248 240 712 775
1
612
3
276 846 394
8
400 549 729 403 992 629 476 17
10
545 346 942 302 934 839 353 864 256 281
2
509 208
10
983 976 219 271 589 175 734 501 357 83
6
77 180 761 801 814 571
3
259 502 957
10
196 409 471 622 96 417 113 101 24 80
8
77 28 929 344 479 587 960 581
4
114 65 386 588
4
527 37 815 868
3
989 144 988
10
415 511 343 318 721 24 533 603 332 537
4
765 905 896 522
10
266 956 435 903 407 501 242 948 517 322
9
81 908 776 954 335 744 133 908 57
8
203 765 975 526 426 84 580 549
6
929 232 607 350 596 481
7
768 998 503 959 284 912 564
4
733 42 247 847
1
619
7
835 962 64 984 440 679 666
3
752 732 606
4
203 485 695 885
2
231 976
2
932 112
6
54 538 685 663 661 692
10
943 61 784 707 682 754 721 761 970 376
3
263 433 956
7
99 829 123 525 635 768 366
10
541 35 798 182 95 460 615 765 516 876
9
620 301 490 423 750 998 544 110 358
1
271
8
74 348 535 766 852 997 906 739
6
927 494 778 16 659 494
10
960 431 462 444 497 626 610 290 883 741
6
836 977 17 430 304 496
4
503 420 826 794
1
849
10
682 674 552 504 658 245 80 863 395 271
8
154 147 702 309 458 938 608 747
5
93 784 903 570 17
2
337 59
3
207 187 798
4
499 509 885 296
2
52 675
1
68
7
945 938 916 715 908 507 993
6
743 151 425 928 984 118
7
351 81 418 265 259 605 624
8
980 452 627 386 273 270 55 116
8
187 104 801 575 747 392 7 227
4
266 681 113 23
1
918
4
995 313 241 392
9
514 455 763 972 893 570 161 93 758
7
233 567 81 169 243 868 851
10
629 533 322 238 883 977 487 6 560 257
5
275 756 627 813 505
4
659 15 918 336
1
393
7
51 684 94 660 179 10 738
9
290 800 995 548 691 284 696 585 521
2
825 121
8
40 277 423 680 754 230 985 770
4
786 572 732 422
1
57
2
9 512
2
803 776
1
388
9
601 313 850 38 298 353 305 514 836
9
978 697 863 90 578 461 192 889 545
1
812
1
345
6
485 463 521 731 461 469
2
361 844
4
733 656 370 898
6
931 936 502 686 12 514
8
402 529 594 18 95 787 700 332
5
422 474 51 759 328
1
35
2
39 491
5
760 778 639 931 90
5
184 620 867 286 55
6
974 921 469 961 309 529
8
515 247 922 830 402 829 724 436
3
776 83 626
1
751
10
235 979 479 158 45 701 300 18 356 364
1
726
3
969 691 931
2
797 58
3
355 583 892
7
954 752 100 675 61 574 1
4
259 813 18 202
8
15 814 103 687 590 315 680 725
7
418 671 915 332 408 770 213
6
404 771 465 16 86 457
10
928 855 55 645 497 806 189 604 141 420
9
246 998 803 504 874 352 355 134 846
10
124 813 789 709 367 24 706 471 358 814
1
854
2
272 897
1
278
2
628 412
4
905 989 936 421
4
829 293 230 101
2
732 5
7
830 973 155 271 953 589 78
10
34 591 950 266 706 375 151 160 716 576
6
616 805 470 669 567 546
8
439 520 747 679 739 503 822 672
1
222
7
234 215 371 951 889 605 718
9
213 555 942 945 984 262 9 718 705
2
132 369
7
644 760 763 932 242 23 812
7
307 455 945 647 723 168 501
2
322 213
8
219 24 150 662 917 821 892 165
8
916 850 712 148 521 686 118 206
1
45
9
575 330 470 977 979 792 220 683 457
8
227 890 991 812 798 616 742 642
1
510
7
877 63 261 152 545 84 562
2
736 930
9
734 929 785 160 963 339 99 521 265
4
893 736 948 118
10
978 258 510 27 98 493 205 427 478 288
6
579 187 40 191 487 803
3
856 174 101
8
658 700 1000 139 175 348 64 880
6
907 872 795 58 170 993
1
646
2
411 572
6
395 697 354 89 131 627
7
326 54 118 349 712 657 233
3
108 836 221
9
176 596 453 187 955 271 477 194 306
9
189 952 360 562 830 598 269 411 152
5
600 307 389 47 652
5
462 902 229 353 614
4
375 782 376 849
3
897 833 603
9
513 912 637 686 805 446 443 352 294
10
377 757 73 967 631 254 410 444 980 477
7
474 111 173 863 934 824 534
10
898 884 95 874 525 109 765 376 913 394
7
282 711 548 875 706 195 175
4
3 802 900 159
2
221 563
7
111 478 602 515 923 242 924
3
131 936 413
1
744
1
381
8
855 869 76 595 301 323 330 973
7
495 649 974 556 159 834 784
9
241 278 924 470 23 710 733 45 554
2
750 972
1
112
1
60
9
20 214 389 260 282 114 423 249 156
3
562 24 143
10
446 136 410 226 744 874 247 922 248 282
6
897 756 515 345 546 59
6
297 374 588 411 775 47
3
996 799 390
9
364 464 538 342 430 150 798 638 407
2
36 156
3
220 135 836
7
280 873 974 676 49 455 874
8
875 878 15 350 672 195 30 612
4
212 336 987 522
1
195
2
871 694
2
271 51
5
136 588 441 456 812
2
825 79
4
783 213 839 259
9
294 274 434 431 712 450 145 886 811
4
232 161 499 89
9
725 200 671 334 277 787 207 718 384
1
220
8
701 360 429 798 123 223 961 832
4
222 642 666 55
5
314 961 12 186 313
5
2 561 756 595 876
8
741 218 993 421 905 490 422 357
8
2 315 136 880 398 804 140 618
9
196 164 739 567 994 873 12 108 40
2
137 105
2
956 683
10
994 409 418 398 289 757 646 725 236 264
2
444 757
8
450 473 728 370 22 615 644 663
3
230 381 790
10
774 317 786 156 933 468 860 226 342 18
6
871 875 865 510 265 952
3
214 142 789
4
859 933 331 78
5
50 861 927 287 992
1
175
10
122 822 380 872 923 423 130 657 436 985
10
582 196 823 639 185 216 362 631 233 268
9
658 970 642 793 860 116 709 137 514
1
773
1
791
6
153 859 183 688 440 156
2
681 796
3
734 745 416
6
557 442 65 796 65 986
10
734 176 407 922 90 975 287 363 495 172
1
389
7
246 48 32 633 928 618 127
2
968 387
6
136 5 953 716 291 974
7
674 136 717 452 705 643 389
10
518 638 570 792 211 30 980 828 226 567
3
26 721 733
9
641 461 412 209 954 642 945 615 782
2
841 188
3
773 440 22
4
720 824 999 94
6
991 632 911 402 576 109
10
1 441 609 658 344 260 104 993 992 99
1
25
6
184 29 692 671 357 267
6
648 973 679 376 220 614
7
607 262 303 769 946 260 537
3
645 353 624
5
778 75 518 689 241
2
267 169
3
255 874 12
3
71 311 977
4
758 438 730 431
3
775 303 772
10
262 437 355 905 208 383 376 912 907 648
10
343 107 977 377 818 181 374 617 21 173
5
63 404 720 543 411
6
827 155 305 749 157 190
3
335 253 400
9
775 261 456 901 857 122 228 874 896
1
741
3
890 886 198
9
584 617 27 761 946 988 825 463 189
10
853 845 899 516 395 353 66 436 899 862
2
11 497
8
641 765 712 907 263 612 569 420
8
972 608 386 514 555 376 522 943
1
293
9
687 678 603 658 828 950 868 601 73
10
142 52 251 208 625 181 924 979 764 542
3
271 843 389
8
799 501 393 805 858 132 223 904
6
806 744 757 202 630 947
10
798 577 189 8 44 295 921 239 144 485
4
291 312 442 912
10
566 149 237 674 992 85 57 95 37 480
