2743 16
5701 1
6004 1
3032 8
5820 2
1023 1
1969 16
2572 64
6187 1
6295 4
2126 1
3161 1
4388 1
3091 8
3254 1
4290 1
5225 4
1415 16
3584 2
3755 1
3030 16
4233 64
722 16
5010 1
5199 1
5987 1
3090 1
3281 1
4312 1
5454 4
2048 1
255 1
300 16
2590 1
5461 1
5223 1
6449 1
6871 4
3126 2
2302 1
2498 1
5301 4
4560 1
1551 256
4059 1
5656 128
2955 4
6152 1
4146 8
5143 1
4297 2
255 1
2096 1
3672 8
580 64
6063 1
7025 2
6043 1
2632 1
3814 1
2082 1
6706 1
2245 32
3682 32
3349 4
1257 32
4670 1
2250 64
1086 1
511 1
2118 1
3786 8
5427 32
4158 1
2057 1
2590 16
3801 16
5355 1
1635 64
3111 1
4127 1
5234 1
2194 1
5181 1
6048 4
4564 4
2791 16
3341 1
1406 4
5469 1
4598 4
5493 8
4299 4
5113 1
1088 1
3071 2
4583 8
6080 4
7628 2
63 1
2670 32
4478 1
5568 1
4438 2
1023 1
5403 1
2072 1
3072 64
2452 16
3325 1
2343 16
4246 1
1157 128
1022 1
4432 1
4113 1
1023 1
2720 1
6485 16
5802 1
2367 128
4075 4
4303 32
4210 1
1023 1
2636 16
3077 1
2080 1
3476 4
3156 16
2306 16
511 1
4305 8
3505 8
6243 64
2110 1
556 32
4641 4
4276 2
6884 8
3615 128
255 1
4677 1
1463 32
5347 1
4761 1
2593 16
6796 1
271 128
2037 4
5614 1
1023 1
1125 64
5507 1
5203 1
1023 1
4162 1
920 16
5406 1
2194 1
4726 16
3457 1
511 1
538 32
5041 8
2846 1
2336 1
4538 4
1024 512
5435 4
6660 2
3869 1
5877 8
5629 8
4469 4
3904 32
2190 1
3845 1
1245 1
2107 1
6316 2
3108 4
3359 2
5543 4
1451 32
6402 4
255 1
4485 4
518 64
7231 1
4538 8
3370 16
1023 1
671 128
63 1
5138 4
2046 1
5374 2
6027 1
2504 16
3938 1
2046 1
3072 1
2138 1
4269 1
5909 4
1092 128
5722 8
3685 16
3106 1
5301 1
7295 1
5409 1
6547 2
6554 1
2441 32
6083 1
5994 1
2467 1
2302 1
1023 1
4020 4
5275 1
2311 1
511 1
4208 1
3089 1
2070 1
5124 1
4583 1
4917 1
1525 8
597 32
4746 1
374 4
2050 1
1023 1
6965 1
6549 4
3325 1
1023 1
5334 8
5221 2
7448 4
3130 32
3099 1
5860 1
4423 32
3590 1
4066 8
1158 64
4710 32
2853 16
2178 1
6180 1
3205 1
2612 8
2174 1
7217 2
2952 32
5642 32
3133 1
3956 4
3264 1
3789 1
5987 8
1585 16
5339 1
2224 1
3590 2
2471 1
3107 4
5673 4
5628 1
2207 1
4685 1
4820 1
2193 1
5226 1
3407 16
5000 1
2560 1
6743 1
2367 1
6664 1
3085 1
2174 1
127 1
657 64
5515 1
7077 8
4142 16
5543 1
4925 1
4319 1
2407 1
4415 1
3994 8
5723 1
2078 1
3326 1
5857 32
1590 16
4492 1
2738 8
3154 1
838 16
5556 16
3169 1
4384 1
3265 1
3821 64
5797 32
15 1
2880 32
4241 1
3581 1
127 1
4102 1
5251 1
1023 1
3090 1
6441 2
255 1
2691 1
1535 512
3180 1
1111 128
5653 1
4197 2
3088 16
1750 4
1023 1
5309 1
4983 8
1610 32
3701 32
6405 4
6183 2
4688 1
1023 1
4689 8
3273 32
255 1
511 1
511 1
4007 4
3584 1
1323 64
3127 1
4436 1
1400 16
2050 1
1691 32
7439 1
7244 4
6346 2
3695 1
6828 2
1023 1
2250 1
5946 4
4373 1
3556 4
3139 8
3894 16
3892 4
2086 1
3945 1
4336 1
4206 128
5230 4
906 16
6023 1
5565 1
3755 1
1601 128
1773 8
5467 1
6685 1
3980 4
1211 32
4506 1
5260 2
3064 4
2857 16
4115 1
255 1
4804 16
511 1
6795 2
1170 1
3173 4
4352 1
3363 1
5260 1
3362 1
2567 128
511 1
6588 16
5179 1
5726 4
255 1
4046 8
5315 2
3016 8
6782 4
3139 1
4669 16
7237 4
5673 1
2191 1
5408 16
3648 1
7359 4
6597 1
6238 16
720 32
3085 1
6314 4
2495 64
3147 1
3207 1
2797 4
5689 4
5339 1
3512 1
3271 64
2794 8
3515 8
4637 8
3701 1
6439 1
6911 1
6000 1
5205 1
7484 1
3086 1
1023 1
5331 1
1224 64
3876 2
6085 1
6160 8
1514 8
4884 1
1023 1
1027 1
255 1
1023 1
5896 1
1023 1
3824 4
2373 8
5507 4
6221 1
5828 8
2049 1
4756 32
4128 1
5048 8
6124 2
2314 1
4780 1
1023 1
4667 1
2492 8
5007 1
2050 1
2079 1
2046 1
3142 1
5144 8
4489 8
3000 8
5529 1
3093 1
4308 1
2458 8
2194 1
5685 1
4742 8
3807 32
5344 1
1902 4
1544 1
2990 1
1098 64
1023 1
2743 8
5129 1
6153 32
4867 4
1799 128
5018 1
3718 16
6153 1
3957 16
1368 32
3909 64
4217 8
547 128
5720 1
1292 64
3778 8
5758 4
1054 1
4893 16
3875 32
511 1
3843 1
3479 32
4086 4
3951 8
3457 1
3316 8
3863 8
5560 8
4964 2
127 1
1098 64
2824 32
6244 16
3525 1
3803 8
3742 1
1023 1
5738 2
2322 1
4510 16
5004 1
1349 64
3992 8
4433 4
2757 4
5113 2
127 1
2047 1
63 1
4886 8
511 1
5413 1
1440 64
7061 4
2050 1
3191 4
1545 128
4914 1
5237 4
5734 8
4279 4
2438 1
4112 2
4199 32
4913 16
2558 1
7791 8
4357 1
2192 1
4808 32
5317 1
5730 8
6005 8
4845 1
5546 1
5789 8
3963 4
1023 1
3724 16
5704 1
2186 64
63 1
2046 1
63 1
1023 1
6298 8
3229 1
5534 8
5772 1
2178 32
5127 1
6605 32
1023 1
5196 1
5784 8
6007 16
5491 4
511 1
1073 128
3606 1
4199 1
511 1
320 64
1023 1
1035 256
4873 1
4169 64
3757 1
4475 4
2622 1
2832 64
4552 1
3156 1
1367 1
3371 1
4274 4
4179 16
2934 16
2822 32
2604 4
5647 1
3069 1
4356 1
6468 16
5572 4
4230 1
3198 1
1023 1
6632 4
511 1
255 1
255 1
1780 8
4432 1
2084 1
255 1
5567 1
5936 1
3426 16
5715 1
4118 2
511 512
1039 512
1023 1
4689 8
5426 8
1068 64
5911 1
2669 8
2191 1
1146 16
1889 32
511 1
1334 16
5454 1
2374 1
2889 16
3390 1
5509 1
1023 1
2449 16
4392 32
127 1
2770 32
4301 1
2562 1
255 1
3693 4
6426 4
3485 1
4689 8
1042 1
3150 1
6138 2
1023 1
5345 1
677 32
1834 16
6343 4
4177 1
1123 128
2578 1
3097 1
5428 1
4795 8
1023 1
6343 1
255 1
3133 1
6295 1
6497 1
4490 1
3179 1
3004 4
1427 64
6148 32
3099 1
3577 8
2242 1
3501 1
6070 4
2686 1
5552 1
2662 16
1023 1
1762 16
5489 16
5872 1
4611 1
2500 1
255 1
511 1
4135 1
1694 4
3679 1
6429 8
1735 1
5572 1
3440 8
3166 4
5415 1
5662 16
2050 1
2054 1
3677 1
5509 1
1694 8
3646 1
5283 1
4190 4
6171 1
5796 1
3776 4
4932 1
3214 1
3943 8
511 1
1623 64
3862 8
5482 4
1245 16
2717 8
4975 16
1088 256
1047 256
6117 2
4328 1
4792 1
2335 1
5307 1
2431 1
5313 64
5541 1
5794 1
2411 16
2581 32
5453 1
6064 4
5457 8
2789 8
4373 1
4190 1
6729 2
