753
4
369 732 746 894
9
698 885 505 226 294 14 948 292 66
9
65 88 471 739 284 539 243 646 373
4
886 378 727 769
10
451 865 905 184 557 460 529 174 177 702
1
942
2
786 863
4
39 739 986 784
9
453 259 895 4 943 326 260 156 512
10
510 448 970 948 193 891 874 645 552 208
3
838 493 234
5
464 871 637 151 630
7
74 867 823 446 209 802 426
4
920 319 685 911
5
829 877 40 135 363
7
287 87 913 559 554 115 387
8
962 620 532 802 377 278 237 887
4
229 115 121 422
6
63 723 58 819 111 906
5
493 285 875 831 357
4
63 449 482 964
8
317 987 295 228 709 828 639 230
2
213 505
7
259 640 273 496 992 474 185
9
765 302 398 56 926 686 586 594 257
9
925 135 279 14 187 265 571 102 789
5
29 194 786 496 696
5
42 953 613 609 298
7
277 270 712 607 426 581 334
8
587 871 89 578 97 465 16 287
3
233 820 984
1
167
2
181 103
3
960 926 585
8
903 587 10 705 160 215 771 662
9
8 949 253 726 282 67 531 896 929
9
703 208 74 285 276 19 352 321 889
10
974 142 982 744 733 23 219 921 519 846
4
896 816 428 682
3
251 57 582
3
147 664 163
8
724 444 229 705 87 482 542 454
7
778 674 800 663 209 141 235
2
993 526
5
814 248 92 85 93
8
765 935 769 846 278 759 516 756
4
583 448 458 288
9
354 752 314 192 87 269 664 384 439
6
578 484 16 110 22 786
7
565 782 742 806 907 832 242
6
797 503 961 343 180 389
1
141
3
184 884 693
6
542 516 783 288 279 78
2
120 450
9
987 794 409 287 844 731 719 783 29
8
604 919 590 562 614 760 876 558
9
371 632 485 723 872 308 838 879 285
3
947 659 806
5
5 995 639 885 608
3
426 947 105
9
162 608 992 677 620 791 908 581 982
4
644 819 107 283
6
461 56 581 778 240 468
4
596 710 632 125
2
601 332
5
760 705 706 542 630
4
357 728 480 661
3
505 454 126
1
346
3
446 664 809
6
355 97 993 79 698 452
10
496 638 915 315 523 334 31 621 558 484
6
461 213 1000 860 574 976
3
235 943 859
4
328 992 384 822
6
142 859 470 843 271 800
9
420 83 918 700 974 511 581 69 706
2
531 904
5
78 601 910 259 767
7
661 657 119 992 121 772 275
9
698 180 342 584 12 499 790 15 919
3
592 792 371
9
349 186 100 870 731 854 680 146 332
10
305 184 728 332 354 569 925 83 390 872
6
401 603 614 818 933 771
4
568 185 647 239
5
173 568 592 217 296
2
138 522
9
56 781 218 827 312 121 896 373 514
8
815 807 111 691 467 218 28 565
8
40 125 265 349 856 684 352 244
6
784 720 582 94 48 699
7
95 251 875 323 935 361 301
3
405 297 28
4
197 604 566 854
6
118 627 701 558 578 193
10
253 400 428 945 437 549 484 583 956 869
10
942 880 906 558 87 778 951 813 827 116
1
37
4
299 289 128 706
7
723 709 376 676 493 128 570
7
307 81 266 340 672 445 267
6
886 567 340 852 467 972
1
995
9
200 975 408 597 19 636 688 377 40
3
212 49 848
4
73 787 823 877
4
339 198 923 856
5
710 635 13 688 285
4
695 508 882 240
5
71 701 623 524 519
2
583 318
3
197 280 290
7
76 82 765 17 910 734 917
7
602 365 41 399 675 898 753
1
686
3
668 721 960
10
295 904 92 731 900 734 397 624 530 634
9
352 145 499 484 92 808 572 260 549
4
482 661 360 862
6
834 711 311 765 752 174
6
905 69 824 882 574 661
7
430 24 763 219 826 809 807
1
631
4
470 848 406 828
5
436 651 629 790 450
3
329 540 960
4
605 955 761 635
4
200 130 31 579
4
632 444 45 793
1
465
6
764 14 233 888 742 632
6
790 559 398 390 582 462
10
818 307 906 301 491 967 916 796 77 472
3
632 845 455
2
304 226
8
505 731 930 326 491 115 791 720
6
93 782 285 14 51 683
10
97 440 446 221 442 5 531 448 472 564
6
777 359 14 745 448 180
1
166
7
854 836 534 421 514 239 708
2
872 303
9
422 918 423 12 756 45 653 810 11
7
182 559 704 536 806 4 167
4
867 790 354 4
9
689 701 742 727 965 428 848 197 665
2
79 160
2
648 641
9
18 554 283 194 396 201 521 542 914
1
915
2
877 244
9
640 501 183 929 421 605 649 472 221
9
965 119 586 476 191 801 84 885 670
1
788
7
779 395 571 66 660 236 434
2
416 454
9
55 819 83 853 93 131 685 801 884
3
570 339 48
8
487 188 865 201 997 746 394 748
5
213 900 893 955 462
1
390
2
150 370
8
448 652 767 218 714 361 1000 807
3
921 852 782
3
276 968 345
6
595 821 933 857 578 410
2
836 186
10
457 948 883 739 708 131 677 303 292 53
10
762 947 152 189 521 379 894 591 655 922
5
608 233 658 769 546
10
372 800 661 181 839 982 457 619 452 414
10
183 84 345 811 505 913 778 951 19 624
6
927 381 851 326 78 306
6
18 845 828 706 730 135
3
535 368 319
5
216 849 693 519 614
3
67 355 99
3
504 570 760
8
353 180 885 274 209 509 303 511
4
356 557 289 430
4
193 578 577 539
8
22 71 548 153 429 523 560 337
2
4 599
10
458 111 68 562 365 709 735 193 933 88
1
168
6
462 219 506 590 277 319
2
129 377
9
746 523 693 771 757 598 529 595 407
8
722 329 834 454 805 442 654 182
6
678 443 843 18 831 45
1
850
2
458 149
1
50
8
838 633 7 840 193 687 82 922
3
679 208 780
8
477 305 326 186 265 818 971 538
9
735 674 200 475 848 405 937 886 823
4
280 501 568 895
5
206 122 18 577 472
3
912 103 718
5
921 31 871 150 363
3
394 553 811
7
221 730 393 808 678 78 924
8
534 237 754 752 707 999 232 108
2
629 463
10
821 155 225 293 28 369 634 684 718 767
6
903 572 95 145 259 495
5
75 936 128 862 402
9
804 381 978 37 206 872 520 59 429
10
337 296 138 315 147 605 613 200 355 77
9
284 260 694 704 762 625 908 68 25
10
583 832 697 949 277 897 454 179 833 546
10
343 561 43 350 824 927 966 215 264 269
4
372 272 675 844
9
698 518 463 516 829 395 218 696 741
9
438 17 272 745 14 53 732 500 534
3
400 978 968
3
168 3 628
1
833
6
855 118 623 570 648 436
9
560 931 545 145 768 435 94 214 258
3
679 71 241
1
347
7
662 187 575 817 374 279 986
5
702 351 750 178 787
3
30 985 892
7
65 184 332 439 728 286 299
7
409 253 916 283 223 976 845
7
519 519 367 16 922 801 645
2
298 803
2
488 65
7
703 854 763 492 747 327 860
2
128 8
3
46 636 983
1
598
9
903 525 985 719 755 303 664 1000 961
10
582 589 97 677 552 835 30 816 295 296
5
452 896 913 367 574
1
626
8
394 523 950 472 207 190 967 479
8
66 145 276 23 957 228 534 782
10
366 492 450 120 990 432 89 807 387 201
6
955 326 254 762 773 58
5
379 598 700 431 798
9
754 550 437 930 496 866 467 704 561
6
818 406 660 589 619 675
5
443 321 497 602 171
6
840 958 901 160 114 955
2
513 377
8
622 737 311 113 28 307 621 931
4
476 680 23 68
3
915 457 234
9
405 678 24 407 644 485 428 864 256
5
860 224 781 346 575
4
997 324 366 633
3
837 44 91
10
272 263 161 710 497 443 741 295 178 353
4
45 203 22 890
10
406 557 515 744 874 982 304 368 461 401
5
487 806 773 682 233
6
845 362 386 877 526 382
5
121 359 231 762 875
5
590 786 652 809 291
8
878 711 550 648 664 840 394 616
4
322 454 416 295
9
246 48 783 121 337 708 635 923 372
3
207 134 906
6
404 359 97 692 796 816
3
909 463 475
4
50 120 245 890
8
42 180 211 528 53 397 778 322
7
701 646 713 938 757 59 966
3
3 93 855
7
344 699 889 184 318 320 178
7
465 938 530 945 519 176 738
7
62 118 14 349 432 64 469
7
310 65 4 166 436 646 320
4
796 893 763 955
7
476 695 751 749 261 709 537
3
659 583 958
9
627 255 299 62 208 117 413 572 222
3
160 542 20
9
582 731 881 675 819 864 401 620 655
5
503 789 610 373 640
3
315 582 596
1
80
2
256 109
9
552 259 127 103 702 281 250 851 650
10
146 784 571 551 228 568 909 326 587 535
6
174 347 399 278 74 756
9
694 524 391 223 563 95 282 698 952
7
887 258 913 835 531 370 327
7
938 84 480 15 923 670 150
7
468 179 358 418 163 356 294
7
314 735 11 458 773 983 401
6
983 500 106 811 789 533
9
618 942 613 971 103 709 816 475 140
3
681 112 295
5
46 117 315 821 675
10
337 567 942 108 376 688 227 767 1000 833
2
924 596
7
733 358 288 777 863 162 873
4
528 262 786 294
5
149 785 670 839 349
2
379 451
10
914 343 345 216 933 98 948 705 599 279
5
265 975 516 198 269
7
14 653 712 83 307 793 754
5
851 500 656 131 913
6
637 496 874 887 693 234
10
333 731 566 806 953 377 144 301 727 603
1
11
4
889 508 871 352
7
308 644 457 11 279 645 591
5
784 602 551 737 447
1
125
5
287 936 148 424 414
9
721 857 338 826 41 439 718 801 98
1
854
5
750 453 665 551 303
10
505 126 296 493 849 904 742 586 408 448
1
195
3
621 775 639
2
663 872
5
169 645 428 781 623
2
985 126
8
984 363 765 898 906 463 226 910
6
491 173 460 911 991 115
4
995 493 343 201
4
390 390 296 510
1
904
9
405 852 425 29 562 667 82 773 184
8
118 544 661 617 445 930 622 480
2
998 594
6
31 741 864 783 160 946
10
129 898 667 432 356 417 987 496 659 64
8
319 365 319 691 59 169 14 279
7
127 684 236 443 589 354 445
1
758
8
321 996 224 709 435 150 674 562
6
167 410 628 283 667 798
1
203
1
459
1
476
6
389 807 765 739 501 742
5
38 759 523 717 19
2
239 572
5
215 598 278 429 734
7
949 666 62 38 89 93 938
2
431 809
3
425 593 210
2
750 909
9
167 79 82 150 249 831 209 26 238
10
534 706 992 787 416 905 411 778 660 637
8
547 602 837 90 734 797 761 882
5
415 944 977 660 396
10
998 958 481 580 526 340 18 605 578 634
1
881
3
606 382 589
10
55 955 86 689 377 362 803 694 551 974
7
996 13 259 914 993 59 869
6
424 230 823 864 722 419
4
583 581 646 177
6
518 217 688 886 768 223
6
249 800 513 306 789 679
3
530 469 771
5
387 43 454 802 390
7
304 933 735 516 353 41 552
8
968 266 119 667 409 589 991 5
8
355 807 868 969 550 269 77 679
2
316 328
9
162 934 766 872 31 604 522 580 379
7
209 695 708 655 667 130 985
5
585 905 490 652 737
2
678 795
2
814 575
9
391 923 142 271 702 203 302 536 989
9
632 769 530 638 662 837 629 152 313
6
129 616 453 27 220 859
2
637 318
7
727 38 833 119 93 849 383
8
699 320 952 981 694 404 109 949
4
451 716 251 14
4
758 265 922 846
5
80 689 191 152 104
1
226
8
175 21 35 857 992 189 759 748
1
303
10
695 503 297 780 563 562 779 609 460 883
3
122 24 339
4
160 694 905 760
7
662 600 963 238 208 305 553
5
122 53 979 730 19
9
761 893 285 936 242 858 244 38 742
5
483 918 886 252 300
4
150 348 750 293
1
346
10
709 203 89 160 604 472 575 406 227 967
9
248 322 313 917 718 580 443 615 995
8
856 679 169 200 538 723 988 913
1
142
6
349 407 993 989 833 327
8
801 833 898 230 254 280 853 768
4
393 130 1000 321
10
267 782 122 770 524 716 265 679 771 636
5
128 537 48 953 974
8
240 729 215 477 986 286 806 864
10
574 907 573 658 512 13 366 78 712 696
9
652 35 690 899 613 432 760 472 245
3
655 483 429
10
663 925 651 870 241 104 780 257 460 129
5
681 890 753 581 333
10
819 319 380 68 338 351 32 548 46 86
9
550 56 546 783 607 643 381 925 730
10
734 790 449 243 593 34 266 189 503 357
2
418 140
5
912 226 836 99 181
8
866 118 453 29 103 5 327 253
4
485 253 962 795
5
767 148 305 772 517
5
10 107 480 859 786
4
633 664 448 974
10
16 731 364 139 993 975 117 964 387 883
9
184 45 129 201 972 403 826 778 738
5
60 753 449 691 181
6
692 706 624 262 264 319
4
819 527 3 981
6
728 556 291 172 91 865
8
803 289 680 96 693 698 283 135
5
394 42 3 704 401
9
490 51 55 55 397 851 611 296 325
9
613 145 928 903 687 552 590 231 700
8
830 702 534 712 568 174 702 490
9
854 963 423 545 245 850 247 138 352
10
921 577 887 920 366 668 282 921 901 705
5
267 739 372 897 557
1
545
9
371 941 154 877 670 930 205 140 803
2
851 101
6
396 16 437 212 525 980
9
271 315 608 528 839 570 649 795 370
10
687 964 783 998 189 764 9 275 159 564
2
832 340
7
632 957 273 267 88 112 261
1
904
5
239 232 213 165 148
1
177
1
987
9
680 825 27 40 124 66 802 224 691
1
787
6
63 844 272 900 247 4
4
400 337 679 849
8
286 477 145 198 924 207 197 829
9
940 186 740 193 965 657 937 662 394
10
343 495 757 848 866 168 880 620 12 317
3
601 685 389
8
886 351 123 200 146 996 291 731
7
208 557 342 695 282 253 863
6
774 531 842 592 874 553
10
158 673 361 195 103 801 860 749 579 785
3
572 207 573
7
191 365 325 972 317 111 525
1
847
7
638 155 49 510 761 27 595
4
568 527 246 383
7
440 683 663 177 397 413 84
3
457 122 529
3
541 27 965
3
78 794 417
5
707 452 433 869 91
8
512 134 892 637 282 401 439 295
8
933 304 27 741 804 453 544 467
4
936 755 951 342
9
926 305 451 76 645 475 451 737 707
5
252 87 840 954 187
7
533 29 902 262 336 759 71
4
285 731 597 201
3
979 155 496
9
54 71 118 854 720 861 575 231 497
8
60 303 950 681 517 455 137 679
6
293 1 696 571 20 814
9
855 733 368 198 107 71 967 826 219
6
145 425 348 163 457 156
5
291 117 130 23 475
3
561 628 634
2
637 457
1
598
4
566 402 495 254
8
703 57 716 316 694 476 993 524
10
143 691 96 522 344 826 214 543 163 547
8
951 211 664 174 334 52 380 947
2
626 645
7
570 848 749 205 129 936 747
6
200 895 615 237 259 424
9
747 918 658 369 905 208 705 456 984
6
46 917 959 75 100 164
2
402 820
6
525 677 630 794 230 413
6
345 360 941 102 960 445
2
217 258
9
138 255 592 804 837 968 376 557 744
2
777 507
6
337 564 757 487 952 641
8
543 892 905 207 879 875 272 577
3
67 453 282
8
66 214 624 470 581 585 728 439
6
549 510 434 58 714 70
1
422
5
355 64 191 147 570
6
176 724 803 458 71 687
6
291 668 354 711 449 477
6
739 867 330 387 272 236
5
722 876 245 199 588
6
682 869 330 609 475 55
6
60 921 383 863 296 952
8
644 829 445 469 744 966 853 538
8
316 523 390 988 13 934 596 524
1
65
2
138 830
4
498 595 458 233
10
348 675 893 517 55 874 736 310 61 751
5
399 906 772 925 27
6
534 889 95 463 737 829
5
858 505 307 895 277
1
805
8
123 504 648 507 247 884 498 271
3
122 658 569
8
121 297 530 238 956 267 997 940
7
864 569 128 555 321 723 534
2
489 848
6
494 649 422 284 598 487
8
212 905 630 410 729 744 345 368
4
902 947 610 224
8
599 404 754 161 811 268 967 909
1
72
3
36 620 466
1
35
8
751 337 534 36 982 496 305 113
1
340
9
791 357 635 507 531 500 296 407 657
2
770 348
10
419 182 242 201 541 344 81 97 564 754
3
823 196 687
4
657 495 414 409
2
941 600
7
461 918 389 328 591 229 304
8
372 335 983 630 383 919 700 899
10
27 946 959 347 11 342 1000 907 475 632
6
635 141 245 1 149 988
3
442 492 973
6
893 972 510 398 958 379
8
169 952 351 92 835 736 325 671
8
265 104 748 193 623 671 389 312
3
987 741 780
10
726 617 817 750 309 868 601 747 704 844
7
591 315 845 53 848 300 683
3
23 570 883
8
985 224 960 288 957 604 253 513
9
46 469 657 475 360 624 657 224 970
10
599 710 814 559 338 912 224 117 427 964
10
946 179 341 60 800 318 872 435 674 944
7
138 793 522 470 937 940 732
9
515 199 601 612 784 80 664 368 430
10
801 155 785 408 625 615 693 290 973 156
6
13 849 332 630 584 943
1
726
6
600 987 559 55 774 493
9
75 723 860 155 164 651 927 960 249
4
364 611 447 764
1
40
3
814 597 154
1
62
1
861
10
620 938 982 594 645 363 572 530 421 327
5
429 110 648 217 975
8
6 278 161 436 765 205 860 243
9
730 17 51 591 211 949 5 670 908
4
181 149 802 886
9
435 753 79 561 967 605 779 417 357
10
74 831 451 70 344 417 600 356 764 102
1
712
9
237 906 160 50 873 817 475 377 639
10
353 245 454 491 945 822 905 553 79 885
10
654 894 248 697 460 351 466 755 443 15
8
873 272 304 597 445 789 744 815
1
386
2
398 579
5
417 323 867 21 172
7
463 418 615 332 875 635 137
1
454
2
157 35
1
594
2
396 639
7
853 418 696 522 592 614 193
6
175 357 372 696 349 164
5
97 559 680 18 613
6
505 48 199 647 23 285
3
959 689 524
4
25 560 501 206
7
797 943 568 57 298 440 986
5
572 515 850 178 410
3
338 500 368
5
661 545 805 57 293
6
54 982 710 704 714 496
6
538 483 543 217 695 551
4
8 872 615 895
4
934 737 314 693
8
182 181 188 105 489 91 492 356
9
576 220 962 580 725 177 945 310 809
5
377 6 696 582 395
7
101 784 57 320 706 555 378
10
365 802 647 104 789 983 607 157 763 739
8
477 219 615 213 178 798 83 365
7
301 880 204 827 688 271 89
5
860 712 964 466 19
1
592
10
622 776 520 78 635 375 215 752 798 3
1
321
1
250
1
223
2
673 939
7
116 32 785 556 645 307 320
3
290 755 250
1
144
9
242 358 53 751 627 47 891 321 845
9
702 297 374 304 280 38 991 85 620
6
685 270 235 635 461 596
9
54 765 713 443 300 38 572 283 561
6
500 420 943 244 841 104
2
443 68
2
765 274
1
879
8
149 648 854 442 132 879 771 396
8
538 121 769 611 962 33 732 16
2
605 399
9
240 152 441 651 629 620 44 594 29
4
202 333 570 466
3
571 381 599
2
959 59
2
636 737
1
320
2
325 909
9
590 675 405 557 41 226 785 408 741
3
901 420 818
4
343 67 115 812
5
336 830 872 484 727
9
845 249 587 410 782 71 617 341 273
1
621
4
791 383 69 934
8
350 176 827 948 161 479 515 656
1
112
4
597 430 898 685
7
149 162 24 662 982 776 797
3
588 828 663
1
219
6
907 777 275 43 579 384
10
170 79 86 252 312 589 950 716 599 367
5
266 863 772 645 370
8
975 181 883 295 862 570 14 269
3
395 99 416
5
830 419 897 589 3
10
823 674 767 272 604 796 533 202 478 91
1
737
9
15 791 457 202 347 415 613 813 588
2
472 129
2
560 740
10
129 279 990 897 402 752 633 916 59 942
7
813 837 686 260 191 735 189
2
984 67
3
906 641 872
5
491 22 606 956 701
9
395 685 431 874 256 997 381 659 638
8
618 18 90 417 838 515 401 496
1
824
9
173 222 85 35 199 725 930 346 740
1
156
5
375 477 721 558 994
9
157 581 684 498 899 86 689 630 733
9
923 757 95 342 539 515 966 716 644
7
469 776 681 336 380 616 813
5
610 891 89 170 511
4
58 821 942 927
2
545 74
10
35 499 865 313 332 669 48 924 970 453
5
287 100 612 128 997
6
180 939 589 216 499 634
3
171 432 640
5
270 425 444 571 936
10
39 427 961 878 250 147 627 310 956 315
9
173 499 403 299 157 76 225 23 459
7
765 890 673 24 668 699 986
4
756 736 814 348
1
583
2
972 720
10
650 874 916 966 733 480 94 39 461 176
9
224 550 468 284 947 669 276 128 449
7
551 504 339 809 495 218 147
3
951 902 398
1
183
1
501
5
799 580 786 690 967
4
410 200 131 137
5
503 262 163 952 46
10
180 927 714 783 449 864 407 657 596 560
5
123 76 174 331 370
7
757 772 64 716 842 604 726
6
881 200 153 553 891 230
4
5 272 625 56
9
109 743 664 791 446 380 224 174 523
10
124 740 783 558 751 901 489 214 26 18
3
728 51 257
3
431 217 874
5
535 716 378 970 709
9
607 498 867 154 217 672 149 742 294
2
729 953
5
283 84 146 832 462
9
766 819 423 288 592 635 408 353 587
6
261 880 693 469 891 972
8
199 602 757 847 979 532 781 562
9
488 920 894 374 620 470 435 891 697
6
200 936 292 124 1 889
7
700 524 707 694 267 875 189
5
49 927 436 991 193
6
144 429 426 777 666 41
1
469
2
783 680
6
269 241 884 589 723 892
8
698 300 451 783 901 409 249 467
2
135 934
4
98 618 648 31
8
766 634 48 320 479 340 162 684
2
157 803
2
37 962
8
813 572 341 988 984 808 510 835
7
465 783 499 39 723 724 975
7
695 73 306 218 913 464 196
3
4 602 222
8
80 343 28 354 128 580 911 589
3
74 594 52
10
117 144 846 578 173 803 654 885 441 284
7
408 338 186 124 218 165 735
7
458 399 391 858 502 307 195
4
940 849 473 77
4
10 234 798 505
9
249 439 669 837 185 516 187 327 570
10
540 152 759 929 793 233 874 421 392 691
8
849 369 821 786 395 330 403 888
4
644 877 493 707
7
151 319 42 639 702 851 197
7
726 712 321 324 784 143 25
10
370 606 29 105 699 487 691 296 240 382
