2066 1
1345 128
3272 2
4553 8
1023 1
255 1
4272 8
6289 1
4299 16
6444 8
4520 4
6386 1
3617 1
5150 1
6796 1
2351 64
5552 1
5732 1
5691 8
5698 8
5277 1
5796 1
2952 32
5343 4
4678 8
3789 1
1320 64
7008 1
4357 1
2596 64
4446 2
3789 1
2066 1
1026 1
2535 8
3751 1
4078 2
63 1
1511 32
3389 1
3465 1
2043 4
6011 4
3855 1
3011 16
6272 2
4194 1
5699 1
4114 8
5246 1
6707 1
2745 8
4104 1
3063 4
5673 1
2050 1
3351 4
3581 1
4620 2
5449 1
3144 16
2578 128
595 64
1023 1
3730 16
6024 4
4932 1
4746 8
643 128
4815 4
4490 2
4709 1
3805 4
2158 1
6561 1
4473 8
1316 64
6515 1
5424 1
511 1
5598 4
4675 1
4461 1
1472 64
6409 4
2621 8
