86
3
681 843 98
2
978 367
4
772 268 520 804
6
382 675 628 608 724 1000
1
671
1
248
6
903 532 431 887 567 680
9
395 855 831 353 368 746 239 295 491
8
558 387 537 89 248 800 911 373
10
289 330 324 518 330 663 611 557 924 776
6
264 5 917 354 64 14
10
960 354 425 594 742 982 490 754 375 608
5
916 819 862 415 380
9
431 514 52 899 382 324 746 132 971
9
159 733 199 54 122 575 277 140 281
4
328 83 911 933
7
68 202 1 557 185 588 84
9
396 462 271 310 439 914 599 616 786
10
720 808 576 245 263 339 203 52 556 777
8
39 953 232 342 422 428 963 207
9
730 755 790 247 958 469 356 139 569
9
565 191 443 717 971 838 766 419 886
4
119 325 760 192
8
784 625 799 853 86 466 827 39
6
715 209 548 941 577 520
5
693 159 720 160 574
2
539 205
9
376 323 426 469 657 279 171 284 129
7
728 390 386 821 544 138 949
4
13 883 955 737
6
501 465 901 716 779 900
5
26 877 74 252 333
3
96 587 417
3
5 382 460
4
807 535 420 325
5
948 810 837 49 608
6
362 347 202 900 139 902
1
62
2
75 604
5
935 689 735 503 503
5
554 800 427 957 377
2
866 865
8
447 463 108 991 185 375 296 74
5
249 47 196 320 648
4
317 914 836 558
10
396 295 81 852 301 424 839 823 685 880
7
26 702 991 405 310 822 201
9
709 854 582 539 70 189 525 351 296
6
879 227 381 450 749 372
9
803 493 33 848 723 595 972 253 508
9
99 436 84 396 749 47 292 483 478
4
71 615 524 159
6
709 626 455 791 423 972
4
592 471 639 513
9
267 12 687 750 699 218 589 246 781
3
920 738 299
4
602 1 150 20
5
612 793 963 684 95
6
1 429 581 43 455 23
7
480 462 732 355 490 91 248
4
765 18 697 636
4
778 489 81 166
2
18 441
1
772
4
974 769 863 964
10
70 534 768 242 875 664 837 948 20 304
7
477 658 230 324 499 235 688
8
15 504 683 329 516 42 407 962
2
458 177
8
131 653 529 229 764 973 109 267
6
875 523 301 441 378 268
7
603 571 212 141 153 598 863
6
98 653 685 651 87 447
3
378 636 501
8
208 186 213 25 290 688 436 249
8
901 154 750 611 118 792 451 70
2
800 506
9
959 28 44 733 683 827 933 905 949
9
913 246 322 23 569 980 463 285 815
1
387
8
781 407 60 220 868 506 57 263
7
416 850 280 741 72 504 207
7
640 216 70 344 791 727 156
2
935 409
8
436 179 441 270 939 1000 447 257
4
898 344 755 534
