4439 8
2094 1
6006 1
2048 1
3139 2
6528 16
616 1
5831 1
2177 1
4440 8
5444 16
6067 16
1219 1
5893 128
1254 16
6431 64
2066 1
4961 8
3751 8
511 1
127 1
511 1
2595 32
1023 1
5324 1
4262 64
2046 1
1023 1
5023 4
2517 8
2262 64
4469 8
5381 1
5925 16
31 1
3209 1
5647 16
4025 8
1195 64
3099 1
6370 2
255 1
3012 4
4828 1
1023 1
5259 1
6742 16
4656 1
1773 8
4130 1
1023 1
5393 2
2481 1
4452 4
4967 8
7032 2
1624 32
6268 1
6427 16
5057 2
6929 2
2806 4
4584 16
3727 16
2569 32
1353 64
5726 4
5791 1
5252 16
4878 1
1150 1
6178 1
2058 1
6131 2
3931 1
3106 1
1410 64
1353 64
228 8
3455 1
1445 32
3262 1
4237 1
3584 2
4767 1
3199 1
1023 1
6667 32
2658 64
2999 8
127 1
255 1
5956 1
3391 1
3666 1
6225 1
4436 1
6825 8
5706 2
3771 8
4997 1
2046 1
4844 2
441 8
1050 64
1074 1
1023 1
2279 1
255 1
255 1
3836 2
3311 16
6125 1
2520 8
4589 16
4129 2
1459 32
2686 1
4720 8
6295 4
3423 1
2594 64
2071 1
1960 16
7245 16
511 1
2936 8
3695 1
6761 2
5728 1
3384 16
4366 1
5723 1
2739 16
4780 1
1137 64
4128 1
4325 1
1023 1
4590 4
1464 8
1852 8
2646 1
4862 1
2727 32
5671 1
6573 2
2178 1
6059 1
7306 1
1086 1
5909 2
3951 16
5052 4
4586 4
2334 1
1946 8
6399 8
2126 1
4478 2
3553 1
2889 4
255 1
6022 8
1023 1
5332 2
1279 512
2082 1
6187 8
3910 2
3004 4
5123 1
2776 16
4237 1
2774 8
4950 4
2303 1
1212 16
4241 1
1142 16
1920 64
3269 1
3056 4
5976 8
4981 16
1023 1
5760 1
4910 32
5181 1
5639 1
6638 4
3208 1
1930 16
2179 64
1035 256
2791 8
6083 1
3671 1
6103 4
1922 32
4871 16
6730 4
6252 1
1123 128
4882 8
2323 4
1602 64
5008 4
2368 128
5172 1
7206 2
4262 1
2048 1
1046 64
1023 1
4541 1
5132 1
3075 16
6181 8
1103 1
31 1
4701 1
4607 1
4054 1
2852 1
6751 16
3733 1
4872 4
2051 1
520 128
5078 1
511 1
2234 32
5511 1
5204 128
4105 1
4372 16
5576 1
2074 1
2586 32
4773 1
3830 1
6287 2
2783 32
2302 1
4125 1
3431 32
1391 64
3342 1
3225 32
3661 1
1023 1
5752 4
4503 16
6484 4
2688 16
4270 2
511 1
2243 1
2567 4
5792 1
2249 32
4623 1
5965 1
3137 1
1883 16
6194 8
5150 64
3213 2
6027 1
2118 1
2078 1
3606 1
644 64
2194 64
2087 1
1531 8
6687 2
5787 8
5236 4
5452 1
1320 64
6099 1
4662 16
3202 1
3543 8
4654 64
2083 1
1023 1
1453 16
3723 8
2961 4
4583 8
1023 1
4768 1
4481 1
6151 4
3170 8
2109 16
3469 1
4706 32
3634 1
255 1
1023 1
2048 1
4424 1
5675 1
5683 2
2070 1
4980 4
4703 16
511 1
2374 16
6311 4
3686 1
3341 1
5547 1
3659 2
3390 1
3597 1
4323 8
4065 4
5453 1
3447 16
4612 1
2049 1
5830 16
6185 1
4243 4
4179 1
3968 32
1023 1
3773 4
6666 2
2342 128
3138 16
3685 32
2433 1
1454 8
5142 4
7197 8
5379 8
3175 1
2946 1
5956 4
4497 2
3933 1
4464 8
4513 1
1023 1
5827 2
5162 4
3800 8
3469 16
1936 32
1086 16
3396 32
2357 4
6276 2
2063 256
2080 1
3948 4
3208 1
4974 1
6523 1
5615 2
2046 1
1586 32
4577 4
6681 1
2207 1
7082 2
2062 512
4872 1
3729 1
4720 1
590 16
4221 4
6396 8
5887 1
1609 2
4426 1
5572 2
3189 2
5425 32
6298 1
1400 16
5625 2
2669 8
5629 4
5372 1
5308 1
2623 1
3336 1
4102 1
6490 1
3712 8
6245 8
2051 1
3501 1
3406 16
6022 4
4173 32
3631 16
3113 1
1023 1
6022 4
6290 2
5784 32
1023 1
2047 1
3214 1
5140 4
2318 256
63 1
1330 32
255 1
4875 4
127 1
4324 16
5474 2
4792 16
2881 1
2780 8
255 1
1035 256
5978 8
1145 32
2178 1
6079 1
1023 1
2323 1
1023 1
1192 64
5506 4
2335 16
1569 1
6546 4
4864 8
5676 1
3082 1
3314 8
4066 1
3704 4
1592 32
2114 1
1014 2
5770 1
3210 1
511 1
5153 8
3602 1
2334 1
2561 1
3110 1
511 1
5853 1
5692 1
2770 16
6276 2
2058 1
5775 1
3698 8
5135 1
4764 1
4609 2
6211 32
1600 128
4496 1
646 32
3869 1
3263 16
4820 1
4181 8
4639 1
2331 8
3161 1
1023 1
3205 1
6192 8
1023 1
4204 8
6193 1
6946 2
3015 2
5895 1
5823 1
2058 1
2445 4
5279 1
2046 1
5943 4
4738 1
2139 1
2054 1
3742 1
2230 1
931 32
6418 1
3496 4
5944 8
3584 2
5514 1
554 32
6287 16
1062 64
3661 1
6408 16
3812 8
2110 1
6179 8
3782 1
1023 1
5155 1
2524 8
1966 4
3369 32
5200 1
2992 16
5931 16
3336 1
3809 32
4311 16
3077 1
3081 1
3984 4
4312 4
5167 4
1028 256
5256 1
5670 16
4688 4
3174 1
4643 8
1297 128
5123 1
5509 8
5669 4
1512 16
5525 4
5941 2
3119 1
5709 1
593 64
6380 1
645 64
2650 32
4480 1
5633 8
5498 4
2143 1
1319 1
4253 1
3514 1
5437 1
3519 16
127 1
1597 16
2255 1
5667 1
5417 1
620 16
5638 1
5744 8
3175 32
6719 8
5857 16
3082 64
3352 1
1331 16
1023 1
561 64
4992 16
5091 8
3882 8
5369 2
2001 16
511 1
5285 1
1086 1
6276 1
127 1
5388 16
127 1
4288 1
2541 4
4676 1
2614 64
2817 64
1838 8
3567 8
1042 1
4612 1
4255 4
3984 1
2852 32
1023 1
4689 4
1127 128
2048 1
31 1
2058 1
4989 1
5499 4
4140 1
3378 1
5262 1
4177 8
2075 1
2125 1
4813 4
6040 8
4437 8
4627 1
1358 16
4292 1
2732 16
5499 1
4863 2
4188 1
1023 1
2883 32
1500 8
1023 1
4447 16
5756 1
2814 1
2079 1
1225 64
511 1
4164 1
511 1
1473 64
5935 1
1087 512
1023 1
2817 1
4660 1
6404 1
4928 1
1023 1
4487 8
3389 1
1503 64
143 64
4061 32
2088 1
4892 1
2653 8
255 1
