650
6
144 344 132 187 742 694
3
746 805 293
9
739 719 939 497 78 40 626 593 803
3
52 928 861
4
503 194 354 998
10
529 823 193 911 165 835 327 755 661 561
3
250 110 255
9
310 895 519 782 249 647 280 806 711
3
382 2 802
6
293 995 501 5 381 177
8
592 307 903 511 443 978 306 340
10
936 894 353 673 868 749 40 102 655 181
3
287 47 21
10
585 302 609 702 302 589 147 723 154 244
2
930 186
10
995 358 228 188 777 678 311 91 25 220
3
165 548 974
8
544 744 338 193 799 112 587 34
6
587 135 846 922 363 730
1
465
1
81
1
508
4
273 780 595 363
1
693
9
999 446 655 280 572 592 430 653 212
8
999 754 480 273 51 724 839 94
3
389 986 624
1
999
8
379 726 28 44 816 536 505 319
4
254 744 551 422
4
268 698 807 73
6
126 475 366 47 77 818
9
515 367 152 965 805 779 287 122 633
10
18 260 543 720 461 855 359 522 626 73
1
31
5
576 472 833 801 56
10
491 398 758 497 532 677 144 659 795 464
6
974 298 855 128 31 363
2
202 921
5
602 786 715 314 509
8
109 152 750 928 739 766 634 712
1
132
4
474 590 107 201
7
502 423 552 456 387 56 693
1
764
9
908 604 587 994 451 39 509 106 720
10
547 661 201 703 643 297 101 27 736 602
7
670 344 623 25 580 334 575
2
811 570
7
319 620 140 712 353 973 415
1
643
8
254 950 565 677 442 947 226 530
3
8 68 588
6
15 913 667 914 606 945
8
179 956 356 65 936 916 899 510
10
21 593 559 765 525 887 298 876 880 84
2
630 976
9
593 206 98 516 592 105 126 715 318
10
551 966 652 432 992 606 228 918 554 472
8
392 661 815 220 612 719 304 716
10
507 486 936 186 382 968 467 8 562 359
4
661 963 213 869
8
156 982 897 601 256 102 86 520
6
576 48 898 903 364 646
4
240 902 985 420
2
909 312
10
717 374 348 240 913 635 201 513 376 621
9
950 193 707 896 949 967 213 433 353
8
110 613 795 610 854 827 59 352
7
216 653 175 107 123 647 569
3
272 119 303
9
846 524 427 634 727 960 913 18 690
3
453 612 22
8
951 217 282 98 79 55 368 233
5
651 90 11 130 461
5
765 207 278 405 577
2
587 55
2
67 758
2
116 110
5
573 17 536 129 422
2
354 827
5
19 316 674 776 108
7
908 40 360 767 227 454 662
6
347 2 963 765 851 304
7
722 540 34 192 993 137 224
5
775 644 408 737 504
1
840
10
562 739 532 829 891 355 270 612 225 852
4
987 516 957 6
4
993 941 934 83
1
118
1
214
9
952 671 125 697 785 310 195 751 638
5
653 474 480 756 229
5
490 316 253 180 630
9
800 459 419 495 306 289 909 851 925
7
381 593 97 936 963 264 484
10
92 389 94 162 578 147 297 627 601 422
8
117 375 579 70 837 499 424 421
6
858 871 276 777 446 223
7
17 906 421 95 176 757 227
3
313 78 752
6
678 738 418 594 589 713
2
223 154
2
208 820
3
127 245 438
1
645
3
580 850 66
1
188
1
159
6
31 615 332 866 449 151
6
797 932 1 636 140 345
9
180 924 73 48 598 351 126 496 602
4
942 146 222 566
8
744 38 826 18 877 112 221 983
6
642 522 808 121 258 702
2
588 7
3
832 853 559
6
402 63 203 249 559 44
10
595 271 629 10 479 833 420 72 366 924
5
739 597 524 200 477
4
755 375 143 297
3
278 976 50
2
806 880
10
768 892 520 519 482 835 823 846 152 732
1
343
4
162 809 200 49
5
74 334 988 123 155
10
519 796 215 861 186 918 692 2 922 750
9
815 88 382 6 68 725 569 704 854
4
516 620 870 830
7
359 441 976 372 877 537 150
9
392 653 562 918 836 973 623 321 10
4
47 993 612 799
7
792 857 340 812 6 83 371
2
536 405
7
215 650 487 140 595 770 830
7
778 124 265 617 688 138 298
1
551
6
119 16 114 456 74 897
4
19 424 346 339
2
751 557
3
729 763 862
7
563 769 109 524 259 975 645
4
912 799 706 228
9
867 25 948 412 467 161 952 696 272
10
899 392 420 137 972 67 540 4 340 150
3
57 266 626
7
297 287 479 279 286 516 299
9
718 861 523 942 793 520 614 630 950
3
275 172 148
10
51 566 925 247 541 87 205 205 809 797
6
780 171 122 358 771 53
8
94 963 952 129 583 863 62 574
6
955 250 338 390 98 489
3
268 857 391
6
196 347 204 178 490 489
10
825 364 9 697 940 424 218 110 112 372
3
539 956 279
6
754 684 647 886 275 574
5
113 747 25 102 874
4
348 250 752 509
1
152
10
47 614 237 259 799 736 716 76 4 864
1
897
8
47 295 712 38 947 54 263 576
2
964 315
3
118 301 932
10
529 732 187 6 105 174 147 794 807 586
6
22 168 180 934 676 576
4
124 648 783 581
9
235 566 846 748 159 913 125 356 406
4
911 202 173 306
5
75 78 200 588 171
4
554 350 234 344
8
576 433 697 846 252 94 540 924
3
520 594 228
2
84 790
5
137 216 186 232 639
2
414 534
2
730 676
5
531 333 177 774 548
4
947 186 555 712
10
334 128 585 559 13 579 286 638 696 492
8
517 886 89 75 972 779 909 18
1
598
9
802 222 776 316 465 244 37 381 512
8
697 184 179 796 321 832 216 113
9
211 870 351 543 44 450 697 592 487
9
98 144 157 609 290 446 982 841 67
10
870 622 740 880 116 150 95 373 200 10
5
596 429 262 288 592
2
533 609
4
293 996 766 122
2
494 541
4
223 524 463 397
9
691 857 553 520 719 173 53 64 51
5
825 875 417 393 899
10
790 417 25 659 726 458 401 281 875 47
2
713 693
8
486 961 140 893 223 25 614 501
10
813 413 358 335 819 563 134 282 113 196
9
576 750 171 294 965 576 709 920 874
2
416 571
6
654 796 545 896 709 984
6
344 263 404 222 292 282
2
794 678
8
172 935 763 97 459 459 943 92
4
840 503 521 500
7
25 315 755 492 141 254 374
10
198 396 161 594 390 257 683 419 34 408
7
536 117 196 369 517 922 839
3
993 12 88
2
984 48
1
629
7
682 364 296 24 855 276 899
7
154 330 317 750 27 385 253
4
164 925 59 135
10
700 415 273 791 932 704 615 104 929 442
3
340 496 218
1
17
5
884 839 931 995 836
7
394 618 998 825 799 464 422
5
397 79 198 709 151
3
537 704 592
10
688 264 917 87 899 897 830 766 352 883
5
674 926 609 964 231
8
337 73 60 498 850 958 514 218
3
716 308 518
2
271 249
7
858 473 281 795 369 771 903
1
300
4
614 841 58 425
7
716 622 895 694 245 854 706
10
422 757 871 822 362 34 532 721 488 145
7
505 81 727 513 545 773 511
6
532 397 462 379 316 232
7
924 730 681 900 826 288 988
3
92 574 445
4
851 735 831 169
7
700 822 681 327 880 34 582
5
989 284 387 409 959
8
478 43 476 494 303 255 839 295
4
474 236 656 327
3
893 390 496
7
239 554 345 72 911 949 751
6
237 88 778 763 495 526
2
112 767
5
950 381 346 940 146
6
407 335 374 703 587 563
5
433 38 277 474 697
1
832
10
771 514 505 166 209 607 519 287 794 148
8
254 759 90 778 655 997 84 372
10
127 183 89 62 720 66 738 981 476 912
4
457 844 238 25
6
340 780 401 22 23 894
1
447
3
185 139 913
4
201 588 69 805
9
888 67 224 933 334 428 150 910 175
4
318 678 668 455
7
529 967 816 209 40 999 805
9
739 90 755 655 414 372 608 863 568
5
308 686 287 500 649
2
810 905
10
853 245 596 76 444 612 173 819 303 13
8
74 245 953 556 148 78 418 626
4
465 972 664 970
9
625 587 391 785 494 882 277 806 720
3
491 735 872
3
473 514 647
5
507 484 530 404 116
2
90 288
4
791 101 721 289
3
700 826 492
2
947 432
10
606 609 135 434 475 325 720 51 370 18
10
74 860 754 56 195 855 164 736 869 136
8
329 765 541 483 845 290 936 971
9
658 73 275 164 698 702 249 372 774
2
833 407
9
964 949 679 351 460 705 998 31 872
8
746 990 626 505 387 651 265 412
5
34 406 434 882 567
4
526 973 646 724
8
780 921 697 484 964 582 35 91
3
238 60 804
1
954
2
703 238
6
623 174 200 933 566 11
4
501 310 805 173
8
253 531 472 802 185 475 535 674
1
752
7
695 120 30 568 721 603 355
7
722 218 73 802 396 594 733
10
987 300 726 80 94 562 648 329 285 148
4
335 793 117 321
4
382 340 675 694
5
24 176 216 750 904
8
906 137 343 947 114 26 876 133
5
635 693 753 810 473
1
140
1
821
3
894 258 239
7
174 664 717 380 919 163 445
9
896 819 464 767 734 364 397 403 722
8
930 932 560 57 11 764 916 731
3
76 810 719
8
704 209 350 616 106 320 613 670
6
325 381 346 393 744 430
1
296
4
50 242 988 570
10
511 52 265 792 149 574 269 834 922 151
5
203 979 81 500 263
5
125 460 539 8 698
9
521 679 28 758 257 463 651 36 408
6
372 818 948 173 948 228
5
60 358 690 33 748
5
557 858 165 587 996
6
466 307 390 179 584 181
6
576 369 793 176 791 936
9
874 200 655 396 982 908 552 251 196
6
216 959 43 674 877 6
7
81 555 341 126 467 544 548
3
55 315 971
10
73 786 409 884 885 311 487 859 163 701
9
532 648 731 848 540 910 362 363 674
6
680 163 546 202 75 313
5
786 732 597 925 644
6
383 266 708 310 696 323
1
645
6
21 772 353 871 409 975
10
98 978 887 155 385 264 278 615 327 231
4
216 315 894 917
4
185 641 733 935
6
792 55 963 616 273 266
3
664 132 224
2
961 401
8
400 42 314 51 296 753 824 634
10
131 492 315 132 194 443 203 777 496 894
8
747 584 808 455 973 619 488 597
5
119 986 879 170 504
3
902 991 997
10
244 940 129 186 356 904 13 491 535 804
6
544 235 673 224 988 705
5
99 652 245 378 234
8
264 528 353 838 61 684 956 124
7
203 993 779 584 169 188 703
1
852
8
24 961 194 176 384 692 106 76
8
447 765 231 200 948 51 622 362
6
363 938 610 948 348 303
6
431 92 235 751 913 535
2
751 641
2
341 661
6
52 161 528 778 728 495
4
113 305 692 819
10
749 245 116 711 253 588 449 498 983 636
4
903 353 765 10
3
939 510 550
6
260 2 578 738 557 59
5
776 540 84 123 424
7
396 374 626 506 107 479 817
9
441 460 433 118 802 970 149 439 72
8
854 674 532 948 175 46 893 579
3
367 277 738
2
610 942
8
12 996 624 286 405 902 320 590
9
864 714 805 130 705 944 710 210 580
3
407 649 975
10
487 705 909 962 622 567 566 957 550 53
4
749 291 898 92
7
161 62 65 287 708 950 103
5
730 174 834 998 644
7
558 865 196 462 665 861 710
2
385 49
6
156 980 641 262 439 511
10
799 85 31 926 496 467 554 68 452 4
9
133 957 380 538 992 519 992 860 289
4
125 377 244 91
7
230 303 717 542 204 714 771
8
516 46 290 137 573 872 578 688
4
821 301 276 123
10
443 130 932 626 631 951 605 68 391 104
9
120 171 274 660 343 838 274 50 233
2
704 70
8
226 41 638 431 79 244 772 344
4
754 20 767 86
10
969 768 133 158 376 870 280 964 83 512
9
427 336 28 742 640 888 556 663 107
7
377 108 110 385 857 43 430
3
926 540 544
5
177 178 655 835 119
5
787 393 809 800 571
9
335 70 612 877 101 785 275 292 377
6
432 664 94 363 207 862
10
47 502 261 510 815 334 694 535 639 372
3
384 730 56
5
634 316 121 531 741
6
494 531 218 520 291 702
10
43 450 576 802 668 192 847 522 310 830
6
21 999 230 766 548 569
6
482 754 969 153 280 909
5
203 473 784 491 526
1
771
8
169 442 91 418 381 155 365 785
8
805 741 567 675 757 526 310 805
8
103 768 330 486 131 312 27 251
1
788
3
611 405 873
5
340 816 542 335 240
8
552 239 104 961 830 729 885 56
4
806 257 620 91
1
49
2
862 402
1
149
8
769 243 151 977 972 81 514 916
1
120
6
166 312 415 131 548 318
8
903 829 275 584 334 783 429 665
8
801 348 784 235 542 206 39 461
3
523 679 575
4
497 447 732 76
1
216
2
506 521
10
367 916 586 283 554 354 118 182 484 544
2
925 24
3
202 913 488
9
454 816 869 895 481 710 630 70 937
1
744
3
826 376 914
1
883
2
267 605
8
976 617 432 100 832 657 614 690
4
165 28 624 980
5
414 220 384 357 95
10
720 988 709 830 482 25 461 697 535 967
8
416 971 912 997 59 966 164 179
7
437 950 450 422 107 468 177
5
743 956 10 988 110
4
583 879 961 539
5
525 719 166 919 657
4
928 656 963 913
2
600 926
3
121 738 472
2
287 279
9
95 158 999 416 754 478 86 870 335
5
824 313 819 747 175
1
442
8
715 6 863 20 35 348 465 717
5
978 96 944 695 832
3
363 821 436
3
877 657 777
5
759 903 57 371 800
1
264
9
886 669 876 25 885 786 16 169 658
7
379 484 357 120 102 920 359
4
149 833 207 393
10
312 281 558 287 512 943 843 379 19 918
3
930 499 528
9
633 687 305 245 845 13 877 721 783
4
556 799 791 848
7
771 983 862 688 575 249 943
6
99 378 949 377 342 35
6
190 66 126 447 183 909
10
29 855 713 260 800 18 502 766 97 107
2
811 661
7
396 938 446 799 802 522 124
2
332 52
5
467 491 386 864 32
6
723 319 68 982 500 591
7
541 528 655 310 506 891 809
6
55 794 795 335 774 276
7
219 578 262 595 105 127 989
4
670 990 149 264
5
720 10 689 307 437
1
512
5
856 601 202 530 449
10
130 917 579 601 291 693 225 357 737 538
1
666
6
628 58 980 26 762 712
9
521 227 215 430 507 656 676 98 491
10
569 674 124 103 446 922 250 227 499 42
4
917 593 496 897
9
824 813 621 403 14 953 279 814 468
9
735 347 323 516 802 726 878 440 619
3
37 726 887
4
165 618 451 611
9
642 347 744 817 344 23 262 123 964
3
816 452 671
8
367 746 778 581 745 538 567 53
7
549 388 443 82 501 700 205
3
211 849 499
3
567 212 963
5
717 209 179 578 157
3
631 370 308
2
422 509
9
286 188 295 414 546 827 368 996 383
6
955 489 377 953 632 70
10
52 582 78 336 543 698 966 256 683 96
4
890 842 803 745
7
710 714 900 115 211 650 721
2
377 173
10
418 981 438 669 807 813 730 42 642 459
2
212 780
5
721 469 804 764 580
10
270 415 447 291 902 810 387 756 59 535
6
75 305 260 936 648 102
3
201 364 599
10
840 192 29 353 252 574 682 139 174 848
5
595 465 969 744 691
1
942
9
888 670 724 291 117 642 447 52 851
4
196 36 973 755
2
867 819
6
467 411 674 826 191 528
9
879 390 585 379 178 385 277 683 672
4
52 348 609 187
10
573 117 901 237 855 54 778 761 22 93
5
577 552 232 722 440
6
804 913 107 436 297 860
6
371 501 244 148 872 107
5
323 880 295 140 725
5
245 753 772 817 332
6
568 809 426 251 807 979
6
816 579 45 776 368 778
8
271 805 371 929 446 49 750 106
2
957 71
7
263 455 231 954 401 89 243
10
402 890 399 736 577 241 519 385 357 56
8
755 133 336 331 241 986 715 519
5
283 5 991 155 808
8
769 878 461 980 560 223 224 478
2
791 506
9
731 821 249 55 672 846 268 987 10
10
450 237 833 901 475 825 584 777 25 146
8
217 906 560 564 749 935 421 541
2
271 793
8
136 362 780 941 366 613 306 259
8
827 432 361 817 363 347 272 570
5
853 933 245 300 630
9
934 571 389 703 309 825 465 505 682
2
187 278
9
976 481 402 221 119 975 432 331 797
2
509 132
4
267 552 727 936
7
661 24 373 622 953 48 692
8
954 303 633 692 676 536 321 612
8
560 131 545 931 50 501 693 751
3
56 682 310
3
415 265 351
7
556 585 898 365 363 187 797
5
856 768 696 351 346
9
98 932 960 687 494 856 265 420 50
6
817 259 20 618 135 774
1
116
6
303 201 420 225 340 52
3
103 103 841
8
735 288 921 503 46 253 494 379
9
818 182 457 10 949 157 640 961 769
2
307 161
9
32 794 485 660 934 601 710 872 401
8
15 25 572 59 274 964 80 483
6
30 221 493 610 909 876
10
538 571 831 627 692 729 7 321 204 87
10
587 901 383 298 240 907 207 818 494 990
4
148 585 61 232
5
491 172 219 899 655
4
77 160 511 39
1
752
2
336 157
8
893 656 217 998 868 382 695 283
8
126 855 997 508 264 209 578 460
6
121 342 607 456 9 995
8
493 955 649 451 699 653 786 475
2
537 564
1
471
9
591 294 884 470 694 187 76 810 378
3
477 197 106
9
642 492 582 953 292 850 947 945 478
1
92
8
838 191 207 383 708 499 485 29
1
106
7
930 800 231 949 466 3 232
4
579 972 31 127
7
484 198 962 887 893 557 669
4
829 306 965 498
4
311 796 225 457
2
630 678
6
149 827 217 939 152 627
3
498 91 400
7
446 585 48 419 222 777 237
6
236 149 444 693 629 428
5
870 878 872 486 699
4
705 976 668 427
1
663
6
111 198 195 624 741 164
2
630 481
3
254 911 563
1
23
3
439 518 468
7
315 903 176 812 952 426 422
10
806 729 891 877 143 194 387 592 281 495
7
537 95 946 637 36 510 929
5
200 157 649 803 579
7
24 417 201 585 724 200 92
6
963 186 107 695 698 1000
3
991 637 191
3
280 680 552
8
814 542 472 976 379 867 146 287
10
677 647 862 220 916 980 162 478 801 7
8
955 656 481 861 167 421 39 565
7
553 13 169 741 50 465 578
2
490 858
7
395 165 818 529 949 140 774
4
828 476 999 425
9
17 407 606 784 814 919 86 979 511
8
882 1 661 144 874 336 733 874
7
351 874 753 869 424 662 104
1
901
4
139 199 407 986
2
851 369
1
822
8
112 31 560 917 980 451 663 121
9
65 811 742 662 71 861 251 769 828
3
862 949 896
3
118 936 318
2
553 284
1
306
7
724 810 57 812 268 155 743
1
447
2
485 984
9
66 743 369 655 399 827 464 389 271
2
4 955
1
671
3
658 750 542
7
417 114 613 50 247 641 660
9
976 80 857 175 922 517 841 633 581
7
617 605 446 736 466 682 577
1
674
6
205 362 456 316 515 453
5
672 114 476 587 589
2
936 439
2
96 15
6
758 716 571 705 455 280
3
333 220 793
7
654 41 148 622 203 529 215
4
385 900 890 288
1
247
