2942 1
1064 1
2849 32
1023 1
3778 1
5801 1
5803 4
2332 32
3446 32
4880 8
2046 1
2466 64
1023 1
2454 2
6571 8
3474 1
7582 4
1023 1
1435 32
4039 1
3407 32
5008 1
3493 1
1227 64
1343 32
2716 16
6500 16
1023 1
2063 1
5140 4
1507 32
4098 1
7170 2
1023 1
2443 1
260 64
4370 1
3285 4
7160 4
31 1
4177 1
3519 1
588 32
6411 1
3594 4
4924 1
2712 16
2618 4
5422 2
4974 8
5249 1
3745 64
5643 1
4710 4
1023 1
1023 1
4981 4
4704 1
2319 1
4007 16
3064 4
5625 2
2206 1
4749 1
2190 1
618 16
6680 8
994 8
3907 1
5679 1
3725 4
5949 1
5061 32
3069 1
3298 32
1023 1
4501 1
1816 4
4737 1
7466 4
3174 1
2051 1
1023 1
4553 4
3628 4
3774 4
6321 8
511 1
5435 1
4361 16
3841 1
5643 1
5508 1
7256 4
3850 4
541 32
6407 1
6486 4
1023 1
4582 8
4450 16
4751 8
1457 32
5052 16
1120 128
4145 64
4683 1
4230 1
2113 1
3093 1
1023 1
4556 1
2046 1
5155 128
6247 16
3948 8
127 1
2074 1
1023 1
4413 1
6778 1
2940 4
5758 8
3197 1
3511 16
1023 1
2656 1
3288 8
511 1
2678 1
2050 1
3834 4
1023 1
3284 8
5697 64
5599 32
2914 32
3862 16
6174 4
1023 1
2579 64
4440 4
4785 1
6492 1
4661 16
511 1
2320 1
2718 16
5899 1
5714 1
2860 16
1451 32
6653 1
2164 1
4308 1
2978 16
4783 4
5031 4
175 32
1023 1
5696 1
5492 1
2438 128
511 1
5380 1
2889 16
2180 1
3070 1
1866 16
6595 2
2286 64
584 64
6251 1
6860 32
6467 1
3061 2
2110 1
2318 1
5909 1
6188 8
4444 4
5647 1
6347 8
2122 64
4262 1
511 1
3057 4
6496 1
2346 64
5853 1
5143 1
1023 1
4908 1
4367 1
4359 1
4408 1
2366 1
5358 1
2050 1
5155 1
6482 1
3819 8
2046 1
3421 1
5182 1
1023 1
3485 1
1023 1
6038 8
4638 1
127 1
2681 8
1040 1
2109 16
5030 16
1185 128
3728 1
386 32
1450 16
1023 1
3988 4
5894 4
3111 1
4542 2
1284 128
6211 2
3155 8
1515 16
2305 4
5775 1
6216 1
1253 32
1509 16
1905 16
1341 16
3966 64
3037 2
1117 8
4547 4
3179 32
5156 1
6208 4
1308 32
127 1
3715 1
127 1
2112 1
5488 16
3169 1
6478 1
3843 4
3804 8
5234 1
4677 1
2058 1
4730 1
5166 1
4447 1
6263 4
5497 1
4455 1
623 1
2129 1
3911 32
3665 1
5797 1
6069 1
5218 16
1107 128
1023 1
1023 1
1023 1
2050 1
127 1
2926 8
3699 8
3473 1
1090 1
5410 1
4313 16
1023 1
2311 1
4071 8
1972 8
4777 8
5952 4
3861 32
6716 4
4125 1
5501 8
2626 2
5383 1
5631 1
3165 2
3880 8
2449 1
4548 4
4006 1
2174 1
1056 1
1378 32
5430 1
5140 1
3117 1
4120 2
2064 1
6153 1
3799 16
2566 1
6007 2
668 16
2126 1
1022 1
2048 1
567 64
5333 4
5131 1
2398 1
4528 8
1443 64
1267 32
5675 2
2240 1
2631 1
4629 1
1023 1
1353 64
4472 8
5868 1
127 1
5648 1
1022 1
5116 1
5535 1
2134 1
7065 8
3835 4
3172 16
2059 1
5151 1
2178 1
3662 1
4783 1
5653 1
5780 4
2562 1
3097 1
3342 1
3857 1
5333 4
1449 32
3744 32
7130 2
3925 64
6461 1
3249 1
4208 4
6649 8
4685 64
3502 8
5243 1
6264 4
5329 8
4502 16
5735 16
513 256
2296 16
255 1
4032 2
7554 1
1239 64
2392 32
5593 4
5157 8
4756 1
4253 1
3905 1
2073 1
4396 16
4257 64
2330 1
4694 1
6134 4
4770 1
1066 64
3743 64
7086 1
1280 4
5901 8
4292 128
1781 8
5129 1
6972 1
1023 1
2318 1
5409 1
5127 1
1030 1
4176 1
1666 64
5755 8
2756 8
2326 32
2400 1
6329 1
4640 1
3117 1
4169 4
1582 16
1023 1
511 1
3080 1
4519 8
5736 1
5964 1
3374 64
4132 1
2059 1
3258 8
6150 2
5323 1
1689 32
2176 1
3983 64
5865 1
255 1
5595 8
1026 1
5424 16
1023 1
127 1
3211 1
2051 1
5420 1
1504 32
511 1
6713 4
1253 8
2842 16
1023 1
3400 1
2052 2
2054 1
3583 8
2776 1
5411 1
3133 1
5128 4
2174 1
5052 1
1538 128
4735 2
6465 4
5488 16
3869 1
63 1
5979 1
1049 128
6050 1
4126 1
1023 1
4868 1
5147 1
5678 32
1154 1
511 1
127 1
2342 128
5905 1
4130 4
2066 1
2079 1
4222 1
4304 1
1023 1
1299 128
511 1
1862 16
1879 32
1350 32
6242 1
3757 8
873 16
255 1
5247 1
3261 1
4425 1
3501 16
8802 2
5719 1
255 1
3625 1
5585 1
1272 16
1023 1
5955 1
3651 32
2939 4
63 1
3322 16
6181 1
127 1
4081 4
4737 1
2799 16
1185 128
6345 2
4152 1
4954 8
5005 1
63 1
7234 4
3561 4
2174 1
5017 4
4627 1
5803 1
5771 1
1023 1
3179 1
4821 16
2239 1
2807 8
6208 2
5874 1
2662 1
3341 1
5851 4
6016 1
4039 1
3397 16
5503 32
6773 4
2079 1
4575 16
2569 1
3690 16
2376 64
1023 1
6027 1
255 1
5333 1
3796 1
1188 64
5716 8
4452 1
2569 64
6155 1
4508 1
5122 2
3688 8
4264 1
1023 1
5815 1
511 1
5511 1
4664 2
1023 1
4468 4
2255 1
5271 2
1023 1
511 1
2130 1
2602 32
4028 2
3721 1
4841 8
5571 2
6901 4
4186 1
4936 1
2439 32
2424 16
2752 1
4767 1
2412 16
4986 4
5121 1
4616 1
6665 2
5211 1
511 1
3717 1
2053 1
4633 4
3606 1
511 1
4037 8
1023 1
3511 4
2728 16
4361 1
6013 1
5073 4
1405 8
1169 1
1951 64
4945 1
2596 16
4154 4
6548 4
3173 1
880 16
6887 16
6887 4
4515 16
4620 1
2497 32
5382 4
2382 1
5515 1
5760 4
6292 2
4990 4
2847 64
511 1
511 1
5432 2
5373 1
2047 1
4786 8
255 1
5684 1
5237 1
4121 1
4254 1
5767 1
4870 1
2536 16
5566 1
6171 2
4669 1
6078 2
955 8
6556 1
5580 64
8149 8
5925 8
6286 2
4227 1
4350 8
2440 16
1023 1
3712 8
1283 64
1310 16
3326 1
1266 16
3217 1
4183 1
2259 32
5838 1
3244 16
3214 1
2495 1
2205 16
2050 1
5585 1
3000 8
4284 4
3117 1
5164 1
3360 1
5603 8
5186 1
4456 2
1695 1
1946 8
3359 1
1265 32
2162 1
5550 1
2046 1
5995 16
3329 1
5262 8
4097 1
2306 32
4802 4
5278 8
5719 1
2081 32
1054 32
5286 2
2086 1
1023 1
3165 1
4207 16
6242 8
6451 1
4319 4
3838 8
4903 16
1557 64
4467 8
1150 1
3403 1
1110 1
2691 1
3019 8
5765 1
1063 256
1456 32
255 1
5346 1
1204 32
511 1
7423 4
3884 8
5761 1
2095 1
6441 16
1023 1
3598 4
3746 16
3097 1
2688 1
3135 1
3873 1
4594 16
6151 1
1226 32
6525 2
6668 2
5548 1
6081 4
4292 1
1479 64
4577 8
3349 1
5964 16
63 1
4932 32
2073 1
5412 8
5588 8
2844 8
1820 16
2425 8
2603 1
4861 1
2080 1
2362 32
5572 1
6340 4
5777 1
5547 1
4413 1
566 1
5692 1
4141 1
2215 64
127 1
4043 4
6472 2
4561 16
5430 16
4067 8
3173 1
5098 4
2991 16
4261 16
4194 4
3486 1
4770 1
2198 64
3573 1
5395 16
3166 1
4512 1
1289 128
4127 1
5461 16
5220 8
5277 1
5453 1
3775 8
1023 1
1432 32
4231 16
4805 1
4933 32
3501 1
5520 1
3491 1
4351 1
2731 16
3856 1
6402 4
2574 256
5974 8
6438 16
4472 8
3327 1
5439 2
255 1
2064 1
2996 8
1319 128
2936 8
255 1
2238 1
1649 32
4372 4
5470 1
4612 1
3608 1
2208 1
2414 1
6357 1
2537 8
4486 16
3834 8
4906 8
3879 16
5274 8
1576 64
3334 8
2048 1
7000 2
4682 4
4507 16
3847 1
5287 4
5779 16
3231 128
127 1
3359 1
1012 4
5457 8
4692 1
5261 1
4113 1
3323 2
2393 16
4592 4
127 1
3615 1
511 1
555 64
3223 1
3134 1
255 1
3230 1
2050 1
7478 2
5477 1
1023 1
1023 1
3711 1
1729 64
3809 1
5696 16
1943 32
3274 1
2776 16
3418 16
3349 32
3329 2
5767 1
3707 8
7427 16
2194 1
5250 8
2306 1
3613 1
3797 16
4149 16
3079 1
5692 1
1023 1
2310 1
3573 1
3349 1
511 1
5529 16
3117 1
4637 1
3913 1
5520 1
3647 1
5973 2
2695 32
1309 32
2318 1
2878 1
4088 2
5126 128
2270 1
2870 16
5908 4
1033 1
2116 1
4925 1
4868 1
5396 1
6199 8
6823 4
5720 1
3974 8
5537 1
6605 16
4675 4
2064 1
511 1
4314 4
2499 32
6065 4
2055 1
5676 4
2078 1
1116 32
2050 1
6048 1
5948 32
2318 1
3077 1
1023 1
1023 1
3102 1
5163 1
1023 1
4256 1
511 1
6180 1
3423 1
5285 1
1995 16
3634 32
6405 1
1023 1
3075 4
511 1
5307 1
5976 2
2744 16
3049 4
4009 16
4862 1
5540 1
5253 1
255 1
4222 4
2046 1
4500 1
7273 8
5200 1
3333 1
5767 1
5526 16
2283 16
1468 8
5921 8
4461 1
2756 16
4944 1
2288 32
6013 4
5875 1
1023 1
4638 128
3113 1
4744 1
4686 1
5534 1
3562 4
5968 1
4384 2
1530 4
4236 1
