971
3
740 670 641
3
218 479 271
4
391 970 819 605
1
640
5
889 551 860 247 837
9
358 57 61 284 940 697 389 110 899
10
252 479 703 899 931 373 424 309 653 520
4
383 536 575 326
6
234 511 783 56 985 877
8
992 97 976 826 670 206 587 506
3
786 54 969
4
677 633 316 64
1
944
6
146 467 155 11 225 130
10
315 970 220 608 509 115 303 23 726 222
5
357 575 263 361 966
10
36 80 81 848 141 10 570 125 428 377
1
647
2
155 760
5
949 791 834 518 298
6
778 358 459 89 530 537
7
560 10 768 265 324 205 29
5
144 682 719 333 666
2
975 252
4
390 264 105 454
4
999 20 126 275
10
514 932 506 442 62 54 532 322 426 12
1
858
3
970 808 164
8
206 603 89 539 539 683 37 388
2
647 156
7
754 493 555 147 864 26 334
10
162 129 845 108 189 222 73 660 25 937
1
520
3
142 764 220
2
229 31
5
512 994 840 941 946
4
2 112 210 615
10
864 207 964 765 32 829 892 717 727 611
1
29
7
996 626 466 393 872 4 107
5
26 861 326 323 914
2
325 247
9
472 559 728 261 304 343 183 506 262
6
548 436 620 72 687 261
7
686 486 326 334 135 359 813
4
203 708 328 285
4
143 933 179 547
8
170 524 592 308 317 564 203 172
8
136 851 484 560 677 219 947 936
9
485 336 681 536 840 637 16 191 772
6
420 753 699 457 550 858
9
365 964 198 551 489 937 987 596 474
8
841 453 845 466 144 676 324 757
1
771
1
754
8
133 609 419 884 952 392 307 85
7
336 831 448 972 95 487 926
3
885 313 919
6
618 154 694 232 916 877
4
806 199 167 132
8
229 922 759 777 845 4 941 916
3
443 741 950
7
238 901 195 744 69 711 393
3
915 502 220
2
220 328
10
433 919 540 11 299 789 946 982 807 426
2
318 290
5
965 434 41 304 393
9
7 66 633 967 772 383 869 595 83
6
195 481 808 175 565 257
9
772 916 204 270 367 87 813 436 205
8
548 26 759 301 741 180 683 31
5
824 579 292 478 657
6
395 403 602 545 196 957
1
655
7
236 643 771 845 260 291 389
6
222 274 201 357 217 413
7
900 664 605 181 795 151 887
10
93 337 661 631 25 55 488 376 46 142
5
727 640 919 305 265
3
888 154 416
1
956
6
733 647 28 177 176 400
4
514 556 645 805
6
375 623 207 548 846 119
10
73 757 562 37 33 671 452 903 640 809
1
456
9
550 28 701 891 352 667 134 18 485
6
61 857 774 59 802 776
5
80 340 429 495 950
9
491 317 17 534 56 998 196 283 731
9
11 279 369 755 928 342 227 796 813
10
899 934 592 638 891 417 574 547 890 344
6
711 910 962 545 362 214
2
359 134
9
117 986 461 416 789 870 503 287 256
10
504 581 939 534 708 175 413 123 753 728
1
792
6
395 468 581 105 50 87
8
638 587 177 184 972 831 473 64
8
341 914 49 728 94 929 295 149
2
793 340
8
406 423 641 289 750 34 281 884
2
306 684
6
355 320 429 134 115 640
7
284 342 449 1 684 166 820
5
931 589 592 551 855
3
903 555 51
4
932 742 772 417
1
983
7
306 234 809 874 559 261 501
3
594 429 213
10
792 707 399 674 298 538 503 75 997 100
10
105 996 676 219 790 912 992 357 297 815
6
497 594 784 24 904 987
1
90
3
331 42 937
1
786
5
792 948 919 521 874
10
368 975 253 375 617 975 921 628 916 746
4
819 544 852 57
10
736 161 520 228 293 939 542 317 278 522
5
179 673 508 840 142
6
158 713 334 544 508 642
1
809
3
652 776 917
4
160 697 36 39
1
404
3
731 734 860
3
889 113 898
6
193 720 173 407 351 886
1
873
4
754 513 669 184
10
315 497 44 774 748 503 796 254 640 98
10
339 211 396 483 625 990 883 109 574 989
4
943 49 660 622
6
832 63 956 521 311 667
10
204 911 84 221 22 791 431 640 909 389
1
843
4
622 192 953 770
6
639 553 245 112 319 8
7
656 472 867 474 691 588 662
9
609 356 803 625 750 954 333 779 549
8
892 859 707 56 651 451 287 686
1
437
3
481 909 868
4
146 959 495 94
9
804 175 331 361 67 81 760 212 846
7
401 104 137 98 40 57 667
4
560 474 94 184
2
138 729
10
90 140 468 222 944 998 364 14 872 385
3
155 531 922
7
56 926 850 861 189 95 528
4
261 74 707 200
6
104 918 11 26 49 267
8
533 783 579 248 418 141 71 386
2
12 67
1
798
9
217 400 37 135 763 765 773 317 259
9
391 833 593 104 645 517 294 783 74
4
409 614 148 739
1
351
7
828 933 998 973 639 512 279
4
500 174 130 915
3
493 436 709
5
178 762 288 284 837
2
683 543
10
516 283 320 78 206 931 786 784 399 360
4
398 388 521 755
2
356 210
9
504 178 61 481 337 917 890 878 455
10
998 915 516 583 700 813 187 943 534 287
9
443 405 885 140 664 141 263 67 413
4
539 107 780 667
3
240 971 581
3
183 607 664
9
76 758 36 515 660 4 780 762 239
10
417 337 749 645 386 426 395 657 998 826
6
455 867 82 16 450 84
9
88 603 159 188 468 869 947 4 294
10
410 664 880 108 848 531 998 732 708 372
4
67 923 273 715
7
354 227 628 4 560 862 424
1
263
4
660 824 192 671
9
223 516 702 560 611 108 765 120 966
4
844 175 524 227
9
385 508 507 931 715 743 700 341 491
7
197 132 241 520 171 723 677
1
785
7
488 19 592 361 745 380 125
7
694 94 138 298 729 623 296
7
438 824 973 911 117 73 937
7
516 104 184 130 578 961 472
3
176 6 669
7
341 913 157 27 25 391 2
3
848 289 250
8
174 773 39 468 716 14 727 402
9
767 30 837 637 653 175 885 877 723
6
812 804 85 226 728 880
3
429 585 854
5
772 444 955 106 805
7
790 179 929 573 969 772 600
1
600
5
441 866 319 529 878
1
779
8
164 990 672 736 576 857 840 639
7
482 887 101 771 662 686 960
1
112
4
751 474 323 13
3
133 200 288
4
279 114 664 962
8
666 450 767 955 688 594 484 414
2
842 23
5
132 549 339 329 297
2
142 242
2
144 708
1
751
6
939 165 989 186 422 103
8
132 5 854 68 543 334 161 209
5
847 277 711 705 179
6
90 478 131 912 283 270
2
999 285
10
897 337 564 786 417 443 798 677 567 169
4
210 941 505 467
2
700 175
4
922 643 424 74
9
822 73 326 965 649 930 209 832 739
9
601 660 84 88 992 186 644 528 824
2
7 798
2
936 433
2
559 674
2
326 903
6
292 910 59 957 513 979
4
538 202 748 995
4
243 446 1 275
6
101 942 670 988 987 795
6
903 369 848 253 89 693
9
953 45 232 637 362 727 921 775 486
10
899 177 270 295 671 210 462 616 524 162
2
324 934
1
125
5
368 118 765 293 237
1
96
3
578 875 478
8
572 403 296 529 323 409 42 138
5
194 472 835 308 585
9
996 934 896 829 906 160 742 393 169
6
259 689 525 64 915 871
6
504 875 472 538 267 866
7
784 285 930 927 178 923 643
7
857 44 766 611 976 810 204
3
344 427 665
7
456 832 858 488 845 71 121
7
316 186 131 23 465 335 990
7
47 107 648 179 695 822 461
10
163 865 949 15 153 992 371 796 332 423
9
708 841 557 173 17 153 139 340 815
7
4 114 756 145 788 771 180
3
92 210 82
3
222 634 886
6
835 763 596 264 743 182
5
446 123 549 382 501
9
199 9 981 471 345 557 231 473 613
9
413 819 711 965 925 375 433 844 478
8
93 901 180 778 827 908 359 976
2
328 739
1
780
1
678
1
831
3
501 919 44
1
66
8
509 209 105 338 215 86 202 174
6
656 309 150 675 533 444
5
926 494 419 997 5
3
495 119 220
9
798 280 777 409 714 214 65 256 564
8
669 956 241 839 912 22 194 334
1
950
3
371 465 773
6
736 193 91 925 842 688
2
907 961
6
797 821 298 817 296 972
10
757 844 94 622 452 841 181 237 924 926
6
274 693 587 921 294 564
10
587 216 518 186 107 457 303 6 179 981
7
735 129 411 118 328 741 783
8
114 692 37 598 377 536 667 814
8
149 387 40 379 362 287 159 287
9
502 161 752 842 154 621 927 409 426
9
256 601 221 251 453 829 75 540 635
4
986 677 487 967
6
613 52 18 221 870 532
3
650 718 162
8
241 764 381 267 300 815 999 745
5
783 381 721 794 845
3
343 633 6
3
395 87 394
2
513 157
9
960 869 504 948 786 121 231 176 286
7
527 91 232 206 3 485 568
5
271 576 974 195 692
6
25 342 239 961 464 917
3
761 61 912
9
398 63 482 727 160 118 394 98 788
6
963 522 339 315 980 280
3
698 874 653
10
752 20 286 518 646 407 180 987 614 153
2
177 467
3
553 136 295
3
298 244 199
3
319 998 539
2
135 320
8
811 51 893 551 337 9 126 243
9
465 962 901 364 518 346 691 692 49
3
796 400 395
8
950 690 242 136 81 850 485 514
2
904 467
2
652 391
8
756 610 570 351 808 799 370 633
3
795 6 50
3
722 868 598
7
188 505 589 163 613 388 333
1
984
2
823 386
8
410 355 673 16 704 602 280 672
9
781 779 563 748 173 917 283 154 666
1
98
9
759 554 342 2 285 810 252 477 180
3
249 460 50
9
768 733 817 107 731 129 358 14 511
9
2 655 953 260 84 995 644 84 519
3
47 937 12
10
752 653 107 42 106 93 273 439 730 22
6
454 456 848 812 2 883
6
818 760 107 475 425 563
3
464 802 720
9
679 947 340 160 126 635 862 159 987
3
540 71 892
5
949 787 95 672 797
7
449 23 564 496 127 805 33
9
119 906 503 142 98 936 68 478 550
8
358 867 489 783 359 941 387 476
3
903 604 758
5
930 729 523 489 300
5
614 599 800 264 8
5
944 766 504 864 756
8
774 91 777 847 971 351 359 395
2
206 667
6
840 819 140 56 388 151
10
895 921 489 407 156 470 318 843 261 194
6
971 922 991 108 45 888
9
488 149 89 116 76 610 666 414 482
5
334 67 786 3 943
6
694 996 163 183 387 89
10
245 639 326 782 270 221 653 411 70 24
8
317 445 224 262 474 626 530 653
6
558 211 19 787 329 742
9
729 865 22 936 86 992 91 807 28
10
741 947 863 131 462 782 815 321 313 665
8
638 381 74 327 289 951 561 316
6
257 97 723 495 36 30
10
581 270 302 244 383 546 661 555 774 203
2
345 164
4
801 946 92 53
1
246
6
884 707 360 963 360 688
10
24 97 285 157 64 702 662 301 44 404
2
275 564
4
601 207 436 632
8
559 558 211 848 974 735 865 43
8
953 106 996 713 32 398 644 721
7
492 230 689 209 337 794 406
5
184 623 252 199 161
5
136 391 432 378 817
3
573 409 477
8
358 362 975 110 644 695 346 582
6
777 837 700 164 1000 707
3
811 907 360
7
318 394 671 776 847 705 707
10
929 66 197 263 581 380 38 96 799 893
7
294 21 168 773 454 673 52
2
946 102
6
926 288 609 715 319 630
9
36 208 316 509 265 686 52 94 111
4
195 258 416 155
10
113 580 132 632 662 275 642 465 281 579
8
606 559 465 990 639 161 452 420
2
920 657
9
369 928 632 587 303 154 190 851 718
10
436 909 805 8 572 304 986 315 812 791
1
710
3
408 887 318
9
525 3 885 983 61 90 881 287 702
8
29 373 766 669 900 980 999 327
3
322 81 180
7
743 818 278 754 107 160 439
2
679 987
10
212 302 327 751 193 719 96 814 619 858
4
178 692 993 849
4
401 749 851 313
3
242 615 255
9
896 928 596 864 494 388 822 417 709
7
12 318 815 35 977 932 317
5
157 581 714 928 262
6
778 933 675 160 481 798
2
514 978
1
554
1
471
5
616 336 189 942 600
8
883 837 240 384 552 276 669 368
9
582 641 552 901 343 966 76 430 786
9
357 664 778 18 282 225 560 358 275
6
17 638 552 829 358 466
7
712 789 470 553 532 243 258
3
414 44 892
4
274 444 279 901
10
630 446 462 431 130 781 627 708 37 168
9
496 287 767 614 453 646 962 138 631
2
891 542
3
368 269 621
6
818 1000 918 427 327 461
9
588 377 803 784 763 752 833 106 432
1
133
10
235 470 876 279 414 94 843 544 774 646
3
427 81 288
10
26 791 716 531 688 904 155 508 292 483
1
553
1
113
5
399 13 639 561 863
3
281 739 889
7
79 570 83 779 623 659 543
2
262 792
1
288
10
529 842 799 282 367 117 764 992 702 807
4
327 109 505 52
4
985 253 23 41
1
624
5
315 973 193 988 377
6
317 88 93 190 437 27
3
881 995 20
6
184 898 157 939 474 723
3
560 564 785
9
34 920 67 275 745 986 855 397 864
5
457 278 873 714 757
8
867 557 377 638 725 845 443 416
3
379 268 595
7
464 925 967 947 203 732 652
2
816 716
8
934 635 274 686 290 4 344 866
10
333 215 54 742 462 883 943 207 176 354
8
357 271 28 32 675 942 174 353
5
942 508 429 961 499
1
46
9
662 279 466 733 669 181 488 458 336
2
736 261
9
622 517 997 227 310 887 449 867 958
7
117 697 903 371 699 521 366
1
983
7
399 883 992 178 885 758 749
9
15 778 532 228 708 834 499 507 541
10
750 826 734 293 597 667 10 416 884 499
3
257 362 114
1
329
1
76
4
997 107 662 48
9
164 149 638 588 70 559 2 667 483
6
51 462 841 605 621 750
3
190 693 342
3
178 228 814
5
60 640 547 656 526
7
659 944 315 181 456 414 578
1
760
2
497 794
1
359
2
965 893
2
699 540
2
294 926
9
907 179 402 187 740 125 550 41 83
6
208 268 804 626 82 393
2
484 369
1
167
9
513 313 376 520 719 961 372 110 949
5
389 130 984 959 558
7
246 874 787 968 230 801 336
6
724 465 92 799 46 735
10
301 197 257 275 346 281 974 268 263 324
9
158 47 978 930 22 993 75 291 421
1
131
5
874 684 687 989 119
9
579 2 842 304 48 657 665 708 329
2
444 698
1
843
9
291 508 688 313 452 319 478 539 766
6
536 331 127 613 577 435
4
961 576 935 347
1
33
6
605 476 123 832 759 463
9
884 554 922 928 40 739 591 240 986
1
104
6
697 240 19 437 23 965
7
363 403 820 877 921 603 352
4
208 334 368 543
2
879 50
10
472 278 829 200 17 884 458 761 856 410
7
903 344 782 597 224 935 70
8
742 663 465 74 901 171 783 979
7
486 813 676 407 697 747 681
1
51
10
257 492 964 324 429 31 64 888 355 984
4
601 601 710 813
3
730 933 468
8
821 121 797 795 458 760 308 309
7
386 290 914 112 402 623 101
9
839 676 378 334 398 524 684 547 634
9
541 962 549 503 920 711 920 376 182
1
821
5
802 163 721 306 47
8
23 650 950 657 280 325 56 454
3
405 695 905
4
403 827 816 361
10
498 541 515 338 413 337 853 138 180 819
9
105 840 80 641 347 845 497 857 876
3
682 556 953
5
993 390 234 793 813
10
986 357 642 312 809 277 9 605 731 727
9
914 422 348 46 357 789 712 47 368
5
991 96 342 354 291
4
590 581 796 784
8
44 657 186 740 14 91 227 982
10
683 774 349 741 774 899 559 299 914 45
3
837 141 595
8
481 366 934 841 478 539 102 512
3
983 547 519
6
863 790 86 61 981 269
4
564 624 267 261
1
630
9
912 436 823 240 803 415 548 425 423
1
195
9
563 53 792 209 407 119 855 860 649
5
374 878 838 847 392
2
981 143
10
466 907 695 683 546 482 255 415 538 73
7
836 646 856 643 136 101 135
4
992 918 555 86
8
404 275 83 370 826 463 425 789
7
592 517 123 839 668 398 51
8
545 778 457 796 307 188 718 841
4
986 703 906 901
7
654 982 476 709 46 270 690
1
854
9
28 554 724 468 139 633 270 319 343
1
272
9
351 38 869 159 694 485 963 358 866
6
519 172 536 14 642 635
1
721
6
641 843 576 416 995 889
3
31 29 819
8
462 762 216 697 488 318 215 575
1
565
1
458
3
753 849 378
4
603 647 905 383
6
734 375 217 205 623 274
5
755 502 138 259 503
6
903 925 804 277 972 760
8
878 490 295 504 764 626 348 380
10
991 214 378 366 163 499 748 166 987 341
7
689 533 976 335 453 601 145
7
520 561 864 693 596 397 178
4
487 710 251 991
4
26 201 756 861
3
780 549 529
7
154 192 579 678 566 998 129
4
322 473 569 972
8
33 64 733 183 702 705 926 404
8
397 605 800 644 866 964 159 436
7
66 918 634 3 225 692 9
10
3 693 121 692 443 41 309 465 801 229
9
153 358 317 922 319 520 610 506 669
1
393
5
148 882 360 259 69
3
228 316 780
8
639 455 734 18 517 283 967 124
5
560 610 974 36 901
1
333
6
352 3 926 188 362 786
1
849
4
63 22 12 532
4
661 231 902 870
5
889 533 896 978 866
7
593 623 232 627 671 550 537
8
180 400 710 909 878 532 252 546
2
522 139
3
448 140 424
2
535 584
7
241 571 812 197 212 85 345
4
31 905 54 518
6
812 345 753 614 549 1
10
815 976 556 443 636 293 565 279 442 903
5
455 489 655 879 103
2
299 421
10
767 958 378 428 963 119 928 897 610 823
10
88 28 716 191 461 543 556 397 493 238
8
495 485 230 670 475 617 727 816
7
287 385 686 831 520 891 312
4
669 844 306 288
8
300 890 818 283 858 685 236 924
3
985 510 851
9
396 45 412 680 910 725 147 619 955
10
350 521 895 685 398 692 179 631 478 803
8
413 475 301 457 914 464 989 27
8
827 431 826 182 792 793 417 66
4
72 18 796 359
1
360
1
439
8
598 76 18 133 860 133 114 964
9
338 53 591 894 779 10 565 160 459
3
947 361 591
8
601 799 479 476 439 888 767 273
1
214
9
246 531 510 543 55 826 599 325 57
9
645 725 896 837 704 294 306 456 7
7
247 981 529 906 196 55 893
7
741 744 826 317 191 804 33
9
445 604 776 181 95 550 581 672 76
7
394 596 576 773 595 381 981
4
493 466 540 969
9
679 444 800 902 969 416 171 92 672
10
980 873 380 383 795 145 777 561 343 90
7
288 947 206 785 78 150 312
10
356 162 873 605 726 426 24 24 408 596
2
502 437
10
808 282 604 568 305 78 730 82 847 638
10
564 316 534 971 340 10 23 834 217 873
10
870 354 330 901 336 386 445 395 315 313
8
345 298 780 939 305 786 65 279
10
211 545 280 831 888 120 351 90 699 207
5
953 612 512 841 787
8
289 177 504 738 87 714 970 807
4
515 481 44 676
1
578
6
858 558 564 139 173 234
4
92 96 392 181
2
213 565
5
581 135 56 667 353
2
92 848
5
138 532 414 509 759
7
787 242 737 375 823 934 97
4
848 32 983 98
9
397 956 707 944 645 47 893 961 2
6
942 879 957 84 114 10
5
234 632 972 462 125
3
822 312 768
4
36 368 845 646
3
207 669 374
7
308 123 97 237 501 592 253
4
920 193 687 588
6
818 882 538 252 679 833
5
44 255 866 8 999
9
625 919 153 806 503 437 76 929 610
5
20 892 218 241 696
10
777 918 581 411 502 637 737 254 27 247
9
912 233 707 828 689 351 104 501 579
6
33 450 273 297 804 851
5
378 502 110 208 236
2
886 786
5
363 957 206 887 418
2
181 952
3
444 566 189
9
585 982 600 211 303 595 47 349 882
3
466 157 547
10
561 835 874 93 620 203 352 771 90 236
5
296 932 598 439 351
8
696 145 77 454 672 378 164 592
7
922 102 862 635 388 99 174
4
41 839 134 780
8
375 853 115 211 594 693 51 822
8
858 792 693 638 491 784 754 248
9
259 857 836 455 626 768 137 942 402
4
23 941 364 717
2
105 905
8
36 65 710 144 656 340 655 300
3
827 255 1000
1
814
5
645 779 368 542 143
8
80 941 412 255 518 815 821 233
8
31 268 62 608 211 123 289 418
9
272 401 473 117 534 502 747 376 310
6
680 584 327 844 696 880
6
50 346 161 324 789 662
8
153 673 646 923 69 545 247 287
2
757 796
8
558 823 879 985 93 466 398 201
3
480 463 147
5
918 998 435 140 663
3
382 125 473
3
730 720 936
4
603 328 101 187
9
674 620 431 781 999 821 60 280 756
2
569 494
2
745 167
1
200
7
780 295 503 810 996 522 783
2
861 23
1
510
10
378 889 329 178 160 962 305 395 316 31
6
638 938 712 881 143 50
9
258 836 266 599 926 278 829 231 9
3
168 878 418
10
802 553 277 221 507 286 449 489 52 749
1
777
6
288 552 535 229 505 561
6
368 944 392 167 87 722
5
353 678 116 327 909
3
645 761 980
5
87 202 794 839 132
5
735 644 791 249 580
8
78 949 231 848 238 869 251 586
9
162 836 85 156 686 160 772 462 141
2
318 522
10
935 621 525 774 917 185 441 636 275 568
10
782 929 762 67 999 918 293 892 261 301
9
948 211 930 150 678 225 162 841 508
10
350 574 836 440 688 169 172 224 319 633
7
335 88 492 555 799 393 586
2
32 535
6
749 254 589 214 570 665
5
676 726 787 243 92
10
932 151 603 296 532 543 430 60 589 162
1
54
8
247 718 19 954 860 472 9 53
3
885 53 209
8
631 329 123 990 304 509 96 894
8
161 181 724 668 671 86 220 741
4
953 60 541 774
2
597 695
4
630 390 810 417
3
522 778 984
7
342 457 829 427 209 301 566
3
142 475 534
4
598 317 495 952
9
824 180 891 126 998 228 578 542 38
10
978 999 546 663 774 558 249 341 619 293
9
735 718 655 656 349 439 106 942 889
9
966 283 556 882 247 876 567 292 405
5
489 906 932 999 992
3
107 41 174
9
869 26 352 733 273 211 897 146 315
7
255 596 221 814 896 912 346
4
266 744 592 275
1
94
6
245 835 918 339 475 127
10
230 960 252 679 712 218 966 186 298 365
8
806 812 329 254 959 181 163 769
10
391 550 690 511 582 794 622 487 473 296
6
551 631 553 945 349 142
5
322 762 431 636 873
8
593 623 364 311 383 373 849 562
4
835 918 393 749
8
941 338 295 614 533 235 490 751
6
530 314 503 385 355 923
5
167 465 701 632 679
7
357 632 610 805 919 236 541
4
166 376 747 877
5
904 327 327 592 870
8
11 861 457 20 629 168 125 552
5
635 363 997 470 553
7
551 173 617 401 128 783 173
2
676 81
7
312 713 939 521 512 381 195
8
115 133 467 852 428 397 771 74
8
695 816 475 983 613 640 323 635
7
652 101 90 533 543 703 893
8
90 741 95 629 306 659 858 707
6
148 98 824 36 787 566
1
517
2
266 876
6
945 533 427 763 535 884
7
497 526 70 645 159 453 477
6
959 698 645 36 671 516
5
457 902 218 992 775
9
857 255 881 25 259 982 290 774 697
5
17 652 673 474 713
7
999 555 157 155 246 265 582
4
120 771 255 297
5
60 398 983 306 378
10
313 183 931 919 595 945 817 380 544 479
4
773 754 92 955
10
125 631 414 349 874 673 282 603 703 808
10
226 546 945 863 339 111 155 180 268 229
6
883 613 749 803 48 812
5
695 310 802 85 306
8
192 608 735 269 482 7 7 579
1
206
3
835 838 174
4
852 468 329 255
2
513 214
4
55 649 378 190
1
254
3
914 169 142
2
827 694
6
211 938 442 955 392 128
7
249 189 199 852 216 315 112
7
728 683 418 501 224 23 645
5
315 466 7 951 85
3
982 203 647
3
180 696 571
9
912 429 542 881 75 581 525 779 975
4
795 68 161 533
6
2 911 276 268 86 125
6
243 353 553 420 700 485
8
204 960 468 52 632 731 136 623
6
35 28 658 714 827 1
8
969 876 400 945 62 493 868 617
2
514 980
4
782 865 329 974
3
971 47 950
10
38 217 12 133 703 783 206 856 402 160
6
682 941 967 762 902 362
8
33 328 219 760 762 386 581 864
5
177 5 868 72 179
8
575 31 746 339 212 870 325 77
10
408 644 738 728 873 808 402 342 703 117
6
476 259 671 602 36 867
1
119
5
723 215 42 782 193
2
283 273
8
38 636 601 787 404 556 737 24
7
216 611 249 948 121 528 709
7
24 506 394 664 501 367 172
5
803 518 846 826 355
4
605 733 12 621
4
558 373 153 665
6
964 934 404 553 722 785
1
108
5
433 856 927 976 308
1
394
2
357 182
5
954 283 575 439 136
5
415 412 123 585 543
1
223
5
544 644 318 178 829
3
175 470 876
10
774 641 560 335 374 827 827 810 787 511
9
991 667 161 862 782 367 680 300 427
1
572
1
874
5
944 153 494 32 453
2
738 991
5
834 70 312 219 321
8
963 56 162 872 441 272 323 487
2
730 701
5
137 221 443 691 808
4
513 642 975 470
4
894 654 817 925
6
259 242 456 558 612 666
4
497 976 820 998
9
466 953 86 167 60 880 757 364 471
6
713 907 578 369 996 20
10
915 382 896 730 576 141 700 733 667 983
3
49 530 889
8
612 787 873 134 381 887 296 764
3
123 602 129
5
845 632 422 702 627
6
718 195 123 838 429 438
6
732 100 808 634 941 926
4
383 494 79 811
9
936 188 431 72 175 342 610 313 840
1
964
3
610 165 725
5
157 12 7 841 554
5
872 409 350 148 959
1
388
10
287 107 168 701 723 488 69 907 711 816
5
660 843 449 807 10
7
963 976 783 209 953 15 620
5
819 129 20 113 138
9
303 842 887 37 661 800 39 248 813
5
945 735 232 708 237
8
789 965 461 584 996 943 713 354
4
830 323 867 411
2
227 514
3
942 321 482
3
822 898 925
6
799 685 808 991 99 290
10
620 947 471 11 624 458 837 947 180 15
3
989 454 203
4
780 753 84 669
10
556 891 471 899 921 37 934 169 761 97
3
67 439 195
3
952 49 265
7
632 363 867 191 880 741 845
7
522 377 986 867 397 947 560
7
727 795 986 50 546 766 553
10
454 322 67 972 857 92 621 915 442 201
10
32 557 867 150 600 124 3 113 545 544
9
949 410 374 244 447 588 933 736 946
6
621 387 652 637 775 134
9
614 899 477 197 289 12 206 732 577
10
38 821 228 208 248 707 820 26 483 430
8
183 509 853 390 551 982 495 696
3
222 819 947
1
502
6
329 931 302 304 679 433
4
537 86 302 676
10
530 521 195 143 849 205 101 507 617 649
3
372 642 52
8
177 678 605 626 423 676 773 998
3
115 812 190
2
268 686
3
888 771 146
9
791 956 860 57 435 431 775 466 405
10
700 512 588 498 171 228 449 631 22 547
3
858 381 916
5
328 945 632 36 913
1
527
1
860
5
143 540 762 476 378
9
952 467 448 150 634 15 749 798 341
1
973
7
523 229 482 569 908 417 970
1
372
9
220 140 110 742 568 464 723 324 468
5
745 44 245 618 977
9
940 47 562 858 180 480 182 928 615
2
867 848
6
419 560 713 630 22 224
8
453 108 477 460 275 916 508 62
1
882
4
392 588 806 775
1
503
9
929 670 258 862 405 841 156 675 14
8
824 49 697 674 444 957 984 939
4
977 293 238 160
4
207 45 224 969
6
809 80 904 315 502 111
7
541 261 1000 486 921 764 851
9
355 345 638 165 283 733 752 222 733
7
675 101 519 803 993 540 940
1
205
6
425 995 561 600 580 997
3
193 510 774
7
626 425 411 983 548 469 500
10
266 213 366 596 180 433 827 289 408 467
7
321 441 339 706 461 262 776
5
316 359 916 975 708
9
439 955 399 605 363 185 599 136 482
8
432 547 664 286 495 247 138 413
4
610 372 455 572
2
985 411
10
425 806 646 526 164 440 744 794 553 331
7
281 588 61 586 80 846 490
4
677 943 268 544
7
251 496 333 681 118 529 90
4
340 739 145 964
10
163 458 694 85 646 871 495 371 394 764
9
801 774 709 266 592 756 705 121 336
1
794
8
563 726 54 264 228 972 409 330
5
793 687 395 594 328
7
829 615 586 140 587 414 885
7
966 997 755 598 323 156 547
8
88 501 349 624 784 994 340 474
4
621 909 631 629
9
454 819 531 634 4 127 558 570 152
6
563 47 756 53 432 65
2
590 74
5
728 714 553 692 136
