3735 16
5309 8
5177 1
5836 32
7231 32
6269 2
5390 2
1348 64
5245 1
511 1
6823 4
4682 1
1023 1
3886 8
1062 1
3162 8
5591 4
4319 8
2168 32
6347 1
2958 8
5068 2
255 1
1031 512
2046 1
5701 1
1023 1
5327 2
5757 1
6657 32
7843 1
511 1
1023 1
2110 1
2267 16
4293 1
3442 16
3298 16
4378 8
1023 1
4644 1
4414 1
1352 64
2479 1
2764 8
4293 1
6240 16
5880 4
2147 4
5490 1
4337 1
4746 16
511 1
4687 32
5795 1
1023 1
5219 1
2816 4
3150 1
1693 16
2230 64
4577 2
4734 4
4489 8
4876 1
4970 2
1023 1
5899 16
2290 32
3591 4
1023 1
4293 16
4179 8
4474 2
4583 4
2317 4
4018 8
3083 1
2078 1
1683 64
5679 1
1150 8
5111 2
5712 1
3361 32
511 1
5662 4
511 1
2207 1
4220 1
1286 128
2048 1
5400 2
2098 1
2048 1
3790 4
2082 1
3203 1
2558 1
5455 1
1465 16
3287 32
127 1
511 1
3760 8
4617 1
3655 1
869 16
1023 1
255 1
2167 4
3197 1
6752 1
3357 1
3184 8
4609 1
6411 2
1023 1
5945 1
4990 4
2893 8
3143 1
5635 1
3593 1
2174 1
2558 1
818 16
2778 16
3205 1
4447 1
5450 1
3289 4
1339 32
1599 256
3097 1
4641 1
5200 1
3308 1
6397 8
2066 1
2083 1
6091 1
5896 4
2208 1
4351 8
1057 32
1023 1
3357 1
2178 2
1212 16
1023 1
2352 1
5801 1
2046 1
5464 4
4237 8
1023 1
3298 64
5013 8
6295 1
511 1
5494 4
1102 1
3083 2
2048 1
3489 8
4351 2
3130 8
2048 1
252 2
4397 2
4612 64
4869 1
2370 1
3871 1
3871 1
4737 1
3743 8
5421 2
5756 1
1206 16
4462 4
6132 8
4762 1
5143 2
6012 1
5354 1
2652 16
3147 1
2243 1
2086 256
2480 32
6259 2
3509 32
3488 1
5251 1
1301 64
3200 16
5765 2
6274 2
1863 64
5611 4
3198 1
1030 1
5228 2
3169 32
4756 1
255 1
1305 64
4815 16
6525 8
1023 1
954 4
1918 2
3727 16
4154 4
255 1
5306 4
1156 128
5380 1
4602 8
2302 1
63 1
1283 256
3651 1
2208 1
3201 1
878 4
5976 8
511 1
511 1
3243 32
2951 16
3733 1
4144 1
2372 1
3806 4
511 1
3851 1
5211 1
3347 1
511 1
6493 32
3036 4
