244
6
940 382 764 334 677 634
10
11 669 217 430 756 372 885 969 77 851
9
460 330 217 700 544 840 908 260 179
8
399 204 693 86 320 344 175 415
10
395 289 26 591 693 82 124 502 327 106
10
374 615 638 551 343 865 907 813 89 2
8
669 335 697 499 191 542 36 245
2
892 454
9
940 882 375 382 17 153 65 1000 524
1
467
10
623 71 753 776 409 124 156 249 465 105
7
688 99 407 475 128 514 319
1
643
6
433 788 964 629 265 719
3
426 56 239
4
33 584 306 7
8
136 180 981 107 331 12 914 204
6
59 817 719 207 584 621
4
491 713 543 325
9
690 473 920 589 395 427 393 22 386
4
1000 3 11 136
8
768 105 143 597 68 447 197 803
1
182
2
668 363
3
310 875 668
9
863 288 401 656 279 996 816 327 725
1
704
8
642 82 19 226 465 609 997 79
9
680 868 358 112 511 256 69 811 841
8
569 905 775 433 813 919 958 769
9
512 635 870 797 514 614 593 901 540
1
306
1
839
3
845 724 98
4
421 673 489 628
7
170 924 92 905 223 506 792
6
719 145 841 626 380 147
6
394 668 377 584 627 382
8
293 36 831 221 937 599 765 304
1
993
7
813 593 208 197 498 272 176
7
677 697 389 39 223 995 410
2
557 155
3
634 564 60
4
377 619 356 888
7
333 342 710 515 556 260 686
10
51 65 658 188 939 605 273 368 143 766
10
237 201 887 647 95 911 388 479 605 726
6
200 207 425 424 29 178
9
260 908 337 328 704 472 584 638 70
7
668 770 412 135 254 820 985
8
819 507 266 824 612 802 24 224
1
496
8
716 163 93 180 313 846 482 832
9
506 389 418 743 466 970 138 668 856
1
768
9
438 425 644 282 224 183 536 883 869
4
394 976 123 219
5
103 279 968 961 105
2
861 572
4
540 426 993 239
6
312 336 170 187 8 596
6
581 34 76 111 133 615
6
42 55 667 97 120 812
7
470 377 137 928 374 695 345
8
661 829 937 627 428 285 494 445
1
900
8
489 190 266 595 406 491 24 356
4
885 23 494 632
6
805 295 534 686 118 193
1
917
6
522 196 501 316 310 8
6
794 525 962 58 372 816
6
997 317 367 811 91 323
6
890 650 524 2 918 627
4
900 739 7 399
6
388 236 704 522 86 440
5
558 374 436 708 720
3
187 884 492
2
648 995
9
250 583 958 112 732 554 168 374 535
4
242 371 307 206
8
656 84 290 127 525 857 930 660
9
635 99 819 820 321 377 932 403 38
4
811 727 580 667
1
472
10
973 277 756 739 740 444 37 234 564 340
1
403
3
465 143 663
6
417 762 435 852 744 980
4
179 325 356 410
3
245 500 776
8
751 856 581 791 135 589 77 176
3
746 936 99
3
568 597 485
6
109 577 17 237 740 998
3
657 146 840
5
829 561 91 384 352
3
649 864 959
9
522 58 786 796 860 233 225 543 297
2
687 234
6
651 187 868 10 326 829
1
110
1
426
6
102 200 857 842 797 380
7
188 138 114 78 699 584 881
5
220 990 406 968 392
2
509 356
1
897
1
244
6
502 131 201 448 497 272
5
341 735 559 32 770
9
350 917 843 699 986 745 582 513 625
4
34 759 639 629
4
922 451 749 966
7
396 765 563 291 846 789 767
10
73 969 305 440 85 502 894 817 101 917
1
555
9
450 720 875 915 702 828 157 651 219
8
771 102 305 731 533 184 185 483
4
586 667 775 217
5
216 1 368 741 838
9
731 9 111 823 142 699 977 801 866
5
108 956 15 441 455
3
514 335 312
3
855 814 649
2
328 388
4
623 950 877 40
5
583 304 792 97 983
7
414 185 237 885 856 343 881
9
542 214 919 743 400 104 580 70 907
4
516 233 523 573
2
54 757
2
755 844
5
821 150 759 447 320
7
379 640 713 913 623 862 401
8
291 70 19 267 681 650 335 703
5
266 658 122 782 9
10
27 665 849 767 636 168 238 406 658 831
3
885 670 351
3
510 676 638
9
327 99 887 256 909 446 84 380 742
8
754 386 870 860 905 287 542 776
3
830 307 615
6
475 240 721 652 189 470
4
426 140 93 360
1
853
5
766 528 648 339 15
6
177 371 35 271 38 70
2
48 882
1
918
3
824 885 505
9
686 284 396 420 269 987 752 782 274
3
364 564 219
8
456 414 740 18 913 902 335 482
6
169 10 677 234 585 306
1
860
6
448 250 577 972 607 370
8
151 986 892 914 817 257 671 117
9
466 360 214 616 304 10 185 788 273
1
493
6
906 763 732 762 648 577
3
203 328 102
4
287 948 919 721
3
941 265 624
6
237 504 814 816 988 122
6
625 464 362 453 256 779
4
247 232 674 385
3
340 913 105
2
100 102
6
254 486 450 933 239 931
8
617 175 881 56 806 610 507 176
7
40 615 218 609 384 122 408
3
39 148 556
5
227 126 282 688 39
5
326 765 823 955 930
7
611 500 491 296 587 391 225
6
503 15 47 395 514 957
8
324 238 511 791 290 838 218 849
8
285 871 452 259 537 319 863 442
2
759 447
6
507 31 230 182 534 272
10
260 341 328 651 906 998 539 406 680 541
7
257 542 978 746 635 347 829
8
66 247 986 350 786 622 652 532
9
304 625 703 240 114 706 952 866 557
9
578 716 935 364 326 17 279 382 722
4
193 798 385 64
5
843 266 209 671 842
3
828 60 518
4
680 348 527 467
4
24 976 773 383
10
672 584 462 386 418 893 138 923 234 305
6
360 281 930 899 654 17
5
65 75 551 159 794
9
587 577 533 536 451 935 478 244 326
2
753 24
6
531 506 895 173 809 158
10
411 623 707 241 865 23 338 855 450 892
10
306 816 938 795 433 725 963 174 385 315
2
851 996
8
450 146 76 45 372 710 128 910
5
13 137 819 935 538
3
3 432 503
8
178 294 390 999 45 980 734 388
6
504 996 979 56 585 25
7
420 321 876 801 475 774 626
1
201
2
621 136
8
241 149 326 483 184 967 626 783
10
925 631 920 74 11 875 746 912 57 654
1
917
2
277 337
2
797 925
6
449 532 332 514 7 577
6
477 736 997 809 672 407
1
169
8
176 580 434 462 390 710 713 189
2
38 860
7
211 460 123 236 255 586 692
8
878 131 290 57 746 772 300 552
3
118 25 645
1
43
2
217 546
5
735 659 347 784 890
3
469 909 720
5
593 193 118 488 986
2
319 431
10
454 775 197 159 893 585 588 342 932 635
1
409
1
407
6
929 128 719 471 99 809
4
734 839 935 443
5
603 607 566 398 822
7
5 847 394 702 108 873 494
3
999 382 351
6
388 816 117 902 924 505
1
315
5
520 90 507 99 174
9
247 643 420 928 329 791 30 154 860
5
258 159 759 636 703
3
17 239 107
10
567 346 173 391 115 93 360 496 670 722
4
623 970 124 519
