792
3
48 584 3
10
368 478 665 574 945 157 974 562 554 221
5
546 882 545 684 349
2
510 167
1
185
10
92 428 859 480 458 783 700 674 243 527
5
557 715 213 617 337
7
304 205 950 318 277 58 852
6
336 938 956 156 771 493
9
448 657 110 653 292 462 632 315 95
9
670 64 367 738 310 199 679 717 586
6
596 666 195 989 184 115
9
715 610 482 710 43 873 551 805 74
4
505 338 420 295
7
279 937 881 186 417 816 312
6
112 991 525 925 181 774
2
352 10
3
116 974 843
5
446 987 801 516 714
3
290 921 446
1
726
1
226
4
976 406 440 608
7
242 193 371 633 920 762 874
2
181 301
6
797 88 151 866 171 37
7
15 671 979 248 704 106 485
6
817 154 672 538 988 824
1
121
8
723 277 28 201 170 875 105 976
1
646
3
552 185 872
5
665 784 589 364 498
1
117
10
160 724 568 372 669 916 993 264 50 743
5
937 359 283 910 413
7
560 682 586 968 580 280 643
1
422
4
405 973 624 864
10
350 413 992 617 310 555 406 363 297 473
9
137 299 711 137 979 512 393 952 308
5
182 303 752 680 287
2
389 490
3
190 761 289
6
517 561 81 252 504 227
7
782 164 276 227 610 590 148
7
858 15 339 350 977 541 942
4
997 314 247 863
3
886 308 780
1
306
3
142 942 734
4
827 404 307 906
10
395 362 94 814 566 765 77 246 313 128
4
62 464 635 238
7
954 511 893 203 393 626 13
1
321
2
646 707
10
528 651 147 685 745 829 438 239 57 983
4
918 623 892 830
4
299 971 373 247
9
976 484 23 810 37 585 697 183 749
7
688 391 985 479 489 844 282
3
573 125 339
8
17 705 86 429 993 214 12 734
10
781 202 667 50 580 728 49 664 91 652
6
95 452 960 58 716 904
10
528 816 819 391 345 206 890 69 474 595
10
382 695 739 145 634 320 489 34 539 297
8
649 560 765 672 514 17 65 955
5
272 691 541 720 167
8
556 99 642 152 992 579 478 164
3
322 331 462
9
972 377 898 177 636 954 535 806 435
3
546 435 211
9
215 380 601 206 857 575 829 476 619
9
485 688 765 560 283 98 512 282 80
8
701 420 36 308 846 609 382 475
7
357 875 270 948 206 28 700
9
618 638 18 639 139 920 268 264 551
10
289 867 30 501 992 154 783 959 55 131
5
53 39 242 546 878
2
266 15
8
407 316 606 279 351 113 960 831
3
15 68 616
6
595 658 778 281 608 96
1
470
1
638
2
88 564
10
55 678 800 864 653 514 723 431 104 387
10
87 359 756 497 808 568 8 272 868 161
8
818 1000 376 675 581 222 418 150
1
614
2
797 314
2
769 227
1
679
6
486 249 152 777 800 192
2
347 905
9
435 282 875 984 806 917 622 323 467
9
426 172 673 398 443 772 486 332 983
9
433 198 550 106 947 696 405 913 911
10
943 848 929 891 786 975 717 123 125 907
8
757 880 357 451 534 106 903 496
6
607 889 241 626 818 662
9
272 584 34 361 335 803 59 347 887
5
467 871 123 814 33
1
286
3
99 313 299
4
172 276 524 852
2
882 137
6
513 796 718 869 280 965
9
710 539 442 832 869 287 84 507 814
3
69 851 960
7
898 944 468 151 320 179 662
6
943 778 686 487 387 943
3
36 992 672
7
318 778 511 773 448 82 50
4
748 103 442 193
2
222 210
8
154 739 741 916 175 56 272 696
1
270
4
158 218 733 428
9
146 806 814 328 233 73 630 533 130
1
400
7
163 633 553 58 140 35 72
1
319
1
375
10
754 510 892 711 192 36 143 397 612 119
2
218 432
7
351 889 3 1 404 3 946
6
359 392 727 726 291 169
8
479 981 981 847 408 95 938 149
1
942
3
175 995 819
6
219 11 18 973 732 43
7
480 426 711 234 830 283 868
7
364 915 675 669 580 713 198
9
54 291 675 42 797 369 337 133 811
2
144 722
9
796 312 543 341 525 321 21 946 415
8
641 273 16 175 657 435 75 804
1
549
3
715 929 887
8
728 457 136 545 871 128 814 409
2
176 773
9
480 456 582 199 371 606 467 334 107
3
377 595 274
10
433 31 928 794 407 640 830 150 297 150
3
961 496 616
8
337 24 707 127 404 222 271 484
2
687 26
4
75 156 137 1
1
640
7
181 100 382 501 56 794 624
7
826 499 133 362 798 443 121
3
568 356 245
9
388 604 20 492 195 794 438 730 130
6
747 540 536 343 811 455
2
734 714
8
705 142 323 222 121 561 904 942
7
498 708 510 285 601 782 331
4
461 915 506 572
10
110 288 226 91 13 50 825 813 305 404
1
863
6
628 620 934 782 626 251
3
473 672 676
3
485 985 590
9
74 608 112 862 582 771 145 57 655
8
937 831 324 808 936 701 645 94
10
740 735 941 761 940 551 277 72 962 133
2
429 459
7
653 696 85 790 691 414 902
3
241 317 29
9
131 567 940 136 370 866 857 937 37
9
376 59 679 941 984 132 201 539 571
5
39 971 664 15 564
10
792 389 697 762 364 268 320 990 523 118
7
697 985 199 723 162 137 120
8
468 323 342 59 792 934 299 267
2
431 795
10
651 737 154 992 934 245 378 104 768 185
9
920 686 702 879 215 768 395 80 204
10
111 289 687 268 592 804 135 257 888 79
6
431 668 838 400 137 103
2
168 616
5
657 653 973 468 296
4
993 443 643 369
6
779 325 321 396 25 799
2
522 934
10
621 893 734 115 767 429 995 614 155 652
8
187 502 581 54 799 162 51 406
1
365
1
581
10
904 454 991 141 711 463 685 350 225 737
5
477 347 114 889 594
1
694
8
183 432 832 803 52 781 734 864
9
5 979 563 575 437 554 883 552 21
7
526 623 103 428 358 161 930
6
324 42 570 473 408 765
7
951 823 98 643 115 437 359
2
746 556
10
303 21 407 803 65 47 835 925 252 693
1
885
2
524 73
9
760 685 487 427 120 316 514 648 908
4
997 756 217 139
6
609 162 544 593 415 471
4
278 195 17 270
6
471 122 267 352 469 818
8
683 547 937 470 880 273 429 376
3
552 674 122
10
784 88 864 939 932 769 741 872 549 62
8
83 500 268 793 313 258 459 852
6
912 992 847 111 326 606
1
905
1
367
8
256 187 39 803 118 635 756 87
6
621 690 824 961 710 601
3
965 33 890
9
158 653 128 539 818 363 448 900 256
10
506 359 174 142 117 483 857 668 1 189
3
995 74 871
3
152 242 286
3
708 435 549
10
930 630 357 530 102 714 746 588 610 78
3
672 138 42
8
527 818 396 162 988 587 520 657
1
745
9
420 494 898 533 264 396 495 298 171
6
437 262 316 456 136 974
2
937 30
9
821 540 130 205 790 383 325 596 407
7
833 956 849 806 305 207 475
8
134 895 823 319 92 896 506 337
10
398 724 127 519 278 999 843 175 627 309
9
789 490 223 862 990 956 956 952 60
9
73 792 835 644 968 105 10 298 173
2
559 586
8
227 207 600 150 550 613 876 680
6
219 381 566 697 981 827
3
126 614 302
8
181 776 535 813 165 569 355 992
6
197 888 546 828 914 326
10
121 292 748 635 130 51 620 677 326 143
9
545 376 654 610 987 777 623 520 965
5
674 38 189 120 572
9
656 293 724 882 333 729 137 611 145
3
371 862 542
5
233 112 511 704 332
6
428 871 714 622 335 482
5
317 860 50 711 961
3
209 819 993
3
419 681 767
1
308
9
125 651 493 54 778 401 375 925 410
10
645 754 566 575 355 844 819 434 12 597
4
241 634 35 706
6
969 892 419 842 862 890
2
81 13
5
9 616 214 857 421
5
471 332 841 349 560
1
260
9
446 788 77 541 147 165 18 523 888
8
461 722 223 204 324 524 841 355
8
951 72 240 838 51 584 513 552
4
526 714 368 868
2
369 133
9
889 736 900 585 109 184 199 261 215
6
107 969 427 373 161 738
6
568 680 399 530 308 115
8
730 349 765 447 761 991 21 578
4
514 75 337 914
4
259 536 969 248
1
781
7
155 349 89 416 514 947 392
6
215 288 136 803 33 329
9
489 847 965 239 202 171 956 768 335
6
502 216 906 329 447 291
10
959 358 761 249 659 916 465 608 104 805
1
521
7
59 856 72 184 840 936 755
7
309 462 296 881 567 78 276
4
783 743 558 968
6
40 185 669 744 177 998
1
241
9
92 644 669 69 802 780 614 455 838
6
235 737 33 617 662 78
4
789 712 550 515
1
794
6
532 808 77 797 116 560
7
133 313 22 678 375 570 203
6
96 489 118 887 807 798
2
893 909
8
937 790 80 519 13 77 393 152
1
676
4
601 839 833 180
7
867 955 170 86 318 927 550
3
284 72 833
3
885 666 343
6
454 740 331 434 842 703
8
963 413 190 755 728 935 299 344
2
500 749
8
525 398 835 557 351 846 294 209
6
405 156 384 507 774 516
2
215 946
9
500 871 84 483 679 667 902 203 102
7
363 447 815 727 783 765 530
6
344 333 323 636 368 851
10
746 106 48 605 1 897 841 443 205 504
3
425 169 838
4
352 411 310 371
5
998 650 474 815 594
7
726 373 767 882 913 974 858
5
422 650 237 415 583
5
861 440 13 983 396
4
470 782 948 813
5
654 39 940 757 254
5
313 944 3 332 779
7
658 524 937 671 557 825 253
5
4 409 654 18 610
4
460 597 201 44
1
30
9
124 253 474 820 158 106 869 147 784
5
394 59 946 56 530
5
107 183 311 301 732
3
59 155 530
6
810 984 289 774 602 838
1
912
10
391 227 490 848 695 991 686 552 829 752
4
726 789 362 486
8
404 47 783 208 732 526 106 410
2
379 136
9
948 688 381 551 816 50 376 372 815
5
480 428 433 932 463
1
374
4
343 419 811 407
6
585 491 335 709 287 479
2
609 590
4
754 169 391 637
2
696 320
9
557 210 55 734 696 863 172 954 448
6
199 821 879 771 593 158
7
348 655 82 105 92 852 270
5
251 82 838 176 112
7
182 808 267 589 465 356 911
2
569 573
6
399 271 588 149 92 116
5
880 480 174 441 934
6
678 61 617 336 38 391
1
959
8
340 27 370 468 339 461 537 361
9
42 740 302 817 426 421 715 185 714
7
938 224 338 317 929 546 772
3
624 612 744
3
561 918 47
5
847 96 93 335 957
7
483 132 640 525 236 455 534
7
497 185 555 565 20 75 211
4
707 44 304 390
2
214 201
7
531 217 936 406 687 87 501
4
124 297 494 727
9
88 245 353 294 56 897 473 654 732
3
923 708 391
2
239 520
5
568 555 501 128 854
3
932 460 479
3
212 731 689
10
64 261 885 141 610 920 416 986 892 724
10
89 362 429 335 344 241 708 447 949 25
5
951 408 91 448 655
7
170 1 563 447 564 758 26
5
889 693 698 421 536
10
92 293 436 791 32 725 935 855 291 743
5
239 211 788 142 621
7
211 647 539 325 648 774 346
7
189 403 46 545 475 508 757
3
690 109 951
7
803 814 975 262 145 302 928
1
38
7
567 430 979 622 83 478 546
9
7 307 759 73 465 284 592 153 207
8
133 223 661 34 670 38 844 936
8
581 155 119 306 530 498 713 7
7
9 466 157 869 247 522 675
10
968 988 831 597 211 225 86 976 564 33
10
390 728 868 997 579 531 161 244 68 414
9
389 842 609 859 671 650 239 152 367
9
384 95 303 122 234 896 374 671 214
7
303 907 224 869 171 989 827
1
200
4
261 725 388 12
6
148 274 965 166 512 833
6
809 169 1000 58 188 356
7
775 16 409 88 194 279 273
9
945 219 623 46 877 849 553 382 210
1
442
9
926 930 622 842 356 114 937 936 909
9
182 415 111 296 784 748 745 28 354
8
368 817 328 138 858 167 894 93
1
877
8
999 285 664 647 610 679 424 403
10
703 593 766 71 477 391 841 508 250 65
5
925 165 518 310 881
3
685 56 216
8
485 752 254 424 203 528 590 207
5
375 216 623 63 860
7
949 16 913 883 813 767 392
5
774 527 172 418 683
6
597 768 528 871 751 820
9
702 328 120 472 549 615 664 578 975
8
446 464 580 437 342 833 764 792
3
18 398 937
2
87 756
10
881 963 362 823 513 202 90 744 509 62
2
656 875
2
487 51
1
988
4
883 587 145 239
1
630
6
562 466 13 392 413 279
4
817 739 654 323
2
930 412
10
469 445 1 534 789 897 802 258 972 123
2
35 1000
4
808 201 825 715
2
314 689
1
397
8
784 498 207 894 766 32 381 55
10
160 372 10 576 566 540 565 21 644 181
1
176
5
882 503 821 185 32
6
916 602 980 415 322 949
3
399 696 42
7
571 718 149 719 775 586 118
1
63
6
715 386 159 384 680 131
1
648
4
385 625 495 361
10
556 877 274 62 17 587 366 529 954 924
8
512 899 283 702 277 961 153 897
10
624 542 706 13 53 936 235 286 797 59
9
5 117 902 980 177 43 519 450 516
10
109 901 968 18 405 416 158 575 449 535
5
671 884 329 197 82
7
768 299 434 731 25 79 626
6
74 146 478 773 168 412
10
53 855 287 816 221 728 261 233 850 371
8
14 205 930 853 485 913 571 788
1
459
8
1 860 338 31 638 844 320 338
1
757
5
541 21 669 478 717
10
319 240 972 616 617 95 890 517 396 460
6
308 6 809 377 316 886
7
879 92 187 477 177 267 254
1
95
7
855 722 307 943 763 294 676
3
765 731 543
7
614 569 941 996 55 557 651
2
689 546
10
764 691 188 732 651 176 366 719 632 736
9
611 249 734 871 22 991 158 154 392
4
762 507 904 211
6
289 774 281 296 807 566
5
647 279 382 254 260
5
816 180 147 337 530
5
317 936 789 528 467
3
626 271 270
1
781
7
182 456 665 48 739 904 686
6
568 394 925 992 378 723
8
370 672 615 214 724 593 955 147
10
449 668 854 142 524 210 496 429 544 562
1
486
7
248 515 739 635 611 279 250
7
81 82 857 551 522 16 843
9
271 794 124 405 250 238 383 756 45
9
260 916 575 328 328 782 966 290 118
9
952 1000 607 447 637 81 201 138 635
9
90 719 638 410 986 458 160 593 331
8
738 763 160 240 769 69 480 607
8
443 651 855 579 81 688 602 303
6
315 118 547 823 655 287
6
381 703 398 620 286 560
3
643 703 916
6
480 60 780 688 664 411
2
516 804
6
410 719 886 48 287 45
10
288 437 889 60 698 484 519 644 712 326
2
860 751
7
628 977 161 916 82 574 952
6
309 81 206 566 761 695
7
204 305 241 624 513 62 599
9
825 462 273 824 85 826 893 53 238
6
936 826 838 901 323 18
5
760 887 980 40 85
1
820
1
669
9
686 441 611 698 304 876 755 574 450
6
279 904 386 220 501 191
1
797
9
537 87 586 41 190 219 921 861 812
5
466 158 475 307 573
8
444 320 24 264 809 920 981 59
5
351 337 95 485 371
10
763 175 525 770 439 239 86 543 493 461
9
251 952 590 763 509 871 255 578 741
9
921 318 3 926 383 129 968 15 22
3
273 368 187
4
157 206 136 242
3
915 301 168
6
892 637 79 425 765 676
4
259 278 166 558
4
846 35 993 543
5
101 823 25 788 211
1
3
2
629 884
6
697 911 38 225 585 243
5
468 947 478 950 942
7
923 814 214 373 563 827 414
6
661 982 313 184 665 469
2
124 242
8
441 275 440 545 250 144 628 826
9
710 284 709 192 209 469 337 954 872
2
841 541
3
626 231 98
8
80 588 696 650 96 953 597 92
2
59 48
9
256 323 15 945 698 400 967 472 699
5
934 236 248 346 836
5
184 185 318 226 966
3
87 400 69
5
498 931 373 459 107
10
1 587 817 744 675 272 828 925 154 992
3
965 735 426
2
561 111
3
81 654 892
8
205 949 253 29 964 141 798 173
3
397 804 958
8
344 521 252 935 107 958 88 55
6
811 795 38 871 529 619
10
374 486 992 849 558 174 622 125 63 505
8
535 997 833 680 116 670 444 808
1
745
4
800 33 954 547
1
782
3
876 865 5
1
447
8
121 818 404 346 946 778 211 168
3
237 996 173
6
845 710 719 191 884 58
6
906 879 247 940 988 415
10
218 491 784 512 436 810 396 14 484 931
6
644 261 255 71 648 914
5
430 416 665 449 777
10
274 223 715 409 402 637 149 254 394 609
8
232 769 197 209 396 816 593 456
10
854 700 805 445 977 352 147 668 272 435
5
709 190 401 639 530
2
557 454
5
341 29 945 326 581
6
106 715 330 26 964 509
9
535 866 638 380 661 753 583 421 987
7
425 483 250 334 723 475 215
4
31 587 886 392
7
956 743 685 830 142 874 11
3
112 856 667
9
656 602 252 993 438 619 109 182 123
1
404
10
503 598 762 32 504 120 890 901 305 173
9
624 384 316 725 996 708 580 270 450
6
956 338 248 710 481 725
5
411 602 158 84 688
10
64 438 642 630 525 817 641 218 397 309
6
641 860 94 966 982 796
9
403 99 312 468 668 849 811 563 901
4
889 382 188 787
2
237 782
1
958
10
942 753 88 765 524 869 246 121 386 913
9
286 954 1000 228 681 363 869 426 994
9
1000 398 450 323 670 278 738 156 408
9
546 510 229 878 587 429 343 190 206
1
311
5
396 179 251 495 267
9
664 90 563 919 374 613 604 757 466
6
808 905 161 82 746 941
8
525 657 394 939 467 757 79 944
4
689 8 15 917
10
777 691 397 538 3 838 676 670 705 417
4
559 502 166 510
9
256 74 524 161 393 836 836 244 805
10
232 314 282 556 660 952 231 936 177 598
9
352 515 289 990 772 956 311 1 735
2
956 900
8
181 556 583 380 880 38 29 731
8
111 976 912 417 923 529 160 117
1
494
3
524 879 104
2
486 451
3
554 942 971
8
647 993 131 907 637 872 29 21
1
875
10
491 326 558 553 71 828 510 261 585 317
5
878 889 935 155 963
6
715 80 617 338 919 69
8
394 668 194 519 820 730 411 729
9
720 620 833 401 764 538 187 100 265
8
687 560 22 906 101 951 992 137
10
789 176 425 998 436 230 421 451 518 166
1
342
3
963 514 106
3
294 474 351
9
999 471 945 770 971 689 733 380 910
2
929 158
9
573 312 733 221 391 570 266 191 326
7
732 474 655 247 854 786 710
2
509 78
5
223 391 746 705 797
10
618 420 606 325 553 552 442 233 717 613
9
27 1 166 430 170 220 400 450 321
4
433 51 103 714
5
373 650 457 586 129
6
656 438 471 715 967 305
7
404 265 78 705 495 369 16
5
334 215 888 281 96
9
306 374 529 512 927 947 807 450 570
1
298
8
471 424 424 207 613 434 340 526
7
367 908 67 187 680 686 100
10
302 729 474 957 837 730 42 349 622 485
2
99 907
9
161 751 771 302 747 178 867 961 770
7
582 535 435 515 806 104 492
9
500 561 653 9 10 937 853 274 139
4
989 283 576 317
4
594 7 685 584
4
648 219 601 347
1
936
4
107 308 433 548
1
702
7
208 375 757 2 409 771 891
2
192 192
6
710 309 289 423 721 619
10
410 702 342 767 858 212 107 406 557 618
8
722 926 499 271 703 480 155 860
7
186 743 533 899 469 205 945
7
702 429 45 774 44 877 645
8
169 694 550 199 20 596 158 862
7
926 938 512 703 122 66 559
4
337 386 977 701
8
7 227 305 465 845 63 764 254
2
147 531
10
825 563 181 265 344 780 630 626 662 62
9
579 562 347 466 706 112 690 234 325
3
711 937 896
9
426 28 115 208 634 156 941 816 182
8
157 124 207 85 521 27 683 777
3
653 789 805
2
235 13
6
933 804 736 175 798 197
9
922 583 370 184 122 669 513 889 981
5
994 733 532 202 670
3
763 185 484
1
629
6
664 733 708 551 155 73
9
611 932 304 708 28 653 989 272 933
2
973 463
5
939 465 251 925 184
2
475 943
7
498 855 982 460 945 243 982
8
764 668 807 192 212 36 115 211
2
251 13
9
233 717 221 87 124 972 346 950 419
9
260 439 846 541 740 205 430 512 253
5
951 825 601 116 13
5
354 145 48 10 807
2
823 866
1
174
8
978 293 997 301 778 428 278 891
8
702 756 100 792 624 357 842 750
6
989 317 150 96 763 551
4
171 221 728 467
4
866 391 634 684
5
564 702 303 828 281
9
626 690 49 877 30 170 173 51 728
2
551 454
6
407 987 755 301 729 68
7
904 280 508 761 157 54 165
10
728 50 542 827 186 164 219 902 544 426
6
212 745 255 858 148 788
5
445 161 583 164 32
8
400 94 509 820 775 908 876 83
9
311 705 805 523 721 678 915 823 880
9
254 541 482 331 91 230 491 936 562
8
404 30 135 215 814 311 838 762
7
358 905 751 42 445 110 562
1
103
5
823 959 722 719 839
5
878 907 348 803 610
3
196 669 399
8
98 529 245 174 788 694 862 808
6
128 96 326 695 344 15
9
495 210 554 715 979 684 188 899 863
5
390 175 188 57 81
4
94 175 867 145
1
706
7
795 622 701 483 674 501 773
4
572 748 220 526
5
689 456 292 952 48
3
223 66 788
9
126 578 219 776 882 408 306 606 838
6
798 123 515 471 722 304
8
547 616 40 680 196 16 547 47
8
790 754 397 498 68 179 637 851
2
66 488
2
546 147
7
80 102 152 281 526 625 292
6
472 767 988 613 128 782
3
987 17 132
4
199 236 41 996
5
419 403 779 358 319
4
576 550 291 490
8
320 308 155 398 45 913 588 824
5
450 519 408 916 362
9
272 692 931 653 244 788 321 599 337
7
140 383 854 488 150 528 698
1
868
6
692 681 889 122 869 513
8
25 20 219 439 245 42 632 213
3
202 948 847
4
158 393 825 404
9
180 42 950 797 198 426 181 507 558
9
666 431 228 898 762 815 619 586 344
9
370 33 404 348 547 747 274 341 181
2
886 576
2
823 519
5
964 546 88 407 580
3
603 12 240
2
647 216
3
530 881 352
9
536 419 252 157 311 767 50 878 550
8
180 624 645 483 741 129 777 966
5
624 177 771 590 542
9
512 835 156 851 975 786 250 487 696
3
449 712 504
7
573 650 565 596 979 419 962
10
664 457 776 707 560 88 274 314 339 551
2
751 43
8
205 759 659 781 21 523 69 889
1
200
5
609 13 224 360 425
8
595 124 871 629 914 966 31 299
9
635 781 333 631 687 806 241 85 575
6
795 561 521 3 317 224
2
256 761
2
979 20
4
693 907 865 142
10
551 957 890 587 170 101 528 321 977 294
5
448 613 745 949 245
1
758
6
802 824 145 560 691 223
7
272 826 746 385 133 913 507
9
70 602 187 700 48 921 942 800 62
5
167 480 20 147 623
4
761 641 72 446
2
180 728
2
962 728
5
250 866 67 808 788
8
95 74 914 357 148 782 896 425
9
712 309 70 349 132 43 652 385 856
7
530 617 944 921 30 825 408
7
1 294 594 172 923 317 366
2
245 90
10
53 969 269 912 994 119 847 199 659 630
8
154 695 761 453 63 567 914 885
2
480 905
3
907 208 688
5
168 658 80 578 555
10
188 912 524 957 693 178 912 314 828 339
10
448 181 853 299 386 233 172 424 800 738
1
808
3
860 734 502
7
299 468 120 739 900 929 121
10
845 212 532 451 708 881 921 142 89 938
2
999 460
5
636 502 254 512 946
5
845 217 411 354 45
2
284 854
5
930 231 286 970 219
2
716 949
