127 1
6395 1
6420 1
5705 2
2335 128
1212 16
5261 1
6077 4
4722 4
4719 1
1023 1
511 1
6280 1
511 1
2654 1
511 1
1023 1
664 32
2182 1
5296 1
6014 1
6323 1
3176 8
2916 16
4709 16
6387 2
2195 1
511 1
843 32
1173 64
3109 4
4803 1
511 1
5851 1
2688 4
1633 64
4652 1
3025 8
5551 1
1199 1
3079 1
7436 4
5959 1
6227 16
3417 32
3081 1
1429 32
1524 8
5745 1
2827 32
2539 8
255 1
4500 1
1023 1
1359 128
63 1
3193 1
6633 4
5576 1
4757 4
2812 4
6182 2
3603 1
1023 1
3407 4
2580 64
2549 4
4453 1
2633 32
3285 1
3586 1
4086 2
5731 2
4071 8
3657 1
2713 16
3987 8
1023 1
2658 32
511 1
255 1
127 1
3933 1
2158 32
526 32
4196 32
4233 4
5052 4
3010 8
1023 1
