90
1
82
9
584 459 602 862 401 861 852 943 477
9
565 639 992 790 747 881 502 365 531
8
868 371 358 176 238 907 429 228
4
60 595 910 192
2
345 539
8
179 441 657 889 41 446 743 61
10
106 227 96 159 321 561 793 400 668 854
8
558 851 399 72 20 651 172 783
7
546 551 452 412 188 500 293
1
527
1
278
9
108 169 278 38 151 460 410 701 776
1
486
3
739 994 892
1
336
1
691
2
457 175
3
381 778 620
7
535 588 352 517 222 591 682
9
186 805 834 911 10 581 163 659 717
9
548 712 188 968 193 13 921 610 723
4
517 229 100 214
4
705 138 229 744
6
454 33 170 973 406 417
8
399 295 494 355 197 61 987 463
3
613 775 45
1
435
2
483 336
2
687 454
4
363 109 792 265
7
693 787 692 144 140 964 150
1
411
9
566 717 109 352 109 140 844 743 740
6
319 294 448 334 297 290
2
895 738
7
436 485 692 102 118 463 793
4
143 328 573 57
7
143 805 368 185 144 183 61
3
5 325 331
5
480 789 90 933 208
10
75 379 265 186 392 144 605 91 84 655
9
214 861 666 139 811 657 764 345 562
10
240 649 855 649 766 133 851 198 264 934
6
256 762 633 502 455 785
5
69 982 309 554 645
2
310 863
2
805 303
7
544 439 306 482 307 464 396
4
435 232 477 651
4
305 472 637 861
1
223
7
232 282 861 447 692 967 440
1
694
2
724 123
1
38
5
456 589 878 581 159
10
605 857 841 489 748 130 103 783 747 650
9
733 430 335 646 523 762 615 505 243
8
881 701 849 979 112 521 386 216
4
156 621 107 612
10
402 879 589 12 209 512 912 523 239 813
5
577 573 157 245 593
1
960
6
281 733 310 701 645 409
4
666 959 864 83
4
221 827 756 229
7
971 535 202 665 765 448 511
4
772 718 29 980
5
665 777 816 368 29
5
147 547 991 674 895
6
945 334 74 690 102 107
8
209 765 744 761 761 638 325 492
6
300 206 86 261 621 737
5
468 739 152 739 210
4
199 390 828 238
6
764 224 761 479 104 619
1
912
4
956 299 411 856
1
392
1
192
1
104
5
914 206 356 459 349
4
258 702 903 87
2
25 489
8
362 660 666 60 963 925 310 118
6
620 462 599 769 527 104
8
962 731 730 947 15 900 313 382
4
410 239 749 44
1
533
