1026 1
5630 1
3828 4
641 128
2096 1
1351 128
6570 1
4335 8
6142 4
1023 1
4652 1
1060 128
3469 1
1303 128
1023 1
4037 1
5566 1
4143 1
2686 4
1694 8
5553 1
3113 1
2062 1
403 32
4173 1
3991 16
4798 4
1106 64
2112 1
2937 4
6889 4
3458 1
3118 32
2047 1
5156 1
4672 32
877 1
5972 16
5026 2
5896 4
3223 1
1023 1
2367 1
1023 1
2340 64
6140 2
2079 1
1106 64
2626 1
255 1
435 16
6806 1
5921 4
5620 8
6031 8
5827 4
5034 1
2342 128
3935 16
4932 1
2115 1
946 8
2892 16
5385 1
3482 8
255 1
2312 1
3268 1
4172 1
2327 1
4701 1
3358 1
5549 1
3847 1
5519 1
4933 1
4472 1
3283 4
4391 1
2700 16
1023 1
5011 4
511 1
6925 1
2238 1
511 1
5743 32
5463 1
3936 8
4577 8
4600 4
3714 16
6335 32
1023 1
1649 32
5074 8
3060 4
1124 64
1628 16
1424 16
3142 16
255 1
6464 1
4345 8
3576 4
4150 64
5636 16
2312 1
4315 8
2451 32
3051 4
6245 1
5134 2
2910 4
1833 32
7109 8
6048 32
3234 1
4045 64
628 16
5585 1
2308 1
4143 1
5871 16
5636 1
2907 8
6037 1
5162 16
4918 1
4211 4
3365 1
255 1
4106 1
5373 1
1023 1
4198 16
4399 32
4103 1
4742 1
6080 1
31 1
6355 16
2526 64
5228 1
3534 8
3071 1
2350 1
5951 4
2192 32
5452 1
604 16
5689 32
1469 8
2917 8
5610 1
1023 1
5273 1
1023 1
6728 4
4208 4
2048 1
3136 64
127 1
5491 64
5819 1
7584 1
2577 8
2250 32
1173 16
6328 8
4940 32
3753 32
5970 2
3211 1
4092 1
5106 1
1100 64
4710 2
3407 1
1023 1
4209 8
2206 1
3891 16
511 1
6211 1
5434 8
5061 2
4777 16
6513 8
4894 1
2067 1
893 4
5667 1
6131 4
5288 32
2165 16
6011 1
6035 1
3224 1
6293 8
2290 32
602 16
3484 4
1527 4
3823 8
2110 1
3328 1
511 1
702 4
1023 1
5684 1
4508 1
5352 1
2753 32
3474 4
3134 8
1326 1
1269 4
127 1
1023 1
4058 4
5153 4
5971 1
2573 16
4413 16
4780 4
3312 8
4230 16
5002 4
1163 128
2847 64
2572 1
1789 4
344 16
1785 8
7199 8
4657 1
2050 1
3072 16
2849 16
4189 1
4670 2
6432 4
2046 1
4511 16
2334 1
3709 1
1356 32
2524 8
4365 2
6304 1
2990 1
3155 8
7653 1
5831 32
5279 1
4200 4
3206 1
