258
3
484 127 399
9
708 714 185 250 560 552 37 782 469
6
704 24 312 235 921 386
2
404 233
3
434 315 639
2
402 805
9
670 519 600 521 158 228 734 270 643
6
30 938 565 701 744 201
10
648 668 350 884 56 515 127 260 490 154
1
937
6
617 297 368 427 431 4
2
736 314
5
38 665 607 369 630
2
69 674
1
647
5
252 940 580 738 732
9
366 798 779 350 46 735 320 924 749
5
656 848 641 873 899
4
552 536 17 349
2
872 520
9
813 746 193 467 587 59 377 748 253
5
115 497 902 737 552
3
859 50 948
2
181 222
7
830 232 310 432 647 93 920
6
723 562 745 478 642 313
8
105 256 448 391 957 45 541 671
2
50 926
3
110 707 986
4
100 585 18 580
10
170 653 36 250 632 99 223 742 321 619
5
890 292 704 315 338
4
487 452 301 774
3
562 196 396
9
621 478 428 868 575 194 660 550 433
8
112 845 903 102 379 855 9 955
5
158 2 161 77 3
10
407 721 240 195 352 752 346 934 522 429
8
812 211 413 285 541 906 101 469
8
279 605 510 371 488 38 816 469
5
880 304 9 659 376
1
963
3
352 988 886
1
959
4
613 144 287 716
10
762 714 599 106 768 303 81 329 947 643
3
686 624 380
2
53 921
3
730 864 603
1
174
2
160 235
10
214 915 10 412 922 635 723 795 703 573
10
446 428 886 805 553 325 689 366 733 270
10
408 850 466 527 693 88 931 183 545 241
10
92 648 460 683 688 11 666 443 361 707
8
388 22 875 520 827 989 528 768
7
674 980 469 939 192 721 921
4
326 545 755 188
6
899 334 302 219 472 525
7
806 935 581 974 43 442 878
3
682 306 152
2
423 491
4
254 634 36 428
9
478 379 220 870 662 727 202 951 279
6
902 234 920 397 21 718
1
170
3
137 748 61
5
146 654 367 958 148
7
266 870 544 703 129 927 360
3
546 708 6
7
573 296 746 302 131 468 436
5
372 389 576 970 794
9
249 346 525 313 717 790 684 582 8
5
264 291 698 47 31
7
584 174 678 987 963 550 664
7
911 949 242 917 545 255 640
7
849 689 216 247 458 708 402
4
474 810 339 362
7
452 360 2 930 976 398 550
4
41 442 242 815
1
799
8
3 991 198 159 590 700 900 188
1
278
9
421 595 16 165 407 369 107 84 175
3
735 224 460
1
409
10
444 622 674 763 98 292 230 900 784 832
9
923 115 678 760 450 202 331 940 227
6
477 951 92 595 459 210
8
981 624 971 751 70 358 70 190
6
382 117 616 499 381 41
6
282 20 818 540 831 5
10
278 821 791 894 209 785 943 90 508 760
1
607
2
746 871
8
24 583 471 557 258 656 489 72
4
796 516 958 338
2
367 757
2
921 571
4
471 202 387 204
4
411 152 399 772
1
179
10
250 351 767 976 23 96 586 899 88 42
6
450 947 841 558 743 758
6
838 89 454 689 498 926
8
666 96 334 781 726 101 404 942
10
87 327 612 192 657 83 837 431 762 992
3
47 602 222
6
394 972 302 245 160 30
4
491 129 595 684
4
68 824 428 313
9
553 698 105 617 51 808 184 229 558
8
145 98 209 867 869 49 800 209
4
561 93 281 299
2
678 627
10
394 446 268 103 456 906 487 487 813 605
8
327 780 909 626 797 604 530 643
5
490 542 645 406 460
6
746 695 201 12 229 594
2
431 37
9
524 749 310 254 434 959 723 175 112
3
685 85 628
5
574 718 847 986 521
10
956 427 230 840 518 164 800 495 856 481
9
869 368 95 869 89 107 181 870 994
4
620 954 158 533
9
317 828 143 228 905 898 154 169 196
8
985 53 843 489 939 284 330 175
7
641 522 713 337 435 527 745
6
943 435 147 951 743 832
5
359 518 823 966 419
1
189
7
741 229 281 727 805 696 337
9
265 593 940 166 258 638 279 794 703
1
774
6
136 464 622 702 43 53
8
547 691 533 68 351 176 988 497
7
865 811 705 384 250 729 317
7
879 948 527 102 127 788 986
9
98 573 927 884 726 133 840 74 628
1
30
10
747 277 919 876 968 387 850 368 589 198
4
841 351 964 50
7
218 73 358 635 104 368 763
4
993 771 744 930
5
207 367 786 114 917
3
813 491 932
10
949 802 346 237 482 844 302 861 714 122
4
820 359 244 749
9
697 894 772 489 387 853 379 95 724
2
140 302
10
72 412 179 545 977 746 169 846 314 377
2
876 301
4
578 152 262 187
9
531 994 923 433 383 336 63 516 819
1
742
9
270 175 12 886 697 990 649 511 747
1
967
10
68 141 851 200 952 301 606 158 61 244
6
422 10 534 945 440 447
3
561 328 916
4
353 798 397 432
1
120
10
579 270 196 793 637 918 271 397 998 208
9
405 920 580 834 58 517 413 651 959
9
392 237 984 430 266 75 392 422 385
4
320 797 527 385
4
272 264 724 582
4
26 446 102 341
10
886 903 584 785 146 636 170 118 893 933
8
190 887 809 731 570 29 992 220
6
892 565 215 74 936 815
8
868 281 812 447 683 681 879 871
5
409 952 745 131 892
7
141 295 786 621 978 235 784
7
487 175 273 569 807 333 294
2
531 417
6
668 872 524 768 93 591
5
83 767 701 367 81
1
574
6
955 911 75 784 991 301
3
196 649 467
6
403 33 777 860 595 639
1
263
9
416 208 468 316 9 586 212 105 892
8
148 394 310 53 475 948 602 180
8
22 773 158 902 923 979 560 134
6
178 848 53 95 128 123
10
230 192 408 830 907 370 613 177 288 278
7
349 36 903 969 373 16 394
3
82 688 440
2
363 490
9
740 698 771 225 448 889 284 819 699
8
4 319 853 134 39 445 389 408
10
742 308 977 946 123 646 1 782 12 413
4
872 911 15 175
9
622 977 574 278 270 942 509 701 817
9
299 818 233 778 340 2 656 357 457
5
208 853 443 657 677
10
996 738 765 539 181 116 314 145 739 204
4
721 616 371 318
2
276 176
6
350 637 729 834 137 145
4
325 283 474 125
6
920 697 875 618 247 450
3
992 638 459
5
316 73 590 588 456
1
441
2
466 146
1
925
9
201 613 587 519 367 2 351 407 573
7
384 452 973 803 699 366 175
9
172 738 1000 52 925 57 357 920 670
4
493 472 880 902
6
575 560 437 436 820 108
4
5 252 89 668
3
499 312 508
4
171 447 295 196
1
122
1
977
6
896 780 72 552 560 244
8
160 496 193 759 149 739 937 624
9
306 597 55 578 425 526 148 627 60
4
407 936 712 504
6
172 519 887 719 684 888
8
203 724 310 586 963 358 967 461
4
546 733 692 185
6
356 330 185 494 707 44
8
322 931 98 194 992 737 193 295
2
596 295
4
566 758 793 216
3
651 634 971
2
990 735
2
154 60
2
736 997
10
542 809 512 800 787 516 453 187 901 596
7
65 990 256 142 942 228 279
3
520 434 491
4
118 43 870 249
4
535 691 811 300
7
80 463 969 773 726 123 823
8
431 694 278 514 703 736 324 170
10
110 975 775 406 155 81 175 111 477 991
3
84 987 808
6
667 642 548 988 156 162
3
128 606 77
5
671 797 260 642 849
2
467 865
4
298 811 755 364
6
254 687 166 419 908 203
9
231 246 566 147 983 63 887 81 100
3
650 710 705
4
371 294 889 57
9
580 566 709 917 611 595 79 697 601
10
143 790 913 682 636 339 80 773 643 424
8
751 176 243 523 425 453 800 176
6
737 936 139 732 275 657
5
611 361 575 284 139
