3200 128
5332 1
3904 8
5558 2
2812 4
5325 1
2804 8
1247 128
5384 1
1316 64
5067 1
5625 1
2834 1
1487 64
6236 4
3499 16
1023 1
7004 8
4093 1
1023 1
5195 64
4639 1
2045 2
3293 16
2151 1
6747 1
3392 64
1056 256
4689 1
1023 1
1301 4
2895 32
6787 1
6132 4
511 1
1023 1
6161 1
5543 2
2718 1
4829 16
3904 64
3195 16
5043 8
2116 64
4590 8
2633 32
4134 4
3157 1
617 32
4418 1
2303 1
2110 1
1023 1
2886 64
2320 32
2861 8
3586 1
2046 1
4834 32
4124 1
2047 1
6760 4
2068 1
2815 2
4596 8
4430 1
2349 16
1135 128
5482 8
511 1
6174 2
2143 1
4440 32
4955 4
4627 1
1023 1
2600 64
6401 4
5176 1
3069 1
3120 16
6130 2
2369 16
4506 8
2146 1
2083 1
6608 4
3231 1
1986 16
2082 128
6804 8
4078 4
7174 2
4318 1
5343 1
5540 32
3305 1
4544 2
4903 4
6334 1
2495 64
3507 16
5512 1
2749 4
5860 1
6191 1
3365 1
3101 1
4298 8
4006 8
5514 1
1141 32
2583 8
1023 1
5507 1
4552 16
1339 32
4966 32
3101 1
1391 64
1072 64
2084 1
1023 1
723 32
511 1
505 4
1086 16
3137 1
1023 1
5076 32
2178 1
3077 1
5182 1
3361 1
5070 16
7067 8
1062 64
1022 1
2690 64
2062 1
5666 1
511 1
1182 16
4725 8
2815 128
2313 8
5694 8
2135 1
127 1
4741 32
6668 4
6204 16
5018 8
2070 1
2310 1
4681 8
2238 1
2764 16
3773 1
1492 16
3359 1
5523 1
255 1
5182 1
752 16
6442 1
4878 8
1023 1
1257 32
6215 4
2047 1
255 1
1023 1
1091 256
3401 1
3749 1
5340 1
4486 1
4216 1
701 8
4167 8
3469 8
6616 1
4892 1
511 1
2312 1
5749 4
2588 32
1429 32
2893 8
3085 1
1043 1
3829 16
2261 1
5794 1
5316 16
4218 1
1042 1
5570 1
4149 1
3107 1
4180 4
2562 1
7 1
5910 16
869 16
5021 4
4886 64
4526 1
3646 1
2432 32
3606 16
4789 16
4932 8
5428 1
5776 32
2610 32
3095 1
7508 4
3431 1
6456 1
5425 1
5431 4
2366 1
3650 1
1023 1
5368 2
5106 8
3656 1
5245 4
1023 1
1821 1
4116 1
1342 1
6576 4
6335 4
5635 1
4462 4
4693 1
4237 1
3459 1
6395 2
6065 4
5858 4
7267 16
4632 8
3981 1
3339 16
511 1
2046 1
5628 2
3361 1
3609 32
4101 2
6014 1
1023 1
3756 1
4428 1
5140 1
2438 1
4217 16
5910 4
3610 1
5156 1
6937 1
4387 1
1180 32
2062 1
4732 1
5299 16
5579 4
4426 1
4473 1
5961 16
6085 1
3161 32
6051 1
5659 1
1767 32
5422 1
5823 4
2775 16
2046 1
576 1
5153 1
5632 1
1023 1
3765 1
2174 1
7326 4
4630 4
6237 1
511 1
2213 32
4163 1
1195 64
2701 16
4567 4
2623 16
2320 1
511 1
5223 4
6416 1
2865 16
2046 1
5974 8
127 1
3585 1
1023 1
3672 4
6097 1
6594 2
6720 2
1026 1
2224 1
1023 1
2079 1
4607 4
5218 1
5430 1
5279 2
1023 1
3535 1
1559 128
2976 16
4514 1
5687 2
6088 8
3719 16
6719 1
6142 1
4437 1
6636 2
2696 1
6448 8
3888 4
1213 16
4237 1
6233 2
4489 1
2665 16
3070 1
5896 4
1522 8
2320 1
3198 1
3738 16
4943 8
3569 16
31 1
4668 1
1344 128
4433 32
4320 8
6308 4
1023 1
5285 16
5932 1
4405 1
5509 1
5893 1
5125 1
2110 1
6941 2
5839 1
6210 2
5062 16
4909 4
5434 2
5184 1
511 1
5901 2
1814 16
5742 4
4156 1
1296 128
6829 2
5270 1
5124 2
3376 16
2066 1
5825 8
2815 1
5012 16
2741 8
2822 1
3448 8
3990 1
4022 4
2303 1
511 1
5890 1
4377 8
4064 4
31 1
4110 1
5276 128
6051 16
2636 1
6174 1
4161 64
1500 8
1523 16
6646 1
3446 16
5531 2
6502 4
4807 16
3735 1
3651 32
3973 1
3897 16
4293 4
511 1
2338 1
949 8
575 256
3145 1
2116 1
2658 1
1062 1
6541 1
2814 1
5497 2
2057 1
6321 16
1023 1
3364 1
3964 2
6369 1
1571 128
7333 16
6477 16
4849 8
2350 64
2820 8
2306 1
7410 4
2342 1
5526 16
4041 8
5141 16
255 1
3699 8
6928 4
2054 1
5755 16
3049 4
1023 1
4935 4
6534 1
4425 32
31 1
5584 1
5688 4
1963 16
2127 1
4245 8
5789 16
3929 8
2361 16
4188 1
511 1
2440 1
5156 1
3955 8
564 32
4666 16
4150 1
5702 16
1023 1
6315 32
5012 1
2110 1
1530 4
2478 64
4524 1
255 1
2053 1
3160 32
3383 64
2791 16
1023 1
7498 8
1612 1
2840 32
5004 1
3309 1
1023 1
2036 4
5660 1
511 1
4246 8
2997 4
916 16
5089 16
5444 1
1023 1
6289 8
2144 1
3144 1
5341 1
6238 1
5504 1
5637 1
1542 64
4485 1
5251 1
5047 4
2483 16
1863 64
255 1
3937 1
2648 1
3777 1
1732 32
1460 8
1023 1
3693 64
3139 1
5475 64
1039 1
2260 32
5303 4
2370 1
3336 1
4438 16
3088 1
5647 1
4892 2
4508 64
6844 2
2047 1
4631 1
1024 512
1102 32
4110 1
5187 8
7210 1
511 1
6126 4
4019 8
2110 1
2725 16
2118 1
3597 1
6796 4
3820 4
865 32
6678 4
127 1
2174 1
3121 1
2335 32
480 16
5502 2
127 1
1386 16
4863 4
6667 4
3792 16
4053 16
5082 4
4672 1
1023 1
5149 1
5192 8
5991 8
4224 1
3358 1
1278 1
5683 1
3267 2
4682 2
5641 1
1447 64
1023 1
3327 1
2528 32
1066 64
3269 1
2310 1
3006 8
6261 1
2199 1
2071 128
6051 1
4876 1
511 1
1024 1
5943 1
1023 1
1414 32
1023 1
6921 2
3653 1
6466 16
5611 16
4648 4
5549 32
5522 1
3357 1
2063 1
4862 4
4840 1
4246 2
255 1
2680 16
980 8
6288 2
1434 16
6972 8
5703 4
255 1
5118 2
4257 16
255 1
255 1
1216 128
3687 1
7 1
3903 1
5801 1
5806 4
4608 32
5509 16
5947 1
1077 16
3234 32
1096 128
5341 32
4114 1
511 1
2046 1
3206 64
2046 1
6339 1
5332 1
5888 128
751 32
3127 1
6683 4
511 1
4686 4
3045 4
1084 32
561 64
5451 1
4455 16
2882 8
5667 1
3403 16
3513 1
511 1
327 64
3877 1
1091 1
4845 1
5061 1
4104 1
2729 16
2046 1
3237 16
5216 1
1023 1
511 1
5802 4
6734 32
1088 256
3001 4
511 1
3393 1
4491 1
5413 1
6769 16
5973 8
3442 1
511 1
5164 1
5569 1
4194 1
3085 1
1023 1
2669 8
4157 1
511 1
1023 1
3079 1
4750 8
4396 1
3908 4
5155 8
5147 1
1354 16
6575 1
2281 16
3244 8
2179 128
3878 64
4318 64
2302 1
4135 1
4172 1
2512 32
4129 1
255 1
7263 2
1023 1
5451 1
3625 1
4492 1
5376 1
5682 4
4573 1
5816 1
5227 128
5884 1
5423 1
511 1
2511 16
511 1
1023 1
5322 1
2915 16
4227 1
7277 8
3024 16
3880 16
5585 32
4219 8
4101 1
1234 32
3066 4
2104 1
4246 8
4369 1
4690 32
4076 2
5263 1
3751 32
5892 2
3409 1
1023 1
1040 256
3907 32
2246 1
2258 1
1156 128
5967 16
5496 2
3989 32
4348 1
2267 16
7141 2
1433 32
1321 64
5862 4
5287 1
2936 8
4134 1
511 1
5119 2
3226 1
3339 1
5972 32
2048 1
5100 8
1022 1
2905 8
922 8
6212 1
511 1
2884 1
2055 1
3393 1
3358 1
4172 1
2187 32
3272 1
1299 128
7029 4
2068 128
6871 1
5040 8
3098 1
3482 16
511 1
3276 1
2435 1
2715 16
5127 1
1335 64
1278 1
5313 1
5263 1
2606 8
1167 256
561 64
3648 16
3725 1
5656 1
4575 32
2974 8
3267 1
1023 1
3789 8
3981 2
1023 1
255 1
3145 1
5025 8
3197 1
2352 1
1023 1
3071 1
1023 1
2499 16
2609 32
5975 8
5270 1
6080 16
5661 8
6478 8
4421 1
548 64
5783 1
5857 1
4238 8
1032 256
4696 1
4191 16
6695 4
4120 8
5066 4
2739 16
7884 4
1876 16
6571 1
2160 1
2690 1
5789 4
63 1
127 1
5454 1
2798 32
5587 1
5573 8
4675 2
6296 8
511 1
2050 1
6947 4
3838 1
3470 1
4455 16
3639 32
1023 1
3101 1
2708 1
3770 1
1678 16
