861
6
381 560 43 723 268 965
9
729 285 389 463 498 506 541 643 538
6
314 188 891 3 222 748
8
881 802 831 120 947 306 35 564
4
281 180 153 970
9
153 848 828 581 262 693 263 728 346
4
931 338 964 467
2
647 408
9
455 335 636 811 103 495 950 914 669
2
626 168
7
518 286 830 783 614 63 626
9
993 539 212 613 784 408 752 216 201
9
349 232 117 291 174 206 478 506 222
2
413 946
10
27 350 721 200 381 751 24 783 29 986
6
673 470 713 834 349 368
1
654
10
496 300 994 820 507 321 859 945 810 918
5
583 168 530 748 539
1
674
10
218 315 998 359 656 515 714 424 94 882
7
925 605 115 29 835 80 212
2
794 795
6
598 161 503 490 782 711
3
54 304 934
9
91 229 161 134 802 269 316 174 451
4
629 682 636 929
2
203 789
7
846 776 269 78 906 374 109
1
705
4
218 474 84 387
4
306 412 103 920
10
530 607 837 809 171 200 421 862 827 779
10
951 303 311 168 489 728 143 272 845 738
1
261
1
813
9
872 336 535 491 944 781 369 926 689
8
148 187 985 409 907 466 419 726
3
526 833 799
8
702 894 839 686 409 248 768 153
6
980 426 895 835 261 507
6
18 249 741 396 813 814
8
496 44 819 953 323 501 966 897
4
671 55 885 505
8
843 638 858 506 400 232 300 537
4
646 17 557 241
6
2 737 655 96 162 672
4
133 545 385 130
2
222 331
7
942 770 62 792 992 313 192
3
950 856 356
3
932 62 385
1
877
4
275 708 291 444
4
990 558 210 46
4
542 78 116 523
5
74 919 874 758 562
3
492 907 594
8
829 692 179 172 106 493 580 755
7
775 784 112 649 493 224 449
3
776 372 138
10
101 809 834 809 27 478 403 4 335 200
3
141 460 869
4
985 301 701 692
8
203 221 462 841 848 601 565 139
7
161 837 834 471 518 302 898
4
662 153 836 100
2
321 718
10
804 854 493 334 659 214 184 741 610 59
1
270
10
236 595 86 438 948 650 717 14 348 472
3
604 472 450
8
842 280 599 349 551 574 473 132
8
276 940 515 93 848 954 238 957
7
851 185 470 355 316 811 923
1
983
4
912 257 612 735
8
363 453 410 270 310 65 238 834
7
174 590 109 325 229 171 648
5
709 999 516 314 251
4
261 320 51 852
10
564 272 115 758 69 264 314 819 959 162
4
142 456 591 570
6
957 617 977 966 646 295
3
72 451 984
3
408 586 400
10
474 575 284 348 184 94 764 557 481 21
5
714 787 677 470 462
2
898 958
4
345 199 691 783
10
610 826 164 622 709 238 781 960 910 882
6
757 446 645 548 643 383
10
987 724 632 548 249 506 953 681 568 776
7
106 194 83 974 631 329 989
7
463 458 239 772 144 138 258
8
482 73 591 433 302 488 519 284
5
636 94 861 479 562
6
834 609 783 512 139 771
6
197 960 637 628 678 711
9
133 838 569 539 199 715 878 627 120
4
10 805 511 785
6
498 574 573 144 623 327
9
182 208 784 873 874 324 667 790 355
4
438 62 538 429
7
23 260 438 294 949 404 315
10
680 999 311 696 856 594 316 257 634 440
5
16 321 720 679 206
5
629 41 702 418 979
6
891 284 328 593 524 772
6
545 392 725 728 982 40
9
473 873 560 871 413 33 904 524 381
2
535 414
4
968 70 720 135
1
543
9
305 699 746 345 772 354 10 455 857
8
118 969 851 189 776 244 825 316
2
657 82
8
362 14 75 727 532 857 415 256
5
279 668 66 747 341
2
996 363
4
171 358 245 266
3
535 351 966
1
571
2
458 225
1
335
2
207 202
2
80 912
5
829 946 207 548 277
1
810
8
708 597 521 31 239 526 322 180
3
829 598 356
5
625 276 485 558 146
7
239 176 268 49 795 304 205
5
595 357 564 22 853
6
935 602 592 709 735 857
10
783 722 569 665 226 868 739 739 108 48
2
424 624
3
500 394 3
4
821 715 375 523
3
312 662 881
7
727 655 639 657 973 49 524
1
344
2
732 444
8
177 288 292 348 941 887 920 734
4
970 177 716 950
4
265 684 97 815
10
844 606 284 73 627 717 267 179 281 852
3
444 574 24
1
98
6
695 635 265 532 526 808
10
278 40 915 716 157 499 311 934 913 401
10
733 566 148 931 228 665 549 114 250 450
8
15 161 44 671 966 111 920 306
3
437 82 787
3
100 707 688
6
237 500 635 330 382 293
3
293 830 522
4
261 400 691 232
5
933 691 990 907 52
2
958 404
5
625 175 680 72 884
9
418 198 459 326 742 924 711 585 687
1
157
7
57 928 742 584 689 578 161
2
405 155
10
140 683 413 33 620 77 650 450 235 793
8
514 167 545 41 830 417 147 713
1
974
2
7 786
8
397 396 45 147 405 7 136 966
3
148 362 598
1
176
1
602
2
904 51
5
659 832 134 11 592
5
174 153 216 859 452
9
827 300 756 604 608 280 711 362 483
5
686 822 946 865 948
7
614 326 434 775 995 192 743
2
267 74
6
292 610 41 68 339 685
6
794 660 467 204 388 676
7
868 902 794 875 956 783 813
7
657 540 114 204 678 717 75
1
504
3
104 157 569
8
388 12 13 323 98 109 740 888
4
465 549 18 504
2
739 138
4
95 555 451 248
5
828 106 905 705 6
3
175 269 359
6
510 603 579 776 136 889
3
412 692 700
9
206 714 187 227 256 523 423 445 865
8
454 55 277 644 51 901 74 428
7
582 14 349 718 725 299 491
3
350 181 116
7
420 355 993 194 471 170 306
7
110 762 362 573 904 281 190
5
40 610 940 962 200
6
358 612 87 368 879 50
3
765 918 581
1
5
8
535 295 219 346 475 167 44 245
2
274 395
8
365 260 509 333 693 571 131 843
8
617 18 736 74 36 666 463 688
7
917 326 136 347 178 983 958
5
368 988 438 376 959
4
944 246 318 792
6
693 412 367 665 228 721
8
378 56 873 23 175 960 656 370
8
148 467 633 999 330 321 560 82
9
59 962 494 85 33 767 569 473 702
10
752 231 775 872 119 842 462 922 745 22
4
916 687 495 480
5
709 310 452 117 788
10
188 136 285 355 983 317 642 489 396 509
5
524 669 197 180 263
9
764 808 996 29 200 714 953 558 573
9
654 368 608 943 420 310 836 200 831
8
895 59 368 512 595 341 124 213
3
482 855 456
5
385 186 59 835 445
1
895
8
348 108 312 884 29 631 356 636
8
1000 183 714 701 507 499 144 326
5
181 401 269 224 563
8
380 734 148 314 566 155 74 692
1
653
4
288 304 313 502
7
780 37 459 233 816 896 632
3
406 296 315
10
836 47 400 341 685 58 76 260 997 482
10
310 525 157 512 627 794 321 390 848 979
8
897 216 450 633 461 174 75 61
8
897 939 97 302 694 43 7 883
7
603 122 733 508 660 106 544
7
465 955 296 662 526 188 310
5
90 649 52 825 608
10
609 130 804 310 202 618 331 326 89 548
10
497 384 601 504 722 908 187 285 131 538
10
561 91 836 583 75 152 268 573 504 795
10
75 524 161 352 637 36 313 100 476 417
8
421 272 570 483 867 620 884 203
5
564 610 616 903 77
6
528 141 989 54 453 898
1
343
3
127 641 446
8
68 960 354 466 41 410 706 323
5
513 651 424 428 931
6
838 747 443 259 597 677
6
470 899 368 114 135 987
7
623 653 841 617 723 863 652
1
613
5
29 863 543 22 27
7
130 426 301 897 447 640 533
9
147 708 695 948 885 329 445 4 865
3
362 829 781
6
860 156 317 170 138 328
10
591 476 544 376 806 778 456 173 907 285
5
490 614 802 769 656
9
704 160 303 826 532 123 352 743 916
9
927 583 691 982 188 885 670 673 994
7
948 993 360 476 52 633 396
2
273 627
3
814 65 680
7
405 595 926 99 488 141 416
10
479 117 523 891 260 589 913 165 354 652
8
266 826 189 359 1000 477 818 354
7
64 834 830 442 940 552 409
7
124 959 955 140 671 433 741
10
928 440 287 831 846 227 193 667 673 733
9
116 941 621 13 51 277 27 236 913
6
179 587 954 331 787 171
9
988 640 824 390 348 25 952 529 980
9
168 515 843 867 462 901 616 445 598
2
890 621
9
12 269 881 278 524 226 628 459 776
8
188 40 704 263 263 560 183 224
4
451 649 231 372
3
483 164 607
3
228 112 205
9
368 341 660 141 761 326 143 825 710
9
396 613 187 859 357 257 17 831 861
1
844
5
668 532 284 575 903
3
696 493 647
10
728 554 851 886 373 552 402 829 551 958
6
405 332 214 772 422 147
9
646 665 386 559 340 686 837 635 794
1
494
4
696 258 88 837
7
502 670 878 71 505 608 158
2
670 461
4
992 643 447 595
8
665 573 304 856 426 375 762 328
4
647 327 636 901
3
506 983 795
1
496
8
237 702 234 648 297 823 751 987
9
394 360 172 774 967 307 997 380 278
4
898 892 345 660
3
324 944 719
10
120 231 805 745 487 799 507 67 536 365
1
76
5
911 868 537 950 116
1
560
6
714 859 459 337 627 276
9
920 10 301 656 47 570 106 282 276
10
823 745 766 400 895 915 854 5 867 36
10
797 778 933 426 310 845 414 728 240 927
3
66 451 57
3
429 737 936
1
823
3
642 714 276
6
606 922 543 523 190 927
9
395 88 811 164 797 522 717 753 297
9
335 499 616 304 42 186 610 706 653
8
156 527 265 950 520 118 868 557
1
844
5
605 637 116 172 847
2
930 581
4
319 881 178 446
7
824 27 796 937 487 24 920
8
331 906 116 424 673 233 99 229
10
276 483 813 322 9 457 593 632 661 410
6
805 406 598 380 472 990
9
145 607 849 539 650 598 568 131 20
9
469 956 253 19 537 699 767 785 663
7
696 665 496 445 782 414 706
10
37 810 487 923 77 406 330 798 423 873
3
934 663 722
10
241 97 372 237 380 591 160 608 974 698
6
516 1000 987 205 396 586
2
33 864
7
802 986 227 4 660 240 389
10
193 140 812 731 384 436 459 564 20 514
7
846 120 357 652 916 885 300
4
185 241 893 318
5
900 651 839 57 369
10
601 122 125 633 105 395 909 417 862 427
2
136 644
3
313 469 788
5
799 601 423 632 353
6
199 866 632 986 699 338
8
29 801 527 240 775 847 743 325
6
85 792 749 803 92 208
1
29
7
926 35 475 140 358 305 640
2
932 282
6
395 834 502 985 804 873
6
99 696 90 421 700 132
10
925 970 407 826 601 559 181 790 264 17
1
775
8
402 612 264 504 545 231 396 201
9
333 419 530 773 836 113 3 178 351
7
73 298 625 891 314 265 751
9
819 962 638 503 764 355 292 263 233
9
971 235 796 530 740 787 664 415 142
7
874 6 739 852 944 900 733
3
404 58 553
10
42 690 219 710 119 520 138 338 151 666
9
569 79 542 268 306 966 471 463 31
10
891 934 732 76 403 405 203 367 443 668
8
195 284 666 55 74 670 967 487
6
573 16 314 58 35 441
8
512 19 709 39 433 157 62 863
9
66 967 797 108 463 662 301 595 665
1
410
8
576 70 19 87 33 161 779 560
2
838 942
10
991 972 97 833 821 208 79 245 155 741
7
619 695 816 726 221 322 493
2
476 818
10
260 711 207 747 703 852 705 123 987 958
8
973 565 559 591 174 58 263 871
8
594 763 81 131 519 425 601 114
6
924 25 516 519 451 329
3
146 826 473
10
370 652 162 891 755 377 979 319 766 538
3
898 972 822
8
605 624 295 296 106 269 630 619
4
625 298 761 789
3
636 715 569
6
792 604 236 108 765 417
5
702 792 842 884 315
6
886 994 739 331 472 558
3
235 83 645
1
380
9
142 587 498 278 644 511 447 290 850
6
531 34 111 162 133 798
6
527 768 962 290 820 247
1
25
6
177 848 443 316 680 476
10
607 340 140 360 386 531 749 930 495 672
10
731 279 423 828 352 255 368 820 858 609
3
791 566 678
9
688 141 452 728 806 732 600 683 451
8
735 298 872 743 209 292 687 261
2
531 49
2
945 442
9
196 871 674 804 648 489 901 792 902
6
952 376 666 159 971 176
8
870 112 371 502 145 445 335 687
8
894 613 39 557 595 566 596 50
8
751 834 50 639 29 43 897 156
5
910 139 473 234 38
6
230 69 923 703 922 164
5
814 924 923 551 312
6
156 628 753 118 721 473
6
402 790 689 699 471 946
1
315
3
767 44 101
2
441 496
2
397 50
5
136 594 519 320 979
3
568 897 1
3
699 544 819
3
391 87 400
9
696 234 726 78 579 763 737 460 935
3
833 998 829
8
568 853 192 460 175 740 674 753
3
817 193 645
10
958 857 448 767 266 224 718 828 586 593
1
863
5
158 530 333 646 126
6
711 233 800 734 533 325
9
383 361 369 765 433 954 785 274 111
2
845 662
10
838 710 753 529 21 70 690 953 741 952
10
446 732 2 355 418 495 361 581 633 118
8
241 386 576 141 359 370 595 797
4
638 481 382 593
4
503 823 348 890
3
123 34 728
10
844 266 472 400 318 354 451 292 561 910
3
844 459 925
8
452 517 623 896 504 873 894 731
6
948 220 862 669 737 21
8
872 298 275 319 849 389 678 901
1
148
6
687 673 449 191 855 172
10
920 614 506 978 344 674 727 739 135 745
3
704 567 391
10
790 173 681 414 735 854 631 562 313 474
4
869 360 921 639
1
523
6
191 89 234 245 120 980
9
348 175 307 290 462 452 29 878 598
6
806 403 590 836 955 691
1
31
9
762 972 668 397 60 319 342 981 470
8
184 425 727 547 197 90 137 705
2
596 519
3
427 261 685
6
97 145 612 129 575 339
10
690 464 133 187 492 368 935 888 830 670
6
405 79 637 873 391 484
4
240 849 273 947
7
971 605 922 440 44 441 534
1
351
3
288 881 836
9
852 310 662 905 733 78 840 105 442
6
626 603 309 746 56 71
2
393 67
6
570 111 666 968 734 527
7
690 876 751 426 651 358 25
10
953 72 629 797 177 243 428 690 64 605
1
537
10
687 252 864 790 271 605 609 911 596 410
7
739 867 547 542 772 173 80
7
366 349 427 194 46 121 426
2
890 382
4
458 877 365 714
7
934 141 205 627 224 191 800
1
211
3
930 90 810
6
611 815 111 417 727 447
6
30 1000 222 746 9 796
4
595 705 828 327
1
943
10
718 70 182 154 225 919 188 319 230 267
5
286 141 302 286 226
4
66 956 197 33
7
843 511 899 628 636 465 880
5
995 485 130 746 381
1
515
2
849 859
9
530 894 736 764 403 383 936 215 796
1
446
6
113 464 114 144 771 478
4
243 157 549 508
2
388 494
8
534 641 204 950 571 171 295 827
7
772 929 794 188 887 529 962
1
603
10
863 351 667 362 521 333 917 936 179 896
3
879 243 750
5
350 242 871 934 704
9
48 959 643 284 72 800 202 797 85
10
355 192 937 621 126 968 226 1000 17 142
9
198 62 466 290 987 784 447 793 542
9
477 708 900 614 840 420 344 398 225
2
973 565
7
239 664 814 300 728 722 197
9
669 274 16 933 585 156 322 41 984
8
537 478 663 988 203 892 114 530
4
301 273 698 947
2
728 623
1
198
5
72 651 587 966 640
3
719 874 970
5
285 5 94 390 833
2
769 571
4
112 253 323 248
1
547
6
404 80 426 673 639 319
5
693 108 657 262 413
10
683 943 917 138 576 52 488 522 353 83
3
426 72 484
4
62 917 994 159
8
135 993 354 131 767 724 369 246
3
952 427 273
5
691 623 533 279 194
6
631 42 946 916 985 772
5
722 311 963 533 419
8
766 211 614 404 677 760 892 789
8
771 968 644 81 543 951 93 309
8
747 879 101 226 270 865 260 520
10
480 837 421 686 409 966 414 922 518 821
3
175 227 857
7
165 348 721 932 485 49 341
2
383 641
2
536 424
5
310 658 922 933 920
8
429 875 466 100 312 776 741 386
10
622 554 328 624 647 817 226 61 742 707
1
323
10
532 464 715 302 70 971 955 40 741 726
6
295 251 119 432 992 866
3
312 45 658
4
424 144 454 601
3
853 96 999
5
636 478 295 435 17
10
569 546 603 291 326 212 641 73 91 212
6
870 304 135 44 284 753
2
259 414
10
408 406 383 955 212 427 802 265 903 637
1
84
3
651 446 224
5
530 487 819 632 440
4
533 743 397 102
2
254 224
8
515 509 864 975 793 541 449 744
1
83
2
731 79
8
722 786 748 141 319 168 446 379
10
195 43 71 507 614 42 597 763 199 996
6
530 488 365 378 551 166
6
231 480 459 713 416 618
8
196 277 804 482 566 333 41 923
7
494 504 824 597 113 128 77
1
718
9
401 806 140 231 866 905 594 94 543
8
871 439 17 749 383 33 12 636
8
86 131 210 318 386 300 63 719
7
790 108 504 624 517 193 285
5
128 126 762 929 36
3
444 491 277
9
722 943 419 580 793 400 961 554 73
4
525 812 783 283
8
476 77 61 865 973 862 351 689
7
82 36 36 124 320 180 842
2
501 930
1
899
5
626 155 695 78 844
4
759 374 104 523
2
13 985
5
787 780 85 196 19
3
287 986 940
4
918 780 911 45
9
568 123 97 406 36 637 317 778 153
3
155 191 985
4
267 964 625 167
9
886 191 945 49 881 398 296 146 373
7
258 910 893 153 804 963 750
1
460
3
450 235 23
9
943 752 94 714 954 798 849 275 271
1
989
2
210 682
1
671
10
928 418 187 894 97 475 325 974 423 64
5
561 663 790 208 991
10
784 260 809 620 598 737 696 278 811 219
10
661 404 704 559 260 902 15 294 839 13
8
190 243 271 804 684 924 42 558
10
75 783 261 747 110 803 209 660 784 253
9
532 63 257 53 892 617 343 988 43
5
450 41 390 859 796
5
202 166 231 138 441
8
225 235 874 610 402 574 473 397
7
903 260 693 912 303 910 272
6
74 840 867 671 553 73
1
187
4
206 87 736 515
2
503 477
10
39 429 613 386 372 764 785 364 905 391
2
170 718
10
986 8 30 131 125 268 262 446 637 429
10
879 731 340 125 634 423 510 855 291 659
1
172
8
580 285 593 937 406 347 209 257
6
771 913 490 850 352 553
1
216
1
131
2
188 898
5
438 291 214 168 567
1
6
5
762 646 85 639 835
9
729 882 346 823 768 405 371 287 162
10
418 550 708 750 302 324 147 956 871 518
8
449 954 724 446 6 910 201 658
8
79 819 222 464 385 486 815 191
9
234 819 172 97 868 382 325 42 743
4
472 487 3 11
4
363 980 888 995
2
296 670
10
238 879 562 315 362 163 159 671 946 790
7
563 398 381 943 854 116 723
1
339
3
693 770 206
4
813 446 837 854
3
822 73 493
9
711 771 764 916 911 727 296 211 768
7
302 499 41 384 806 165 51
10
108 244 410 680 515 666 676 100 92 851
2
178 445
5
390 717 241 832 512
10
675 431 53 677 40 793 318 28 14 678
1
397
8
89 918 503 143 468 635 758 580
4
543 165 184 485
2
369 691
2
492 33
9
545 706 362 946 264 466 927 305 21
6
252 39 977 469 115 27
4
764 638 264 696
9
163 720 636 652 57 604 390 349 5
6
1000 939 440 656 201 107
5
379 907 204 898 456
1
417
2
18 165
5
554 784 474 982 898
3
260 62 396
7
370 172 520 126 817 304 407
7
422 228 369 819 149 939 507
5
798 997 683 699 863
4
817 492 991 425
3
913 42 869
4
791 560 971 587
7
352 252 477 765 426 423 982
1
614
1
395
8
748 113 303 40 5 174 215 936
10
612 999 531 19 728 837 947 800 767 462
2
303 657
4
635 618 48 914
1
320
5
937 832 394 447 529
7
275 434 455 943 29 516 823
9
628 964 409 172 220 938 69 644 474
10
729 320 556 46 723 21 501 392 180 25
10
404 764 381 768 85 548 807 831 417 428
5
959 164 295 909 355
1
347
7
701 839 602 913 352 540 723
9
953 79 115 670 543 240 328 610 323
7
679 825 688 248 813 104 371
5
320 516 920 241 353
3
383 167 73
4
532 402 731 850
7
322 246 434 918 550 255 637
1
494
1
558
5
952 606 488 310 590
8
47 901 955 817 103 505 479 815
7
592 703 237 530 496 318 747
6
332 870 467 262 790 545
8
254 222 157 696 838 569 352 13
9
573 978 47 487 102 996 704 184 281
4
214 266 310 416
9
697 681 561 84 906 282 708 799 531
4
412 124 665 946
4
376 463 975 342
4
552 447 23 901
6
220 55 210 560 734 545
8
989 544 34 717 287 403 867 29
3
855 398 993
7
611 469 829 423 609 981 43
7
816 338 27 743 69 254 984
4
630 79 864 139
7
937 772 205 81 786 241 589
1
131
10
482 400 912 902 513 890 332 911 821 644
1
518
9
451 806 636 915 269 296 868 171 657
5
398 222 261 105 924
7
350 770 117 657 21 670 136
7
460 248 944 946 477 452 294
8
700 881 803 785 323 768 692 174
7
555 220 370 484 690 717 748
9
537 429 420 345 15 717 224 729 454
10
272 468 138 587 991 54 490 917 545 573
9
383 835 161 609 859 724 380 655 866
9
623 423 450 161 267 944 242 923 754
1
397
4
487 773 931 224
1
268
1
905
7
526 428 399 28 243 439 219
4
106 994 575 726
7
693 815 161 478 701 533 264
10
875 729 128 197 726 992 766 398 599 747
4
558 775 105 658
6
266 689 901 710 739 495
10
948 659 953 14 68 240 263 303 559 650
8
948 969 291 530 205 3 784 237
7
879 715 20 45 600 947 477
2
858 118
4
88 225 148 981
3
456 521 909
6
524 762 389 633 512 96
7
732 432 613 379 188 660 584
8
989 455 136 807 718 793 69 563
6
979 479 81 119 604 134
9
771 408 65 464 659 272 726 970 585
6
152 299 5 927 347 677
10
546 280 747 577 245 345 113 852 928 955
5
334 943 704 375 836
1
780
2
475 565
6
484 280 723 906 856 518
3
155 392 959
3
911 175 900
2
659 489
10
846 250 225 690 747 127 833 701 192 292
8
643 584 557 905 279 124 37 603
6
565 721 87 42 926 864
7
526 509 663 385 501 242 904
4
743 855 60 337
10
362 443 858 123 315 314 799 170 785 132
2
888 285
2
682 127
10
517 745 496 414 845 476 643 430 157 975
9
400 683 487 974 475 527 939 80 606
4
963 595 528 226
7
444 514 766 595 373 503 914
1
370
8
616 594 360 444 554 460 514 755
5
619 333 621 270 407
5
216 357 997 710 244
10
737 362 199 373 716 229 851 375 604 470
3
441 581 216
8
835 16 484 289 611 314 680 495
3
44 479 384
4
932 115 55 251
2
261 353
9
485 725 505 684 721 529 815 729 201
1
490
3
727 719 614
3
197 661 883
5
746 222 515 195 383
5
426 772 172 672 391
7
88 125 874 968 33 766 911
4
74 528 914 389
5
465 627 951 742 463
2
352 907
10
410 448 474 263 87 616 631 369 265 826
4
739 345 667 309
9
367 971 828 590 590 611 642 953 599
8
213 838 82 870 628 722 241 98
5
917 909 613 364 5
6
412 299 333 595 750 805
1
286
5
356 845 102 528 756
3
521 99 561
4
303 803 220 77
9
416 685 962 81 67 462 304 560 863
2
464 791
3
299 468 495
9
89 437 994 538 322 444 680 646 392
9
201 89 169 870 759 490 918 768 898
4
189 288 517 564
2
394 741
2
266 199
6
480 519 684 465 904 462
5
769 622 782 422 625
9
104 53 824 613 308 646 304 852 571
8
658 452 233 501 174 714 860 913
4
229 288 536 65
5
435 712 314 391 683
1
759
6
26 582 772 558 959 504
6
571 422 46 766 206 270
1
814
1
194
5
670 733 453 376 623
8
527 532 313 191 17 872 843 954
5
68 571 48 847 932
3
767 54 570
1
718
5
505 862 781 228 672
1
659
4
207 713 903 36
4
83 236 384 780
10
231 590 831 451 989 337 323 675 54 438
7
163 144 604 186 731 99 507
10
337 286 504 628 507 618 979 565 535 601
8
459 771 242 76 365 222 888 300
10
198 593 624 255 913 929 628 271 794 661
7
444 749 133 523 553 630 283
2
201 275
9
491 765 936 630 173 486 811 508 935
9
325 289 104 653 592 201 907 5 287
6
795 527 426 298 496 406
2
961 55
7
763 768 178 215 574 518 179
6
953 775 955 532 58 278
10
487 884 44 864 462 244 160 490 849 75
6
768 111 54 527 962 624
8
576 322 841 143 78 185 636 609
4
302 945 345 883
10
636 746 860 784 896 599 910 334 933 792
2
673 523
9
42 122 319 771 664 42 492 272 310
3
16 664 285
3
632 570 771
10
17 219 986 432 670 636 526 598 126 487
1
36
1
101
9
734 409 646 129 894 148 795 318 642
4
977 287 700 642
9
544 83 376 348 891 729 95 358 716
10
590 856 71 825 857 3 177 971 173 170
6
493 979 850 740 579 898
10
146 646 215 912 21 278 714 101 813 96
1
459
3
444 333 678
10
747 532 941 230 392 512 559 79 828 623
5
612 77 440 26 134
5
630 310 836 448 787
8
150 691 556 969 94 320 538 431
6
242 851 958 139 635 806
1
776
5
36 858 943 120 679
3
759 926 951
5
62 79 283 471 539
2
909 765
