27
1
923
3
210 892 286
8
391 140 859 46 178 484 448 792
10
286 632 378 748 73 229 865 374 947 173
7
667 722 257 316 52 855 732
6
252 131 319 695 271 275
6
770 432 733 549 978 634
6
824 608 903 499 520 413
5
334 102 651 87 528
8
885 104 981 292 124 920 274 238
4
576 47 834 748
2
563 889
8
591 27 403 349 332 365 642 689
8
329 317 265 33 745 654 241 39
1
460
3
83 726 936
2
271 254
4
970 627 953 565
6
405 218 537 146 660 762
4
952 586 66 773
2
819 602
4
255 443 447 210
2
766 1
5
557 147 506 591 316
5
421 973 841 670 869
2
416 388
1
486
