2343 32
3229 1
5404 2
1023 1
2062 1
2965 8
4420 1
2574 16
5243 1
2258 64
6094 1
6528 1
4115 4
4670 1
6765 16
2174 1
3231 1
3710 1
1782 8
1629 16
3421 1
5246 2
2872 16
1023 1
2444 32
4346 2
2210 16
3681 8
2046 1
4684 1
2054 1
5915 1
3932 4
5427 16
511 1
255 1
3409 1
2622 1
7741 2
2174 1
1618 32
2086 1
602 16
2185 32
2051 1
4238 1
127 1
5989 1
2967 8
6156 1
5527 1
2079 1
2438 1
2915 8
4295 32
5281 4
2062 1
2529 16
3281 16
3288 1
4649 8
5831 8
5437 2
1023 1
3093 1
1023 1
4732 1
4173 1
4217 2
2969 8
5827 1
3317 1
5380 1
6406 2
3122 1
5203 4
4851 4
6313 1
3583 1
3883 32
608 1
1815 64
5575 4
4357 16
3896 4
3342 32
2446 1
5908 2
4010 8
2082 1
3495 1
6809 2
2095 1
5787 1
5581 4
3345 1
1023 1
6005 16
6993 16
2050 1
4098 1
5403 1
4178 8
4418 1
7038 1
2732 16
5677 1
2206 1
2293 8
5764 8
6555 1
1322 32
3746 32
3790 8
4246 1
4674 32
650 32
5655 1
6809 1
1023 1
2065 1
2419 8
3040 16
5631 1
4924 1
4568 1
3322 8
4056 4
255 1
2813 2
4465 1
5419 2
5607 32
2957 8
1146 16
1023 1
3333 1
5024 1
4162 1
5009 4
1023 1
4206 1
3231 128
4265 8
2255 64
2310 1
5496 1
3805 32
5866 4
4634 1
3070 1
5379 2
2211 1
4361 1
5252 1
1023 1
5815 16
3528 16
255 1
70 8
1048 128
2047 1
4299 2
2469 1
4878 2
1076 64
1023 1
1108 64
2240 1
511 1
4740 64
5883 1
2954 1
2304 1
2098 1
1535 1
4470 2
1023 1
5697 64
4357 128
5489 8
5598 8
6097 1
3774 1
1023 1
5106 4
4569 8
2158 128
2078 1
2608 1
1866 16
6106 2
6763 1
1322 32
5993 4
2303 1
3738 8
4510 1
3134 1
2492 8
4213 1
5322 4
3880 8
1252 32
3665 1
2762 1
3057 4
6449 1
6306 16
2304 1
3390 1
1027 1
7296 8
6216 16
1060 128
4903 1
3585 8
2849 32
2370 128
6329 2
2491 8
2867 8
4616 1
3865 1
2823 32
3670 16
3147 1
4784 16
2507 1
3640 1
3205 1
5696 1
5351 1
4727 1
558 16
6418 16
4619 1
6189 1
6477 1
2862 8
4732 1
1869 1
3361 8
1023 1
7168 2
5362 4
3599 1
2696 1
2046 1
2787 8
4158 1
3646 1
2366 16
605 16
2469 8
3898 1
5595 4
2304 1
4397 64
6951 2
1196 32
4172 1
3143 1
3259 4
4346 4
5446 16
1023 1
4103 1
6813 4
1317 64
3649 128
3109 1
1757 8
5195 2
5812 1
5640 1
5972 8
769 128
4101 1
3173 1
1023 1
2402 1
3910 32
1296 128
4116 1
3481 1
3427 32
1689 32
4604 1
5503 1
2623 8
5669 8
2046 1
2068 128
5007 1
4691 16
2754 8
6216 8
1023 1
2542 16
3812 4
1568 128
127 1
4094 1
1023 1
3330 1
3919 4
6057 2
5957 1
5227 1
4852 1
4946 4
990 2
5000 8
4500 32
5822 1
2574 1
5498 8
1608 64
6213 1
4913 8
6388 1
5320 32
3432 1
5769 1
255 1
2992 16
2961 16
5176 1
511 1
2864 8
6383 1
3663 32
4744 4
3217 1
4638 1
5652 2
6932 2
5426 8
2623 1
1023 1
2434 1
5644 8
4779 4
3549 1
3081 1
4248 32
2112 1
255 1
5327 1
2151 64
5835 1
4252 1
6315 1
3859 4
5196 1
2690 1
2179 1
2186 1
1762 16
3081 1
2564 16
1873 32
5307 1
6231 8
3458 4
2060 128
1318 32
2047 1
2623 8
1023 1
2955 16
3207 1
4072 4
3213 1
511 1
5603 2
6431 1
6123 1
2142 1
5720 1
4263 16
63 1
3596 2
1023 1
2681 8
4783 8
4245 1
1023 1
2260 1
1023 1
6324 8
6123 2
3813 1
5576 8
3137 1
6595 1
1062 1
2206 1
2482 1
2078 1
2375 1
4236 1
6305 1
5223 4
1023 1
1782 4
2047 1
5934 16
3165 128
5793 1
3486 1
5776 1
706 32
127 1
2067 1
4011 4
5534 32
2121 1
2062 1
1023 1
5079 4
2344 32
1023 1
1412 1
3482 1
4498 32
3389 16
3128 1
5456 1
4268 1
1145 32
551 128
2302 1
3814 16
5760 8
2063 1
1023 1
2174 1
4706 1
2142 1
5571 8
3859 1
5486 1
2618 32
2366 1
5248 8
6419 2
255 1
4648 1
4883 8
7042 4
1302 32
2063 1
7064 4
6341 8
5564 1
720 32
5632 1
255 1
4668 4
2078 1
7 1
1284 128
4908 1
6093 1
453 16
2113 1
4814 16
4974 16
4194 16
1808 64
3776 16
2728 32
4353 1
255 1
2749 4
2370 1
4554 1
4908 8
1023 1
1992 16
6445 1
3853 1
3987 8
5894 1
1513 4
4132 1
1248 64
6418 1
5368 4
6945 4
3101 1
3334 1
511 1
4100 1
5667 1
1391 16
2686 1
4995 4
5770 4
5377 1
2442 64
761 8
2880 64
5889 2
4439 1
4713 16
1023 1
2467 32
4242 1
7123 1
3877 1
2856 32
5675 1
255 1
511 1
5027 2
6067 1
1022 1
1403 16
6110 1
255 1
5291 1
5507 4
3345 1
528 1
2830 1
5588 1
3586 1
2047 1
2636 32
1023 1
4771 2
3156 8
5782 16
5733 2
5751 8
2466 16
5635 1
5152 1
6224 1
5413 1
127 1
2506 16
1625 32
3487 1
1957 16
2446 1
4308 1
2472 1
2656 64
4476 1
5461 1
7116 1
6624 2
2071 1
3683 16
6657 1
4173 1
5435 1
2912 32
4574 1
1070 1
4316 1
6717 1
7015 8
2430 1
4611 4
1883 16
3405 64
2334 1
1766 8
3175 8
4647 4
3031 8
4337 4
2583 1
5701 1
5375 1
6658 2
4190 1
4031 8
1356 32
4594 4
1207 64
6398 2
1023 1
1104 128
2062 1
1023 1
5965 1
5977 4
2048 1
4914 16
4005 16
5952 8
3488 32
6636 4
4812 16
6022 16
5919 1
1139 64
4005 1
1416 64
2207 1
1877 16
3049 4
4942 1
5155 1
5961 16
4686 1
3480 1
5029 1
511 1
4400 4
5151 1
3714 8
15 1
5931 1
255 1
5567 4
6385 2
5588 8
2048 1
6392 4
255 1
4577 2
4112 1
5267 8
3081 128
1170 1
6404 1
2142 1
4279 4
4943 32
1775 32
4404 1
6329 1
2066 1
1023 1
4666 16
4664 1
4617 1
1513 16
3489 8
1819 32
2118 1
6214 8
2094 1
3988 1
4252 1
3523 1
5323 1
4890 4
1548 64
1023 1
2344 64
1023 1
5325 2
1429 8
4293 1
4354 8
6397 1
3653 1
4005 4
1023 1
5778 16
2237 8
2336 1
5625 4
6289 1
3607 8
2749 4
3334 1
5598 1
3120 1
2674 32
1023 1
4187 4
3673 1
2761 16
2054 1
3427 1
6419 16
1023 1
3521 1
255 1
2430 1
5760 4
3340 8
3343 1
2526 1
4445 4
5667 1
1023 1
2096 1
4260 1
3448 8
277 32
3598 1
6144 2
3477 1
2983 16
4317 8
6590 1
5310 1
1113 64
4564 1
511 1
4256 128
5159 1
2827 32
1946 8
1738 16
2365 8
6410 1
2642 32
7518 4
7017 8
1023 1
5461 16
6233 8
2057 1
5625 4
2627 64
1023 1
238 2
2610 32
1315 128
4726 1
5431 32
3610 32
2373 1
3089 1
5839 16
5435 2
1038 64
6437 4
2047 1
3222 1
2651 16
4702 64
4259 8
6349 2
6717 1
4201 8
5918 1
6894 4
5546 4
2066 1
3600 1
5733 2
2306 1
5411 1
127 1
4779 8
1023 1
3012 16
4805 32
6225 2
1789 4
5959 8
5412 1
511 1
3839 8
3438 16
5877 4
2065 1
1023 1
3139 1
4621 1
4678 1
4128 4
3229 1
3551 32
1213 16
4636 1
4222 2
1605 1
3945 8
5437 1
6078 8
4729 8
730 8
6308 16
6682 2
