787
4
838 245 840 82
5
826 257 517 734 325
8
972 198 605 508 78 666 216 489
1
840
3
321 802 205
4
655 638 888 14
7
328 595 81 192 967 797 630
4
177 803 498 936
9
59 306 260 436 717 780 243 603 615
4
340 115 929 578
9
802 188 762 12 581 105 670 33 512
10
150 66 266 535 541 379 154 959 210 570
6
112 392 431 498 805 681
7
177 573 123 912 774 53 568
10
655 342 352 155 364 838 489 737 305 444
3
774 625 334
5
992 905 367 757 184
5
955 645 828 483 721
6
358 222 82 368 149 265
2
911 558
5
816 496 494 855 745
8
536 758 456 69 896 548 704 123
4
822 445 201 376
1
531
4
187 530 589 362
6
79 274 88 368 519 624
4
662 814 500 214
6
821 871 764 33 757 415
3
905 950 102
7
257 465 531 380 222 22 974
3
108 667 360
9
30 560 746 473 444 46 975 85 185
6
784 779 384 932 297 54
10
343 653 471 263 455 763 577 822 188 812
1
298
1
151
5
622 431 66 710 211
3
808 661 826
10
896 928 651 669 806 409 803 345 923 687
3
402 737 141
2
882 734
3
491 572 362
2
194 358
4
205 344 719 785
3
736 986 280
7
685 474 682 274 467 75 1000
1
67
9
110 739 73 199 311 880 202 838 356
4
766 674 245 240
9
411 682 166 373 738 312 150 153 532
9
960 701 894 154 1 112 587 31 824
3
209 535 329
3
940 457 959
4
197 450 624 34
8
49 273 907 438 73 712 740 955
8
425 146 762 332 422 803 459 858
3
522 995 133
4
214 718 273 746
6
791 638 966 74 466 198
5
475 593 849 712 89
6
915 646 536 189 687 844
8
355 856 860 901 975 288 541 667
8
690 608 155 918 2 49 761 940
1
513
5
586 272 245 918 887
1
689
7
361 24 534 613 90 229 666
7
955 46 83 401 644 637 447
6
716 420 191 278 654 194
4
812 587 839 443
9
520 731 909 836 345 563 400 99 602
5
491 461 84 718 905
7
289 242 110 839 139 147 186
10
859 191 946 662 819 369 806 284 579 467
5
698 430 380 876 719
8
318 157 194 950 951 739 679 943
8
536 587 773 161 945 94 225 14
9
89 831 180 397 478 278 826 774 443
5
700 340 179 361 200
6
563 755 147 205 580 9
3
117 233 240
2
528 759
8
662 935 745 175 750 370 929 801
8
399 636 244 112 795 802 435 532
6
616 576 922 195 225 220
6
758 58 319 721 341 889
3
715 676 236
8
905 478 923 875 755 874 888 186
6
932 24 936 430 255 151
3
944 826 225
5
128 754 288 678 766
10
213 599 963 325 826 603 979 883 276 646
3
564 378 498
9
905 504 753 312 574 708 665 396 595
8
329 930 720 794 674 909 556 267
5
893 399 351 391 767
1
939
8
410 309 786 494 277 510 277 764
10
274 568 137 37 99 199 708 220 440 555
3
334 959 85
6
410 696 538 938 210 580
9
835 42 833 419 437 663 531 960 375
6
894 893 264 681 572 352
7
968 456 162 755 899 134 591
10
68 58 608 21 117 621 767 345 567 262
4
742 119 161 670
9
62 448 670 160 521 325 381 641 450
3
747 416 693
4
302 54 581 938
10
405 219 855 71 598 748 800 592 256 210
9
414 681 714 96 809 643 982 517 751
2
142 602
6
838 725 105 971 786 249
6
229 134 838 845 782 560
7
902 607 290 993 143 208 418
8
285 670 503 235 8 273 755 849
2
148 480
9
220 766 657 848 499 795 90 653 248
9
496 659 675 978 723 995 940 473 770
1
589
3
159 627 443
4
770 339 163 923
4
530 110 319 161
9
6 25 754 781 249 868 844 113 20
7
973 6 31 568 590 849 832
7
176 189 982 462 948 917 643
6
43 951 469 679 124 912
6
745 470 413 371 974 59
1
143
4
613 239 720 165
7
938 458 161 337 776 14 788
8
836 668 576 139 687 419 862 910
10
544 208 414 691 705 475 978 941 359 204
4
678 416 409 144
2
266 654
1
621
5
161 255 792 142 639
7
858 397 787 611 788 824 195
5
744 583 541 79 757
8
277 595 593 721 291 969 144 647
1
712
7
618 374 892 456 683 231 259
6
66 528 783 447 121 966
6
224 233 503 784 982 491
4
580 59 935 265
3
186 701 590
7
853 44 752 679 734 883 756
6
518 721 451 213 774 936
10
775 71 192 47 476 898 646 542 72 657
7
459 972 235 365 670 438 903
5
717 273 311 586 957
8
521 331 463 863 42 34 298 827
3
922 970 192
7
340 954 161 656 4 427 914
7
910 562 977 889 609 871 4
1
813
10
151 490 959 6 1000 705 281 149 118 852
6
496 747 61 940 197 571
1
183
2
55 15
2
688 342
3
221 913 547
6
944 244 166 823 241 165
3
303 871 319
6
419 209 508 945 379 338
2
571 497
1
829
2
30 948
3
862 618 339
1
367
8
102 959 835 760 305 294 972 497
9
172 687 519 635 817 340 72 755 918
3
691 659 704
3
941 976 357
3
944 883 187
5
58 387 214 444 71
6
842 379 903 835 557 338
1
767
10
251 889 899 832 762 361 166 438 550 541
6
196 952 846 955 771 637
8
828 325 417 968 478 976 986 437
8
990 639 664 481 817 28 810 781
9
482 447 882 559 109 282 186 360 777
5
579 89 365 239 276
1
991
8
415 133 100 232 954 871 196 633
8
204 559 862 715 251 423 860 183
4
742 37 488 859
3
885 747 420
3
554 807 998
2
977 869
10
70 829 857 493 752 899 745 340 518 295
9
784 15 383 482 291 201 218 197 460
2
246 546
8
830 620 551 279 998 866 424 847
3
745 151 61
6
176 544 975 100 122 739
7
768 921 264 389 61 190 834
5
188 822 194 779 44
4
178 519 182 829
7
152 882 714 1 602 467 508
8
639 872 61 595 310 304 775 982
6
792 207 448 759 725 865
2
14 788
5
263 812 172 110 403
3
574 797 526
4
325 240 947 485
9
804 416 69 60 309 105 219 868 328
8
861 928 838 667 426 839 825 594
3
574 199 539
5
53 318 780 530 864
3
501 277 79
10
449 82 715 369 413 234 97 281 33 395
10
902 137 184 839 755 114 511 637 32 33
2
365 695
7
10 443 598 758 454 6 79
6
40 935 978 407 148 853
4
459 14 976 310
4
405 856 964 9
8
856 992 629 606 879 840 739 490
4
995 746 296 412
4
387 823 389 916
7
533 314 108 27 522 176 939
5
800 238 259 273 451
4
571 526 227 979
6
552 797 576 442 244 913
5
419 954 525 442 587
8
13 156 955 75 333 760 353 791
3
960 994 498
5
466 678 570 690 885
5
320 634 253 813 538
9
9 975 147 689 513 597 180 332 604
9
850 367 771 130 312 963 201 584 8
7
378 690 488 920 202 110 120
2
26 458
10
577 108 620 97 19 700 245 729 992 239
7
267 277 417 604 169 90 761
9
659 97 241 710 670 694 845 914 451
9
657 644 309 149 183 830 556 718 672
4
21 524 773 944
7
925 225 890 800 369 494 382
5
381 497 240 287 458
4
722 552 617 904
1
728
10
369 81 207 293 721 76 85 939 377 336
8
917 119 239 986 43 234 160 576
5
929 336 741 630 901
3
651 718 958
3
372 217 519
4
326 259 660 68
7
617 308 771 861 146 641 172
5
913 575 545 421 734
4
806 133 167 956
2
196 357
4
926 122 281 874
5
478 458 149 668 508
8
872 210 530 968 926 334 645 936
3
56 149 713
6
152 47 710 47 329 488
10
692 717 347 972 604 652 532 928 869 462
2
932 246
7
410 92 838 713 287 146 817
5
361 611 475 649 371
4
61 94 568 230
6
342 574 393 380 251 100
8
361 654 480 578 444 254 161 398
1
560
7
586 684 26 64 494 956 944
8
961 840 437 845 770 905 768 967
2
891 418
6
402 295 655 590 216 339
5
812 329 543 464 218
2
784 561
8
395 831 625 394 104 690 438 428
9
527 16 465 272 632 436 426 154 515
7
106 781 267 246 277 318 332
10
956 569 917 298 608 335 373 738 265 353
2
414 355
7
199 945 630 301 287 485 526
5
936 703 41 334 689
1
829
3
979 840 451
6
223 277 40 899 694 97
2
222 560
7
64 986 953 577 676 396 297
5
287 940 313 630 350
6
751 912 142 388 294 744
2
905 748
7
938 5 722 983 469 488 959
9
990 161 805 273 169 48 32 748 638
4
400 293 775 515
8
178 255 742 541 240 477 984 202
3
275 234 812
4
451 48 825 732
7
332 127 546 601 89 749 125
8
967 520 185 247 804 889 413 534
4
541 457 683 973
10
110 798 678 960 914 80 484 175 915 952
1
954
4
890 808 451 121
6
47 659 843 92 910 845
2
676 890
1
84
7
2 382 910 787 697 893 227
1
708
5
18 45 791 237 735
6
442 644 26 563 120 568
10
27 718 703 911 141 402 367 417 780 23
9
206 600 877 201 68 794 593 17 255
9
639 621 747 477 892 152 328 930 39
7
660 433 986 721 278 655 801
8
573 857 359 205 479 541 439 401
2
298 266
8
629 161 134 971 996 428 403 46
8
234 947 985 626 67 778 107 220
9
502 766 746 502 179 561 232 941 102
3
649 937 838
8
415 364 121 665 695 287 447 328
2
712 894
9
737 565 281 403 969 717 526 832 593
6
804 634 379 877 976 979
9
289 31 662 293 151 4 267 740 407
8
205 356 170 113 50 925 887 294
5
111 762 471 701 107
9
905 40 386 779 543 343 149 249 91
1
165
4
173 162 806 27
4
620 946 258 847
7
146 255 437 404 822 825 405
1
370
4
675 211 823 619
9
496 288 997 241 117 451 969 28 166
6
929 339 960 953 276 42
6
37 192 749 177 12 301
5
374 696 309 860 71
7
572 94 769 704 723 181 9
10
162 429 587 736 990 552 328 574 444 128
10
867 219 702 46 860 599 626 928 627 168
8
569 876 216 67 753 964 906 967
3
512 910 830
1
714
3
305 768 843
10
843 770 188 390 852 887 943 41 155 63
8
999 166 997 756 26 161 827 191
5
944 487 563 396 442
5
756 35 485 535 844
8
977 509 259 681 703 69 986 60
3
476 352 733
1
184
9
805 79 481 864 149 634 922 329 610
4
232 777 999 79
9
126 990 203 344 299 433 846 893 805
6
630 511 670 460 766 701
9
909 12 587 572 648 247 823 151 542
6
355 611 530 772 938 165
9
874 7 162 53 309 957 343 995 736
3
738 753 923
3
455 941 255
3
20 838 295
2
565 809
5
509 738 56 395 539
4
229 886 111 570
2
982 891
8
144 477 849 749 914 151 798 949
10
604 517 154 58 224 768 826 319 290 275
6
180 451 177 968 808 672
4
740 336 538 418
2
431 887
3
921 743 365
4
779 830 440 60
1
750
4
594 40 777 766
5
196 222 989 772 597
6
752 825 842 773 245 359
5
342 562 919 577 100
1
410
8
681 752 610 64 618 856 12 156
10
817 353 525 500 819 57 972 45 956 991
9
267 908 940 496 381 549 956 664 743
3
338 80 973
9
452 665 943 459 411 234 822 903 43
6
838 270 495 15 499 802
1
55
6
665 382 666 173 714 282
1
547
4
374 928 715 614
8
676 739 15 279 47 584 877 222
7
376 329 831 157 780 591 171
1
518
7
179 83 421 465 470 219 275
1
679
10
593 49 303 721 500 297 476 245 386 658
10
875 69 373 431 534 997 791 660 613 456
5
52 621 380 353 205
10
276 944 567 594 364 567 214 166 919 131
5
146 728 917 376 19
9
370 290 670 944 378 263 441 126 88
3
293 50 245
3
511 945 224
3
97 555 554
3
844 31 195
3
809 797 447
7
662 160 998 961 226 565 281
9
138 790 973 116 568 133 84 109 27
8
728 428 332 649 950 62 161 243
1
641
2
625 889
3
851 167 873
10
698 874 133 287 833 577 37 469 86 304
6
820 102 934 307 245 709
9
202 548 584 510 308 804 578 780 672
5
666 479 949 321 385
9
632 798 867 185 866 230 731 182 894
2
362 86
1
81
3
56 728 978
6
529 368 469 274 399 664
8
167 142 217 873 128 611 109 663
3
849 245 993
3
412 626 31
1
822
8
90 915 412 933 336 724 586 933
4
775 182 696 419
1
825
3
447 486 462
5
224 879 516 4 54
6
196 481 242 429 659 403
6
683 473 764 827 495 139
5
396 798 598 63 470
9
425 155 73 842 22 578 494 654 622
7
904 244 824 857 99 105 572
2
280 669
2
212 259
3
617 182 711
6
284 91 892 134 8 931
10
52 840 745 428 973 991 515 123 627 426
3
674 806 332
1
710
3
591 304 858
7
302 325 641 205 661 440 30
3
10 257 919
10
790 2 785 491 114 428 684 963 707 471
5
63 203 675 399 71
9
616 643 519 350 3 798 85 389 331
4
726 828 395 605
3
881 474 492
8
842 753 105 512 423 939 745 813
10
501 256 801 45 546 524 484 70 431 801
1
190
7
262 87 873 201 143 220 958
8
879 311 735 89 452 379 976 806
10
687 826 232 74 535 289 693 563 662 809
2
79 679
3
194 908 612
10
851 354 20 593 49 786 263 387 336 73
10
482 437 928 370 323 753 900 951 959 62
9
99 284 149 809 217 539 436 670 659
2
28 306
7
286 21 82 163 9 352 632
1
198
6
975 768 837 771 442 755
3
706 275 413
1
6
2
730 32
7
812 623 499 507 372 881 822
9
343 933 509 186 840 464 169 474 597
2
173 148
3
997 85 329
8
887 93 747 182 356 818 743 972
8
957 386 280 215 303 333 674 578
6
426 523 959 543 727 888
2
730 564
6
945 540 908 179 788 90
4
886 396 748 694
7
850 747 870 116 974 60 325
1
150
4
354 385 524 80
3
411 826 769
7
198 313 740 500 416 871 957
8
460 422 186 216 783 634 776 363
1
949
2
526 568
10
695 693 231 977 225 132 703 256 496 317
5
144 125 723 62 491
6
93 330 614 335 3 916
9
711 510 845 806 475 997 295 959 272
4
3 5 355 174
7
398 887 640 848 57 150 449
2
11 789
10
456 466 528 371 695 521 729 726 451 731
8
3 302 502 565 954 873 840 905
10
537 531 684 630 400 732 598 395 729 417
5
327 732 422 999 37
5
521 879 184 739 31
1
389
7
433 458 40 89 560 861 964
9
38 415 887 758 763 780 253 792 533
4
333 44 282 26
3
951 684 706
8
183 810 895 486 896 195 840 616
10
574 842 239 246 415 805 24 594 630 375
7
397 68 343 941 505 289 56
4
462 885 426 669
2
204 457
4
525 567 762 386
8
520 171 124 75 373 396 180 552
7
723 802 643 171 134 473 937
8
291 862 480 837 90 636 96 627
1
666
4
479 684 230 560
7
333 364 571 654 188 344 533
9
736 219 566 901 733 936 163 672 647
5
233 186 452 510 697
4
264 382 405 713
9
987 372 283 592 822 357 691 308 514
1
187
1
413
8
448 473 857 858 881 511 92 575
9
479 722 200 870 99 885 760 565 566
3
195 114 413
2
725 86
9
751 837 285 808 896 784 37 679 331
1
165
9
363 553 538 856 269 766 557 224 503
8
809 833 973 947 557 707 481 64
5
750 155 708 485 423
3
202 74 39
3
951 825 980
9
321 651 226 638 750 881 599 459 107
5
823 939 962 81 521
3
9 939 727
4
373 160 276 655
1
572
8
587 407 345 800 123 15 990 856
4
578 815 524 55
8
279 280 372 479 449 683 356 560
10
663 678 503 685 50 678 120 322 384 814
10
642 651 389 792 112 192 195 396 583 783
4
236 699 300 559
9
34 405 438 145 435 630 528 553 549
9
622 508 199 8 937 72 884 944 433
9
145 433 28 216 754 674 60 526 355
9
52 246 958 145 774 990 437 238 728
1
113
4
762 785 445 506
2
900 545
5
300 43 386 951 946
2
640 729
3
464 441 990
7
568 51 22 502 830 583 399
3
974 415 474
4
481 606 165 376
7
923 690 132 954 135 801 492
7
959 724 967 172 619 743 965
9
384 579 385 979 921 809 796 816 793
10
217 107 873 791 898 285 264 14 394 821
3
159 829 347
6
30 65 53 776 851 680
9
996 935 293 924 867 70 975 462 966
7
556 870 180 287 240 501 550
9
399 425 74 128 665 932 1 874 682
4
136 279 247 522
7
285 687 825 273 544 951 431
3
339 20 223
7
570 786 851 473 814 180 21
9
259 941 242 16 260 7 527 54 194
10
501 69 32 872 448 314 64 604 142 297
3
858 804 325
6
796 28 708 797 543 775
2
878 973
6
66 367 844 909 137 954
3
462 833 413
2
515 795
4
474 917 159 473
6
932 278 292 219 276 54
4
483 928 400 18
6
534 374 265 544 106 46
3
888 798 728
9
837 565 524 688 216 6 187 242 897
9
522 226 603 287 550 101 447 209 938
10
684 103 456 777 47 628 280 175 12 450
7
864 212 360 850 671 196 394
6
235 874 957 956 515 462
2
409 811
8
722 301 221 550 29 813 965 25
2
831 120
10
293 561 650 356 3 284 529 420 515 223
1
826
2
406 568
3
980 344 571
1
865
9
152 142 675 306 505 691 272 679 259
8
390 376 879 354 321 564 153 322
3
772 569 476
8
526 113 890 863 434 413 129 450
6
909 309 486 8 105 836
8
681 678 495 928 583 955 442 998
6
16 201 680 871 126 820
10
276 364 788 19 926 719 46 127 504 433
8
670 771 390 445 746 287 859 260
10
380 510 929 978 47 307 271 580 192 530
9
295 409 781 202 757 217 141 98 593
2
804 175
5
2 82 192 631 269
2
36 594
3
85 835 29
2
728 625
4
346 858 176 371
7
720 708 272 922 996 728 385
9
801 598 645 102 53 384 980 997 240
10
401 90 109 157 938 484 635 33 782 656
7
31 65 217 515 951 346 413
5
156 538 676 573 280
7
384 878 463 896 926 142 905
1
419
6
469 690 141 145 651 444
9
625 104 438 139 139 382 869 897 568
6
75 181 763 621 733 313
1
10
9
300 520 526 863 339 394 868 833 437
1
224
8
424 171 408 387 605 601 207 120
10
318 168 848 842 324 625 462 625 353 240
8
579 940 627 693 521 580 508 332
3
719 566 299
10
173 919 382 857 66 67 143 507 38 840
1
194
6
528 806 536 953 488 858
7
258 675 407 713 53 591 879
8
402 965 351 421 78 601 162 79
6
636 452 992 24 545 408
3
472 179 499
9
709 251 365 129 687 79 312 438 26
3
393 274 654
6
868 875 236 331 363 230
8
431 714 647 241 602 55 73 612
2
664 919
7
833 776 346 593 111 129 554
9
732 927 669 974 62 835 257 799 530
3
362 641 931
1
523
8
383 163 384 41 228 826 973 600
7
399 543 181 322 280 125 990
7
594 104 266 153 443 766 452
2
755 230
6
868 478 517 500 466 636
2
726 565
3
370 707 229
10
928 376 534 61 999 339 235 889 515 810
3
86 542 473
5
468 510 470 335 626
7
471 259 711 610 433 753 643
5
466 771 703 393 418
9
229 57 506 890 201 108 873 784 741
8
681 257 751 63 264 814 354 194
2
674 848
1
682
4
619 646 350 153
1
865
8
279 577 830 22 375 405 367 582
4
396 325 45 371
7
364 741 862 705 539 11 381
6
459 501 393 853 157 835
9
884 249 321 171 199 906 495 93 467
5
350 761 424 203 86
6
211 858 152 426 556 254
1
670
8
36 986 344 167 1000 417 401 335
4
429 837 578 21
3
131 75 726
10
763 273 682 97 47 879 301 489 929 953
9
107 72 200 376 1000 579 193 528 335
6
120 690 315 421 590 575
4
223 407 196 819
5
584 595 370 562 264
9
253 934 425 396 323 564 676 692 422
5
644 520 775 328 500
4
665 804 717 256
1
683
6
2 781 366 271 838 233
5
733 879 868 939 204
4
871 482 825 311
3
674 465 293
5
755 610 368 126 651
10
840 186 466 156 50 203 948 59 581 358
1
974
5
8 835 291 386 845
1
133
3
744 723 148
10
572 250 41 811 850 187 75 798 999 9
4
665 849 712 974
5
989 577 423 295 971
3
15 532 514
6
584 190 304 261 322 32
9
570 720 132 373 47 697 450 374 483
1
719
3
559 494 162
7
872 310 617 433 223 574 73
6
577 668 152 673 259 363
2
133 108
5
177 52 466 842 444
8
258 952 679 843 582 704 936 930
5
73 249 558 814 577
4
631 33 470 41
8
313 902 566 87 222 631 375 933
9
332 133 961 152 172 158 12 743 382
7
189 557 432 263 189 259 139
2
524 425
7
170 903 209 726 97 744 838
1
429
8
876 869 145 188 296 483 728 663
7
978 905 818 706 293 342 798
4
446 455 304 580
2
805 833
2
788 544
4
119 573 688 453
10
820 99 293 735 900 61 36 727 737 526
4
563 82 872 93
10
221 558 45 456 62 206 7 657 206 362
10
737 618 10 825 652 177 407 660 576 599
1
963
8
931 992 546 621 527 200 699 321
10
515 957 610 164 215 702 120 428 354 68
3
88 936 476
10
329 640 621 676 759 321 149 371 651 476
4
828 451 687 533
1
583
2
65 81
4
630 20 25 847
2
427 880
7
138 224 11 846 578 511 477
8
178 472 442 84 394 721 888 182
6
898 252 508 541 260 117
3
188 12 660
5
729 674 383 18 824
10
347 352 299 832 691 862 38 939 412 667
8
269 185 232 35 914 535 285 344
2
945 65
10
955 913 753 258 731 598 870 139 586 466
3
675 127 285
5
884 382 54 910 605
4
979 201 377 62
8
845 511 328 87 995 897 33 942
8
718 98 369 612 497 959 695 279
10
827 957 693 586 921 220 176 432 128 621
9
952 222 990 676 980 619 625 186 692
6
181 810 793 896 133 916
9
765 452 634 768 341 389 945 591 907
10
97 902 20 853 173 11 728 241 54 259
8
530 234 816 95 619 563 952 49
3
639 660 446
5
913 878 691 607 311
8
793 317 792 349 632 509 842 907
3
813 470 271
9
940 247 135 157 876 88 611 889 170
1
111
8
307 900 684 455 584 671 45 809
1
887
4
659 681 201 823
6
271 308 459 390 560 369
8
25 680 967 669 569 897 797 705
2
704 961
10
881 123 472 856 964 831 498 185 540 329
9
941 470 404 830 982 734 761 241 46
1
336
6
968 941 276 207 200 123
6
628 301 710 448 215 542
8
819 794 272 449 430 109 476 30
3
533 245 793
1
820
5
894 444 514 156 262
7
573 475 226 776 224 504 26
7
699 339 872 458 451 84 34
6
697 349 722 749 639 456
5
945 958 436 219 605
6
941 72 178 973 113 758
2
526 335
7
865 104 431 572 194 209 318
6
736 233 877 562 709 17
5
38 399 325 444 189
6
414 624 578 401 164 12
8
469 330 969 468 936 142 601 256
10
952 377 96 53 691 38 757 689 7 718
8
228 962 588 432 4 944 889 624
2
140 424
10
650 660 279 805 425 532 240 530 115 742
8
439 277 322 3 466 344 380 971
