1126 1
5698 1
5218 32
4982 8
1172 64
2616 8
5970 8
2425 8
1235 1
3833 32
6064 2
4922 8
5485 1
7266 2
2254 1
2178 1
4993 1
5929 16
3289 1
5312 1
3627 1
5555 1
6342 16
4881 1
2562 1
3373 1
2688 1
1231 128
2170 32
3981 1
2050 1
2134 1
2658 32
4113 4
4770 1
5332 1
5081 1
703 128
4477 16
4320 4
1220 64
4351 1
1190 32
5721 2
1026 1
1569 128
3453 1
3791 8
4542 1
4836 2
5890 1
1334 16
6108 1
5280 1
5223 1
3299 1
1023 1
5522 16
5841 8
4748 8
3721 1
2215 64
2112 1
1119 1
2314 128
5145 1
5072 1
829 8
1023 1
2110 1
2000 16
511 1
4734 1
1722 8
5691 2
1023 1
2190 8
2523 8
6105 16
6175 1
5277 16
1900 4
5609 1
4842 1
1432 8
5835 1
3104 32
4940 1
255 1
3671 16
6652 4
2126 1
5002 4
5766 4
4224 1
6890 4
3238 1
2131 64
4139 2
5743 16
4339 2
4063 4
838 16
669 4
4358 4
3153 128
4359 1
6022 8
6596 8
5702 1
7302 16
5997 16
2238 1
2370 1
5538 2
4617 1
4991 1
2481 16
5345 8
2430 1
944 16
1474 32
5330 8
1948 8
4237 1
4177 1
2566 1
4698 1
2495 64
6432 4
4375 1
6417 1
4790 1
3485 1
3906 1
5535 1
511 1
3558 1
6311 1
6884 2
5573 1
5493 4
4612 1
969 16
2310 32
127 1
1514 8
6635 8
4033 16
4785 1
255 1
4181 32
1461 4
4229 128
2344 64
1446 16
6035 4
6448 4
5599 1
2376 64
4370 4
2178 8
3279 64
4411 8
5188 16
1023 1
5431 1
5799 1
4814 1
5763 4
4924 4
63 1
3153 16
6613 8
1023 1
4336 8
5600 4
5992 1
1023 1
2120 1
4234 1
6204 4
1023 1
6307 2
5416 16
1023 1
511 1
1716 16
2187 64
4641 64
4232 4
3914 32
3552 16
1347 128
3223 16
3502 32
2048 1
6242 32
4393 16
7379 4
4165 1
511 1
5459 1
2759 32
5386 1
3640 1
2718 1
1167 1
4246 16
6301 1
511 1
6179 8
5227 1
1023 1
3816 8
511 1
3791 16
4020 4
5069 1
2098 1
511 1
4524 8
2206 1
3710 4
3895 1
4848 1
4074 8
1040 1
3631 16
778 32
3658 1
511 1
5834 8
5115 1
255 1
4701 1
2845 8
3380 8
5366 1
4926 1
4102 1
5393 1
5743 16
2174 1
6435 1
3267 1
2884 8
2047 1
4108 1
2507 16
3991 1
5116 1
2302 1
3813 4
3140 1
1879 1
511 1
5726 1
3172 8
511 1
2175 1
5899 1
5507 1
5117 1
4890 16
5506 8
1023 1
6413 4
2391 32
5554 8
2757 4
2646 1
1174 1
2238 1
1023 1
4872 16
511 1
5007 8
4736 1
3146 64
511 1
255 1
5167 1
5585 8
2112 1
4026 4
3008 32
5346 4
1329 64
1246 8
4270 1
4425 1
4282 4
3473 1
1088 256
3757 32
3325 1
5885 32
7595 1
2304 1
3229 1
5269 16
511 1
5405 1
1234 32
2561 1
4967 8
3124 16
6309 1
5199 2
2770 32
589 32
7023 8
5671 8
3701 8
2750 1
3461 1
2023 16
5056 1
5155 2
2533 4
4161 4
3365 1
6362 2
2165 16
3964 4
5306 4
3732 8
5336 1
3135 1
2778 16
1023 1
3709 1
4145 32
4541 2
3147 1
5525 1
3983 4
4190 1
4510 1
1023 1
6477 1
5098 1
4503 1
5343 1
7076 1
2514 32
4137 1
1293 64
5254 1
2318 1
7165 1
3661 1
2110 1
2718 1
5056 1
6655 4
6544 4
3375 1
4648 1
541 32
2174 1
1023 1
4882 1
7114 4
2827 32
4219 8
1023 1
6092 8
3840 2
3468 1
5275 1
1152 256
4864 1
2305 1
2433 1
127 1
1879 32
2208 1
511 1
256 128
6240 4
6218 8
6539 32
1452 16
1066 1
7762 8
3179 1
5875 16
3776 8
3541 4
2244 64
6687 2
4042 8
3075 1
2513 16
3606 1
4894 1
6439 2
4909 4
6008 8
4348 1
2050 1
1023 1
3325 1
5210 16
2213 1
1180 32
255 1
2967 8
3365 32
31 1
6540 1
2198 1
3374 1
3663 64
63 1
2137 1
5509 1
7488 1
3764 4
4640 32
4271 16
6432 1
4108 1
4643 32
7092 2
6243 1
2558 1
2560 1
6376 1
511 1
3573 1
1312 128
4752 1
5986 4
3248 32
4705 8
2351 32
608 64
4279 1
5327 1
806 16
4254 16
4572 1
4764 32
5963 1
696 16
2415 16
5024 1
3353 1
5796 32
3339 1
2983 16
2545 4
1915 8
6661 2
3850 8
921 16
3349 1
3628 1
3326 1
5461 32
1267 32
717 16
4817 1
5134 1
5646 1
4264 1
2274 1
3861 16
1352 64
31 1
4577 16
3707 8
5651 1
2544 16
5731 1
4817 1
3341 1
6839 4
5248 4
5924 1
1022 1
4132 1
4448 1
2746 16
1340 16
2200 32
6135 8
5508 1
2230 32
2235 16
5402 8
255 1
3566 4
1168 128
2355 1
1023 1
6953 4
5785 1
3616 1
2146 1
6203 1
2215 1
2302 1
1023 1
5765 32
2055 1
1023 1
5699 4
6440 1
4456 8
6271 4
3113 32
3103 1
4997 16
6206 2
5317 2
3641 64
2699 16
4495 4
6207 8
4371 1
6528 1
1480 32
3473 1
3165 32
2551 1
1239 64
6736 4
5830 1
1023 1
4684 1
3467 32
3371 1
6078 2
1023 1
1771 16
6998 4
4415 1
2118 1
4214 32
4352 8
3591 1
1948 8
4572 1
3597 1
6112 4
3394 16
1030 1
4779 8
1143 64
3935 1
5182 1
3764 1
2732 16
2438 128
4942 8
4319 8
6011 1
3323 2
4073 8
1023 1
5862 1
7474 2
1443 64
2079 1
3587 1
3623 1
5982 1
1092 1
6022 1
5413 1
3177 1
5654 2
2414 64
1023 1
4420 1
5732 8
4335 4
4565 16
3695 1
3309 2
4776 16
1023 1
2578 1
6223 1
3037 2
3137 1
3527 32
255 1
2357 8
2150 128
5347 1
3951 16
1023 1
3967 16
4455 4
1255 64
5594 1
2106 1
2817 64
127 1
6323 8
4097 1
1465 16
2214 128
1158 1
2669 4
5632 1
2739 16
3603 1
7475 8
511 1
6457 2
2174 1
1460 1
3233 1
4971 4
6636 2
3985 16
4846 2
7531 1
2174 1
4318 1
3645 1
6300 2
3933 16
3470 1
4587 8
4143 1
5296 16
255 1
3838 1
2707 8
511 1
5152 8
1023 1
6465 1
3857 1
4931 1
4817 1
4510 1
6694 16
1023 1
1210 16
3552 1
5715 4
4773 1
5595 2
4026 1
4775 1
2468 32
5559 2
2110 1
2262 64
5031 16
1363 64
4480 32
5759 64
5158 1
1141 32
6012 1
823 32
1023 1
3645 1
2592 16
511 1
1151 512
5596 4
3839 1
5154 16
5783 1
5525 4
7627 32
4773 16
2560 1
5559 1
4354 1
2014 2
1406 1
1636 32
1023 1
3110 1
5902 1
3159 1
3073 1
4229 1
3247 16
512 1
5786 1
2111 1
1454 8
4611 1
6055 8
5745 8
4739 8
4405 1
7112 8
3785 16
2839 8
1107 128
3777 32
3736 1
1549 1
4640 1
3222 1
1058 1
5999 1
255 1
5027 8
5720 1
2074 1
4551 8
3459 64
2046 1
4656 1
1687 64
4418 1
1023 1
5415 1
1023 1
5236 8
