724
3
259 148 262
9
473 541 32 488 321 402 751 369 735
8
513 590 72 533 412 691 465 714
8
607 620 861 967 494 75 206 960
2
198 940
4
122 254 745 983
10
526 861 710 338 943 13 532 418 218 737
4
927 435 787 68
3
44 262 14
6
862 495 894 453 484 613
10
213 362 573 462 423 879 79 881 110 738
8
361 460 667 599 518 310 624 791
9
165 545 549 75 409 436 336 616 688
10
741 1000 312 986 116 631 660 688 639 975
3
245 474 757
3
503 133 718
7
102 885 39 611 325 385 380
10
724 915 531 426 871 179 526 919 56 510
5
116 53 727 848 879
9
601 218 818 584 663 7 865 273 399
5
627 227 51 394 436
9
836 297 280 399 859 130 121 815 710
8
435 137 368 422 604 461 290 405
7
761 754 832 139 163 147 177
3
904 761 531
5
865 160 969 948 304
3
646 763 946
2
890 85
4
755 41 398 808
5
288 812 327 202 371
3
982 53 462
3
917 306 656
4
606 59 683 158
6
568 90 177 510 468 756
7
83 178 963 867 466 98 487
7
214 902 236 365 412 101 195
7
400 317 803 593 317 482 19
2
282 37
8
37 266 638 255 285 960 971 969
6
541 375 183 380 391 2
2
244 974
5
916 962 779 878 567
2
434 746
8
545 364 176 102 361 486 614 143
3
209 42 483
2
801 764
5
328 643 317 869 274
4
542 572 558 709
6
116 629 883 85 560 677
8
828 277 279 817 466 519 133 585
9
820 459 389 770 411 143 423 687 652
2
670 86
9
675 967 144 750 173 934 854 916 140
7
704 920 856 924 89 612 856
8
694 167 911 774 123 621 566 295
5
405 20 311 837 560
1
920
10
436 674 414 197 820 603 751 407 869 335
10
983 52 287 628 357 783 856 372 180 555
8
280 318 36 739 848 171 484 688
5
697 810 641 31 808
4
641 341 467 686
3
934 562 283
3
448 348 74
4
36 722 803 217
9
246 618 145 529 184 927 332 296 985
7
137 232 615 190 99 689 672
2
361 424
1
583
3
883 105 964
2
891 853
1
313
7
892 288 433 812 782 691 481
6
432 164 180 8 370 286
8
566 577 49 55 529 428 722 657
1
572
6
292 195 404 190 399 436
4
81 350 944 866
10
818 886 768 53 863 195 7 645 826 100
9
816 413 486 742 916 307 959 937 269
10
363 701 232 697 523 321 111 426 791 904
6
196 118 370 409 427 354
9
869 126 245 848 676 841 292 465 808
7
754 191 124 315 364 327 590
4
301 502 225 352
9
540 426 114 610 25 981 629 875 981
4
693 393 474 452
7
971 577 46 740 651 257 518
1
232
6
943 492 989 938 16 129
10
99 131 675 84 633 404 399 464 518 429
3
945 535 158
8
521 59 783 167 701 608 975 484
8
24 499 80 357 154 359 825 888
7
702 909 234 59 148 487 853
10
896 889 586 622 715 686 378 212 253 587
5
555 779 18 479 851
4
551 457 554 401
6
604 666 434 523 665 471
10
807 738 261 289 939 24 950 232 653 490
6
77 685 564 199 589 873
6
567 142 617 773 876 156
2
426 274
4
6 224 71 62
6
682 484 459 14 486 119
6
776 799 228 195 356 767
7
885 916 772 350 169 822 236
10
387 877 954 723 102 158 640 220 900 787
10
564 395 399 705 759 497 854 637 941 841
7
567 609 665 774 228 568 660
10
918 897 125 655 713 176 961 998 892 947
10
485 974 94 521 96 566 502 128 186 873
3
150 426 957
3
88 746 243
8
287 671 655 835 574 236 645 835
7
934 175 925 501 901 540 279
7
829 23 543 325 744 672 617
4
373 514 651 79
8
979 391 873 496 878 219 32 445
3
944 903 492
2
394 452
2
796 288
10
187 192 346 621 938 585 836 483 152 832
2
700 734
7
760 447 383 617 344 253 791
7
874 66 776 391 689 164 312
3
834 929 599
7
559 552 875 34 31 130 345
4
763 78 789 97
10
253 831 806 955 547 422 958 92 521 663
7
326 699 749 923 146 249 447
8
354 11 51 166 291 570 258 146
7
54 832 18 15 730 371 469
5
903 357 384 738 465
5
319 369 906 145 289
9
26 174 698 130 509 934 951 999 281
1
316
5
665 117 202 473 719
9
211 772 640 761 838 721 935 27 952
10
286 376 46 296 820 320 280 611 799 600
9
402 407 520 494 848 72 599 292 786
8
700 15 878 570 325 954 954 967
7
773 463 315 249 118 136 714
2
418 407
4
411 688 27 976
1
109
2
862 330
10
322 405 987 65 508 550 586 361 344 891
6
464 867 260 477 899 930
7
131 73 448 120 759 835 461
1
187
6
532 507 907 368 887 964
4
248 217 44 426
6
792 763 391 588 741 954
4
894 380 39 519
2
893 293
10
176 417 789 48 746 552 52 509 755 663
10
955 931 614 938 113 859 651 637 252 482
9
403 943 40 845 952 821 163 50 408
4
66 147 638 997
6
909 420 809 426 61 265
4
908 108 228 894
6
397 356 553 66 657 830
6
809 274 497 157 378 236
8
876 889 316 523 282 8 815 423
1
744
7
299 503 830 815 841 837 554
9
430 721 883 825 995 168 990 505 268
7
432 446 442 665 644 918 290
10
476 316 913 994 394 872 557 314 517 234
8
570 950 914 420 512 292 216 762
1
34
4
458 813 791 931
10
230 579 731 820 730 152 188 897 606 12
1
951
6
925 570 94 900 947 706
8
378 502 763 945 470 674 921 915
9
296 437 829 948 108 607 328 252 510
3
334 32 182
3
644 560 389
5
572 725 870 770 886
10
869 390 798 303 912 57 542 13 364 834
1
577
10
853 341 639 852 261 461 763 667 194 888
8
835 624 517 668 76 995 374 991
1
552
1
266
2
856 530
4
256 169 574 922
8
806 382 463 1 155 732 693 321
6
94 147 87 216 612 946
6
545 128 11 723 473 346
6
164 794 358 549 906 331
2
443 768
4
162 692 67 204
6
466 481 607 617 253 566
3
741 680 276
10
801 966 787 170 582 572 956 762 306 206
6
436 652 277 184 123 409
10
59 97 64 94 690 910 140 248 26 559
5
863 379 454 439 334
1
370
9
930 207 953 139 648 889 636 411 130
4
859 708 644 402
9
621 527 868 182 826 341 433 69 769
5
504 160 107 800 384
7
286 424 180 297 322 437 437
3
433 401 255
6
569 844 725 929 401 762
9
809 630 737 315 168 14 228 24 85
1
404
10
671 503 622 466 684 227 174 733 345 730
8
238 797 674 143 52 892 557 812
1
939
6
129 895 184 302 264 628
1
402
6
552 851 726 739 504 387
6
106 439 796 6 476 851
7
398 457 327 951 273 706 137
3
286 853 725
1
280
8
75 878 643 456 222 159 878 541
3
855 7 264
6
359 57 779 130 521 600
5
171 431 234 913 238
7
778 178 370 158 252 436 939
6
927 196 173 790 135 125
3
221 241 272
6
295 858 616 306 712 312
2
259 503
5
164 522 990 781 574
1
409
8
703 574 10 19 63 521 18 534
8
693 158 320 301 906 431 990 66
1
228
7
239 166 998 588 715 232 400
4
757 526 308 720
6
50 924 1 894 272 649
9
597 729 201 688 305 637 422 497 1000
7
203 118 320 366 376 987 631
7
818 583 163 273 166 876 478
9
778 422 642 101 407 537 766 111 589
10
372 675 177 206 987 303 284 811 595 181
3
970 761 420
9
778 824 977 977 205 108 814 799 723
5
77 628 855 544 461
4
840 61 411 472
3
431 861 131
7
427 692 117 927 602 844 307
4
183 231 942 639
5
993 864 784 769 51
7
750 394 704 211 644 715 237
3
740 666 75
6
288 175 921 239 493 637
5
323 559 135 399 716
5
30 470 314 441 427
1
321
9
697 838 43 183 371 141 190 719 560
4
840 955 509 856
1
497
3
428 246 976
9
642 192 200 691 946 843 122 639 803
9
201 177 644 172 770 543 615 784 311
9
599 359 617 194 924 410 798 227 556
6
738 607 540 679 13 745
10
308 124 955 165 125 922 179 833 914 841
1
934
10
886 81 187 931 537 996 570 708 985 496
4
463 826 380 720
8
485 794 744 763 695 811 455 775
4
858 336 380 593
3
814 904 651
3
367 330 8
3
793 292 2
1
931
8
177 484 909 820 892 747 13 694
1
369
8
640 808 126 124 994 955 397 829
6
310 898 902 794 275 827
4
558 776 959 725
1
257
1
198
7
440 261 148 388 114 723 64
10
44 726 522 245 169 325 810 638 489 781
3
556 917 185
6
28 84 195 760 315 778
4
617 31 658 806
8
615 93 579 704 273 495 49 162
2
948 377
2
884 84
7
431 533 769 167 559 427 368
7
897 810 436 27 505 335 539
6
245 850 222 68 56 711
5
727 246 403 467 722
2
727 361
6
659 160 290 576 75 621
5
749 884 529 138 103
10
157 726 353 730 529 946 719 334 867 396
10
56 369 957 63 157 143 286 17 566 241
3
15 658 98
5
246 33 477 939 738
8
177 406 75 298 171 794 467 553
1
454
9
660 807 350 570 888 607 336 107 183
2
870 74
3
853 769 685
8
447 489 676 712 245 997 888 501
4
851 406 856 939
10
631 754 97 866 484 856 317 904 352 708
8
351 198 267 783 587 557 108 332
4
845 414 62 41
2
143 318
10
560 669 397 745 739 774 206 709 562 414
10
879 814 333 565 212 11 535 60 777 425
6
654 98 921 34 238 560
3
626 589 858
5
605 714 142 931 249
2
629 610
7
287 77 117 113 844 298 886
8
660 990 317 646 20 293 761 678
4
829 346 442 522
6
776 213 632 252 556 692
5
261 475 982 818 513
10
488 905 621 962 332 507 610 808 295 724
4
318 454 698 565
6
89 637 47 451 219 913
8
829 704 524 399 811 333 387 967
6
361 846 727 779 469 390
9
530 113 719 708 355 481 322 709 257
5
917 327 726 523 90
4
888 461 244 153
1
535
5
701 337 534 794 662
6
139 420 637 110 188 603
6
765 859 321 606 895 519
5
138 490 26 780 688
7
699 644 382 700 599 726 940
6
812 295 79 539 614 940
5
64 741 731 605 663
7
619 259 535 32 271 725 733
1
791
9
965 996 166 516 41 978 592 655 577
7
875 510 233 366 372 687 375
7
654 506 516 278 43 683 520
9
515 797 154 100 543 891 259 503 897
9
605 286 136 160 41 164 103 396 420
4
399 909 796 26
7
988 751 434 848 119 148 22
2
875 410
7
350 892 476 818 370 827 876
3
674 69 204
9
607 601 515 558 466 546 952 644 767
5
687 152 523 520 255
3
83 365 762
3
516 778 601
7
957 378 459 604 472 337 202
10
680 514 825 498 781 337 839 368 667 658
8
976 863 646 517 891 839 639 517
5
816 485 981 480 547
7
331 3 866 252 228 577 611
2
82 435
3
436 983 233
1
814
7
647 998 570 184 974 66 518
10
4 751 545 303 75 853 627 564 952 628
4
218 562 744 781
8
600 425 516 622 254 373 917 506
1
545
8
781 315 323 908 969 906 1000 522
6
30 823 442 559 27 551
5
94 734 734 25 374
9
979 157 682 541 305 319 592 406 930
2
284 610
7
305 195 254 153 942 914 481
3
487 779 371
3
714 134 766
1
66
2
581 738
3
610 315 311
1
416
2
215 41
10
578 277 561 111 946 6 992 323 815 927
10
829 535 527 132 391 86 270 699 12 561
10
151 622 661 250 234 669 488 983 556 901
2
916 454
3
92 269 463
10
814 332 960 909 949 971 596 729 401 929
5
638 173 888 197 492
10
841 835 6 810 682 277 249 338 257 572
6
384 621 938 678 441 388
4
699 653 584 953
4
310 639 677 362
10
657 145 162 562 46 565 40 1000 868 650
6
899 784 327 287 688 649
5
473 240 825 229 522
4
214 3 917 707
5
457 343 159 188 635
7
300 582 33 543 840 916 593
10
299 241 679 97 368 704 535 80 333 715
8
698 839 783 453 452 708 542 224
10
27 942 722 257 722 665 904 152 430 201
7
656 740 639 768 381 162 143
3
702 277 878
1
894
4
291 270 790 452
8
14 972 993 649 609 568 776 473
3
31 583 279
2
319 605
1
233
4
813 104 592 640
6
672 164 769 479 721 480
1
31
9
471 412 512 236 15 680 156 504 101
3
841 811 76
5
112 833 42 818 98
6
471 116 562 994 192 268
1
52
3
378 986 766
7
300 969 398 404 32 212 509
10
212 6 753 638 326 108 244 186 17 620
6
398 736 12 941 148 659
8
983 3 695 427 461 872 409 726
6
190 55 649 706 805 554
9
778 37 298 485 127 19 218 235 695
7
562 337 52 767 809 402 463
8
227 672 210 125 652 547 889 285
10
632 436 510 672 318 454 482 439 126 969
10
334 686 38 198 755 304 224 879 596 369
3
748 914 857
3
701 865 836
9
754 918 405 309 125 261 83 62 297
1
406
5
95 360 877 427 866
2
762 36
7
275 21 605 570 919 939 939
10
224 737 192 978 678 648 8 123 256 912
6
396 619 167 722 867 445
8
817 349 790 462 254 464 735 704
4
261 539 805 138
2
94 448
7
426 960 675 491 627 173 339
9
423 72 34 777 747 512 329 343 902
2
487 319
8
599 842 438 839 159 724 356 153
7
549 709 122 427 189 642 956
8
766 380 471 25 635 411 408 580
9
721 678 877 461 533 10 952 554 167
2
473 159
4
527 844 375 93
7
746 997 316 806 701 417 831
5
10 573 841 170 195
10
941 464 519 360 784 79 183 210 197 955
5
435 829 465 993 515
4
630 106 345 364
4
575 52 686 334
2
702 573
10
78 134 300 747 816 61 255 375 779 140
6
272 487 954 310 930 751
2
258 359
5
77 512 538 298 879
5
984 393 304 968 782
5
367 947 923 577 380
10
171 878 906 50 197 947 347 608 320 989
2
604 343
2
468 229
7
815 847 893 984 65 271 508
7
352 43 85 504 289 646 397
9
604 651 45 511 229 153 574 832 665
6
83 871 249 113 226 882
3
578 338 585
6
353 651 68 291 868 238
2
653 59
1
27
6
308 442 129 629 445 312
6
20 806 212 920 227 286
9
418 653 117 921 810 836 694 325 578
4
430 229 538 675
9
244 466 533 606 161 97 167 597 882
7
983 371 807 264 717 365 356
5
233 66 782 661 165
10
174 536 599 575 427 894 306 618 899 523
8
73 785 485 719 172 767 8 91
9
779 52 231 912 807 144 530 796 840
3
501 8 154
7
656 517 509 536 453 158 357
7
580 132 636 449 145 587 381
4
781 56 383 246
2
862 412
4
947 296 255 574
10
867 481 313 942 845 427 229 316 682 805
9
879 511 650 898 664 181 217 175 981
4
915 2 23 930
4
120 274 973 538
10
546 840 107 340 833 841 483 651 174 147
1
234
6
868 153 544 477 529 3
2
281 631
3
415 853 343
1
884
10
54 65 675 10 180 603 272 943 162 381
9
696 931 373 710 86 926 350 657 999
5
460 996 930 905 224
3
523 18 905
9
83 916 931 12 819 809 751 958 712
3
982 720 132
3
516 53 747
1
964
10
346 865 653 508 731 13 471 2 617 407
3
602 248 812
1
944
8
840 648 859 949 467 584 803 425
9
696 995 350 419 137 113 359 256 503
6
395 409 102 344 485 605
10
457 638 502 731 742 907 140 762 539 277
4
535 944 860 752
5
367 692 162 607 883
8
982 868 602 505 986 618 192 230
10
697 504 686 441 711 919 837 425 341 637
8
63 787 311 105 369 454 945 963
6
208 577 50 906 27 761
4
564 672 936 373
8
284 359 476 747 511 659 607 788
10
12 623 879 296 583 600 129 47 443 451
7
533 303 766 115 59 845 342
9
322 155 448 736 789 320 61 460 476
2
226 724
5
632 105 886 371 563
6
585 489 293 530 184 908
3
642 646 128
2
847 104
10
661 151 663 163 763 593 34 164 249 959
9
254 72 395 82 411 595 833 715 357
1
946
7
157 596 758 234 69 819 249
6
913 506 354 900 591 179
5
657 111 592 17 384
10
503 471 699 570 726 240 306 477 478 566
1
513
2
641 914
10
82 737 5 370 187 80 561 297 393 522
7
860 739 718 853 496 312 296
3
686 265 184
8
395 790 815 218 401 92 744 567
6
700 764 464 502 690 714
5
53 458 797 248 461
2
703 733
7
791 857 666 481 350 277 532
5
467 789 416 996 295
10
181 48 455 650 579 983 649 177 745 425
6
560 536 600 466 442 252
3
213 352 163
8
678 48 782 4 795 92 518 496
2
715 332
5
320 104 524 331 101
7
718 548 967 810 199 666 769
5
488 190 592 249 432
4
493 796 992 447
4
563 324 125 642
8
124 997 729 87 416 680 109 764
8
452 64 905 621 751 430 71 861
9
609 53 216 735 268 708 115 558 515
4
235 628 744 650
6
343 224 236 856 620 250
1
949
9
396 901 994 521 832 400 422 148 651
10
324 984 103 870 484 342 838 420 294 105
2
634 33
3
335 149 979
5
216 290 970 124 418
5
659 636 97 673 180
9
346 358 894 671 609 941 371 611 521
3
461 85 100
9
706 76 347 553 291 309 153 593 160
9
970 712 309 589 452 420 703 453 679
5
891 237 69 942 764
8
764 236 419 119 147 39 299 911
4
146 905 933 206
1
957
7
30 567 475 662 205 87 882
8
149 182 155 536 606 199 441 520
6
875 919 63 794 474 818
8
234 912 82 642 169 291 753 792
5
836 833 980 401 359
4
184 542 583 526
8
411 972 366 764 696 6 570 987
1
830
3
934 589 813
9
410 309 351 852 631 164 238 120 195
4
756 936 449 834
5
831 44 900 192 791
6
691 784 42 297 243 686
1
146
4
556 658 384 393
4
957 180 527 358
9
406 49 551 982 248 440 978 921 519
6
303 702 161 759 777 577
1
980
6
389 513 323 743 898 845
6
989 89 225 204 396 332
2
553 318
7
55 758 327 445 119 75 95
3
469 535 406
4
728 688 167 204
1
74
10
258 296 728 639 939 410 915 887 999 244
7
796 899 721 251 811 88 293
2
319 890
4
877 87 186 808
3
47 318 328
4
845 808 99 329
9
602 596 259 654 142 519 570 464 295
4
665 734 908 366
5
689 1 697 93 597
10
775 418 330 323 314 130 341 744 293 119
1
376
10
920 486 86 878 52 952 508 694 298 423
3
958 224 203
3
295 366 303
5
376 988 669 681 476
8
600 342 692 416 105 816 791 539
10
451 730 834 761 563 915 738 607 442 35
6
816 738 315 544 109 783
6
18 330 350 260 567 295
9
686 585 74 633 946 541 675 672 698
3
380 768 115
7
387 853 517 629 317 48 669
5
117 543 683 914 772
10
79 814 64 351 227 931 983 365 29 889
6
163 449 528 919 534 924
5
282 910 424 829 8
6
748 315 750 624 685 949
7
898 616 507 687 101 419 351
8
232 624 429 941 347 446 259 986
1
130
5
651 181 663 168 47
4
137 733 478 719
1
407
8
243 599 127 685 151 660 832 815
1
961
9
732 980 130 864 973 421 857 956 497
5
453 795 491 258 104
7
62 252 834 148 104 326 758
7
546 402 585 881 406 536 828
7
793 94 645 54 746 66 859
10
124 931 538 370 981 808 18 732 600 546
1
581
2
848 20
5
265 13 512 37 739
8
584 759 980 593 170 853 765 495
7
849 19 788 183 511 107 116
8
702 504 707 834 582 137 695 864
5
79 841 504 257 267
7
549 717 620 163 185 250 985
4
4 730 699 451
8
664 366 910 682 689 225 561 128
3
701 790 171
4
615 777 166 272
8
562 885 66 880 575 458 812 7
2
984 371
6
879 834 49 551 729 670
10
283 110 657 717 548 143 985 918 338 804
7
745 110 599 290 555 522 845
2
20 925
9
54 862 681 559 47 811 31 733 106
2
496 311
1
860
5
405 288 639 34 155
4
335 516 66 715
1
506
2
352 543
10
122 431 846 100 120 230 810 772 843 708
5
199 953 467 153 231
8
865 481 922 436 17 434 345 586
9
525 292 433 911 285 485 822 588 928
8
920 162 545 549 446 123 58 16
10
446 26 654 297 169 425 8 175 335 388
8
372 349 473 709 672 751 72 279
3
823 738 527
9
564 406 759 231 992 244 67 636 323
7
763 276 923 195 680 483 462
2
549 517
3
280 310 331
2
515 921
1
1000
5
222 538 896 587 316
9
442 420 580 218 168 527 42 695 647
5
507 711 179 850 628
5
758 928 594 27 425
7
683 171 871 408 357 732 925
4
574 89 734 568
3
30 251 102
9
384 204 897 440 620 90 747 363 180
3
635 469 737
2
743 183
7
91 262 642 380 662 167 364
10
978 381 95 785 284 889 44 749 627 707
10
791 673 222 187 210 940 502 274 938 876
8
802 782 408 709 324 335 418 703
7
914 370 374 45 630 996 921
10
6 151 473 136 528 433 391 332 128 796
6
821 108 847 409 679 533
4
638 37 744 106
2
958 21
6
533 584 321 699 269 983
5
143 950 861 695 767
5
242 305 72 450 163
7
270 7 242 408 113 898 729
5
592 221 735 459 283
3
426 361 243
9
294 663 879 541 306 998 993 561 388
1
190
6
589 318 515 619 554 600
9
395 666 499 83 895 474 79 793 184
3
563 434 721
6
166 631 264 291 352 463
6
520 114 188 135 929 793
3
556 385 115
7
425 98 559 742 521 960 896
2
885 530
7
249 701 896 122 48 882 85
1
517
9
718 697 479 60 300 115 895 4 738
1
723
8
960 883 967 50 315 576 281 580
