2578 1
1804 32
6753 16
3357 1
5889 1
6751 1
4303 1
511 1
6848 2
4814 8
2180 1
4165 4
1191 128
6622 4
255 1
4949 8
3257 32
4905 16
3212 1
5609 4
4845 2
4382 1
2620 16
1023 1
3213 1
2922 16
3075 1
3987 16
6240 1
4616 16
1034 128
6968 8
862 1
1023 1
5969 1
257 128
1843 32
3198 1
3451 4
5712 16
4347 2
2312 1
7134 4
2192 1
5709 1
6081 1
4870 1
511 1
2541 4
5987 1
1046 64
4254 2
2958 8
1039 1
4145 1
1518 4
3985 8
2752 1
5906 4
2439 1
5750 1
5235 2
5502 1
3869 1
255 1
3588 1
4224 64
5535 1
5761 1
3013 8
3409 1
4937 1
3953 8
1596 16
6989 16
3484 1
5171 2
1053 64
6460 64
5847 4
5263 1
5072 16
1113 64
1023 1
3246 1
1023 1
3029 4
5368 8
4878 1
5644 1
4562 1
6039 16
4822 1
3031 4
1023 1
636 8
1723 16
7445 4
5731 1
1336 32
4032 4
2334 4
3307 1
4687 1
7281 16
4946 1
3 1
5552 4
4516 2
2438 64
5166 1
2335 64
3150 4
520 128
5360 1
4253 2
6891 4
4692 1
2046 1
1016 4
4556 1
3756 8
5682 1
774 32
6211 8
2686 4
7662 4
6148 4
1854 4
1023 1
6623 1
2876 8
3124 4
1297 32
678 1
5439 1
5596 16
2668 16
930 16
5685 8
2082 1
3586 1
6077 1
4942 64
5728 8
6039 8
1023 1
2766 1
