148
3
578 745 897
2
604 686
10
5 167 473 641 379 315 334 916 889 386
5
86 105 666 725 397
9
679 315 549 883 566 744 285 845 431
9
244 465 61 190 39 635 57 502 590
5
197 189 105 706 236
1
398
10
597 95 138 879 204 751 105 566 4 341
8
24 738 498 467 159 915 988 929
3
613 12 797
6
628 534 64 392 741 646
2
111 824
10
828 219 782 463 334 916 258 987 42 383
1
245
8
136 116 340 529 903 715 468 36
6
623 77 412 325 784 676
8
110 239 327 181 984 487 693 860
5
359 922 148 934 198
8
664 820 979 665 758 177 94 850
6
71 85 223 756 441 177
7
627 191 806 240 303 200 594
4
608 906 946 100
1
969
5
960 689 22 389 227
4
810 162 599 695
5
157 993 24 818 192
6
775 518 945 292 121 532
9
998 267 100 338 597 282 524 334 509
8
587 769 147 945 383 438 778 41
2
327 691
10
174 181 418 78 876 161 269 384 960 17
5
248 115 241 95 23
1
986
9
290 54 577 369 504 304 485 583 569
2
219 38
2
606 661
5
550 448 288 90 573
4
767 891 563 718
10
203 961 45 226 242 550 872 668 420 907
6
261 106 637 609 101 273
3
592 129 52
10
180 141 619 134 702 615 926 695 782 898
3
751 426 135
9
787 842 685 60 891 708 349 216 748
9
916 23 378 75 53 50 849 74 859
7
337 327 521 820 337 947 815
1
420
4
258 411 662 992
9
400 404 728 926 328 674 712 898 590
2
184 848
6
530 425 172 624 40 237
4
297 266 738 425
3
469 23 121
7
909 120 462 330 690 25 712
2
377 873
6
242 812 249 100 974 32
3
749 988 720
8
741 149 802 606 68 715 663 978
3
218 702 200
9
270 95 411 671 70 264 753 347 657
8
797 597 430 492 412 249 489 733
7
733 545 966 501 667 675 605
5
668 411 922 553 958
1
171
5
264 356 648 497 122
6
664 380 583 998 689 904
9
793 49 356 385 621 108 334 562 629
9
229 140 900 403 217 377 597 937 299
4
9 536 852 706
5
26 683 786 151 119
7
617 504 868 668 896 969 350
6
597 196 825 417 35 183
2
874 680
10
467 997 331 551 334 252 889 102 400 330
5
716 243 181 885 149
8
829 918 13 743 184 509 787 928
2
609 384
10
66 768 601 446 15 426 421 311 573 145
8
653 557 103 670 122 65 720 617
9
481 564 924 369 190 573 401 528 379
8
470 980 198 828 363 171 611 395
2
556 393
1
973
5
220 902 406 340 679
1
914
4
203 588 351 223
8
175 682 735 847 16 488 600 729
7
423 664 88 816 760 582 662
9
52 820 359 87 581 817 297 396 969
7
515 609 929 248 148 916 163
10
809 686 156 853 343 520 431 272 107 38
7
497 185 878 735 730 862 935
4
484 916 612 977
1
983
2
116 502
2
850 529
10
846 970 785 282 297 876 605 533 294 897
9
740 337 546 718 824 482 577 267 713
2
421 867
6
385 992 145 673 36 389
4
25 969 85 859
5
937 810 165 184 728
7
202 767 546 576 754 304 211
10
304 949 510 53 352 322 333 901 905 432
7
282 98 249 10 182 666 810
1
3
8
761 413 613 113 148 598 519 575
6
499 115 164 711 725 222
4
465 346 775 708
7
889 981 554 829 764 156 986
4
380 938 846 137
4
219 653 195 411
2
244 258
7
785 886 29 624 751 767 870
6
741 899 621 477 490 989
10
902 418 87 730 816 1 243 208 199 31
7
137 688 891 272 471 51 426
3
636 928 135
2
425 431
7
658 570 413 7 36 945 574
6
443 386 497 894 604 922
7
81 467 707 254 130 56 31
2
308 460
10
662 749 798 967 366 73 93 915 955 569
4
290 774 859 3
10
400 360 320 291 446 728 801 473 237 496
10
398 587 629 959 267 930 880 99 511 624
2
758 566
3
111 181 467
10
559 476 504 414 373 680 496 830 494 765
4
62 469 547 246
4
58 671 913 642
4
54 451 409 383
3
247 161 162
8
147 937 545 168 14 618 95 307
10
324 152 77 438 670 835 997 818 562 305
4
522 680 98 140
2
322 286
10
343 727 139 772 908 703 332 458 164 787
3
615 500 686
5
526 247 11 727 43
9
835 567 685 57 445 633 242 544 839
8
309 342 782 801 923 193 450 982
10
766 533 737 335 142 454 531 505 774 775
10
412 85 307 916 703 871 600 392 407 114
1
932
3
620 579 841
