4962 1
255 1
6010 4
6516 2
6992 1
3089 1
3214 64
1211 32
2879 4
2056 1
255 1
5573 16
5897 8
3725 1
5198 64
3293 8
2471 32
2338 128
2326 1
839 64
3839 4
5375 8
5985 8
1311 1
4797 1
4172 8
3415 8
255 1
1155 256
2641 4
6144 1
1500 4
2062 1
1170 1
2973 4
5504 2
1023 1
6283 1
4788 1
4842 8
4223 2
2272 64
2801 8
7662 4
5184 1
2698 1
5760 1
2434 1
2794 16
2952 32
511 1
4168 2
4582 16
1430 32
1023 1
2401 8
3615 1
1023 1
4837 1
1294 1
1716 16
4521 1
6691 8
4092 1
4831 1
4328 1
4113 2
4688 1
4417 2
3960 4
2054 1
127 1
2110 1
3934 16
3888 16
6271 1
3139 1
526 32
2114 1
2081 1
6717 1
7147 1
5763 1
3606 1
255 1
3166 1
5787 1
6051 4
2947 4
1251 16
4871 2
1023 1
2078 1
2502 32
511 1
255 1
2782 1
2454 1
3028 8
2754 64
1342 16
255 1
6152 1
511 1
4675 1
4375 4
4220 1
4062 1
2115 1
3995 4
4685 1
2206 1
650 32
2174 1
4478 1
1104 128
3858 8
6302 8
6657 1
1951 64
3298 1
1023 1
5538 32
3610 8
1764 16
4323 4
5757 1
3915 16
255 1
2975 2
5765 4
5201 1
1495 32
7177 2
6036 1
6856 8
2112 1
6420 2
6338 2
3571 4
1518 4
3551 8
6425 2
511 1
2334 4
4396 1
3152 16
4399 4
3461 1
511 1
2342 1
1023 1
3149 32
1023 1
255 1
3209 1
2720 32
2438 1
6301 4
2603 32
5633 4
3811 8
2966 32
3769 1
1412 64
2720 64
1221 64
6966 4
1356 32
2739 16
1218 1
3077 1
5543 1
2396 16
5606 1
6751 1
3839 2
3653 1
5449 32
6567 1
511 1
2078 1
255 1
4860 1
6052 1
511 1
4669 16
3581 1
3150 1
5211 1
2620 16
4254 8
4997 8
1159 1
5777 1
5543 8
1271 32
2689 32
5186 4
5818 1
6363 16
4788 1
3057 4
4180 1
2234 1
3234 1
4513 1
2451 16
3614 1
