209
7
217 916 837 181 465 239 201
1
128
8
869 79 347 255 157 353 375 247
10
657 310 825 545 370 72 502 297 429 957
10
340 153 88 434 260 82 722 562 136 525
5
459 951 26 632 177
4
223 572 529 610
2
448 643
4
370 227 570 150
3
274 230 583
1
197
8
477 260 199 59 859 238 280 769
10
748 298 542 100 626 757 360 978 70 370
5
597 512 845 949 52
10
836 761 50 947 468 991 361 178 15 591
6
357 689 2 845 477 615
4
967 333 221 886
4
505 34 691 588
3
353 290 901
2
480 343
6
557 82 544 347 850 83
8
736 827 120 315 140 165 20 614
8
717 86 276 432 369 240 400 287
3
436 318 482
7
255 433 231 310 978 185 601
6
968 687 516 815 466 590
4
903 920 531 661
1
181
2
839 60
4
852 884 466 81
9
821 635 95 84 2 39 751 2 651
4
232 275 267 302
3
357 911 202
3
335 103 4
4
595 398 106 40
8
632 99 386 418 754 721 767 671
1
896
9
775 411 89 327 958 404 310 688 425
7
662 285 465 851 851 500 860
8
861 90 37 655 424 226 418 907
6
649 817 312 99 329 289
4
868 539 274 143
4
520 733 900 418
10
413 263 430 317 771 271 363 759 416 139
9
868 464 444 722 933 591 293 166 610
3
918 758 933
9
644 123 317 39 596 11 438 351 969
3
353 257 890
4
941 1000 80 765
4
641 229 695 859
1
269
6
773 495 473 111 998 230
8
359 593 40 245 562 922 822 255
4
347 172 2 109
1
728
4
374 36 596 861
5
671 806 521 350 962
1
599
7
515 917 422 169 945 438 427
3
367 384 421
2
715 897
7
720 950 452 148 872 256 410
10
643 373 182 803 621 712 824 637 259 601
7
226 361 418 476 573 718 535
7
143 309 795 139 430 20 515
7
779 992 171 550 194 410 163
6
859 866 675 11 716 74
7
897 226 111 88 539 357 488
6
359 754 212 116 364 284
6
768 344 677 790 387 748
3
955 862 141
1
96
3
784 299 660
6
428 263 510 984 905 682
6
888 532 292 929 578 119
9
644 887 654 656 405 719 199 972 70
5
291 52 683 987 658
2
511 15
3
28 679 789
3
260 540 216
9
811 960 70 740 864 270 916 964 931
9
303 100 354 214 743 508 341 310 265
9
745 724 145 515 986 499 808 785 174
5
65 459 698 385 97
1
190
5
903 405 187 775 88
9
858 766 4 691 667 27 788 388 853
10
7 427 257 111 863 894 694 579 207 188
4
341 199 36 707
4
246 12 469 458
6
219 218 27 734 491 38
1
878
3
745 433 894
4
442 751 343 966
1
387
1
154
3
550 829 568
3
908 490 493
4
158 963 395 320
4
48 587 776 951
4
249 322 59 184
1
224
10
619 632 986 482 40 923 208 771 11 582
1
446
7
780 411 55 571 114 73 515
6
595 227 716 646 337 654
7
785 601 468 195 750 111 502
5
644 664 216 822 651
3
280 928 530
6
710 294 700 169 509 425
7
643 881 480 253 209 266 115
3
368 811 629
2
31 363
3
957 437 202
7
818 687 502 809 389 926 19
2
980 122
6
389 150 857 970 705 619
10
242 604 663 661 81 192 495 154 604 936
9
447 728 56 233 38 418 216 913 197
2
750 689
5
332 615 900 622 98
1
593
8
882 606 514 964 874 796 20 42
6
58 518 817 667 247 263
2
718 980
6
968 18 576 1 549 727
9
571 822 937 162 397 394 918 516 403
6
903 667 204 738 478 797
1
238
4
588 533 261 769
10
441 164 189 187 911 740 635 780 44 870
9
500 92 909 587 906 556 59 140 821
2
716 235
10
536 825 962 104 931 64 834 962 331 832
9
668 363 92 501 723 896 316 484 436
10
900 688 925 435 584 617 669 180 195 999
3
684 949 256
10
678 114 395 662 678 243 986 381 572 557
10
770 591 521 304 611 8 21 770 488 832
4
660 864 818 803
2
303 831
6
908 676 952 36 269 282
8
167 280 417 487 255 297 421 849
1
404
4
548 310 686 354
7
551 878 377 590 920 35 352
4
757 685 960 202
6
895 862 351 916 255 864
5
638 371 809 972 267
1
506
3
787 789 452
1
574
6
180 476 840 643 318 556
1
715
1
140
5
581 992 309 560 12
4
790 483 612 515
3
75 553 572
10
188 991 299 825 769 340 470 569 685 901
4
707 373 776 659
8
226 362 460 101 863 396 256 535
6
142 23 297 634 665 634
4
451 52 609 14
5
31 795 511 71 25
2
144 746
4
267 652 370 87
2
986 227
10
888 364 139 773 526 223 446 371 375 301
2
81 739
4
142 457 119 901
3
364 341 78
5
322 690 483 92 821
9
45 393 930 964 988 93 939 103 430
4
128 431 538 619
9
553 105 125 385 884 864 891 85 512
9
280 88 57 947 381 137 199 183 309
6
826 652 341 532 616 412
5
766 504 477 107 6
10
18 235 191 20 886 76 846 706 901 926
9
387 250 392 923 780 410 845 206 425
1
410
3
208 783 589
1
148
7
777 789 319 228 50 68 106
9
171 421 824 681 11 830 636 755 631
1
370
6
607 157 97 150 22 484
5
711 809 62 980 552
5
165 270 946 78 512
9
753 849 790 28 691 178 337 968 154
4
6 560 965 973
6
413 536 971 923 302 853
8
987 675 273 688 541 506 149 970
3
8 382 14
9
159 861 339 240 928 332 33 538 304
8
277 531 469 496 949 215 291 27
2
115 884
4
18 349 642 398
8
968 724 134 208 16 596 537 231
9
353 81 145 373 277 835 911 161 532
10
754 133 735 180 158 127 40 517 964 563
7
443 893 351 212 885 986 344
4
114 877 521 741
7
950 833 677 122 501 761 50
3
135 196 965
5
813 116 573 647 371
7
504 918 15 900 837 754 396
4
973 220 286 842
5
595 881 499 906 689
