6027 2
5676 1
2671 8
6440 16
5141 1
5682 16
3389 1
5349 4
5043 1
7208 8
2867 16
6091 1
3127 1
1459 8
6102 8
511 1
4045 1
1636 32
4217 8
3142 1
4394 1
1023 1
1023 1
3905 1
6354 1
5680 1
1916 4
5707 1
1136 64
6238 16
5171 8
3615 1
6179 1
1023 1
3741 1
3421 64
511 1
5956 32
1383 64
6165 8
5454 1
4035 16
2050 1
5382 1
2696 1
2254 1
745 16
5627 1
5589 16
4700 1
1118 1
3367 1
6233 4
6227 1
6243 32
5771 1
6045 1
511 1
2648 32
6351 1
6020 1
1543 4
5420 1
786 32
5609 4
3032 4
4639 1
5004 16
3376 32
2434 1
1159 256
5492 4
1403 4
5911 1
646 32
3596 2
3047 8
4834 1
3251 32
2322 1
5192 2
6522 4
6490 2
5246 1
5985 1
4492 1
5453 64
511 1
2046 1
2645 16
5353 1
5236 8
3349 1
4657 1
5313 16
3071 1
3421 1
511 1
5555 1
511 1
4487 16
4754 32
4745 32
2986 16
6181 1
6536 2
6865 1
5073 4
3325 16
1702 16
3293 2
5867 1
4385 8
5305 1
3255 1
127 1
5187 4
3073 1
63 1
2756 32
5897 32
3213 1
2590 1
5592 4
5378 8
2885 16
5836 8
6210 2
5595 1
6890 2
3092 8
6597 2
1023 1
4768 2
3300 8
5509 1
5556 1
5112 8
2059 1
2408 1
6548 2
2078 1
2318 1
4644 1
4247 4
4734 1
1023 1
3565 1
4966 1
4189 2
1166 4
3700 16
6333 1
2142 1
5361 4
4092 1
5915 32
127 1
3081 1
3945 8
511 1
2078 1
6021 1
2553 4
3667 1
2406 1
2196 64
1317 64
1023 1
2750 1
3506 16
5918 1
1023 1
5867 2
2052 1
5370 4
3197 8
5708 8
2456 16
2779 8
1378 32
5411 1
1023 1
255 1
5003 1
2098 1
4354 8
4212 1
3229 1
4924 1
2208 1
3746 8
3423 32
6135 4
1526 4
6696 2
1706 16
1571 128
4220 1
4715 4
2715 16
5204 1
7189 2
3688 8
5485 4
5515 1
1023 1
4964 1
2407 1
2464 64
6259 4
4664 8
6326 2
3044 8
3570 8
5357 1
6138 4
5395 1
2821 32
511 1
6542 4
4635 1
3599 1
5394 1
187 8
5660 1
1275 16
6079 1
5283 4
4095 8
2460 16
5408 1
4411 8
1654 8
3294 1
3079 1
5371 1
4876 1
4823 8
1180 32
5759 1
1403 16
1493 4
6492 1
3392 1
6233 4
3956 8
1125 64
2624 128
6364 2
5781 1
6366 2
6677 2
5909 8
511 1
1856 64
63 1
6025 8
2865 16
1325 32
3658 16
3512 8
1715 32
2146 1
3469 1
4420 1
1056 1
2046 1
2776 16
1515 16
4925 1
6204 4
4512 1
6001 2
5288 16
4357 1
4089 8
5309 8
255 1
2689 4
5822 1
2503 16
4416 4
6749 1
6392 4
6099 1
5649 4
4675 1
3863 1
2286 64
4485 16
4381 1
3173 1
1796 64
4726 1
2060 1
5841 1
6231 1
5537 4
5706 2
5055 32
5082 4
956 4
5265 32
5711 1
5059 1
3897 16
2142 1
2158 1
2904 16
5055 2
5091 4
3220 16
255 1
3077 1
4845 4
1023 1
3637 1
1664 128
2070 1
5060 1
1109 64
4865 1
5699 1
6196 16
4859 4
4062 16
4628 1
5943 1
4188 1
1023 1
6192 8
4685 32
2046 1
255 1
6356 4
5850 1
1279 1
2853 16
6243 1
2270 1
1023 1
3803 8
3583 2
1023 1
1273 16
63 1
1312 128
6957 2
5020 2
4457 2
3778 1
4343 1
4483 2
4675 1
6011 1
5760 1
1023 1
6013 1
1023 1
5184 1
5431 1
1336 32
6295 16
5284 1
3266 1
6134 2
2777 8
2727 8
511 1
1023 1
3773 1
6059 1
759 16
2256 1
3400 1
2556 4
2943 32
2111 1
5697 1
2078 1
6454 8
4359 1
4877 1
4401 1
4564 1
2047 1
3897 16
5120 16
1023 1
3303 32
2007 16
6480 4
7183 4
4156 1
1023 1
5150 2
2431 1
683 8
4068 1
5263 1
3469 1
2046 1
3073 1
3256 8
6947 16
5472 16
1304 64
6843 1
3210 64
6116 1
1023 1
1023 1
2302 1
958 2
6682 1
511 1
1023 1
754 8
511 1
6670 1
3101 256
3171 8
6236 4
6207 16
5568 1
6771 1
2183 1
4097 1
6558 8
4408 8
6639 1
3253 1
4155 4
4178 16
4679 8
5070 1
5216 16
5273 4
4717 1
1223 1
3917 64
3677 1
3109 1
4417 8
3050 8
3600 1
2174 1
6841 2
2555 4
802 32
3841 1
772 64
2735 16
3 1
6537 4
1023 1
2725 16
1023 1
5227 1
624 32
1505 32
3198 1
5146 2
526 1
1795 1
6507 1
5903 1
1124 64
3910 32
2366 1
3335 1
3360 1
6907 1
4805 1
3484 4
2046 1
2333 16
4308 1
3199 1
6773 8
5193 1
2050 1
5385 1
80 16
4048 1
3679 1
5185 16
2176 1
5787 1
511 1
511 1
528 128
511 1
3792 1
3434 16
4475 8
4101 1
2377 32
1023 1
4223 32
3194 4
1023 1
4395 16
1927 64
2310 1
4842 8
3426 8
2112 1
6703 1
255 1
2555 1
6418 1
4143 16
6014 1
4406 32
6044 2
6244 4
1023 1
63 1
5633 16
1023 1
3138 1
4838 2
3120 1
5511 1
5908 1
5498 8
2625 64
127 1
3514 8
4653 1
6187 1
3632 32
5894 1
2396 1
6002 8
1922 32
4804 64
4408 1
3590 1
4944 1
4156 1
3089 8
511 1
4336 8
5680 1
4765 1
2303 1
2781 4
1023 1
3921 16
1023 1
2206 1
3197 1
1023 1
2304 8
4404 1
1282 1
6718 2
3605 32
3345 1
6960 4
3804 4
1014 2
511 1
4754 1
1114 32
6279 1
2608 1
5468 64
5896 32
3728 16
3472 16
1399 32
1058 128
2097 1
1743 64
2306 1
4275 1
2081 1
2703 1
3251 8
5454 1
3273 1
2304 1
5934 1
3191 8
4610 8
3100 2
15 1
4709 4
3865 1
3689 1
5425 8
5679 16
1251 64
3399 64
1280 256
4714 1
6487 1
3113 1
4231 2
255 1
3148 16
4485 8
5847 1
5339 1
1120 64
7219 1
6665 32
574 1
1054 1
5902 1
2903 8
4242 32
4693 16
5119 1
3329 1
1381 32
2052 1
1656 16
3174 32
4582 32
5759 1
4166 1
1376 32
3162 1
3139 1
3235 1
1330 16
909 16
2430 1
1659 16
2694 1
5293 1
5806 1
5646 4
4237 1
1344 1
2899 16
1588 32
5644 1
1303 128
3298 8
5250 1
511 1
2433 64
4350 32
1541 1
4495 4
2175 1
511 1
6156 1
3216 1
5668 8
511 1
2059 1
2814 1
2709 16
4664 4
1209 32
2726 64
4486 1
6292 4
1055 1
3709 1
4553 32
4057 1
2755 32
4402 1
3548 4
4164 1
972 8
6207 1
2046 1
6206 2
3591 8
6396 4
4753 1
5755 1
2110 1
5585 16
3116 1
3141 4
5597 1
2887 1
6021 8
574 1
2970 16
511 1
3659 16
6555 1
2368 1
1720 16
4516 1
4203 16
2170 1
5977 1
3101 1
3058 8
4624 4
2988 8
2047 1
4398 1
3483 16
861 8
3505 64
511 1
3389 1
1796 64
6045 8
2509 8
3587 1
3390 128
3222 1
3261 1
3435 16
4684 1
3117 1
1366 16
4996 1
3606 1
5901 2
4326 1
1256 16
5563 4
6056 2
4110 2
4689 1
4129 1
2799 16
5099 1
2075 64
1023 1
4611 1
2094 1
4868 1
4699 2
255 1
4708 16
1450 16
5774 2
2326 32
511 1
2444 1
2821 2
5536 1
1493 16
4902 1
2861 8
2337 4
4039 8
5500 1
2658 32
255 1
2590 1
5355 1
4721 16
4800 1
2538 16
6358 4
5691 1
823 32
1678 8
3812 4
1430 16
2564 1
5390 1
5353 1
5957 16
1643 32
4492 2
6902 1
4929 1
4568 1
1286 64
127 1
3820 4
4166 1
2269 8
3165 1
2174 1
2054 1
3906 1
2577 8
5012 1
3993 8
1023 1
6278 16
2839 32
3382 64
3205 1
2964 16
3364 32
4359 8
2062 1
511 1
5327 1
2146 128
4414 8
2046 1
4144 8
6157 16
6168 4
4991 1
5107 2
2154 64
3049 4
6373 4
6114 4
4739 8
5057 8
3641 32
4597 8
7629 1
1593 32
5726 16
5840 1
1299 128
4672 1
15 1
6471 4
3125 1
1023 1
3218 1
6680 16
4165 64
6835 1
4211 8
5197 32
4866 1
2068 1
4461 8
3365 1
1232 64
3242 1
3353 64
2240 16
3290 8
6084 4
7149 4
2207 1
5011 1
3292 8
4195 8
1023 1
3685 1
7560 8
328 32
527 256
2674 16
3051 4
6005 4
732 8
6336 1
5857 8
2777 8
6155 1
2146 1
4391 16
2792 16
3926 8
5602 1
2058 1
4868 1
5400 4
2576 1
2196 1
3069 1
5279 1
5938 8
6416 2
5183 4
2519 8
2590 1
4679 2
4523 8
5937 1
3214 16
255 1
4599 4
5680 1
2752 8
4681 4
3417 32
5168 1
4700 1
2598 1
3111 1
6911 1
4181 1
5810 2
2070 1
5183 2
4736 1
3729 8
1079 128
2694 1
3325 1
6957 4
4959 16
5740 16
5664 1
5925 1
3901 1
5176 4
4858 1
5947 4
2762 32
6339 8
1686 16
1023 1
1289 128
4279 1
1023 1
4922 16
5721 8
63 1
4770 1
5410 1
7048 1
6020 1
6467 2
3630 1
6435 1
7053 16
5445 64
2046 1
1413 64
2189 1
5520 8
5237 8
2652 16
2047 1
3675 8
6308 16
2625 1
3848 4
1023 1
4055 1
1023 1
4303 8
3493 1
5491 2
3863 2
5899 2
4125 1
2095 1
511 1
2495 64
5019 1
2614 32
1023 1
4178 16
165 16
255 1
3479 8
3680 1
2050 1
5714 16
2996 8
2871 16
2046 1
3873 1
2865 16
5960 4
3240 1
2125 32
7253 8
255 1
1286 64
5509 16
127 1
6367 1
6401 4
2619 4
4806 1
2110 1
15 1
5320 8
5761 8
2046 1
1023 1
876 8
7195 8
127 1
3531 8
5266 2
5970 8
4535 1
5228 16
