992
8
463 981 42 977 414 69 419 470
9
438 509 623 173 290 109 859 281 728
4
280 924 637 692
8
344 394 316 334 240 458 816 442
9
751 18 460 393 862 251 16 883 702
8
293 630 40 118 24 302 844 323
5
59 305 622 780 263
8
88 141 843 858 78 57 50 784
7
498 347 950 804 943 766 732
10
309 239 430 136 976 455 276 269 211 755
4
834 534 132 757
9
162 205 668 679 621 98 224 856 727
5
24 970 842 172 134
4
172 245 50 478
8
327 184 904 387 348 285 108 67
1
442
5
444 254 16 147 687
2
876 758
6
789 772 19 858 91 960
5
104 443 640 668 302
7
47 663 606 540 261 278 942
1
777
1
594
5
331 674 536 703 560
10
867 225 92 358 773 898 456 818 610 639
9
776 368 853 395 713 394 290 900 126
2
930 800
9
65 924 361 310 195 102 988 162 877
2
549 427
8
440 798 790 981 289 927 545 824
8
60 996 669 535 114 661 240 834
5
861 242 627 698 790
9
797 825 260 954 643 443 441 272 786
1
800
5
553 250 887 774 889
6
989 602 266 661 280 495
1
489
10
84 344 71 379 663 840 387 524 45 955
2
815 440
10
572 118 170 951 364 462 633 227 371 761
9
951 667 2 218 302 400 555 616 728
6
86 777 994 50 927 809
3
827 384 578
7
920 691 717 945 793 428 558
3
742 915 738
3
646 681 389
2
38 307
9
739 594 367 61 196 940 944 850 921
10
417 250 777 766 101 54 6 623 889 906
7
553 481 779 994 78 717 854
3
93 476 322
5
985 151 451 165 979
8
634 707 927 642 233 243 707 556
9
93 768 369 601 455 879 579 832 521
10
163 428 278 477 695 888 7 929 872 338
9
900 11 879 230 952 873 13 528 631
9
254 701 257 743 242 291 958 202 9
1
454
4
9 353 726 484
9
102 739 961 942 875 989 531 445 715
9
691 607 548 289 667 750 877 345 26
4
433 210 219 89
9
673 353 455 945 706 645 866 462 189
2
475 311
8
511 523 877 421 353 343 917 380
4
244 252 864 124
7
433 786 648 476 102 77 276
8
78 730 956 181 482 719 142 688
4
847 533 737 651
3
3 624 43
2
618 285
8
450 394 11 295 919 828 304 523
4
194 281 396 298
9
434 468 656 327 685 629 846 817 830
2
124 260
6
716 952 810 431 297 216
4
943 296 462 128
7
859 85 322 491 210 111 984
6
623 65 404 782 772 249
3
336 946 889
8
909 338 42 6 270 919 616 424
10
879 767 127 173 76 661 410 754 526 613
10
18 174 519 129 594 49 349 630 958 364
7
22 97 543 134 60 675 427
9
721 993 41 428 32 693 492 490 396
7
327 895 184 877 968 326 738
10
893 385 562 477 925 3 198 123 704 543
1
399
3
407 74 956
4
918 812 328 421
9
272 968 408 61 645 641 551 272 36
8
285 849 114 584 260 520 917 987
5
296 699 218 667 105
7
680 174 960 20 11 210 587
8
706 647 614 223 728 86 859 296
5
433 68 536 707 301
5
56 23 701 564 978
1
291
9
441 538 299 735 950 74 775 344 331
1
296
8
409 338 663 324 182 832 978 519
8
652 446 538 321 997 225 425 82
8
472 313 308 624 714 193 936 135
4
806 389 536 919
9
83 559 609 614 622 394 763 90 243
10
920 957 707 169 194 873 598 552 77 857
10
589 684 974 655 542 268 650 414 934 63
8
477 811 438 140 627 667 666 927
6
604 5 959 173 978 414
2
658 970
4
24 745 218 244
9
56 214 701 539 703 917 166 595 504
8
171 522 904 706 421 841 378 128
9
385 888 577 141 942 990 152 481 586
5
139 440 638 507 695
1
69
8
557 87 576 787 684 208 240 914
5
551 582 738 410 379
1
51
4
541 750 979 486
8
70 502 612 58 392 262 63 348
5
721 53 864 286 575
3
606 717 914
8
479 11 840 353 13 986 461 141
10
429 329 696 86 688 357 577 327 913 580
4
358 590 695 728
10
578 181 925 105 760 58 447 746 112 882
10
3 506 300 954 649 835 107 11 599 86
9
481 195 772 563 748 12 879 106 94
10
843 795 747 107 507 964 331 821 702 769
4
240 863 879 854
10
839 727 483 706 964 487 970 927 6 232
1
871
8
554 582 11 854 144 383 534 406
4
682 90 21 3
7
71 632 251 85 551 194 245
9
913 580 422 210 794 793 150 781 342
8
919 78 963 300 445 61 596 278
3
979 129 305
3
44 557 185
10
910 129 525 640 153 22 280 611 589 849
3
58 229 803
3
297 271 992
7
279 717 781 86 884 651 756
6
779 47 391 264 793 149
7
302 446 368 683 834 21 71
1
651
5
841 798 325 356 714
7
337 86 641 952 69 223 228
6
846 185 631 639 358 762
4
6 196 454 362
6
835 547 228 495 43 424
9
83 524 155 543 537 657 17 347 154
3
958 294 185
8
222 760 449 373 631 241 712 429
7
983 845 659 554 232 150 300
10
128 134 502 36 499 755 599 650 754 782
1
76
5
461 585 307 552 186
6
621 609 639 384 973 139
1
506
3
703 106 356
9
827 722 106 451 665 290 931 908 980
4
228 779 37 561
5
18 976 139 338 351
3
77 729 730
4
275 710 250 953
2
317 996
1
862
3
794 790 545
6
965 999 828 270 241 171
9
390 238 25 782 13 683 388 266 938
1
674
8
128 88 298 162 234 290 762 763
3
639 478 390
8
290 503 193 569 574 198 459 480
6
94 82 928 782 950 149
10
801 326 854 353 744 136 807 288 721 4
4
78 797 836 69
4
75 201 708 603
2
444 800
7
378 30 762 72 25 447 130
1
592
1
138
7
661 698 55 11 669 622 47
3
711 268 79
6
403 787 219 478 244 111
7
425 750 687 569 347 954 28
5
507 361 160 686 918
7
943 996 730 923 929 149 22
3
718 978 395
6
32 596 318 163 769 514
6
534 450 913 510 837 19
10
288 101 600 736 581 466 945 960 842 496
2
41 545
10
455 50 940 51 376 218 691 420 703 86
2
906 734
2
539 960
7
902 113 699 327 473 168 900
8
603 493 344 881 195 149 736 710
4
165 781 951 514
7
234 195 45 744 141 84 895
10
368 490 332 399 436 499 835 64 803 547
6
588 813 477 671 919 88
8
600 309 492 163 420 673 442 48
7
846 954 958 672 311 812 751
1
820
7
455 472 790 162 269 689 257
3
417 803 439
4
577 707 46 302
10
740 926 279 713 920 353 893 432 150 653
6
68 158 288 201 525 250
10
783 412 620 698 137 387 90 516 556 777
4
504 650 883 999
6
266 862 142 209 939 958
9
26 830 438 752 209 284 20 830 843
10
225 94 414 589 412 341 268 872 716 977
9
468 739 589 518 337 217 490 576 454
4
351 13 163 758
1
329
10
147 206 123 398 458 501 598 601 740 592
7
136 242 434 880 852 146 364
5
176 596 283 505 293
9
620 747 418 908 496 659 513 192 412
2
102 37
9
564 1000 348 322 891 930 71 939 436
2
116 887
9
912 157 496 901 227 103 764 438 246
8
180 475 154 340 949 278 84 545
6
702 713 68 865 463 640
4
82 448 745 613
9
902 156 805 7 723 383 498 907 843
6
305 324 916 219 481 26
2
813 677
5
446 925 145 407 627
5
637 377 654 548 473
9
904 380 71 71 854 576 921 57 223
7
620 692 363 565 752 347 882
6
73 879 952 877 982 768
2
322 544
7
259 275 463 189 873 297 373
2
977 338
4
137 450 234 118
9
168 168 165 999 605 111 80 347 499
5
586 438 453 510 850
10
459 801 257 965 930 76 348 601 18 54
6
380 352 242 278 550 580
2
608 505
4
663 826 233 774
10
198 25 290 837 623 927 830 450 484 370
9
720 687 73 275 506 828 90 31 359
8
124 133 104 780 329 322 276 286
10
271 292 459 20 387 19 738 859 759 273
10
357 786 472 731 98 238 859 509 696 123
1
362
2
566 648
1
33
10
880 940 780 486 88 638 786 107 50 750
4
305 182 600 236
2
152 585
6
856 209 807 948 243 571
6
334 629 982 17 184 512
2
989 662
3
442 697 802
5
611 266 236 565 516
7
481 276 483 512 814 666 279
3
120 416 229
3
898 25 116
4
934 799 219 696
2
515 16
6
952 727 257 791 813 789
8
261 58 392 375 490 436 968 104
7
230 968 493 803 980 589 327
8
60 469 429 1 335 887 769 279
8
606 153 505 663 358 24 170 753
7
159 280 94 931 30 796 880
6
326 327 341 810 984 933
8
177 463 43 408 610 546 397 313
1
243
4
806 52 339 818
7
77 519 642 614 553 962 543
4
359 265 937 622
8
403 783 771 122 655 615 27 424
9
124 345 768 379 780 143 434 57 316
8
145 461 128 430 484 129 257 782
9
811 791 351 275 747 904 881 441 278
8
719 531 410 677 452 913 793 890
7
392 100 520 469 26 712 339
5
942 411 289 398 910
4
451 430 528 653
8
11 824 97 515 891 301 640 486
7
495 690 953 46 976 228 402
5
478 569 86 968 715
2
956 838
7
592 268 893 209 352 849 792
3
849 385 112
9
435 449 650 371 696 524 236 165 265
10
238 302 891 602 242 316 766 603 444 31
8
397 552 74 972 151 474 50 9
10
337 191 879 513 529 404 90 544 699 404
8
407 47 288 778 19 436 943 729
8
935 421 936 410 818 307 655 32
2
370 304
10
899 598 135 398 890 181 850 41 264 713
9
612 14 711 309 275 470 110 740 509
7
719 609 962 255 479 647 572
6
583 583 424 538 209 928
3
415 1 900
5
121 124 7 371 125
4
327 841 528 516
8
36 494 273 919 876 543 561 565
6
983 472 312 378 383 507
6
393 449 722 583 564 337
1
217
5
290 915 745 488 16
8
691 470 786 442 228 218 333 627
1
962
5
711 929 280 578 837
2
606 800
3
950 119 784
7
610 137 46 445 176 766 505
2
268 677
7
958 912 481 442 810 356 683
9
36 427 965 258 219 529 242 922 40
10
305 346 829 280 675 218 275 32 564 606
8
245 798 785 442 668 882 559 94
6
920 146 735 865 951 317
7
395 748 166 192 763 475 556
8
695 700 21 939 125 634 605 812
7
497 901 188 318 743 808 538
1
904
8
684 714 362 757 835 965 855 924
8
511 858 273 263 317 730 732 937
3
991 273 622
1
255
10
94 703 287 743 244 102 437 799 506 393
9
741 114 469 966 99 450 692 6 446
3
509 449 311
4
693 351 976 829
9
852 911 113 443 775 733 718 612 836
3
521 799 260
1
949
6
624 813 481 70 536 963
6
992 341 145 623 661 221
1
935
2
833 68
1
34
2
182 616
10
839 550 519 316 973 596 599 99 977 1
8
448 338 62 811 797 18 972 794
6
61 699 532 737 571 317
5
511 784 191 165 399
7
784 642 510 234 641 907 266
6
198 188 730 60 187 940
7
693 85 551 287 597 84 780
9
536 730 322 877 961 294 971 922 105
9
695 485 869 407 256 643 605 789 661
1
838
7
932 689 899 875 735 873 926
1
873
7
578 957 834 944 673 739 100
9
552 256 989 257 416 461 724 545 856
2
450 772
10
758 599 553 197 207 362 577 986 692 292
9
857 58 921 61 667 407 606 325 646
5
645 272 270 540 414
10
887 26 521 200 226 792 739 495 739 949
4
785 630 868 216
4
857 200 701 953
1
294
1
611
5
427 368 181 742 188
9
458 379 75 377 670 784 356 384 539
2
431 168
3
107 834 846
5
550 386 290 993 494
8
327 375 234 106 64 37 387 138
4
604 455 339 393
3
141 959 801
9
961 19 767 995 830 665 577 353 220
3
524 22 451
10
575 322 351 104 928 767 270 428 792 379
7
998 477 130 678 423 592 154
7
959 285 715 821 972 628 399
7
790 833 138 322 923 424 748
7
991 148 977 397 340 846 182
3
512 506 92
6
412 902 695 693 438 469
8
710 652 266 304 593 715 977 255
1
922
6
850 217 428 584 597 303
2
776 815
10
401 840 504 593 612 459 518 965 796 366
10
4 136 284 966 764 195 155 744 241 454
7
260 219 89 732 850 827 949
1
925
8
219 241 582 713 977 385 41 264
3
51 521 85
4
14 83 231 19
5
468 423 396 156 768
9
966 844 244 705 383 1 383 610 910
5
603 84 986 669 65
3
201 327 818
5
602 179 392 869 816
4
887 878 270 933
10
276 352 285 732 470 151 890 184 236 291
8
460 299 992 833 227 174 409 982
2
85 691
10
440 700 46 425 661 390 260 305 962 38
6
793 207 804 425 29 688
9
532 737 171 928 833 909 90 163 651
1
979
1
693
3
764 21 546
2
325 261
10
752 743 466 107 307 949 920 494 487 409
1
474
1
612
2
383 115
1
500
9
170 899 442 506 989 822 390 308 273
6
291 407 578 452 764 545
4
863 316 399 441
10
423 91 251 707 671 961 899 561 447 569
10
306 467 267 376 889 949 151 978 630 138
7
530 677 986 535 232 920 675
10
773 391 796 673 261 518 40 759 709 615
3
56 860 622
7
305 899 14 729 553 330 757
10
143 122 264 409 660 808 309 431 380 722
8
154 134 888 852 106 721 494 991
9
292 504 129 276 31 520 633 222 21
5
37 59 673 777 929
6
581 405 188 904 916 829
6
479 372 734 288 854 425
8
978 39 326 766 422 528 709 781
7
155 853 338 290 449 338 523
8
685 749 263 714 158 69 838 556
8
589 529 858 127 112 12 648 212
7
132 769 579 831 98 917 659
3
47 317 265
6
330 276 631 893 24 227
5
107 897 250 366 117
5
115 308 507 897 550
8
120 248 351 736 424 819 991 718
4
212 600 549 833
5
795 831 10 781 443
3
354 606 529
10
957 322 247 873 111 194 379 72 722 108
4
289 918 366 548
2
436 360
5
607 609 51 104 522
2
299 465
4
273 514 683 913
1
2
10
785 939 893 667 444 946 533 739 352 87
1
730
4
526 479 803 597
1
681
7
408 197 916 185 297 333 29
2
19 413
2
982 459
5
496 650 814 251 132
8
83 75 385 974 797 680 582 634
3
153 54 211
5
484 482 146 152 216
9
97 854 199 337 103 398 800 32 78
8
585 624 557 459 940 696 154 682
2
529 395
6
177 998 253 6 717 735
3
742 581 121
5
730 137 546 371 547
5
821 338 118 2 854
9
718 578 727 633 164 48 604 545 959
7
459 697 249 806 531 701 910
6
659 373 822 52 628 256
3
336 663 745
4
312 586 836 41
7
836 629 341 241 452 375 712
5
691 857 18 407 542
10
25 742 106 111 239 666 283 506 97 918
9
736 555 549 511 588 386 935 262 118
3
388 949 79
9
978 806 156 433 951 220 33 549 141
2
7 41
5
776 804 1000 278 557
5
576 354 324 492 170
6
789 837 998 746 800 951
3
792 572 321
9
358 506 855 797 458 88 772 513 441
1
335
1
490
2
413 115
1
466
5
632 380 363 492 236
4
955 688 907 748
8
865 815 363 205 180 950 939 126
7
991 39 420 481 657 539 354
4
592 180 940 3
1
864
6
600 754 663 788 338 916
4
808 276 13 329
1
803
6
29 34 723 99 138 724
2
622 537
3
634 173 157
8
579 900 185 698 313 824 233 826
6
607 429 551 809 397 469
3
166 923 795
10
157 841 746 626 888 574 747 66 56 190
1
141
3
763 761 249
9
153 219 789 98 24 33 348 611 573
6
718 13 131 497 959 193
9
321 841 600 685 94 976 95 771 565
8
329 83 392 964 692 550 199 569
8
603 282 827 820 58 695 791 808
10
90 590 564 79 484 746 102 920 523 60
1
619
1
56
10
526 14 899 156 615 395 194 829 273 708
1
703
5
335 979 611 225 280
6
165 256 245 101 5 538
5
273 983 875 94 151
9
150 153 305 42 650 611 806 90 947
9
555 178 474 719 398 643 29 393 347
10
817 508 737 790 447 254 874 45 645 377
4
841 276 413 963
1
119
6
680 425 480 853 746 272
7
868 698 688 123 223 542 164
9
320 214 65 611 669 909 96 63 142
6
640 257 367 255 901 88
9
276 439 558 316 22 554 460 720 294
3
246 86 727
8
620 181 657 56 24 257 55 428
2
803 863
8
202 563 479 829 620 312 801 742
7
810 110 317 224 721 171 521
5
314 338 162 224 857
7
30 648 896 793 213 602 755
7
25 914 928 330 603 349 762
4
389 533 435 416
1
368
6
773 618 34 792 949 748
9
581 35 121 180 945 479 449 161 871
7
633 886 595 980 348 960 186
3
191 597 107
4
500 317 717 219
1
576
6
469 984 567 313 55 505
1
873
3
801 104 310
4
362 893 569 849
1
585
4
23 532 823 462
7
633 625 939 100 870 487 294
3
368 427 339
10
839 538 64 772 311 45 562 42 880 551
6
358 78 906 498 692 13
5
10 903 694 391 938
10
452 550 552 257 602 849 564 780 151 561
6
324 694 391 207 978 8
2
377 369
1
431
7
438 841 366 321 806 406 527
2
313 669
9
34 725 86 223 973 850 82 182 187
3
538 926 595
8
349 182 98 273 95 968 866 13
8
29 45 119 678 594 187 455 205
6
807 145 664 342 90 398
6
977 960 21 607 394 381
2
864 487
2
497 557
3
322 778 206
2
519 808
3
685 191 582
7
634 342 927 991 246 78 254
3
537 965 321
3
795 573 849
4
87 131 675 214
9
649 322 923 547 317 228 884 261 393
5
635 839 18 855 486
3
915 350 418
9
697 601 4 75 238 558 908 540 208
4
934 837 494 892
8
373 222 892 794 168 676 982 499
4
974 707 898 337
1
13
8
6 538 392 556 106 627 302 984
5
157 559 289 205 201
5
106 386 13 267 680
8
847 459 454 621 450 773 232 341
8
376 495 75 439 917 102 312 915
2
916 143
6
417 507 546 789 590 406
2
616 150
7
647 953 232 624 693 386 161
9
504 493 219 452 239 587 506 362 537
5
392 11 283 602 756
6
482 951 28 434 986 186
1
213
4
514 232 219 127
6
973 786 143 668 527 908
9
33 765 923 77 652 139 715 468 513
9
689 598 310 377 406 313 934 21 689
4
228 369 125 394
9
193 323 202 201 726 384 229 220 599
10
449 11 893 823 384 969 818 967 628 699
3
146 6 169
3
312 359 161
9
973 469 97 725 868 693 910 183 682
4
603 507 710 563
8
524 386 878 155 25 603 997 410
8
647 218 988 875 143 27 381 262
9
916 337 666 777 47 998 382 239 709
5
527 767 100 163 476
2
226 635
3
436 581 460
2
694 816
6
527 493 593 389 557 419
8
136 785 312 594 550 646 303 276
9
207 419 752 27 782 371 925 143 245
6
267 29 689 287 637 141
4
231 265 139 37
5
301 514 319 975 141
5
480 555 943 170 578
5
715 516 313 784 345
4
10 419 413 128
2
475 426
3
822 844 329
2
610 993
3
793 553 846
9
800 37 178 180 771 997 656 317 94
9
153 744 323 707 801 586 753 905 424
8
928 664 921 961 302 502 272 804
5
938 972 860 415 939
3
502 351 355
4
343 295 736 469
2
994 552
7
816 1000 507 879 794 877 381
2
343 944
6
708 257 941 573 4 375
9
293 931 93 192 119 559 914 302 607
1
453
4
344 854 737 492
8
445 603 16 309 600 678 394 853
5
510 313 133 75 94
6
199 948 136 35 194 647
3
679 255 897
1
339
9
693 147 58 531 582 629 399 544 5
5
618 328 969 536 304
10
186 199 749 396 897 322 862 763 119 599
1
308
3
86 518 948
3
817 942 976
4
227 522 418 476
8
706 946 117 482 56 504 891 942
2
918 211
4
558 857 262 729
7
596 864 201 251 348 217 559
10
803 231 206 985 838 510 356 257 942 42
3
491 37 445
5
833 986 974 79 532
8
82 30 589 498 969 757 353 739
5
855 576 636 757 54
4
916 761 335 743
7
553 145 724 139 418 584 333
6
951 88 123 74 898 636
7
81 888 372 92 904 740 140
2
406 420
9
782 800 506 701 884 774 648 633 144
3
142 985 96
10
7 149 249 606 590 956 921 319 189 424
6
51 764 211 314 583 884
10
480 370 590 626 463 544 621 871 704 229
7
583 703 142 201 243 421 588
9
409 783 614 813 104 97 548 158 547
3
592 487 456
10
248 640 441 271 528 316 796 758 610 69
5
278 99 273 715 643
4
396 276 901 154
9
514 535 413 6 811 287 393 614 304
9
210 124 139 227 360 218 367 272 13
10
640 176 460 288 447 74 369 843 931 557
3
35 160 157
4
516 249 57 348
1
264
6
940 601 385 227 982 496
9
369 478 60 6 986 465 191 914 481
3
156 516 41
2
640 966
7
344 3 570 954 854 307 471
8
955 216 765 742 365 554 282 314
3
421 807 166
9
564 665 42 944 88 530 969 755 425
5
693 567 424 225 330
4
71 322 6 643
8
186 833 251 729 145 257 518 901
4
964 784 246 910
3
316 990 706
5
784 989 962 530 892
6
795 963 613 76 186 42
2
417 256
6
219 452 721 924 171 946
1
377
5
750 821 617 166 50
2
904 882
10
479 85 985 512 788 257 452 268 665 246
4
20 179 932 716
5
933 337 496 794 905
6
455 236 639 849 745 466
5
135 508 734 884 958
5
713 292 787 566 47
6
169 225 400 866 801 882
7
905 218 790 889 297 316 942
5
465 631 293 692 546
2
169 513
7
361 835 414 592 297 306 203
5
374 663 211 289 217
8
139 724 802 687 545 480 512 762
7
398 76 155 915 973 991 514
4
143 204 442 275
8
270 173 362 616 92 599 26 543
10
152 881 61 157 489 565 90 484 828 669
6
535 493 263 494 207 966
7
438 100 561 412 280 456 537
7
998 173 429 15 768 85 867
4
331 27 580 485
7
257 667 255 854 2 1 35
4
412 837 570 254
1
834
7
995 315 82 760 654 578 796
3
508 250 565
7
380 725 519 918 879 910 360
8
919 884 25 922 460 413 683 5
1
254
8
581 674 326 931 337 262 915 482
2
797 329
10
840 199 472 753 84 125 553 537 825 278
4
985 237 921 171
1
366
3
929 401 448
4
21 679 387 454
7
594 630 761 769 683 306 556
2
197 748
7
321 778 857 124 315 953 824
4
489 295 888 153
4
269 653 990 133
6
343 429 591 867 620 613
9
274 102 948 357 737 590 881 14 610
4
858 130 828 646
1
154
3
979 910 540
9
158 40 919 781 14 185 773 414 614
8
897 835 519 463 359 247 744 561
7
69 638 671 858 772 334 897
4
873 391 976 210
10
117 856 958 895 983 739 930 297 252 331
8
640 573 709 59 307 648 832 775
2
427 364
4
98 97 115 312
6
44 428 957 488 223 610
2
58 594
3
518 878 919
7
218 454 177 318 90 677 91
9
362 931 512 806 367 297 627 724 163
8
845 705 926 436 795 978 306 884
2
768 659
6
637 210 923 837 922 891
9
965 804 798 501 388 681 912 784 724
7
948 165 16 511 473 381 817
7
872 406 6 303 982 559 783
2
381 901
1
109
6
149 767 197 934 678 391
7
21 135 717 493 515 918 351
4
79 929 900 181
5
684 921 365 684 4
3
308 331 613
3
237 318 650
5
914 506 234 344 357
4
543 92 138 778
7
775 770 65 781 43 516 998
6
930 626 31 332 856 958
1
949
10
941 304 995 772 636 888 362 228 955 191
4
259 889 122 17
6
291 806 435 561 165 692
5
150 573 423 1 816
4
772 242 11 107
4
961 873 694 824
6
352 316 826 101 1 823
3
614 397 747
1
331
8
934 768 961 273 667 145 690 501
4
879 104 177 978
6
611 724 323 17 63 20
3
862 57 710
6
260 590 720 240 668 548
10
543 930 709 32 792 316 224 805 63 811
10
524 376 233 60 575 302 715 171 882 400
7
236 465 714 309 40 756 130
8
492 762 344 843 292 224 517 307
4
175 925 336 526
4
600 25 6 428
8
402 716 399 925 917 673 980 905
10
717 187 362 345 641 121 260 632 552 477
8
519 972 307 980 443 450 666 136
8
353 488 206 480 774 558 551 493
6
998 947 124 14 311 223
8
343 797 174 560 247 905 995 432
10
324 420 971 75 577 452 487 285 69 361
2
780 713
10
140 498 191 562 725 56 614 991 450 985
9
633 153 572 783 380 104 504 30 492
2
602 177
7
949 271 405 84 546 62 203
1
15
10
465 103 830 896 447 268 702 458 364 878
5
325 385 592 171 710
1
814
5
758 433 214 36 900
10
423 438 325 82 717 121 790 851 441 428
8
335 651 803 340 735 753 261 159
10
648 688 624 246 818 127 148 692 57 947
6
673 748 691 47 43 177
10
49 419 723 470 815 970 66 850 179 536
7
675 248 667 141 933 67 721
3
848 217 57
8
630 403 972 455 15 622 138 520
5
59 222 141 848 584
2
408 694
5
309 33 880 117 973
6
815 710 946 9 379 462
4
912 195 611 394
4
640 637 39 518
10
749 456 387 274 977 475 966 947 612 97
10
200 351 674 110 707 71 970 187 480 255
3
455 897 669
7
941 367 734 339 239 421 386
6
944 909 114 463 53 661
6
505 208 387 943 575 417
1
903
5
797 424 367 298 949
10
952 999 691 851 993 250 841 702 678 587
2
231 81
2
263 232
4
671 460 723 244
4
706 997 230 524
10
329 265 264 638 239 905 613 243 901 504
2
478 252
9
745 393 473 236 77 433 241 747 613
8
719 118 944 659 936 712 970 213
4
261 780 689 611
9
454 124 723 873 786 434 228 455 501
3
10 409 769
6
851 476 353 305 539 315
4
354 651 648 931
6
325 700 399 791 926 401
9
127 22 337 123 822 995 607 541 364
3
276 100 695
7
906 228 464 976 583 729 519
8
358 81 891 866 726 850 119 949
3
897 612 840
3
578 811 107
5
866 30 901 665 103
7
906 841 1000 735 79 535 591
10
293 143 953 172 730 754 710 33 249 833
10
528 304 809 471 18 338 629 916 121 288
8
20 559 910 366 635 440 106 65
4
989 169 189 524
3
999 565 874
6
789 636 18 796 912 940
6
443 746 875 731 666 534
9
969 495 912 53 126 174 150 503 955
4
870 439 902 987
1
149
8
672 722 37 420 324 454 516 704
9
770 662 302 847 355 686 237 552 962
4
962 872 681 185
8
922 543 436 338 629 147 420 908
6
162 324 703 78 779 699
9
450 380 202 88 643 790 641 296 877
7
153 542 64 650 901 407 135
3
647 576 786
5
831 235 95 232 934
9
117 88 453 27 222 287 404 868 115
7
532 781 646 396 332 714 375
10
537 577 211 267 349 1000 393 712 346 846
3
407 694 881
8
223 930 95 262 324 816 895 20
7
213 92 544 109 737 90 985
6
729 728 467 794 321 474
2
980 19
3
757 898 689
5
707 764 838 9 183
10
121 810 410 868 738 815 987 725 376 835
6
50 164 473 191 677 200
10
2 326 927 311 764 892 85 652 828 311
9
794 164 367 400 580 742 161 269 494
9
103 272 728 802 785 655 843 855 54
5
530 121 559 45 512
8
727 611 883 407 101 881 565 185
7
121 525 59 433 464 43 831
10
518 155 893 456 536 217 305 793 126 396
4
432 409 106 655
10
41 896 494 873 212 362 285 107 536 181
2
555 835
1
728
2
610 151
7
734 597 6 383 779 381 663
1
907
8
152 811 236 119 844 42 266 840
10
213 480 817 550 206 747 17 166 990 975
1
53
7
831 847 533 275 357 448 911
9
434 486 6 772 834 47 615 567 166
10
257 123 446 825 47 370 264 415 970 627
9
280 365 855 431 963 291 307 772 756
10
278 295 875 344 877 625 268 539 47 239
5
655 974 778 118 862
9
251 509 334 476 443 314 680 965 925
10
76 228 555 362 121 628 162 186 413 734
10
77 785 110 582 645 401 703 305 931 250
3
317 539 960
2
656 233
3
17 865 545
10
389 592 252 160 266 971 94 621 553 972
8
122 9 54 119 749 513 838 737
4
251 296 323 718
3
541 421 979
6
567 99 97 567 362 911
10
22 703 320 19 484 743 757 577 679 916
3
532 904 560
6
98 322 299 667 966 78
1
897
5
318 104 585 192 109
1
987
6
252 48 452 818 456 193
5
239 899 925 412 840
8
208 409 462 796 290 657 931 508
6
999 548 453 981 469 261
10
167 893 497 633 460 505 888 251 651 942
5
908 504 411 450 213
3
18 916 90
1
389
4
614 472 445 962
7
82 740 386 458 483 396 819
4
279 427 98 746
1
662
6
702 707 185 267 625 532
2
13 84
1
242
4
831 922 950 518
5
30 518 16 363 530
3
206 436 605
10
205 594 608 188 988 381 162 807 805 938
4
555 485 314 322
4
509 422 879 5
3
879 148 146
5
723 701 898 465 648
4
889 428 303 217
8
798 793 8 726 752 673 529 57
5
221 841 53 846 793
4
670 428 886 11
10
223 588 228 481 192 445 510 928 45 497
1
143
2
753 9
10
607 505 980 887 855 300 133 249 614 123
1
115
9
825 926 714 987 22 437 730 555 942
10
431 520 776 269 779 375 12 632 171 440
4
527 2 805 149
7
928 662 977 173 710 40 821
3
865 633 470
1
8
10
381 100 960 49 785 195 754 563 296 925
10
895 958 26 575 990 69 881 48 192 103
3
49 990 353
1
913
2
261 407
10
79 816 784 775 579 73 626 145 608 726
1
72
6
115 998 862 62 501 977
8
97 731 54 852 689 884 104 787
10
399 140 338 400 739 864 683 121 54 526
7
278 437 806 803 628 686 406
8
935 645 690 692 323 680 321 206
