5233 1
4738 2
2681 8
3757 16
4037 8
5957 1
4721 1
2051 1
5168 1
4607 4
1106 64
6504 4
4522 1
5287 4
2543 16
4143 16
5254 1
1087 512
3329 1
5477 16
515 256
4807 16
6709 1
1023 1
2477 8
3156 1
3595 4
3067 2
4693 4
5957 8
2638 1
3679 1
1023 1
524 64
5419 1
4932 1
3297 2
2047 1
3082 1
5128 1
2454 1
4306 1
3984 16
5580 1
1058 1
2495 1
1284 1
3285 4
3918 4
5074 1
2110 1
127 1
3312 1
1551 256
2201 1
5198 1
63 1
1202 32
4323 16
3615 1
6669 8
5247 1
1023 1
6088 8
2422 16
4162 1
6263 1
3293 1
3514 8
5977 2
7486 1
5931 1
1150 1
5148 2
4640 1
4926 2
1023 1
2047 1
536 64
255 1
3546 1
4856 1
5188 1
6063 1
1400 16
3391 1
4193 1
511 1
2046 1
600 32
4649 16
4118 8
1380 32
5471 1
6244 2
5825 1
6880 4
3816 8
4683 16
2915 16
7355 2
3326 4
3203 16
2046 1
5666 8
4806 1
1023 1
2279 1
5570 8
6102 1
1218 64
5782 1
1676 32
2480 1
4549 4
1023 1
1054 1
525 1
1441 16
5705 32
3974 2
1023 1
5251 1
5667 1
3666 32
4367 8
5940 8
2975 32
3155 16
5209 4
4356 2
4372 1
2070 1
1231 32
3231 1
63 1
3837 1
5649 16
6239 8
5267 1
4614 1
2336 1
4129 8
801 64
4258 1
511 1
2062 1
520 128
2986 16
1147 32
3046 16
3265 1
1023 1
6885 4
5428 1
3122 1
2407 32
2006 4
2183 1
1673 1
2467 32
3890 1
5851 2
5197 8
5087 4
1152 1
1023 1
4567 8
3982 4
2350 1
5698 4
5792 4
3654 4
511 1
6340 16
4245 1
4412 8
3078 1
5519 16
4083 4
3721 1
1023 1
2319 1
7399 4
4175 1
3453 8
3981 1
4289 1
1999 32
1023 1
2711 16
6999 1
3886 8
2339 64
2010 4
511 1
6089 4
512 256
255 1
4230 1
3205 1
3089 1
2094 1
5642 2
6556 4
1185 128
2350 32
4628 64
4486 1
6511 8
741 16
3401 1
3466 8
6548 2
5119 32
5255 1
5750 4
4412 1
3008 16
5555 1
4950 1
511 1
2110 1
3300 16
3 1
6365 4
2480 32
511 1
5267 4
6564 8
4117 8
1109 64
7064 2
5189 128
5072 4
6233 1
5919 1
5133 256
2981 4
1448 32
1083 64
255 1
31 1
3814 1
7924 2
2206 32
4082 4
3829 16
4873 4
6182 32
3663 1
2065 1
3032 8
3821 16
4557 1
5111 1
3327 1
3420 8
1459 32
3913 32
1023 1
2412 16
6004 1
2206 1
511 1
2243 16
4374 1
5143 1
3255 16
5924 1
1352 64
255 1
511 1
6298 8
5483 8
2908 8
5179 1
3069 1
4583 1
691 32
2462 8
4100 1
6429 1
4876 4
2690 128
511 1
4928 1
1023 1
3437 8
4934 16
2062 1
5813 16
2794 8
3093 1
5795 1
4568 4
5845 1
2363 16
2018 8
3879 32
6495 16
2232 32
859 16
6280 16
1177 64
3944 8
5652 1
1023 1
2474 16
4054 8
7107 16
568 32
5371 4
3720 8
5725 1
1991 32
6255 64
5452 2
511 1
2582 1
511 1
3398 1
2088 1
255 1
4874 4
2814 2
1023 1
2249 32
6274 4
3702 32
3406 8
3798 1
1293 64
4982 16
3150 16
4484 1
5509 32
4099 8
511 1
6482 1
3601 1
3340 1
4309 16
5463 4
1103 256
5813 4
1022 1
4934 1
4876 1
511 1
5875 1
3135 1
5141 1
1683 64
3592 1
2632 1
2083 1
3595 64
3464 1
5840 16
2054 1
338 16
5232 8
7435 16
1515 16
6922 2
1466 8
4026 4
7604 4
3122 1
748 8
3233 1
2062 1
4568 4
7021 16
633 16
5240 1
2174 1
2462 1
4726 4
2211 1
255 1
255 1
4614 1
834 32
2119 64
2262 16
3301 1
4464 1
3703 16
2535 4
2623 4
2118 1
6292 8
2046 1
6467 1
5333 1
3205 1
6265 8
6272 4
4312 4
3589 1
1023 1
5208 4
511 1
4910 1
5227 2
2541 4
1023 1
3849 1
4524 4
5971 8
4496 16
738 16
6380 8
3419 1
3005 2
2047 1
4753 1
5962 1
3457 1
5287 1
511 1
6429 1
5201 1
4360 32
1799 8
1664 128
6186 1
1023 1
3118 1
2634 1
3326 32
1272 16
4772 4
3882 4
5497 1
3351 16
1064 128
15 1
31 1
7028 1
4460 1
4542 1
762 4
2738 16
572 16
1337 32
5641 1
5662 32
5195 1
5964 1
1023 1
3939 1
5764 4
4900 32
2927 16
4164 1
2566 256
5594 4
2587 4
4672 1
1023 1
2408 16
511 1
1715 32
2637 2
2008 8
2718 1
6460 1
3263 1
1025 512
1023 1
5903 1
5667 1
3117 32
3070 1
527 256
4649 4
2642 32
2560 1
6267 1
2047 1
4900 1
2204 1
6632 1
4359 1
5244 1
2079 1
511 1
3885 1
5546 8
3649 1
6814 2
1231 128
2302 1
1022 1
2196 64
3071 1
2997 4
2536 16
6609 1
2084 1
1063 256
1731 64
4541 8
4574 8
4952 16
1023 1
1376 64
5496 1
5857 1
5606 4
1231 128
5289 16
7079 8
3809 1
6494 1
3488 1
3319 8
2485 8
4110 1
63 1
511 1
6978 4
2754 64
5385 8
5303 8
5233 1
2243 1
3070 1
511 1
6395 2
1023 1
3217 4
3951 1
1848 4
4898 4
5903 1
1497 16
5041 1
4603 4
5024 1
3247 1
3397 16
4652 8
4282 4
5285 8
5127 2
5572 16
1414 32
3585 1
4421 1
6239 1
5704 1
3103 1
2840 8
6236 1
2048 1
7290 1
3136 128
5337 2
3689 1
6185 1
2174 1
4458 1
1055 1
5892 1
4508 1
6103 4
6361 8
4867 16
6311 1
667 32
5596 1
4936 16
3381 64
3466 32
6053 8
1111 128
255 1
4249 4
5393 4
6482 4
3365 1
5559 1
2898 32
2936 8
3594 1
5363 2
2729 8
511 1
6335 8
4780 1
511 1
4662 1
6901 2
6208 1
5246 1
3297 1
4431 8
4212 4
1762 16
2322 128
1241 32
4664 4
5208 1
920 16
4220 2
3041 8
3086 1
762 4
1240 1
3837 256
6141 8
4765 8
3281 16
1610 32
5162 4
5317 1
923 16
5638 1
4237 1
5516 2
5283 1
1023 1
2588 4
3091 8
1023 1
5765 1
3731 1
3549 16
1378 32
6307 4
2378 64
5456 32
3698 8
5131 1
6942 16
1866 16
4261 16
3329 1
5453 1
6692 4
2664 32
2692 1
1601 128
