647
7
363 836 989 815 485 929 630
6
578 356 734 566 756 702
4
595 43 179 696
6
923 197 763 782 850 170
6
67 587 559 210 998 968
9
419 976 337 320 292 222 537 159 773
7
882 619 878 638 412 940 205
3
640 754 360
9
215 208 484 613 610 291 814 926 52
8
177 35 924 961 18 739 388 593
2
545 397
10
322 296 665 809 151 57 524 119 274 527
7
636 420 119 552 708 118 274
8
914 974 331 492 313 106 848 235
4
331 532 242 604
6
280 838 72 847 313 189
7
719 754 755 620 827 398 924
2
791 168
5
106 49 601 887 256
10
142 643 880 432 708 380 845 808 299 128
2
164 351
8
51 467 724 431 622 925 258 161
10
390 327 390 66 25 140 66 558 692 883
1
864
4
168 377 845 819
5
888 411 779 155 175
6
157 880 508 168 827 915
4
204 951 663 529
6
483 431 156 765 293 481
10
179 54 521 716 662 42 373 828 95 951
3
826 574 657
5
983 934 375 853 510
1
802
2
118 388
9
900 459 3 873 162 908 495 572 322
7
861 24 362 380 899 871 347
4
43 683 227 248
3
382 730 772
5
559 445 603 365 646
9
228 395 847 814 179 693 519 245 848
3
204 143 681
7
308 700 213 187 297 982 909
6
924 135 273 122 698 38
7
301 298 157 288 956 414 139
3
92 71 406
3
801 279 783
3
349 356 420
4
772 947 274 866
6
315 87 454 595 180 671
7
991 116 27 983 484 415 490
3
818 175 404
1
89
5
5 834 351 619 203
2
853 698
3
480 896 132
7
427 839 641 685 698 775 889
1
33
2
974 130
6
372 873 891 306 421 168
5
963 209 260 444 28
10
700 379 939 342 621 498 306 448 885 271
9
71 101 650 776 279 764 555 390 900
1
731
8
680 676 136 530 117 681 850 730
4
433 485 552 776
7
892 839 200 192 821 701 95
9
653 348 900 967 314 358 874 733 841
5
411 586 325 100 593
6
884 852 377 130 528 397
10
780 28 685 684 678 44 444 374 859 845
10
314 285 365 418 71 653 147 335 278 940
9
208 602 307 10 390 940 274 992 455
3
5 371 376
8
462 397 346 831 703 634 925 658
7
599 168 777 819 570 993 508
6
609 905 960 763 629 996
1
679
3
533 483 13
2
19 501
1
245
5
146 241 760 724 354
7
323 270 78 90 526 661 395
9
987 121 40 296 449 940 580 740 418
9
729 192 153 398 208 693 688 532 495
2
710 64
5
72 756 111 977 681
5
722 39 686 559 570
1
492
3
397 634 884
2
40 398
6
12 293 967 407 188 414
6
19 944 514 831 4 764
2
956 294
9
408 66 858 957 799 25 164 418 835
10
845 356 288 842 600 424 24 146 366 767
7
920 263 854 567 848 852 934
10
800 823 443 841 523 588 825 25 728 364
6
464 722 183 439 738 708
8
891 193 183 645 175 789 686 465
4
212 908 795 806
10
719 635 855 991 613 293 531 645 366 587
6
711 770 226 510 61 998
6
169 303 653 762 314 834
3
648 183 844
10
921 224 78 904 580 538 439 391 349 916
7
417 302 390 563 882 422 957
1
840
3
584 348 90
8
545 648 618 878 14 902 765 332
9
289 610 434 134 621 701 249 481 133
2
613 345
9
881 520 327 1000 971 461 61 719 756
2
846 572
3
179 182 762
8
811 697 995 261 509 555 266 159
1
519
3
10 453 407
3
28 44 204
4
263 220 274 362
10
968 71 293 99 324 704 943 779 959 421
6
640 167 337 380 660 20
1
640
9
705 46 500 479 512 727 371 841 626
9
561 89 664 507 735 468 950 526 872
4
626 672 707 597
6
590 383 235 746 204 97
10
799 827 589 856 306 391 197 27 984 388
4
418 715 900 876
4
618 656 229 586
8
757 133 352 706 140 841 509 179
6
492 781 631 448 327 265
7
701 475 542 623 378 6 175
3
356 931 643
4
431 74 124 344
5
560 251 904 501 164
1
52
5
155 567 198 32 509
8
509 760 323 437 490 389 29 656
10
978 429 632 806 519 239 9 888 782 285
7
243 329 972 313 285 784 371
7
149 996 452 280 447 55 620
3
854 403 907
6
7 931 300 288 786 209
2
288 509
7
60 751 354 982 91 742 381
1
342
3
556 489 514
2
446 72
4
955 522 864 381
2
864 227
4
699 528 915 248
5
884 114 985 304 571
1
540
10
414 779 142 17 70 322 806 453 833 25
8
311 918 535 885 393 340 217 257
5
789 495 180 631 889
4
662 493 773 287
2
654 678
3
489 409 719
5
84 181 495 148 419
4
248 890 544 7
5
294 325 595 279 5
10
75 99 697 938 993 128 499 822 675 165
8
374 281 293 278 757 976 917 241
6
903 405 413 163 501 510
3
9 20 372
1
663
6
667 821 967 232 590 746
6
524 228 850 324 921 981
3
91 211 660
10
380 873 886 16 755 749 441 51 710 57
10
696 192 14 688 506 698 52 841 305 622
6
594 964 459 106 618 7
1
477
10
81 392 442 289 275 971 454 622 820 568
7
488 642 360 896 160 211 863
6
514 803 755 595 944 233
5
872 946 82 146 169
10
70 718 439 864 103 404 809 432 570 946
6
658 866 622 192 902 231
5
784 989 205 585 984
1
855
3
259 487 777
10
989 316 657 276 470 219 227 465 137 423
7
539 333 727 540 460 301 725
6
53 653 349 533 750 407
5
230 725 553 975 672
7
331 570 724 871 31 243 323
2
812 771
1
710
4
208 213 677 549
9
430 441 440 44 701 132 290 930 396
6
155 882 274 829 905 313
4
423 218 637 549
2
925 953
1
474
10
969 749 756 337 970 191 72 265 231 389
2
334 176
1
213
7
922 441 33 641 822 88 424
5
72 317 438 623 586
5
210 921 48 692 331
3
938 96 807
10
813 201 403 176 771 245 642 686 837 72
10
112 737 239 723 367 656 728 97 63 754
2
811 118
4
833 624 384 413
8
957 200 498 458 897 775 574 237
7
119 969 119 473 575 750 585
10
654 928 720 234 479 177 610 837 623 185
2
187 418
5
637 691 489 573 41
4
606 856 966 906
10
289 227 10 625 749 707 524 408 673 560
6
819 560 909 955 686 806
9
964 875 518 990 491 69 206 808 157
8
927 853 348 279 888 464 461 118
7
696 355 765 262 809 500 294
4
666 214 689 863
9
319 286 766 953 691 175 6 694 64
7
822 55 827 243 589 805 625
1
371
3
818 37 139
6
854 466 219 94 868 669
1
2
10
734 772 554 489 127 807 613 104 150 703
4
904 277 854 121
1
326
8
337 499 727 721 661 309 497 420
10
29 554 560 637 898 352 198 520 551 391
6
848 942 287 658 541 329
2
575 406
10
41 443 985 973 782 642 392 939 640 691
10
80 803 947 984 277 230 82 917 246 575
8
645 707 12 530 448 961 528 305
9
801 660 238 665 662 876 271 937 876
9
26 202 212 461 960 873 977 471 971
10
442 427 602 626 896 617 122 836 384 145
4
852 99 609 833
2
902 464
2
666 345
1
246
1
22
5
558 620 330 972 867
10
410 5 188 231 125 112 222 660 648 1
4
717 620 273 300
6
192 513 956 442 485 300
6
268 565 886 427 32 195
8
724 365 218 189 863 939 138 349
10
88 177 824 482 567 424 244 460 268 578
5
43 486 955 260 142
3
693 541 345
4
666 507 395 296
6
502 581 763 804 710 445
7
177 460 846 392 454 771 722
7
589 982 465 244 730 516 688
5
754 27 718 55 940
6
128 790 255 79 576 902
2
45 614
6
218 752 79 877 297 146
1
610
4
922 131 265 894
9
258 31 559 981 607 784 825 153 876
3
256 589 343
1
429
4
720 151 306 960
7
812 694 102 867 839 338 9
9
655 783 937 120 330 74 411 176 765
4
774 715 969 701
9
533 171 74 416 487 129 723 932 463
2
717 123
1
144
1
308
10
306 928 637 630 441 799 746 735 763 305
8
406 930 395 999 15 70 179 233
4
795 3 437 497
8
301 416 829 672 70 897 211 443
5
929 986 718 49 308
5
962 990 997 979 514
2
94 277
4
856 182 160 720
5
784 96 524 568 587
9
571 453 356 73 784 223 48 269 78
6
203 248 235 705 374 31
4
122 462 583 499
1
408
7
622 718 829 567 296 617 332
1
745
6
888 376 876 42 153 574
8
202 945 969 354 895 995 314 244
3
283 664 117
10
786 43 38 698 977 36 559 217 985 178
4
678 478 44 438
5
378 130 885 19 917
9
481 332 840 679 284 147 148 946 215
6
749 929 790 381 796 535
9
96 126 656 60 379 533 919 625 692
4
946 14 81 720
2
564 552
6
296 533 182 215 747 354
10
962 427 273 902 289 82 352 43 196 721
4
420 125 747 904
2
428 271
10
837 790 589 94 578 90 17 18 395 550
2
167 962
6
251 832 32 428 322 969
9
364 736 363 842 542 975 214 381 800
1
994
4
676 768 418 268
6
78 991 813 395 528 833
10
570 598 902 633 452 964 941 133 751 523
2
326 128
8
863 836 833 707 137 625 687 307
6
562 336 758 380 677 985
9
666 189 329 851 760 64 93 198 549
2
713 766
10
28 608 522 100 384 388 398 746 323 478
8
514 86 20 667 628 194 305 354
1
315
3
712 557 970
1
370
5
851 25 643 672 171
3
288 996 753
1
246
8
45 867 471 695 661 784 123 828
4
189 303 269 609
1
920
4
314 952 197 652
10
434 548 7 714 406 542 763 384 608 582
6
934 803 12 493 334 900
6
949 37 178 926 470 572
5
140 655 872 896 702
2
658 99
8
422 627 145 234 992 312 741 433
4
846 535 316 813
7
650 205 303 738 115 922 722
10
133 857 282 968 161 594 247 513 522 444
6
56 471 794 583 11 128
1
283
9
77 943 845 191 657 781 696 554 596
5
937 725 833 168 612
5
264 826 500 505 584
6
255 4 399 748 676 19
8
168 547 520 741 53 381 371 70
2
508 595
10
994 594 409 207 393 947 384 709 65 871
3
348 195 420
7
565 692 205 867 613 967 39
7
642 874 730 187 633 611 275
1
353
9
255 274 42 521 938 944 63 53 412
5
494 669 69 888 705
7
416 856 916 536 496 846 946
2
927 756
5
323 65 503 558 407
3
556 665 776
3
994 434 632
6
459 32 529 495 953 95
5
124 201 88 766 832
10
589 734 730 964 405 658 430 175 193 288
3
549 342 978
2
86 250
8
138 305 396 41 686 512 228 902
10
221 113 111 75 225 644 690 16 161 543
2
120 619
10
664 690 567 124 216 484 912 144 719 644
2
79 523
6
380 789 513 743 395 838
10
479 213 166 461 364 790 451 476 428 638
5
359 49 703 60 989
2
225 499
5
129 46 549 782 389
3
521 973 166
6
226 604 522 558 66 754
10
615 996 790 760 933 201 129 994 965 538
2
406 19
9
56 406 560 551 500 232 787 976 171
3
444 963 191
3
324 783 274
6
120 251 420 132 135 930
3
739 953 499
1
167
1
187
7
921 453 304 244 650 400 999
2
322 510
4
855 477 187 536
4
132 774 76 856
5
70 464 677 475 727
7
36 656 697 923 925 213 456
6
828 126 713 485 2 489
4
293 933 436 545
4
544 117 260 620
3
981 630 226
10
883 199 997 775 920 134 801 15 344 920
3
302 225 667
9
118 892 523 525 952 608 375 591 984
9
365 78 683 94 841 478 451 666 857
5
21 854 237 801 98
10
218 3 950 744 293 658 258 364 101 440
10
278 429 413 592 802 384 292 365 720 707
6
947 387 281 299 874 68
5
720 902 867 245 783
1
845
8
559 114 409 529 756 288 557 948
1
503
7
342 133 865 350 148 949 397
8
11 130 801 447 55 652 112 819
4
31 893 286 947
1
801
5
136 95 109 828 167
6
964 195 347 52 160 152
10
235 1000 207 790 215 128 963 579 200 846
6
124 607 832 907 805 929
2
149 393
10
805 777 359 459 177 417 417 875 919 831
5
737 764 56 313 123
4
569 757 815 92
3
180 34 842
7
611 530 12 216 97 680 326
9
101 406 928 893 75 599 247 211 46
5
236 550 127 341 538
9
328 358 902 157 95 37 606 685 854
1
385
9
504 494 83 978 256 451 896 814 288
7
983 114 674 526 700 796 797
6
775 733 563 864 900 505
4
486 382 376 297
2
888 518
7
991 810 956 612 926 878 944
1
829
5
762 985 618 54 436
3
961 721 626
6
799 868 625 25 414 147
2
735 473
8
656 928 219 836 275 134 776 612
6
533 757 23 207 792 18
9
903 997 131 285 454 118 75 836 890
6
807 174 765 305 286 630
2
524 474
1
8
1
21
9
349 113 920 80 80 225 244 416 152
7
849 719 804 485 20 336 989
7
238 700 155 927 941 558 446
2
257 5
4
371 854 584 345
2
421 103
2
772 449
9
591 281 104 225 754 181 4 898 688
10
120 895 509 595 345 977 729 447 799 246
9
609 11 942 234 302 975 777 836 172
9
767 347 488 880 692 210 316 278 435
1
687
5
481 360 122 461 944
8
786 935 634 821 151 871 972 434
8
273 775 53 49 155 909 143 943
4
2 869 172 186
7
251 851 305 407 567 720 243
4
825 962 574 205
8
613 918 727 889 26 694 793 86
4
961 208 330 902
7
167 748 657 147 750 414 788
1
963
4
743 119 907 127
1
334
2
779 576
4
673 779 416 421
2
920 958
3
640 727 984
9
40 411 550 134 181 648 182 656 361
5
277 979 39 829 523
2
744 277
1
652
9
763 1 364 555 655 887 914 687 193
9
598 5 507 717 360 656 272 435 198
6
863 195 188 687 851 269
4
483 183 107 705
2
507 20
8
886 561 190 948 267 150 100 633
4
852 177 214 279
3
863 558 978
8
584 950 865 332 828 369 867 898
3
362 584 950
7
363 654 283 387 636 472 276
3
639 830 286
10
144 429 181 676 193 618 373 681 896 49
7
777 473 945 499 577 550 408
7
283 959 301 933 514 920 962
3
730 916 260
1
415
5
611 925 741 170 618
8
298 489 809 280 869 754 928 899
5
608 621 950 198 989
10
931 881 955 566 482 682 945 726 384 68
2
875 68
3
133 765 522
3
2 144 509
4
86 853 160 805
5
567 196 431 779 594
4
550 341 323 407
4
72 761 325 542
9
787 504 599 551 749 901 929 900 407
3
815 502 230
2
149 834
2
830 517
6
708 111 559 909 862 528
6
715 73 665 54 733 670
8
472 650 534 437 913 123 298 365
1
961
2
855 457
9
442 250 877 939 425 874 222 552 372
9
938 176 667 835 242 994 569 951 113
10
432 239 111 832 792 313 859 591 249 912
2
409 694
8
661 427 933 87 648 854 780 563
10
274 619 930 393 310 374 9 302 853 183
5
454 766 453 345 157
9
709 135 406 494 503 743 47 371 470
5
687 57 662 315 679
4
958 853 726 716
4
806 208 438 999
7
787 484 199 183 522 369 582
1
34
1
418
10
224 159 117 648 399 621 93 116 568 437
4
74 895 533 996
10
411 866 118 60 653 607 882 421 564 403
8
801 624 254 968 864 531 690 261
9
994 340 725 597 233 706 297 770 401
3
165 959 413
5
165 780 659 379 323
1
376
8
916 961 249 714 721 693 736 769
1
726
4
506 429 434 694
5
99 500 638 27 247
6
16 390 296 500 147 157
8
119 411 226 352 933 943 816 898
9
706 534 670 471 55 877 224 611 802
2
604 121
7
901 136 293 527 697 584 529
8
926 806 367 382 553 495 744 8
7
453 488 123 84 323 779 978
5
960 497 153 65 642
6
861 247 447 380 689 769
8
686 468 961 712 405 77 744 399
6
722 555 117 78 736 992
8
791 529 999 372 504 375 518 909
8
261 801 199 488 129 551 609 25
8
953 600 687 818 387 860 732 471
2
437 973
5
173 208 437 77 776
7
739 605 887 259 802 381 84
9
876 198 751 762 633 714 50 292 662
9
159 635 440 334 180 289 906 96 920
5
388 106 80 712 798
4
546 416 625 817
10
5 541 947 827 126 759 17 415 414 73
3
815 970 178
10
105 183 206 190 493 760 320 568 611 224
6
48 972 798 33 959 192
8
429 94 833 91 636 69 927 82
5
390 788 413 354 791
10
997 396 623 733 532 504 843 457 773 159
3
20 283 622
7
587 778 518 9 259 845 250
3
322 28 156
9
326 326 647 489 999 49 145 508 793
7
175 87 581 661 604 341 477
10
467 928 369 77 670 777 11 782 637 965
10
956 673 350 552 345 973 563 465 587 617
8
608 359 2 468 511 601 766 270
9
24 634 853 624 62 732 189 936 514
2
105 266
9
42 313 843 484 727 241 652 749 755
6
898 766 820 612 525 669
6
962 116 299 43 708 693
6
687 331 225 541 29 881
10
533 752 81 850 308 963 148 239 257 206
2
61 922
1
243
6
923 206 75 912 173 128
8
406 159 348 753 745 183 629 122
10
459 333 109 517 292 463 586 694 240 321
5
398 88 561 603 652
9
181 92 403 390 727 573 656 477 914
4
849 503 600 938
4
988 353 746 813
5
621 969 411 826 755
8
755 287 556 600 462 527 44 658
4
995 41 684 813
1
340
10
178 38 850 149 766 518 579 171 821 953
7
339 921 87 495 412 232 656
1
412
7
483 874 490 750 252 775 985
10
540 717 848 930 600 324 218 337 630 521
9
228 962 545 772 184 771 890 628 995
9
840 573 991 369 455 801 219 39 49
5
672 562 281 367 313
6
563 241 817 963 824 991
6
988 822 393 935 90 790
2
531 783
4
796 355 238 901
2
8 813
8
413 935 789 658 573 277 112 359
9
933 38 71 975 230 685 360 743 797
2
319 345
6
532 8 650 383 752 665
4
586 939 980 470
5
198 127 703 783 299
2
108 360
3
417 161 388
6
983 824 431 356 728 515
10
757 448 597 702 347 304 469 806 945 730
8
269 567 682 289 737 347 901 657
4
583 777 755 878
4
413 346 262 461
8
346 425 924 988 716 341 99 231
9
910 90 677 528 496 814 356 530 3
2
260 359
9
351 818 487 663 206 977 350 813 293
7
25 880 399 633 555 991 108
8
674 896 661 456 916 186 771 412
9
284 930 736 871 112 77 327 965 747
1
761
4
798 384 541 349
4
383 126 585 205
1
705
9
545 173 812 624 621 353 686 510 971
5
519 96 981 869 788
6
119 313 30 795 814 582
2
572 160
10
639 380 793 170 127 462 430 861 950 471
4
725 458 317 878
8
291 14 397 604 103 469 118 884
6
587 680 628 257 298 54
9
98 382 810 985 527 918 157 253 488
10
279 611 245 42 9 144 427 745 457 351
4
314 278 331 303
6
491 89 487 173 640 257
5
26 983 544 737 200
7
748 205 313 182 130 170 642
10
111 78 259 409 258 155 629 6 808 835
4
502 252 65 801
3
844 821 588
2
551 922
