4677 2
511 1
5328 1
4796 4
3862 32
2885 16
3126 1
3615 128
3873 1
3613 1
4448 1
6381 4
3075 1
3197 1
4264 4
3205 1
4104 8
2434 1
2691 64
5952 1
5858 8
4308 4
6421 1
7023 1
4877 1
4749 2
5451 1
2303 1
1527 16
3391 64
1253 32
1023 1
2576 32
2340 1
1144 32
5378 4
3915 1
5943 8
5560 1
7566 8
2895 8
707 64
1023 1
1022 1
1042 128
3597 1
2960 32
5639 16
511 1
2465 32
4947 16
4162 16
4859 4
1023 1
1038 1
5864 1
1023 1
2183 1
603 32
1553 128
3276 8
1143 64
5415 1
6074 4
4100 1
5932 8
5164 4
2120 4
2129 1
5351 4
2389 16
1023 1
3723 8
4968 1
4500 1
6831 8
1255 64
2502 1
511 1
1293 64
5251 1
6120 8
1023 1
511 1
3274 1
5747 2
511 1
2863 32
5442 1
3175 1
4410 8
6250 1
5480 2
4934 1
1284 128
2066 1
6851 8
2110 1
5323 1
5648 4
3169 1
2629 32
5698 1
5873 2
2432 1
5884 1
3618 64
5394 1
6878 4
511 1
1604 64
5132 1
1529 8
2421 8
3834 4
6754 4
4636 1
5384 1
5139 2
511 1
2817 8
5000 1
255 1
2310 1
5963 2
5366 2
3085 1
6410 4
4789 8
2160 1
511 1
5874 8
1023 1
3916 1
3906 1
2961 16
