136
8
642 12 649 496 80 312 688 916
1
326
9
676 2 346 887 557 525 823 459 429
8
856 182 102 769 150 884 314 239
6
859 36 935 216 636 666
4
260 153 429 887
5
49 803 645 237 866
6
943 684 336 386 333 865
5
81 209 733 748 716
5
12 341 341 202 698
7
756 639 1000 71 702 327 168
10
156 815 555 810 393 928 942 482 735 245
5
691 592 408 844 297
5
983 452 873 114 766
6
890 74 154 172 91 561
5
269 571 465 620 330
6
756 430 692 781 528 143
3
193 699 130
4
215 621 220 611
9
36 577 673 329 426 261 45 397 550
10
493 962 750 239 589 475 339 775 528 516
6
360 877 802 808 4 579
9
112 216 873 394 176 827 474 264 322
10
248 962 97 466 277 477 475 895 979 963
7
740 138 437 378 456 647 394
8
964 901 519 317 439 800 161 176
9
253 360 935 421 884 193 648 949 182
3
848 298 926
2
769 262
4
568 774 609 798
2
309 556
1
518
4
116 780 366 798
3
469 844 916
2
173 811
8
294 5 134 180 756 595 637 293
5
836 119 69 265 116
10
569 241 188 5 692 104 749 869 969 481
9
516 346 486 627 364 361 568 11 808
10
194 503 617 192 87 165 663 184 466 367
4
306 170 673 432
2
346 97
1
904
3
10 245 365
2
414 626
5
654 770 681 198 889
4
176 906 501 349
8
86 32 888 273 232 773 214 47
1
479
4
976 63 844 256
8
761 417 284 180 617 484 467 701
6
156 137 367 364 611 447
8
504 549 560 427 245 491 498 533
1
839
3
511 185 340
9
16 392 195 695 901 815 545 970 739
1
822
3
801 341 7
2
109 462
2
671 882
4
980 894 601 733
2
390 513
8
944 45 869 602 805 54 309 855
10
692 702 204 266 291 874 43 534 826 836
7
596 905 846 180 429 367 54
10
526 631 953 17 980 465 183 831 71 747
8
607 916 353 208 769 513 815 379
6
195 418 465 459 15 424
3
798 690 446
8
653 397 300 799 790 810 440 740
4
888 487 160 808
1
962
4
924 923 687 933
7
863 878 971 281 862 322 50
7
24 973 442 653 930 485 843
10
646 655 524 233 727 855 673 842 259 41
2
85 834
3
403 916 423
1
429
2
219 554
9
618 643 190 22 932 857 331 371 827
10
67 74 812 515 699 216 679 320 251 615
1
604
1
302
5
804 326 52 403 572
8
695 395 456 851 478 940 489 347
1
416
4
701 75 790 721
7
516 625 989 532 397 683 550
5
179 250 787 154 816
8
491 521 625 241 974 377 289 580
10
470 764 343 82 842 957 586 46 606 652
8
709 450 511 978 678 279 836 847
7
800 84 355 420 985 469 234
2
918 364
3
745 3 906
10
942 517 982 478 979 429 873 435 837 379
3
903 30 289
9
207 795 940 224 117 450 738 793 494
8
588 821 716 978 853 636 234 46
5
285 132 56 913 589
4
437 196 56 782
9
381 656 334 443 53 886 986 934 382
8
337 458 458 229 897 993 10 211
3
879 794 355
9
514 932 852 929 567 288 971 62 96
6
637 971 374 403 291 942
9
510 590 342 76 475 689 597 962 606
10
183 436 610 101 827 456 235 257 489 144
1
407
2
604 998
7
229 791 88 326 433 27 184
2
226 743
4
316 678 2 751
6
881 364 245 188 351 517
10
737 421 132 987 529 944 846 656 68 716
7
705 745 205 27 116 41 811
9
373 694 193 371 468 28 758 996 674
8
418 71 907 756 923 743 965 196
1
326
4
984 508 244 51
7
836 301 822 150 318 770 270
1
240
3
715 699 92
10
197 788 130 153 960 623 588 10 404 678
8
370 134 719 376 359 888 626 346
5
436 57 577 385 880
10
566 541 846 329 28 893 946 514 171 38
8
430 552 676 274 986 503 498 856
3
683 802 167
1
327
10
336 741 913 15 163 921 3 790 258 222
1
885
5
958 966 899 534 292
5
906 324 964 863 532
4
237 827 210 151
