4135 1
3069 1
3052 4
4523 1
4117 1
3104 1
6993 1
5084 8
5733 1
4111 1
1515 16
5225 4
4220 1
5115 4
5447 1
4036 4
139 32
3761 16
1023 1
2708 32
4398 1
6393 1
4130 1
2174 1
5888 1
2230 1
3654 1
6625 1
1389 4
5150 1
2313 64
6236 16
5517 32
3814 1
5566 1
6382 1
4707 4
4616 4
2047 1
1023 1
3589 1
5430 4
2102 1
3572 4
1121 128
4708 1
4809 4
6020 2
2850 16
3010 32
5030 4
4693 1
5156 1
2078 1
1023 1
6382 4
5956 1
2238 1
6126 4
5938 4
1135 128
1118 1
4604 1
2065 1
5585 1
3167 1
3649 16
1023 1
4238 2
4357 1
5652 4
5712 1
3713 1
255 1
5931 1
5828 1
3959 8
4551 4
6310 8
1343 64
1159 256
4407 4
2759 32
2306 1
6044 8
5978 4
5212 1
1023 1
6016 8
3313 1
3357 1
6290 8
4652 1
1023 1
4618 4
6069 1
1388 16
1161 128
3394 1
7087 1
4929 32
5382 4
4374 8
1023 1
754 8
2483 1
511 1
2862 32
5524 8
4561 16
1078 32
4705 16
190 2
4657 1
5660 1
1572 64
4875 8
3077 1
5472 8
5757 1
5456 1
1023 1
2063 1
1230 16
4237 1
5681 4
5238 1
3655 1
4867 1
2142 1
2984 16
6319 8
5215 1
6128 8
6264 4
1895 32
4689 32
2048 1
3199 1
1156 128
5677 1
1259 32
4260 1
5119 2
2317 1
5749 16
6479 8
4245 1
6535 1
3206 1
3633 1
1023 1
3911 1
4125 1
1380 4
4787 1
127 1
255 1
1202 32
6394 4
851 32
3869 1
1023 1
5579 1
1095 1
6177 1
5453 1
5791 1
4429 1
2698 1
5627 2
1513 4
5385 8
2715 8
1496 16
3105 1
5285 1
3263 1
255 1
1143 64
1879 32
5981 4
1602 64
4636 1
3495 1
5465 4
255 1
5693 1
2046 1
5396 4
2178 1
4808 1
1823 128
3333 1
3357 1
5207 2
3461 1
5231 4
4940 1
6056 4
4440 16
2979 1
3105 1
1023 1
3647 1
3061 2
4617 1
1369 32
4310 32
1023 1
4114 1
3991 1
511 1
3730 1
1391 64
6942 8
3476 8
5788 1
6210 2
4864 1
3364 16
3368 8
756 4
2793 8
1022 1
4693 1
6107 8
6289 16
3104 16
3945 8
3093 1
2507 16
5558 8
2085 1
6483 4
1023 1
2559 256
3614 1
1405 8
328 32
255 1
4812 1
6137 1
1741 1
511 1
5408 1
1046 64
1267 32
3044 4
2813 2
511 1
1495 32
6282 2
1675 64
3836 2
2307 1
1392 32
4421 32
2694 1
5563 16
4833 8
5775 1
2046 1
1423 32
1378 16
7266 4
3486 1
1416 64
4299 16
6622 1
1107 128
6811 1
4325 8
3705 8
255 1
5767 4
3365 1
4784 4
2091 64
4948 16
5883 4
2142 256
1023 1
7751 2
2330 1
5323 1
4947 4
3061 2
2464 1
3081 4
4303 1
5854 8
4639 1
5541 32
2857 16
2455 1
4182 16
4992 8
6404 1
1023 1
3113 1
511 1
1524 8
3942 1
4537 1
3815 8
127 1
1023 1
3818 4
5911 16
5119 1
3050 8
4161 1
2402 1
4672 1
2773 8
3085 1
1737 32
4944 1
1367 64
1023 1
5775 1
3597 1
4408 1
4885 8
5637 1
3335 1
5765 1
3998 64
3087 1
4375 1
1023 1
2078 1
1537 256
3025 8
3 1
5299 4
1969 16
731 16
6987 16
4525 1
4703 8
7217 16
4801 4
3073 1
6348 8
2079 1
4937 16
511 1
5943 1
5168 1
2062 1
3664 1
4444 2
1570 4
2126 1
2198 1
5952 32
2218 1
6830 2
3077 1
1690 16
4329 16
3136 1
3808 4
3619 8
3607 1
255 1
2334 1
2177 1
4374 8
5519 1
3073 1
6751 32
2840 32
5218 4
3294 8
3101 1
1023 1
2594 128
2056 1
1535 1
2309 64
2033 8
4876 1
7450 1
1054 1
5415 1
4506 1
3240 1
5494 8
6287 1
7953 8
2432 16
4329 1
3153 2
5122 32
4614 1
1280 1
6184 2
1023 1
6886 8
3597 64
4796 4
1207 64
5478 16
5004 1
4681 16
3403 8
1146 16
2400 64
3327 1
5597 1
4380 8
3688 8
5974 4
2318 1
5591 1
4881 32
901 32
1023 1
2113 1
6804 8
4965 1
6008 16
4253 1
6340 1
6695 1
6245 1
4110 1
6499 1
3213 1
5807 1
2430 1
4799 8
6395 2
2493 4
2052 1
4769 1
2910 64
1152 256
2433 1
569 32
1024 1
2045 2
2909 1
5571 2
4301 1
2665 16
5203 1
2155 32
4272 1
1563 64
5312 1
2302 1
2051 1
2916 16
1220 64
5197 16
6428 64
2711 8
471 16
511 1
5376 32
5210 32
5212 1
7767 1
2086 1
3763 16
2031 16
6870 4
4161 1
3008 16
3217 1
1023 1
6485 1
2736 32
511 1
2846 128
4296 16
3135 1
2083 1
4736 1
5428 1
6525 1
2050 1
511 1
4886 1
3713 1
2050 1
7416 4
4104 1
3423 32
6220 8
3756 8
6195 2
5768 1
3188 16
3056 8
4277 16
2050 1
6293 1
1237 32
1023 1
3525 1
3831 8
5904 1
2865 8
3330 1
1109 64
2610 64
5311 16
6061 8
5180 16
5203 1
511 1
3109 1
4493 1
3193 4
3761 32
6022 1
3246 1
4747 2
1854 4
6011 4
3614 1
3749 1
6649 2
6158 8
5748 1
1074 16
3294 64
511 1
1524 8
1023 1
2281 16
2346 32
3181 1
4177 32
1023 1
5955 8
3841 128
2071 1
6027 1
2577 8
1283 256
1585 1
127 1
2737 8
5066 4
5684 4
3487 1
6379 4
3333 1
2834 1
7035 1
511 1
3153 1
3006 64
2880 2
5995 1
511 1
781 32
3035 4
2650 1
4768 1
4174 1
6349 4
4095 16
1290 64
5661 4
1023 1
3757 1
6110 2
5100 4
3788 8
5949 2
5180 1
3833 8
2836 32
3719 8
1817 32
1205 32
2054 1
404 16
3085 1
2960 32
255 1
3565 2
5893 16
4255 1
3645 1
5283 1
1273 16
127 1
3281 1
2050 1
1546 1
6183 1
3701 32
1532 4
5505 1
6244 8
1206 16
2469 16
5234 8
4480 1
4128 64
3777 1
3967 64
1695 32
2038 2
5198 1
1023 1
7416 2
5705 1
5713 32
4702 8
5407 128
5160 1
3197 1
4680 1
4128 1
5435 32
6028 1
2969 8
3241 1
4084 2
1145 32
1226 32
2937 4
4893 1
2818 1
511 1
7692 8
1509 16
1450 16
3712 1
5321 4
511 1
1043 1
4032 1
1023 1
1545 128
5837 1
2272 64
5646 1
2063 1
6667 1
1023 1
3742 32
5923 8
511 1
2955 16
4927 1
511 1
4617 2
1196 32
5884 2
5120 1
4017 1
1074 64
2206 16
255 1
1449 32
6408 8
6156 1
4136 1
1102 32
511 1
3536 16
3311 8
3218 1
4808 1
4727 8
1125 64
2054 1
3746 32
2046 1
3653 1
1347 128
6077 16
3325 1
1243 32
4122 1
3920 1
3589 8
4408 4
2054 1
3990 32
255 1
3141 1
5529 1
5598 2
3328 128
1204 32
5744 8
3389 1
6134 2
5984 1
787 64
2778 16
5637 4
5770 4
3183 8
4222 8
511 1
1356 32
6625 1
6248 1
4280 1
2691 8
2558 1
6813 1
2176 128
5318 1
4758 8
3668 1
729 16
1438 8
5599 1
3634 1
5152 1
2715 16
4575 4
3678 16
2078 1
1150 1
3899 8
5707 1
1514 8
4049 8
127 1
2761 8
2403 32
2809 4
6169 2
4177 16
5267 4
3631 64
3334 16
2050 1
6388 1
4810 1
3436 8
2176 1
5993 16
2271 64
5991 1
2743 8
1023 1
511 1
5816 1
2080 1
6327 2
3461 1
636 8
5485 4
5893 1
4051 8
2041 4
6622 1
2700 32
701 8
1747 32
4481 1
3021 4
4036 16
1901 8
1023 1
1023 1
3883 16
5004 1
1038 1
511 1
6511 1
1097 128
2182 1
5796 1
1281 256
4374 1
5166 32
1022 1
2047 1
5275 1
3591 1
4908 8
3841 64
2764 1
6093 1
4674 4
5378 1
2958 1
2192 64
1023 1
1023 1
2372 1
4611 1
1023 1
3329 1
255 1
255 1
3313 32
4223 1
2954 1
511 1
511 1
5341 1
5383 1
6279 2
1023 1
5065 8
1519 32
2842 16
4356 1
6407 4
4604 1
255 1
3085 2
5136 1
3964 4
4316 1
1023 1
2186 1
4132 1
4438 8
5727 1
5074 1
584 64
6003 1
2190 1
4231 1
4372 2
2047 1
7271 8
2977 8
6906 2
511 1
6051 8
