839
7
990 870 11 667 194 808 220
5
211 383 556 418 789
4
698 173 415 102
5
787 866 817 823 746
7
359 135 725 501 519 634 932
5
447 293 716 625 97
9
364 267 778 159 432 24 298 896 318
8
826 712 463 123 49 14 922 47
9
230 338 523 82 501 865 48 943 255
7
445 325 519 801 759 93 471
2
333 862
8
565 171 619 425 946 949 816 454
7
68 789 285 538 678 747 368
6
139 25 157 702 79 237
9
336 218 378 858 427 698 994 291 574
6
103 660 631 752 154 166
2
90 41
6
605 922 50 130 654 52
1
758
4
212 490 580 366
7
506 194 235 439 946 931 583
9
310 854 115 274 222 484 631 272 226
7
626 910 203 932 370 40 816
3
739 154 396
9
88 320 850 919 954 616 257 630 559
3
303 552 365
5
683 12 722 572 142
9
39 364 670 266 4 145 675 367 71
4
447 326 395 29
9
672 731 775 873 927 320 391 46 99
4
427 578 821 471
10
257 570 956 455 877 214 179 971 665 900
10
917 203 991 21 709 38 14 508 820 524
5
695 241 205 631 226
9
65 246 194 438 660 822 581 735 902
9
296 62 358 649 248 560 108 408 272
6
859 912 629 886 806 71
6
664 24 465 331 423 385
3
101 145 955
1
638
5
262 245 63 477 718
8
137 615 17 58 28 327 653 939
3
178 817 885
6
146 902 510 143 558 607
2
531 398
7
144 207 849 763 34 330 465
8
944 331 968 412 177 921 716 250
10
300 847 330 714 928 619 459 712 334 319
4
294 685 942 737
4
643 172 408 115
6
713 410 258 447 418 406
7
492 990 494 338 782 932 578
7
737 789 883 147 748 822 942
3
567 494 49
1
594
10
510 289 535 641 850 337 917 420 33 374
9
9 462 319 161 386 774 259 555 595
3
626 345 590
10
664 923 46 926 438 419 569 226 390 107
10
751 678 790 307 284 164 272 849 830 467
2
595 476
3
132 15 408
7
536 981 666 393 661 169 120
3
928 44 964
9
818 576 334 363 115 11 775 754 114
5
232 864 756 106 278
6
519 274 947 317 956 124
1
719
6
875 270 265 674 454 410
7
225 338 427 671 935 275 890
8
278 52 281 892 51 750 340 56
9
203 166 350 344 722 214 570 799 389
5
490 213 287 420 742
1
134
9
116 809 446 477 523 422 744 346 367
9
642 437 446 491 503 236 86 606 586
6
130 959 231 82 578 339
6
641 451 360 115 113 231
10
293 653 380 415 609 549 936 785 970 388
4
454 116 75 184
2
501 642
6
387 804 69 385 980 386
4
40 937 278 94
3
780 501 374
10
224 837 873 944 922 630 267 178 606 273
10
956 791 184 407 871 817 522 280 401 145
7
675 102 645 235 233 716 732
1
676
10
544 157 471 878 150 658 251 722 922 45
5
17 878 36 940 303
5
552 348 244 691 231
10
948 69 905 395 739 697 500 394 237 338
7
581 384 526 401 26 15 588
1
898
6
242 994 312 305 6 301
9
497 225 555 719 521 176 99 190 643
2
415 781
2
289 596
5
476 106 723 608 562
9
765 549 553 950 697 896 348 688 543
8
333 30 518 299 673 631 665 116
8
283 482 295 758 392 928 165 847
6
664 50 140 355 54 533
1
709
2
39 299
3
366 806 876
1
326
4
876 62 871 541
8
570 735 383 566 960 19 857 850
6
64 336 343 409 573 396
2
495 551
8
93 992 551 348 587 131 876 39
2
21 85
7
802 8 636 985 496 694 627
9
857 702 770 236 534 289 709 350 648
2
630 940
8
441 963 792 834 259 393 649 4
5
745 831 846 54 408
10
677 221 77 156 359 659 444 803 529 887
9
128 975 489 946 180 172 382 532 66
7
297 617 189 165 440 423 391
1
871
3
238 416 520
2
801 17
5
132 244 114 723 133
10
908 231 957 677 431 239 844 265 39 834
7
17 914 896 807 834 827 466
5
826 750 115 936 559
7
693 203 653 321 553 825 757
3
834 732 333
4
522 932 762 252
10
591 308 46 437 874 984 871 580 865 219
9
890 809 259 679 259 228 39 761 239
10
107 619 635 673 412 819 867 720 176 292
8
452 956 449 459 62 52 362 360
2
922 781
8
791 931 589 416 258 1000 124 410
3
25 221 932
5
467 284 208 764 593
2
394 752
9
848 412 474 823 914 303 767 18 369
2
966 213
5
907 442 954 670 952
8
129 853 943 277 208 481 100 980
3
370 930 322
10
291 930 568 857 222 177 584 158 681 109
10
570 488 83 765 167 991 829 707 209 646
7
571 37 493 277 727 380 790
10
16 696 726 642 380 156 492 72 908 191
5
705 23 497 431 946
5
790 151 98 411 219
1
640
5
726 783 724 143 599
5
983 418 372 313 298
4
181 180 290 437
7
249 28 909 479 69 956 203
1
109
1
198
2
155 983
8
718 100 126 85 481 395 100 241
2
332 487
5
923 192 14 81 228
1
724
9
452 935 643 226 708 155 973 420 18
3
254 494 88
9
777 623 593 914 251 870 233 957 803
9
320 313 625 490 546 823 561 733 288
9
990 493 753 437 861 831 450 866 102
7
457 1 792 635 820 905 429
3
1000 731 649
8
35 113 673 169 886 508 482 141
4
207 119 229 446
8
291 765 795 235 785 811 678 625
4
639 249 870 957
2
451 997
5
715 340 881 386 10
7
629 993 760 881 396 889 715
5
715 510 230 805 730
1
137
2
372 755
2
739 580
10
18 415 620 242 582 915 682 372 257 186
2
629 969
7
118 144 565 754 79 272 643
5
189 696 397 759 104
8
652 416 609 303 750 522 947 904
1
176
9
296 664 904 657 391 752 115 853 850
3
583 113 444
8
595 702 924 823 503 448 447 826
3
661 502 910
7
222 199 963 13 325 608 486
2
738 573
5
471 64 630 352 879
5
904 727 338 302 269
8
297 695 612 703 512 56 966 288
5
489 533 164 732 708
8
64 407 805 442 69 283 844 553
7
1 272 478 107 367 876 609
10
169 788 641 707 469 1000 263 323 449 907
8
508 852 966 738 122 831 64 83
9
438 299 260 421 367 205 412 234 198
5
63 212 943 883 876
1
975
5
455 903 42 150 56
4
951 406 652 858
7
422 277 485 210 620 54 666
2
258 935
8
899 724 983 324 47 70 883 220
1
557
7
311 420 163 77 782 874 734
5
868 208 324 353 495
1
403
5
457 611 450 379 197
2
695 56
10
648 634 914 792 229 546 809 472 683 921
6
845 707 104 384 550 200
9
853 935 613 892 186 799 402 345 313
8
286 988 800 391 461 476 222 342
7
671 364 243 423 19 538 78
4
969 979 920 420
6
26 181 87 791 970 785
4
102 17 183 38
4
896 718 210 887
3
97 157 470
7
301 667 3 75 303 976 428
10
905 311 740 367 349 87 990 116 737 477
10
696 243 11 928 426 127 814 261 66 501
4
485 144 929 454
6
843 240 137 891 693 609
5
260 387 749 758 866
4
999 928 379 177
8
240 626 834 167 615 535 584 373
3
896 8 80
10
701 217 241 267 371 592 305 404 320 909
1
737
4
87 572 162 712
5
826 400 498 956 351
2
818 435
2
204 122
1
139
7
418 837 210 21 177 686 407
9
110 682 778 562 64 269 410 196 25
5
222 401 235 373 470
1
384
7
280 123 152 837 361 381 60
2
182 862
2
683 416
4
495 347 873 9
4
572 979 819 35
1
462
2
378 861
10
538 695 689 374 68 998 724 479 244 927
2
663 996
6
760 809 376 127 614 112
3
305 425 851
2
532 154
8
131 330 979 109 439 894 988 551
3
841 568 799
10
182 7 861 351 768 728 695 206 527 406
6
563 94 777 577 735 743
9
365 379 274 330 741 554 840 381 728
3
476 483 534
4
182 384 489 334
4
94 203 507 62
10
606 669 519 36 830 155 33 756 719 767
5
880 955 685 431 467
2
418 980
6
179 970 356 441 129 20
9
730 86 294 456 230 889 423 442 509
2
240 859
9
107 99 62 555 66 440 78 332 787
8
773 949 655 984 52 208 305 231
6
424 821 8 347 772 589
1
201
8
579 687 583 715 578 113 143 185
5
130 385 647 909 582
8
391 435 545 658 273 933 698 275
4
403 99 800 765
8
172 209 969 42 533 1000 56 287
10
990 168 377 490 973 634 18 870 572 523
4
107 997 726 312
1
535
10
661 846 821 539 687 760 255 206 653 723
3
278 436 885
7
902 759 120 563 963 969 707
8
355 158 591 908 942 552 842 469
4
244 573 330 116
3
205 144 653
4
95 283 526 129
7
971 816 230 535 400 422 182
10
804 401 226 470 789 119 771 911 23 908
7
974 240 24 75 668 500 261
10
802 297 840 332 132 348 535 181 638 592
4
823 875 604 43
3
654 234 168
6
706 59 628 930 688 97
8
706 721 339 418 285 999 724 696
10
28 668 309 712 196 366 590 58 906 33
1
530
5
49 910 363 697 506
1
413
2
260 782
5
971 29 27 135 188
7
31 514 981 319 19 610 727
6
145 245 808 369 896 148
1
94
1
953
6
794 568 830 328 336 40
10
890 660 495 969 335 204 85 585 950 578
7
714 460 950 350 945 686 947
4
42 425 794 373
6
739 805 163 952 763 35
3
844 966 349
7
199 578 545 816 761 90 206
4
617 338 551 971
5
969 20 255 789 626
2
899 694
7
908 504 260 837 963 269 273
2
75 748
1
527
9
44 370 537 827 809 187 591 66 92
5
638 545 476 531 948
7
858 219 534 659 203 450 985
6
192 87 822 65 203 12
8
754 567 830 584 798 142 636 424
5
608 734 55 402 39
9
551 309 305 90 393 718 663 293 401
6
22 113 536 814 332 323
5
135 850 882 162 389
7
807 386 804 4 576 81 900
1
941
3
412 343 649
2
919 618
4
555 66 942 532
1
2
8
596 338 461 323 118 949 492 896
2
741 680
2
221 510
10
644 746 997 434 687 990 801 597 644 367
7
804 584 973 66 356 490 999
8
929 653 855 217 499 402 548 436
10
122 410 111 18 223 40 848 415 432 482
6
240 72 168 649 191 353
5
400 538 491 317 576
10
364 105 538 272 438 33 839 294 685 954
3
23 453 843
8
953 481 279 469 639 778 675 519
1
308
9
612 759 134 407 795 606 400 675 602
9
112 923 648 905 90 886 900 124 83
3
42 868 133
5
342 995 192 18 374
6
868 136 645 40 165 160
4
502 487 87 478
3
877 203 578
3
250 956 671
10
638 774 413 267 631 720 75 391 889 514
3
827 41 122
10
65 136 436 11 853 355 323 869 388 606
5
137 894 478 545 349
2
855 563
8
366 165 586 723 597 403 790 363
5
865 2 575 903 411
6
854 405 958 830 78 297
6
775 391 588 198 141 710
5
185 300 541 221 338
1
149
3
578 541 133
3
85 361 557
6
282 808 829 391 971 549
9
416 733 150 413 438 683 222 775 824
5
778 505 914 548 227
10
545 352 706 784 860 751 849 188 743 901
4
91 550 81 566
8
116 664 368 768 784 440 991 979
6
343 403 778 739 246 761
5
94 586 533 461 944
1
588
4
825 110 128 499
3
582 386 755
5
323 462 438 61 130
4
373 649 382 901
2
874 871
7
473 236 603 424 990 181 174
10
201 11 112 242 275 791 243 180 435 680
3
395 284 68
9
89 198 646 526 417 926 375 734 103
7
11 819 66 279 360 870 513
5
769 643 711 266 135
8
234 612 705 670 227 172 810 940
9
551 447 489 771 58 369 959 311 476
10
433 839 915 865 905 934 802 856 917 191
4
466 868 419 615
7
671 983 453 579 463 317 255
4
501 624 210 244
8
732 403 622 105 46 723 84 615
7
981 601 997 822 410 37 704
3
373 441 320
10
861 356 168 773 36 738 519 175 391 119
1
540
10
843 346 821 836 250 799 647 901 273 706
6
799 502 982 806 449 43
8
103 706 898 341 860 666 272 730
2
351 536
8
358 703 937 513 786 647 545 269
7
9 671 243 767 920 748 780
8
673 484 586 282 793 833 112 380
6
291 962 162 659 907 22
2
573 441
4
898 51 653 94
5
248 398 924 672 710
9
435 105 171 6 929 721 139 865 660
6
931 955 199 979 389 879
6
376 266 413 699 610 154
10
966 517 166 509 733 348 885 7 198 473
3
396 363 931
9
56 292 847 299 750 981 799 554 389
8
118 373 388 960 690 387 796 111
2
417 472
1
540
3
299 163 671
10
7 956 906 345 494 445 200 40 881 464
7
240 484 278 354 253 947 846
10
332 15 603 163 61 780 735 182 684 725
5
661 556 538 671 128
9
9 379 298 805 482 348 586 592 370
9
537 708 815 804 813 518 262 327 573
9
966 982 264 266 132 856 436 308 172
7
798 999 201 889 256 708 164
9
176 125 530 411 609 482 9 187 430
5
784 578 477 377 55
9
128 179 988 147 752 343 373 163 890
3
947 500 905
8
538 750 360 301 572 76 93 823
8
818 682 605 648 819 611 24 754
4
441 722 855 387
3
828 877 132
7
596 273 974 234 521 562 776
4
459 612 68 171
2
127 769
3
760 680 132
2
145 340
3
497 41 68
2
539 538
7
459 267 469 405 260 347 346
8
409 140 39 136 175 378 891 547
5
967 932 912 929 274
4
398 514 929 614
9
792 446 127 218 665 513 349 853 694
4
110 919 863 199
6
479 698 254 252 285 766
2
902 613
7
633 879 838 851 206 871 338
3
18 696 621
3
662 620 348
4
843 220 358 407
2
267 561
8
636 909 238 318 193 535 97 223
10
262 43 336 899 926 893 355 972 308 856
4
974 192 663 192
2
174 137
1
480
8
27 649 158 451 823 310 60 402
8
159 767 803 408 380 334 43 140
7
346 915 503 473 456 29 790
9
864 915 932 864 920 822 784 586 657
3
935 432 102
6
482 759 479 105 63 851
2
955 948
10
535 703 98 920 584 460 575 721 353 637
5
747 576 29 754 753
4
171 909 518 514
5
77 42 597 358 935
1
672
9
231 331 488 538 92 851 11 378 41
4
141 88 523 636
1
303
4
456 7 867 428
6
680 807 799 981 739 146
5
329 412 912 720 71
3
818 490 40
7
315 790 262 546 247 171 152
9
16 921 89 953 907 247 746 587 12
9
69 658 154 520 284 582 577 589 785
3
731 232 290
1
273
7
151 374 665 914 750 707 949
5
503 112 998 92 461
3
683 377 770
10
757 688 510 982 544 677 601 417 953 751
7
526 159 890 818 329 942 195
4
718 929 643 941
10
947 676 56 528 423 807 333 702 773 447
6
135 868 564 773 124 966
10
106 499 245 674 723 211 624 623 979 423
9
950 643 740 557 637 449 499 382 613
6
122 652 378 937 949 8
4
137 205 875 239
6
177 778 833 455 368 274
3
955 689 328
9
615 301 429 423 789 500 404 255 823
2
113 856
1
775
5
481 795 902 672 438
6
735 641 328 703 883 477
9
645 154 437 549 721 751 851 453 993
4
978 981 238 602
5
161 139 635 834 701
2
949 28
4
996 24 951 639
8
447 734 978 743 107 69 449 248
8
134 242 392 1000 297 2 153 431
8
140 625 967 916 761 809 818 112
9
906 626 669 26 148 32 291 889 977
1
375
5
236 672 831 253 794
7
167 306 384 560 551 132 734
4
615 246 172 78
6
704 898 591 561 276 371
9
922 323 354 982 296 150 408 952 1000
5
308 736 370 572 31
6
57 21 343 132 882 28
2
863 927
10
213 303 348 886 837 173 921 205 58 975
5
296 139 708 294 360
5
709 985 702 987 8
10
319 692 810 115 161 261 810 290 473 870
10
313 519 304 92 178 998 541 904 977 814
9
501 14 332 223 324 995 780 150 736
4
99 307 441 195
6
628 485 378 701 786 58
1
464
2
927 405
1
604
4
804 760 114 325
4
635 795 213 191
5
91 453 592 408 638
6
428 317 964 801 520 979
1
716
10
865 955 157 204 931 837 493 443 649 381
6
232 335 557 278 725 178
3
859 251 573
9
281 474 251 231 208 868 278 859 869
4
510 303 552 826
2
285 998
5
352 385 171 226 62
1
74
4
970 522 227 936
8
924 679 653 343 259 463 899 462
8
486 966 454 66 330 246 305 683
5
322 927 950 905 222
10
109 732 461 772 31 424 991 427 239 13
5
414 994 221 444 651
3
557 711 518
9
650 884 702 684 653 576 820 493 554
1
309
5
801 122 448 239 843
4
707 620 786 125
4
303 447 779 807
9
993 577 578 611 161 178 772 38 938
1
405
2
388 373
4
497 423 874 161
3
643 800 771
7
49 656 97 943 398 313 42
7
792 226 279 327 657 734 798
8
991 863 714 861 991 432 533 772
6
667 430 197 982 67 88
2
786 486
8
846 815 518 253 575 40 864 820
3
236 8 402
5
517 844 740 37 864
10
861 515 778 33 38 896 432 247 987 875
8
563 214 91 575 306 845 273 289
6
291 614 313 904 725 529
10
749 554 657 456 863 193 483 725 876 281
9
635 332 981 168 4 601 968 394 416
6
82 729 22 447 483 966
4
172 336 301 967
6
184 798 4 351 883 795
2
582 675
2
292 621
3
334 187 601
2
255 149
5
938 260 989 35 226
4
543 490 602 557
1
179
4
632 808 801 926
10
463 993 23 866 752 629 12 833 740 498
5
808 746 590 868 768
5
664 42 181 687 593
9
983 34 936 153 43 321 904 787 534
2
779 14
1
120
5
748 191 500 91 980
3
644 383 732
5
379 331 123 181 392
9
538 828 991 361 922 817 379 329 366
6
233 470 885 654 545 866
2
221 735
9
662 444 546 394 470 613 107 666 210
10
170 964 819 564 487 322 449 746 909 732
2
115 827
4
501 829 598 281
8
74 3 744 430 835 147 78 667
7
246 847 347 645 463 915 345
6
894 992 585 649 308 694
5
746 185 342 193 483
6
26 311 577 981 942 874
4
321 483 495 332
2
675 683
7
716 748 418 709 736 479 529
1
817
10
19 77 249 79 612 95 240 679 567 447
9
144 321 323 728 201 434 745 34 893
10
684 824 237 78 153 181 829 608 325 758
6
616 810 171 642 633 756
10
292 117 785 425 450 857 620 734 651 404
9
388 531 582 862 498 245 560 348 703
5
291 29 913 860 110
7
705 358 114 459 833 279 184
7
691 293 636 488 139 88 946
10
567 929 124 86 737 362 425 778 603 264
9
8 174 534 193 572 939 864 531 934
4
216 305 250 640
5
136 665 963 508 794
6
215 786 422 759 686 558
2
94 987
2
268 568
4
643 473 293 260
7
214 88 62 617 354 499 868
3
733 550 558
1
401
10
705 941 644 420 699 959 433 842 687 946
2
479 966
2
373 801
5
107 817 558 707 799
8
957 17 97 772 733 544 976 849
1
415
3
325 461 167
5
288 580 323 504 348
1
866
2
746 799
9
460 210 77 532 208 749 657 370 607
4
116 337 568 991
9
450 945 188 916 571 748 724 208 43
3
248 798 208
9
730 650 117 475 412 127 137 329 198
1
750
6
245 739 405 129 746 902
10
302 783 345 654 91 619 76 390 709 386
1
300
4
805 53 193 88
7
288 897 497 111 829 447 244
1
334
8
305 473 691 105 944 736 330 977
2
874 56
10
392 761 503 220 59 716 565 513 425 562
7
813 593 170 891 840 784 326
5
685 173 316 158 42
2
878 162
4
261 141 728 780
1
242
2
25 588
10
353 449 4 527 72 12 475 684 896 366
10
902 857 477 370 525 24 920 117 700 806
7
631 151 626 70 476 797 433
2
271 703
1
348
6
542 171 700 448 412 617
4
752 111 595 573
5
213 513 438 415 765
7
446 457 23 856 255 156 727
8
436 83 423 424 543 921 633 108
2
80 969
3
136 815 478
6
646 77 843 597 318 945
3
164 923 845
5
890 417 895 1000 446
2
442 769
8
160 206 333 906 155 109 424 102
5
61 835 592 3 382
2
526 301
5
516 818 834 936 739
5
193 479 929 333 356
6
800 893 673 35 392 332
6
95 303 396 957 12 17
3
616 425 671
6
291 641 208 884 951 967
1
158
5
532 519 160 466 953
9
5 152 107 239 952 713 936 340 707
8
939 130 275 672 839 611 613 631
6
826 36 895 341 1 713
2
555 353
10
614 706 641 418 987 904 505 277 215 373
5
882 552 357 112 831
10
232 19 882 269 377 943 55 692 464 773
9
617 968 464 854 715 138 873 510 748
2
493 262
4
210 961 380 179
8
986 580 661 938 465 442 990 509
8
400 471 811 172 408 21 351 892
4
192 723 57 67
6
309 578 996 935 324 966
1
411
2
808 410
9
240 636 1000 356 42 282 112 356 102
10
984 968 178 321 906 779 200 4 910 556
7
116 183 619 301 838 837 928
4
13 875 252 495
3
661 840 751
9
485 62 29 371 82 359 298 744 158
4
971 344 708 21
7
830 671 598 841 857 750 98
8
132 966 28 968 409 695 95 693
5
379 833 722 639 699
2
170 399
2
741 133
9
919 394 538 490 281 983 797 194 710
5
733 778 502 670 532
7
816 902 559 980 346 538 718
4
16 108 293 960
8
261 673 358 357 903 590 686 379
6
729 44 854 190 886 973
3
233 822 35
3
220 129 447
6
32 459 126 360 901 953
9
555 804 757 225 990 638 444 573 334
4
495 121 230 156
6
267 867 102 417 911 109
1
126
4
711 480 173 289
4
873 126 160 722
4
900 42 799 586
10
580 449 309 170 426 335 207 751 875 947
6
214 768 397 468 845 309
8
281 145 850 740 359 982 264 448
6
55 30 339 736 914 501
6
791 53 187 856 860 139
3
995 280 761
8
243 691 759 673 830 755 99 738
7
815 227 695 166 527 3 161
6
125 419 844 737 329 906
3
846 818 11
10
381 120 730 737 609 292 571 197 276 516
4
792 80 95 918
9
509 380 534 766 581 592 109 103 743
4
616 33 648 116
1
756
1
360
9
204 541 229 45 485 97 993 292 872
3
312 229 944
10
289 376 142 422 706 163 698 958 391 858
5
996 135 989 944 338
2
154 280
8
486 171 629 599 55 37 503 413
9
431 159 789 491 14 38 913 216 954
6
826 567 50 217 249 342
2
847 842
9
780 518 637 536 576 909 243 810 144
4
893 479 738 590
2
392 201
2
714 993
7
282 633 585 824 140 276 28
4
179 532 129 489
6
338 383 543 238 962 290
2
552 697
1
589
1
936
6
697 711 817 884 92 150
7
468 451 379 629 846 308 249
3
22 477 314
1
478
9
1 247 425 258 835 484 372 72 994
2
814 155
3
395 156 767
9
966 562 928 29 151 640 293 706 806
2
222 547
7
997 140 834 54 934 508 270
8
469 385 621 366 568 510 53 142
3
131 436 366
3
203 813 887
9
578 395 144 959 725 486 397 91 612
5
877 544 477 536 719
8
841 676 711 259 657 255 999 430
6
119 791 683 132 296 284
3
813 796 573
9
104 380 268 891 131 122 590 818 348
6
726 895 854 986 560 331
9
2 989 742 259 456 668 101 636 180
3
552 615 585
4
337 643 314 610
1
607
1
715
3
930 395 282
7
331 242 823 431 606 67 407
1
738
5
926 173 934 459 213
1
191
1
166
6
875 231 108 307 801 703
7
693 221 440 897 579 37 506
3
747 731 664
1
500
1
496
9
183 768 951 184 985 743 434 594 262
9
590 187 339 818 644 648 611 183 454
10
419 610 357 625 295 645 693 75 284 16
1
958
8
462 295 902 893 232 217 383 657
2
891 372
4
297 755 79 143
7
49 165 846 611 864 154 214
10
298 212 591 518 750 398 646 787 651 16
6
964 815 977 338 460 932
1
196
4
808 309 365 191
9
417 967 345 54 889 642 607 184 211
6
52 936 172 597 284 245
7
990 993 717 917 203 54 320
1
546
3
38 791 356
5
626 627 569 159 659
6
185 525 557 850 905 760
9
680 136 702 958 37 984 64 752 439
7
777 505 877 313 659 535 818
2
129 311
9
223 18 529 665 82 233 835 642 156
3
531 888 52
5
282 774 872 1000 828
6
618 570 41 553 509 661
3
177 359 925
10
108 956 137 973 556 613 532 731 695 778
4
151 355 790 369
10
491 862 448 486 163 774 859 986 222 493
1
390
8
287 741 313 158 291 68 16 269
