5098 8
4053 1
5305 1
4285 64
5869 1
3091 1
4302 1
3733 8
5220 1
5957 1
6121 4
3280 1
515 256
1023 1
3074 1
1483 32
3079 1
3674 16
511 1
4492 8
4846 8
4748 1
6340 8
1023 1
3104 1
1023 1
1234 32
5983 1
6996 4
3017 4
4826 8
7439 1
1054 32
2215 1
5627 1
6012 16
3906 32
3428 16
4703 2
5718 8
5164 1
4417 16
5263 1
3135 1
1521 16
5904 16
7235 8
3177 1
5606 16
511 1
2831 32
3979 4
5445 1
2465 16
1023 1
6180 1
2660 16
510 1
3325 1
4724 1
1027 512
5290 1
2746 16
6164 4
4948 8
5866 1
4519 1
3717 1
4172 1
4859 2
4293 1
4392 8
2619 16
5201 8
1023 1
5008 16
1043 256
7165 1
7380 32
5225 1
6058 1
630 8
2606 64
5986 8
6906 2
1023 1
3247 64
2126 1
4173 1
5815 8
3069 1
3269 1
6624 2
3806 1
4702 1
742 8
3163 1
2213 32
5511 1
6660 1
5802 1
512 256
3177 16
2594 1
593 64
7645 8
1023 1
2112 1
4403 4
6583 4
4417 1
4623 1
1293 64
3543 8
6338 2
5190 1
6408 1
3393 1
1225 64
5344 1
4341 16
5517 2
5468 16
6189 1
5837 1
1023 1
4333 1
5664 1
3767 8
5699 1
5196 1
5863 16
3878 32
3359 1
2577 8
3517 1
1023 1
4188 1
2736 32
511 1
2046 1
3413 1
2142 1
7337 16
1298 64
4495 1
7466 4
6331 16
1617 64
2062 1
1667 128
4105 4
1216 128
2046 1
6418 1
3786 16
5851 1
3902 1
1742 8
3364 1
2053 1
1023 1
4356 1
6011 1
1023 1
1022 1
3629 1
4804 1
2585 8
2763 16
5086 16
3460 1
5333 1
4080 2
2718 1
1140 16
4368 1
511 1
3664 16
1471 1
3495 1
5211 1
7344 2
2262 1
4356 1
6229 1
2110 1
2962 32
4888 1
3874 8
5305 1
2371 1
3854 2
3369 1
6005 8
3649 1
5525 1
6070 8
2173 8
1122 64
2414 1
4910 1
2689 64
7635 8
766 2
2047 1
4532 32
2763 1
2315 1
3128 1
4730 2
1719 32
4189 4
2174 1
3870 2
6139 1
2320 1
5517 1
2606 1
2215 1
1404 8
6271 32
4966 1
563 64
1352 64
5763 1
2078 1
3956 4
5846 8
2206 1
2154 32
127 1
1558 32
2063 1
5304 16
511 1
3646 1
4673 16
1023 1
2062 1
1023 1
1023 1
2936 8
4154 1
5341 2
4271 1
5927 1
4834 1
3977 1
6332 1
3473 1
1023 1
4366 4
1023 1
4423 1
4562 1
4075 8
1416 64
4099 1
1471 128
4252 1
6235 4
5491 1
3669 16
3861 32
1023 1
1515 16
5608 1
2174 1
4448 1
3820 4
6723 1
2192 1
1022 1
5634 1
1797 64
5837 16
5155 2
2220 1
2201 16
1023 1
2237 8
1251 64
2031 16
5539 1
1311 256
4963 1
5959 1
4420 1
2046 1
1794 64
2081 128
1023 1
1308 32
3603 8
4030 4
4166 1
1049 128
1255 64
822 8
6317 2
2046 1
945 16
2632 32
2383 16
511 1
3738 16
4006 4
4837 4
4733 1
6357 8
3341 1
4260 1
4125 64
2161 32
5363 1
5157 1
1023 1
2190 1
1603 128
4956 4
7649 2
3173 64
4737 1
4604 1
2439 1
511 1
255 1
6083 32
3891 16
4131 1
3338 1
2030 2
5090 4
5613 1
2750 128
521 128
5196 1
4093 1
3367 1
1661 8
3726 1
3649 1
1513 16
255 1
3029 4
2050 1
6689 8
2495 16
2199 64
4599 4
2014 2
1023 1
5560 8
7467 8
5349 2
5947 8
3581 2
1385 32
5410 16
5627 1
4431 16
7328 32
1023 1
3899 8
4724 8
1136 64
1283 256
6100 16
511 1
4765 1
