371
8
569 729 684 417 387 397 279 156
5
235 254 726 151 375
9
957 549 885 846 248 822 104 411 28
6
774 377 712 791 432 815
9
282 71 552 662 991 887 464 600 623
5
583 562 469 295 918
5
827 795 817 981 292
6
954 23 561 267 775 377
7
606 44 703 145 936 635 551
9
154 143 744 2 120 776 618 148 587
10
408 412 472 564 843 139 699 225 786 137
5
782 42 55 968 258
2
173 342
1
960
5
997 345 829 209 4
2
746 217
5
183 347 685 265 751
6
494 588 212 316 41 989
1
296
8
967 297 300 722 459 727 597 279
6
290 489 406 919 301 233
7
138 381 159 462 801 739 132
8
483 919 148 157 395 297 440 33
1
767
5
849 740 783 217 413
1
881
2
21 825
9
480 298 496 4 368 958 477 589 738
10
748 959 695 628 723 276 760 694 325 130
4
153 112 885 55
6
911 311 918 907 805 558
9
764 49 662 949 748 687 779 563 756
2
761 281
3
228 930 244
9
488 834 787 407 121 45 314 532 837
8
737 546 525 269 726 554 274 589
6
551 509 384 812 287 211
4
711 811 723 607
8
236 594 482 231 892 110 790 546
8
281 257 257 99 981 474 748 397
7
509 330 831 792 795 823 380
8
318 662 279 245 723 680 863 119
9
779 326 882 76 245 251 273 754 984
5
282 895 459 152 542
2
420 937
8
409 578 392 181 750 23 177 58
10
879 746 943 999 839 704 714 88 896 291
5
671 664 265 97 282
8
986 476 424 179 191 548 133 489
1
358
4
820 274 954 269
6
186 454 1000 454 554 239
9
318 552 383 976 751 219 5 751 66
4
62 908 441 792
1
636
9
708 596 28 59 662 175 315 468 116
4
873 54 34 539
3
175 80 70
5
647 888 18 748 131
7
323 249 693 849 447 497 104
2
878 149
9
30 762 904 695 934 490 282 620 246
4
54 790 501 105
10
518 493 311 34 410 646 59 761 34 936
6
769 819 516 695 525 948
9
735 1000 238 242 350 935 796 558 737
7
664 536 913 315 597 145 195
5
876 212 349 304 45
7
724 823 808 874 397 137 35
8
503 751 510 236 849 844 401 761
7
391 597 609 374 101 728 267
8
118 915 187 826 891 106 542 415
4
371 150 512 472
8
714 606 883 659 892 234 468 231
1
779
8
33 804 930 78 893 686 911 449
2
743 268
9
402 373 41 395 423 478 61 181 907
10
402 300 491 109 859 323 218 92 156 204
9
228 970 231 214 826 33 317 598 871
9
83 252 328 56 942 882 107 234 727
2
32 424
4
743 410 233 676
8
312 281 499 647 825 259 458 505
10
167 531 177 130 553 959 624 106 236 39
1
992
6
575 617 417 338 78 934
3
47 4 907
5
972 601 878 939 607
10
808 618 52 180 107 900 326 410 669 425
5
738 387 220 373 556
5
543 336 573 140 298
10
956 44 800 547 159 68 403 672 178 163
5
427 484 177 695 25
7
533 531 249 149 187 527 886
2
380 100
5
733 710 325 512 388
4
78 544 301 964
9
221 982 703 805 181 649 392 750 458
9
198 42 243 243 376 539 9 649 357
9
465 485 276 741 889 241 28 155 948
2
410 100
4
842 908 733 624
3
658 779 600
2
234 327
10
928 405 357 502 447 7 875 288 57 387
1
774
3
415 566 10
6
790 559 433 450 311 292
10
839 526 752 391 602 894 312 162 538 723
7
248 954 442 540 64 515 133
7
215 559 235 403 549 617 141
2
371 898
6
387 915 18 818 276 761
10
504 205 924 587 924 688 662 495 280 999
7
709 321 905 993 550 586 660
9
611 953 386 302 376 808 350 84 281
5
250 601 102 713 384
2
19 806
9
976 505 221 506 563 185 571 882 905
8
638 680 218 823 489 725 404 362
8
298 570 576 421 824 847 810 449
10
60 897 425 116 202 1 981 520 892 684
8
88 762 659 688 918 538 12 718
9
886 441 34 769 784 266 527 911 47
1
665
7
794 110 716 319 975 110 586
7
475 259 220 194 136 597 218
6
919 205 677 60 573 45
9
360 944 774 185 88 425 86 570 388
7
905 937 870 118 543 672 781
10
800 934 649 104 367 255 118 755 109 684
6
92 436 155 571 215 873
5
116 490 670 38 624
4
27 524 859 143
5
680 711 239 122 468
1
676
7
963 4 381 388 519 699 792
4
442 81 390 735
1
502
3
669 623 450
5
194 550 607 207 367
3
764 359 627
10
225 265 231 807 174 198 500 117 290 290
2
546 206
7
15 740 259 571 679 63 896
10
972 756 225 929 857 900 550 238 728 705
10
547 987 645 458 686 289 956 96 803 608
2
779 678
3
359 770 748
2
733 934
6
13 685 701 250 286 506
2
598 360
3
12 632 387
9
717 965 172 489 443 714 416 505 363
6
636 740 898 290 253 951
9
595 972 402 396 449 915 719 328 316
5
315 717 255 67 228
2
741 981
5
932 660 309 680 190
3
147 291 987
1
778
7
977 916 9 614 54 250 711
9
752 861 750 583 779 609 340 66 319
1
812
3
182 509 9
5
903 652 881 586 198
7
724 187 208 404 872 233 321
4
437 135 831 926
4
31 433 996 135
8
261 412 767 179 970 830 99 416
5
338 513 767 635 43
9
369 564 404 552 69 103 940 273 900
6
73 601 849 616 968 265
3
535 523 836
4
490 376 206 56
7
986 722 396 87 204 821 989
1
395
6
533 695 4 458 895 935
3
373 337 363
5
794 975 635 326 265
9
697 794 802 751 165 343 361 688 150
10
616 89 207 758 408 466 224 424 388 90
3
680 395 652
7
666 919 699 258 331 192 135
9
794 849 159 271 415 192 219 440 102
3
416 535 286
4
654 314 829 909
7
229 244 934 327 727 476 342
6
673 706 889 459 329 762
9
425 744 490 771 40 544 771 652 17
3
906 304 418
6
669 500 337 948 773 411
5
808 735 384 264 987
8
949 529 326 902 586 674 669 616
5
732 879 759 898 372
9
956 733 455 975 442 206 30 449 591
8
75 367 60 969 306 768 301 372
4
677 316 672 326
2
840 212
3
203 196 586
7
253 52 531 883 529 16 612
4
115 651 190 709
10
459 32 460 47 202 48 873 411 262 345
2
489 233
3
434 112 844
8
979 870 59 23 520 75 351 823
3
769 561 771
3
852 262 484
5
890 146 329 658 922
6
700 892 32 598 831 523
2
825 638
6
324 63 880 364 841 141
3
606 265 50
6
919 31 511 798 761 658
8
911 921 353 868 808 276 542 974
3
892 409 337
9
657 475 108 887 460 427 111 935 897
3
971 521 838
3
360 364 570
2
919 277
10
5 89 526 221 674 344 631 167 641 665
7
533 69 69 976 234 450 60
2
267 192
2
623 217
9
86 404 508 279 697 659 930 969 401
3
440 745 870
6
60 719 392 603 314 130
8
314 525 373 166 213 254 93 576
3
462 645 219
4
974 728 276 104
1
70
2
780 740
3
951 25 599
8
889 354 395 884 721 970 352 683
1
297
5
224 82 255 318 972
8
246 424 855 890 65 945 260 946
1
700
3
597 918 187
1
581
1
652
4
964 677 260 807
5
842 713 987 481 973
8
599 79 642 682 535 235 469 900
7
355 533 23 87 823 716 974
9
616 791 283 292 768 321 986 577 439
7
429 776 31 317 648 172 7
5
127 153 12 558 340
9
385 482 724 368 129 371 589 385 149
5
564 149 95 624 846
1
820
8
439 386 219 920 809 619 171 619
1
963
7
620 969 171 337 448 499 785
7
840 789 780 74 166 900 342
6
806 952 306 638 429 684
2
28 618
7
816 632 144 987 168 334 357
2
775 312
6
98 553 180 370 16 829
10
595 725 587 98 487 201 727 844 2 249
9
519 621 967 6 292 275 42 605 412
6
70 405 694 614 172 542
6
738 636 560 137 449 781
1
877
2
417 946
9
151 956 443 790 455 336 754 654 306
3
466 152 743
7
800 315 168 243 982 813 274
6
977 6 283 945 484 905
9
445 443 452 349 201 773 266 980 4
3
84 825 284
3
131 444 116
9
443 574 563 908 317 591 38 103 737
2
989 804
10
714 425 204 741 887 254 706 306 820 232
8
219 143 664 783 753 452 412 445
3
547 34 371
4
69 714 968 284
1
571
4
540 991 231 411
2
299 560
6
432 341 57 507 444 246
9
988 6 627 108 415 981 890 509 342
2
443 868
7
642 919 840 942 390 526 133
9
547 411 557 220 813 932 973 309 983
7
105 830 193 610 64 729 946
3
884 9 219
2
578 702
4
324 819 168 764
1
945
2
205 559
6
111 101 718 739 265 805
6
812 343 11 351 526 99
7
327 561 928 224 446 629 573
2
974 43
2
650 413
2
303 487
10
176 178 911 259 650 859 690 720 742 304
3
340 947 681
2
274 351
4
851 248 917 532
4
849 178 563 249
1
398
6
899 528 787 181 168 895
6
326 759 910 10 650 517
8
664 500 330 850 634 747 783 63
7
614 175 29 238 529 603 369
10
36 442 806 448 579 566 732 708 828 784
5
269 909 943 761 341
7
333 683 87 228 916 914 195
6
374 295 339 888 897 788
4
342 661 265 697
7
724 59 390 461 439 159 275
7
654 630 563 107 57 867 843
1
755
3
111 332 546
2
744 851
8
367 78 666 98 408 199 992 568
10
200 247 180 320 12 300 84 470 848 216
6
355 956 198 575 934 27
7
452 519 788 1 876 676 924
7
320 950 884 909 379 659 463
3
147 741 231
1
327
1
222
10
721 314 530 268 866 173 508 767 617 551
6
402 803 809 728 741 364
7
159 223 830 124 998 986 520
5
539 678 239 811 223
2
869 885
8
450 970 133 769 640 635 304 985
8
251 67 568 599 633 237 893 817
4
492 947 524 659
2
377 140
9
789 469 714 139 579 179 861 988 306
5
919 693 746 716 218
5
249 908 331 796 324
2
929 544
5
957 862 318 336 802
5
56 757 868 953 621
2
368 869
1
235
4
967 570 690 152
3
913 859 104
10
448 186 207 661 197 992 499 884 238 261
4
862 808 10 461
4
535 940 363 73
8
352 59 907 133 261 842 628 917
2
669 701
1
563
10
91 859 778 387 190 1 589 870 999 444
10
901 880 19 362 370 345 139 362 876 381
8
940 778 741 38 426 476 984 796
10
394 591 806 88 732 728 869 429 729 509
6
51 932 211 395 773 971
2
766 107
8
993 50 691 372 486 50 101 291
9
168 665 120 627 655 70 453 308 735
8
906 732 61 886 315 61 232 720
10
731 95 175 315 144 403 65 296 436 308
1
999
6
907 950 66 774 977 105
6
901 716 540 634 921 814
2
405 539
2
13 758
8
23 105 51 135 704 876 184 6
1
303
7
565 808 362 519 635 405 749
