3127 1
6539 2
1023 1
3741 1
5748 2
4959 2
2884 32
1023 1
1970 8
5844 1
4176 8
2046 1
3235 16
3101 1
518 1
511 1
5671 64
3965 128
4134 8
4491 8
1026 1
5981 16
6481 2
4452 1
6155 1
5018 1
1779 16
4652 8
4156 1
4102 16
5240 8
1023 1
1152 1
2111 1
7675 4
4262 1
3469 1
4702 1
1432 32
3416 1
4650 8
5155 1
2001 1
1506 16
8021 2
2615 32
5936 8
3341 1
5501 1
1023 1
4176 1
511 1
5568 2
2846 16
4710 1
6556 4
2690 1
6846 16
6687 1
2070 1
2709 16
4341 1
5990 4
6291 1
4420 1
1023 1
5964 1
2238 1
1873 1
15 1
4220 1
3163 1
3326 1
3437 1
2062 1
1955 32
2179 16
1023 1
2319 1
6056 1
5567 8
3658 1
2689 2
1023 1
5598 16
5365 4
7133 4
2228 1
4540 16
2057 1
3103 256
2115 1
5691 1
5384 4
127 1
3803 8
3089 1
2086 1
4614 1
2673 8
3237 1
4277 4
2686 1
5942 16
3020 8
3650 8
6976 32
5006 16
2368 1
5435 2
1281 256
3397 1
3792 8
2047 1
2118 1
2058 1
3150 1
4102 32
5503 32
528 128
1023 1
511 1
5213 1
2683 8
1023 1
4760 1
2487 16
6365 1
2078 1
1023 1
1288 128
3213 1
3526 4
5348 1
1333 32
5897 1
1777 16
5135 1
5809 1
5949 1
4966 4
1402 8
2924 8
3878 1
1645 16
4517 32
3742 1
5578 1
2347 1
3889 16
5291 2
534 1
4735 1
2604 1
4256 1
2174 1
3371 1
1930 16
4643 1
7650 8
2561 4
5082 4
3420 8
2596 16
1252 32
5687 1
6077 1
2640 1
4203 1
2218 1
1023 1
4945 1
4154 1
1319 128
4751 1
511 1
4941 32
2533 8
5428 1
6395 1
255 1
2793 8
2070 1
3645 1
2303 1
1385 32
4369 64
4676 1
1023 1
3042 1
4736 1
127 1
6416 2
3648 1
5649 4
5342 1
2564 4
1023 1
4415 64
2992 1
2098 1
2590 1
5091 8
3077 1
1023 1
3281 1
5501 2
6431 1
1111 128
2976 8
2998 4
2046 1
6186 1
1278 1
788 32
2049 1
6356 4
2528 4
3555 8
2302 1
3146 1
3666 1
1238 16
717 4
4613 1
4836 8
6198 4
4782 4
1023 1
1077 64
4611 1
5379 1
3694 1
3625 8
3390 1
4732 1
3952 8
2078 1
4765 1
6593 4
4096 1
3818 1
2102 1
1023 1
6009 8
4638 1
4207 32
2195 1
6089 1
4574 2
3734 16
3587 1
3952 8
1023 1
4285 4
5000 32
3607 1
3539 16
2306 256
715 32
1540 128
2837 16
4760 1
3881 8
5325 16
5576 8
2110 1
4806 1
63 1
3198 1
6243 2
1604 1
978 8
6263 32
7069 2
5283 1
3179 8
4709 1
2347 32
1023 1
1023 1
5116 1
1769 16
2174 1
3165 2
1959 32
3195 16
2562 1
511 1
5044 16
2566 16
4221 1
6593 2
3429 64
2302 1
1023 1
3418 8
1023 1
511 1
6624 8
3964 2
127 1
4638 1
5643 8
7133 16
5347 1
5058 16
671 128
3485 1
2476 16
255 1
6062 16
5435 1
6872 2
5822 1
2305 1
3658 16
1528 8
4491 16
6380 1
3973 1
5131 1
2678 16
6727 8
4383 1
5629 1
5968 1
5759 1
63 1
1039 512
6147 1
2066 1
5790 2
3783 1
6086 8
1394 16
5474 8
7079 1
1164 64
2050 1
2054 1
1151 1
4876 1
257 1
5869 16
2850 1
1164 32
5765 16
4610 1
2843 16
1023 1
1441 4
2358 1
766 2
1117 8
3738 1
378 4
1574 32
4938 1
2836 4
6440 1
6218 4
4804 1
2882 16
2198 1
1023 1
3369 32
1022 1
4740 1
3249 1
1023 1
1425 64
3964 2
4424 1
1661 8
2979 16
5700 16
4300 8
6477 16
5852 4
511 1
4792 16
2929 8
6253 4
6297 8
1158 1
5756 1
2110 1
4998 32
2058 1
5803 2
1501 8
550 32
6257 8
1399 32
5304 1
3169 1
577 128
530 64
1953 32
3335 1
3580 2
1356 32
1439 1
5039 1
3618 16
1941 16
4426 16
5270 1
1819 32
1888 32
2455 32
3017 8
3341 1
3135 1
4888 8
511 1
5547 8
5242 8
5427 1
3390 1
2055 1
4372 1
1264 32
4357 1
7007 4
6296 4
998 4
6485 1
4992 1
3894 8
3077 1
4009 16
3645 1
3682 4
3110 1
63 1
3895 1
1026 1
5358 16
6041 8
5759 1
4352 1
1280 256
1023 1
6689 16
2182 1
7171 4
2526 64
239 16
63 1
3713 1
5683 1
3409 1
5721 4
1426 32
3994 8
1504 32
255 1
2027 8
3722 4
5768 8
3394 16
2306 1
1247 128
7636 2
5269 1
1046 1
1023 1
1510 16
4388 1
3055 8
5684 1
4384 1
2054 1
5319 2
511 1
963 32
4083 1
4617 1
1240 32
1023 1
4488 1
4961 4
2369 1
5471 1
511 1
4857 4
3519 1
4852 32
3678 1
511 1
2758 4
2080 64
5133 1
1207 64
2468 32
2054 1
4019 8
511 1
4306 8
1032 256
4492 1
5647 1
2046 1
3019 8
2113 1
3119 1
3341 1
4807 1
5895 1
3101 1
1598 1
3392 128
6254 4
7302 1
7374 4
1461 16
4750 1
1023 1
3978 2
1023 1
3382 1
4404 32
6875 8
2250 1
5668 8
1752 16
5193 1
511 1
3054 4
31 1
4852 16
2430 1
1023 1
4396 16
4463 1
3160 8
2578 64
5201 1
1378 32
5691 4
2114 1
3041 2
516 1
4475 4
1023 1
4637 1
2987 8
3616 4
3827 8
2241 16
2099 1
1321 64
6542 8
5312 32
4428 8
1023 1
4996 1
2816 16
4680 1
3901 1
2212 1
2302 4
3966 2
4678 1
2568 1
6188 1
1023 1
3173 1
3122 64
3846 32
2389 16
3391 128
185 8
5083 4
5366 4
2939 4
2632 64
2562 8
6543 1
6128 1
7146 2
6069 1
1494 8
3714 1
5621 1
2175 1
6196 8
1125 1
5259 8
2844 16
382 2
1796 64
2605 16
3685 1
2857 4
4804 1
511 1
3686 1
3432 1
4268 8
63 1
2641 32
5874 4
3815 16
1132 32
5018 1
5390 1
2046 1
5824 1
1089 1
3169 1
2434 1
1480 32
255 1
4140 1
6760 4
3392 16
1023 1
6191 1
1253 32
5865 4
1023 1
7073 4
5943 8
4722 1
3614 4
1283 256
6589 16
1102 32
2437 4
3409 64
6218 16
1666 64
6673 2
5288 1
5419 1
5666 4
6876 16
4242 1
1037 128
4533 2
4693 1
2178 1
127 1
2056 1
4632 1
1060 128
3969 1
3678 8
511 1
1578 32
255 1
511 1
1023 1
3599 1
5455 1
5288 1
5765 1
5438 4
6653 2
3357 1
511 1
255 1
3421 1
4548 1
3728 16
5024 1
2183 1
2699 32
3849 8
7527 8
3776 4
255 1
4545 1
5879 1
1035 1
255 1
5697 1
4548 1
5516 16
3346 64
5242 4
5531 1
6939 1
5711 1
511 1
6283 1
63 1
2555 4
1923 64
1127 16
6033 1
511 1
5173 4
2358 1
5789 2
3263 32
6423 16
1645 16
2190 1
3646 1
302 8
6234 8
5359 2
2049 1
5771 1
1023 1
2051 1
4968 2
2211 1
5005 1
4441 8
2689 64
1023 1
6701 16
3983 32
4296 1
1106 1
1023 1
5451 8
3500 8
3806 8
5181 1
2566 1
511 1
5887 1
255 1
1023 1
5891 4
2051 1
596 32
1531 8
925 8
2804 8
1554 1
3844 4
2685 4
5363 2
4110 4
6314 8
1514 8
3316 4
5377 1
2445 4
3422 4
5641 2
