748
5
424 112 241 658 889
10
108 112 268 935 520 949 803 854 620 642
1
536
5
3 632 12 660 67
8
139 975 49 139 106 744 761 219
8
375 672 641 926 308 756 429 574
4
691 541 480 520
1
790
2
668 720
9
568 773 945 550 693 771 212 263 147
6
54 657 154 644 14 731
3
575 287 224
4
918 791 560 676
5
721 162 628 301 446
3
254 141 41
1
417
10
729 187 473 109 300 536 589 302 782 632
6
322 809 184 663 516 703
6
126 979 845 853 997 14
6
408 167 83 66 140 787
3
127 39 460
10
573 90 448 441 88 641 933 673 378 16
8
850 980 792 799 508 782 820 364
7
57 784 118 602 511 733 207
9
311 805 330 468 389 862 162 165 895
7
584 926 376 485 471 93 381
2
818 569
8
99 568 397 340 821 747 369 771
7
968 658 528 169 623 311 444
6
216 490 237 322 830 981
8
871 184 927 329 456 514 804 923
1
803
3
20 361 5
3
957 275 13
10
389 921 778 919 804 974 529 925 502 470
7
229 87 172 784 876 893 823
5
502 665 400 458 887
7
635 376 150 274 212 982 108
2
943 457
5
571 286 296 538 86
8
553 995 295 659 660 75 4 297
7
392 122 70 303 169 962 194
5
450 333 137 411 450
2
529 13
10
908 956 832 961 724 797 418 801 292 896
4
522 488 755 800
10
324 162 541 92 475 574 321 579 530 856
5
724 533 116 289 236
8
321 360 700 865 328 912 70 279
1
552
7
1000 61 246 496 633 803 914
1
278
8
206 52 541 555 101 851 197 133
4
629 396 532 753
7
234 531 952 45 469 296 428
10
663 637 667 776 627 559 97 151 384 179
3
557 823 860
10
13 993 103 801 441 413 896 954 406 414
9
505 519 818 861 899 790 344 769 360
3
11 969 430
4
409 489 740 3
7
319 780 585 757 235 107 354
10
408 4 305 752 251 887 748 961 801 821
9
969 896 963 230 314 592 617 958 643
7
861 393 654 465 344 782 695
1
896
7
280 338 385 405 281 367 990
3
870 90 369
5
405 372 98 454 343
1
12
7
616 529 2 903 474 413 5
5
574 729 410 786 427
5
729 755 7 536 303
5
204 857 323 868 390
3
588 448 299
2
806 893
4
591 40 430 956
1
552
3
773 459 429
9
407 66 623 900 768 278 571 788 572
8
657 679 601 514 190 27 382 661
5
390 618 406 291 182
4
298 619 107 593
1
518
8
218 317 899 824 85 300 130 325
8
474 591 81 297 639 549 586 772
10
792 320 728 947 728 695 666 470 824 879
7
48 56 10 482 230 363 270
8
623 601 234 265 427 320 756 754
3
478 974 42
6
669 482 265 884 111 688
3
323 593 507
9
979 327 817 728 734 10 809 519 156
8
893 334 117 228 75 997 552 68
1
70
6
425 641 33 564 896 864
5
100 660 907 303 334
3
680 831 378
7
877 792 999 68 115 656 676
4
458 453 719 947
5
363 14 780 658 89
6
93 769 609 552 775 91
3
985 718 675
10
510 517 743 288 326 788 396 501 895 956
4
219 693 802 642
6
837 79 333 832 658 399
10
159 929 356 427 56 81 238 726 119 301
8
615 36 900 731 950 527 340 123
3
201 720 101
8
520 835 719 995 132 857 332 553
2
135 634
5
822 54 267 5 833
6
89 586 204 512 396 719
3
285 903 233
3
828 424 11
3
776 138 121
5
168 618 701 318 504
6
397 628 195 185 471 674
10
116 361 179 692 203 685 643 301 831 848
2
384 110
1
701
1
260
9
56 196 891 489 868 36 914 219 877
4
799 468 39 145
1
616
7
778 638 799 639 240 458 791
4
994 144 707 16
9
303 712 847 932 791 298 672 331 822
3
734 266 593
1
809
2
670 104
5
267 591 608 806 477
6
215 767 486 436 999 607
9
573 865 341 738 98 883 139 328 699
2
16 729
9
87 796 353 301 677 345 804 965 895
2
572 817
9
447 67 740 535 846 53 284 965 422
9
831 481 961 748 672 48 744 917 13
9
491 230 343 289 918 303 978 248 584
8
307 89 309 863 705 151 117 789
2
746 110
4
630 362 945 963
5
896 498 19 264 474
2
817 672
8
650 739 476 705 13 470 560 310
5
846 748 141 928 994
9
536 305 770 826 474 402 471 57 650
7
133 244 64 305 26 192 330
6
242 997 122 39 685 748
8
437 211 759 502 802 861 340 307
3
197 193 34
7
898 943 164 695 474 904 310
3
548 949 757
7
259 199 748 927 76 425 740
3
800 126 839
5
348 399 903 843 190
2
852 800
7
532 485 521 947 715 265 976
10
112 335 362 547 72 362 126 246 855 23
4
425 430 606 938
8
373 814 664 382 647 650 727 185
6
472 991 173 971 227 546
4
128 809 43 516
2
171 945
8
920 767 848 310 889 410 282 795
9
609 470 323 5 320 591 597 215 459
3
961 748 841
7
980 836 238 413 607 588 180
3
298 888 43
1
845
7
827 35 799 887 634 498 613
7
865 895 186 298 659 251 924
2
710 17
7
344 982 343 314 876 754 971
1
265
8
665 525 328 733 807 923 382 450
4
465 314 867 623
7
302 79 151 40 107 425 756
9
14 97 290 807 252 402 55 729 205
1
129
4
257 728 372 70
3
201 554 398
5
699 980 365 586 853
3
41 87 689
2
607 202
8
994 4 478 914 816 119 770 236
7
240 16 312 627 654 183 759
1
766
3
879 884 892
7
584 938 468 113 815 883 522
1
98
8
203 425 509 325 286 201 364 899
5
513 51 207 182 555
8
356 13 631 827 507 445 176 262
7
661 682 719 967 329 835 905
4
51 528 721 260
1
970
8
853 116 640 495 137 623 497 538
3
816 881 893
3
699 432 890
3
956 609 871
8
547 942 111 865 313 500 26 499
5
90 151 934 871 31
1
949
5
272 599 104 209 890
8
305 185 157 475 261 843 486 537
9
512 818 65 662 578 538 959 732 494
2
50 917
4
937 832 578 305
4
440 894 556 844
3
891 280 647
9
828 268 251 838 904 670 714 583 695
3
326 309 459
2
442 336
3
23 611 491
8
821 256 292 381 888 85 311 466
4
700 488 564 252
6
599 938 876 280 376 218
3
558 651 209
5
874 415 232 722 376
5
754 666 96 243 604
2
36 780
4
30 132 220 201
7
747 551 387 890 124 667 787
8
218 215 102 897 71 699 550 996
10
823 175 775 564 923 170 174 587 134 817
8
843 437 218 487 975 727 590 441
1
790
2
295 750
7
902 400 56 343 78 238 767
9
161 124 903 759 72 956 596 601 429
5
123 848 990 576 670
4
602 799 781 867
5
684 383 209 67 587
7
305 809 338 702 271 517 262
6
155 362 590 543 728 996
3
747 938 116
7
832 826 429 729 918 650 196
10
745 308 694 72 553 268 219 502 297 75
7
406 203 853 51 710 938 635
5
229 415 655 281 158
3
599 528 466
1
808
8
572 479 606 81 674 562 657 688
7
779 753 541 113 931 485 830
6
659 340 58 263 412 235
3
412 214 694
9
625 875 350 520 626 371 991 264 526
6
649 928 927 709 52 613
6
649 979 765 853 338 6
5
274 636 423 47 207
6
222 240 464 973 810 149
1
596
6
308 487 748 492 251 943
8
343 841 115 774 938 574 713 446
5
376 609 848 696 915
6
211 656 507 525 726 266
4
692 850 107 137
2
275 32
2
983 557
4
731 493 928 641
7
917 147 277 322 947 775 451
6
569 242 639 639 240 264
8
307 430 706 1 781 887 425 348
8
541 220 765 89 304 172 483 434
3
964 499 89
7
963 433 791 134 165 297 219
1
58
5
925 176 27 749 487
10
510 84 582 701 206 404 886 941 249 136
5
339 250 479 225 43
2
351 371
10
456 478 23 43 941 713 632 432 124 365
10
254 220 173 167 23 383 607 746 91 821
8
166 238 855 800 184 742 406 174
4
473 809 470 331
7
970 12 973 742 335 524 940
4
124 359 800 534
1
549
1
970
7
147 238 33 341 842 314 452
6
167 107 182 406 301 478
3
47 832 570
4
420 762 988 989
2
658 709
6
392 816 27 654 736 334
3
666 889 579
1
426
8
502 352 999 932 764 591 219 653
4
663 316 624 51
7
908 41 481 616 192 974 104
8
899 566 515 551 663 793 702 16
6
745 44 274 951 844 443
3
311 392 886
1
837
4
767 757 220 650
1
688
1
412
10
574 624 187 502 649 153 194 343 324 504
6
852 269 155 682 105 129
1
115
7
555 380 591 631 76 930 51
8
198 785 402 17 793 41 297 10
10
587 465 871 184 900 987 824 685 583 983
7
655 645 180 710 537 285 745
8
373 937 818 735 744 685 481 277
2
191 480
5
35 844 105 77 646
4
895 323 473 713
1
201
8
776 935 736 618 62 726 596 809
9
917 616 127 533 802 396 880 395 442
10
679 140 133 518 642 229 948 153 918 814
9
682 689 511 566 485 678 554 376 802
3
397 977 381
4
668 740 975 763
2
941 427
6
346 769 699 998 752 903
9
815 570 496 791 873 528 762 440 632
5
586 735 49 557 776
9
873 826 325 136 80 339 142 684 935
4
212 669 557 16
10
48 913 584 321 300 335 913 918 281 426
7
988 147 450 446 763 734 304
9
251 950 725 237 908 395 467 685 483
9
60 408 770 287 138 461 513 802 66
9
875 775 838 897 314 62 357 90 87
1
42
2
537 502
9
495 244 219 36 305 919 261 700 78
3
511 533 958
10
489 989 49 643 799 722 399 983 50 387
5
444 582 410 408 174
10
759 793 706 180 409 898 520 328 999 344
4
23 452 511 344
8
213 301 245 69 581 562 391 496
10
106 745 908 811 482 966 380 994 587 984
2
965 183
3
629 430 14
3
971 88 702
3
143 241 491
7
451 864 425 782 855 957 320
3
110 50 2
10
1 993 512 603 145 441 962 126 635 75
3
785 969 970
4
511 478 143 32
10
2 937 741 365 641 104 206 571 225 805
7
463 601 9 288 466 628 161
4
577 257 700 741
1
668
4
326 508 493 76
3
203 648 14
2
283 27
4
236 406 262 35
5
595 408 787 771 661
2
143 11
2
739 827
7
842 630 742 251 659 774 215
4
659 85 950 918
10
359 618 241 883 392 898 131 952 419 315
8
908 367 909 907 902 825 363 685
6
208 203 763 76 716 168
4
810 253 205 46
3
463 1000 169
1
788
6
586 973 840 175 508 255
3
49 354 478
7
480 461 993 953 339 956 8
5
183 1000 259 168 747
1
959
2
851 318
6
708 794 945 922 334 59
7
561 22 964 939 322 432 425
2
979 594
4
172 608 880 541
10
421 581 978 238 294 848 250 41 891 884
6
974 301 568 597 832 766
10
59 146 315 665 628 600 432 99 704 233
10
398 709 464 641 993 881 551 473 254 424
1
483
8
13 643 841 550 227 455 434 493
4
122 167 347 757
10
800 230 394 850 379 279 576 400 415 686
10
384 258 820 929 282 379 291 568 618 556
3
282 283 109
7
752 66 672 657 627 994 629
3
667 436 526
8
35 941 429 670 413 448 691 91
3
31 652 893
8
391 378 935 441 148 703 199 288
2
406 951
2
447 103
10
875 551 721 581 782 192 394 43 618 372
2
193 582
7
23 942 242 164 63 23 702
5
756 746 470 309 365
2
414 35
2
149 377
2
636 545
5
197 114 811 146 615
6
667 877 962 176 508 376
2
696 10
3
335 273 325
7
839 967 715 413 670 942 317
6
471 305 499 640 683 980
2
951 990
6
451 133 781 115 344 402
9
520 10 180 498 523 930 355 645 954
2
892 927
2
814 944
4
838 364 603 104
4
790 272 494 35
5
150 509 40 567 729
5
48 221 352 715 845
8
718 493 270 115 624 361 178 809
1
441
8
240 64 217 864 271 107 731 401
8
919 491 296 706 416 352 782 4
9
800 263 678 308 542 57 739 105 902
5
104 865 142 614 168
3
497 599 771
7
168 711 828 311 531 20 307
2
903 137
7
166 647 569 855 46 123 967
10
76 570 175 666 109 643 95 276 13 640
8
698 981 948 819 487 825 654 740
2
473 449
9
849 802 729 618 361 254 605 776 792
7
138 142 845 911 924 799 640
6
186 788 381 689 960 872
5
251 860 171 196 810
6
1 244 883 4 200 797
5
250 587 164 581 88
6
94 966 853 172 348 863
5
549 922 505 173 895
1
32
5
724 880 643 661 29
3
156 485 46
10
152 779 841 941 35 545 146 667 457 347
10
413 646 912 132 1000 321 956 505 15 841
9
842 735 4 485 500 793 83 311 46
7
858 270 149 897 505 114 867
2
995 285
1
914
10
681 498 406 546 513 621 952 827 700 37
3
399 474 696
10
666 756 790 560 632 916 800 544 93 470
4
802 327 664 285
2
126 113
1
61
5
248 473 26 419 678
9
479 332 821 266 216 661 15 430 622
5
457 495 819 839 227
10
735 752 761 736 353 135 543 371 305 494
2
208 700
6
362 894 277 745 149 287
2
451 989
1
240
2
701 686
6
132 355 762 712 200 911
10
305 381 841 523 132 145 840 579 845 389
6
389 628 961 569 388 323
3
624 154 553
2
398 657
10
801 866 480 843 809 821 599 69 901 571
9
307 78 235 264 553 947 767 940 550
3
193 167 288
1
927
4
248 495 394 373
7
643 354 530 753 271 731 206
4
937 639 131 676
8
687 287 63 792 948 891 635 997
7
474 874 754 633 679 25 164
3
469 978 36
8
767 341 844 629 216 964 382 850
1
495
2
496 459
5
482 840 778 598 840
7
247 801 328 565 615 231 124
2
654 424
1
712
7
645 409 141 668 295 794 670
8
67 796 516 637 301 528 68 326
3
933 441 285
9
905 150 706 368 148 75 93 907 530
1
482
8
690 202 826 358 608 118 900 845
5
208 580 507 700 229
8
161 406 221 854 337 651 258 732
5
912 786 603 36 652
1
470
4
102 960 912 640
4
303 215 869 645
9
847 691 438 716 427 323 530 626 162
2
518 321
4
831 649 289 435
3
731 428 287
6
700 389 931 213 75 79
1
349
6
825 773 522 188 50 530
2
220 810
7
392 6 633 63 661 190 913
9
5 396 851 352 319 937 230 918 973
3
828 329 214
4
156 512 725 960
3
721 365 237
5
585 425 528 716 263
5
813 103 66 356 795
7
336 54 313 125 708 946 308
9
876 48 15 817 222 105 329 920 372
5
476 837 462 184 515
5
480 313 34 182 110
6
747 525 419 17 701 343
10
227 858 436 232 814 885 338 801 607 542
9
339 953 261 271 264 937 116 287 312
10
151 716 979 503 936 609 696 794 747 715
2
577 8
7
621 870 648 830 590 478 20
1
976
6
297 480 809 633 526 537
1
609
5
880 371 628 208 366
8
871 519 577 136 470 276 585 474
10
518 563 691 91 91 485 590 590 890 62
3
119 342 580
10
656 277 567 746 220 848 17 502 358 595
2
803 517
9
995 949 628 210 202 864 320 524 26
1
304
4
254 582 407 195
1
17
8
341 322 54 982 409 847 971 734
3
197 152 683
1
678
8
815 660 624 884 28 221 418 210
7
856 415 593 477 897 250 869
4
12 549 259 112
4
658 704 501 163
9
172 942 430 238 357 723 518 799 109
2
97 765
8
711 51 861 268 732 657 622 697
3
627 449 632
4
881 50 170 114
3
10 218 35
8
966 784 339 590 300 420 667 167
1
570
7
967 83 885 617 431 948 696
4
666 348 674 713
6
849 109 205 555 853 237
6
712 808 318 874 515 140
4
541 73 878 393
3
880 434 760
2
249 556
10
410 613 605 798 609 102 661 200 757 231
10
530 701 180 447 377 235 675 342 894 803
6
170 518 91 597 190 172
1
736
7
910 840 959 75 585 457 894
4
716 673 485 874
7
474 296 237 667 346 593 229
5
747 271 472 456 271
7
395 281 64 88 441 2 358
4
493 707 455 535
6
130 768 996 794 164 856
7
844 727 689 354 658 375 846
3
961 692 516
9
591 858 771 949 14 172 676 984 832
1
967
5
288 340 529 407 651
6
567 216 929 84 865 421
6
510 903 294 30 123 960
4
828 175 353 997
6
987 3 8 693 214 846
2
17 84
8
529 480 165 269 822 156 196 756
8
394 710 42 612 460 756 46 194
4
101 556 139 447
4
702 36 709 29
4
392 509 856 733
9
337 71 197 93 815 461 965 96 102
9
644 513 103 181 829 727 528 74 7
10
498 128 199 769 205 416 92 558 146 329
9
347 946 50 945 448 129 857 241 472
2
344 880
5
220 360 489 596 68
9
593 907 228 277 656 409 393 476 856
3
527 865 81
10
306 946 520 616 195 816 234 31 755 711
3
438 38 318
8
988 842 416 105 669 436 847 950
4
832 108 264 60
2
129 1
2
798 996
4
61 874 209 425
5
268 61 156 897 453
8
178 147 361 89 334 111 225 124
7
301 710 300 426 43 9 689
1
362
5
42 408 444 550 365
5
670 186 14 277 714
6
649 672 831 588 402 792
1
62
4
679 236 314 354
10
696 995 541 901 325 6 380 638 855 197
6
328 819 980 536 663 85
2
112 994
7
232 954 835 847 898 137 959
7
791 533 733 723 497 978 999
2
632 632
9
385 406 699 901 727 956 289 494 255
3
155 295 395
4
94 581 222 350
3
23 557 124
2
233 735
1
197
7
491 73 427 698 757 828 348
10
208 463 516 263 578 737 540 589 38 570
4
698 565 169 676
1
758
9
21 587 511 422 254 188 940 376 265
2
859 66
8
645 172 287 163 693 197 555 141
1
880
10
69 1 44 372 279 866 765 111 533 137
10
104 28 289 662 359 829 157 301 934 704
7
817 851 753 520 700 420 443
6
192 369 734 800 213 760
2
212 559
10
182 940 755 665 926 357 755 956 608 313
2
514 434
4
572 169 652 366
6
306 770 708 581 145 219
8
276 449 126 494 368 202 412 815
2
935 731
10
913 573 238 410 202 187 695 530 681 828
9
292 889 131 168 54 392 892 669 552
9
699 800 847 457 335 384 554 216 291
10
975 457 326 514 343 235 917 5 663 927
10
57 403 487 683 944 180 548 14 494 248
7
788 232 140 351 821 821 83
2
184 841
6
629 222 138 346 472 26
7
670 747 968 245 186 470 124
3
220 998 157
1
115
3
625 388 432
7
53 234 478 668 718 913 189
2
665 323
5
782 470 422 144 506
6
242 888 84 660 328 418
1
495
2
526 986
1
153
1
373
1
969
5
802 946 732 638 468
9
839 686 480 250 479 707 131 788 750
7
936 562 793 842 585 31 709
9
936 836 907 895 113 88 536 48 995
8
675 538 983 707 311 511 721 904
8
532 374 27 350 255 64 220 93
5
641 75 66 678 493
1
352
1
241
5
690 275 604 572 183
7
255 681 198 974 618 465 56
6
100 914 94 890 119 585
7
524 917 776 844 919 428 77
3
813 95 889
4
977 555 633 270
6
511 100 515 691 107 629
10
478 303 389 88 265 379 240 834 120 775
6
312 412 875 768 201 834
1
197
7
935 288 206 650 391 466 842
8
760 762 121 441 194 216 443 344
3
159 237 351
1
188
9
44 72 644 456 644 777 727 242 620
7
650 12 821 290 947 405 419
10
458 825 232 755 783 630 196 744 495 332
6
832 720 365 34 50 791
8
688 400 895 736 637 429 250 683
7
437 459 654 111 511 358 393
10
179 296 558 85 680 969 765 575 997 647
9
604 324 849 92 176 761 190 710 34
1
443
9
920 431 664 817 588 724 583 268 909
1
55
4
619 493 261 894
2
1000 915
4
171 426 329 25
9
867 518 445 742 331 611 794 894 390
1
263
8
238 569 349 785 164 769 597 606
3
747 42 685
8
492 551 298 387 327 631 509 498
4
815 493 882 817
10
392 827 849 91 776 264 974 403 355 956
2
838 727
3
445 982 210
5
163 274 229 995 101
2
155 75
10
912 346 108 296 191 470 950 30 982 855
8
413 241 744 741 496 807 233 112
3
123 771 503
9
628 823 262 337 521 6 702 149 556
1
617
3
913 209 43
8
897 291 837 33 471 816 928 35
3
814 116 124
7
912 845 785 286 282 492 918
6
21 373 859 495 56 73
4
354 567 220 266
1
629
10
586 186 138 801 41 190 325 421 519 326
6
931 909 275 480 859 497
7
568 314 167 930 61 424 731
3
250 499 80
1
968
8
213 622 408 7 419 445 351 810
6
33 858 931 394 487 709
6
605 967 760 311 469 678
8
573 995 301 921 23 150 565 609
3
718 825 895
1
494
7
558 838 855 834 1000 718 513
1
223
1
731
8
805 755 722 807 589 341 865 687
3
464 570 776
2
331 225
2
887 372
2
401 496
4
921 527 307 593
5
113 415 325 253 278
6
484 667 487 519 554 941
4
294 775 641 735
8
302 65 637 146 514 22 702 477
6
232 743 455 389 388 735
8
434 883 219 287 482 368 367 186
2
880 356
4
158 214 196 632
9
296 658 335 519 884 61 100 809 980
4
806 134 583 136
4
805 796 852 305
8
12 764 664 30 77 262 148 666
