6640 4
5417 1
4252 4
5251 1
4113 1
5957 1
4746 4
4697 1
1395 32
6117 2
1028 128
5309 1
4109 1
4165 1
5248 1
3938 16
3122 1
2857 16
5562 8
5779 1
3198 1
1023 1
4111 1
3591 32
3201 1
2633 16
1023 1
3709 1
3135 16
4609 8
1027 1
1023 1
533 64
3521 32
2123 1
2459 8
3334 1
4411 8
3405 1
3944 8
5624 8
4748 1
511 1
4125 1
3413 2
191 64
950 4
5277 4
5835 16
2307 1
1024 1
2583 64
5453 1
933 16
3453 1
5177 32
3469 1
2316 64
2643 32
63 1
6454 4
3976 4
3816 8
3325 4
4601 2
2341 1
5763 1
6729 1
1899 16
6824 8
4301 16
3248 1
5243 2
2267 1
511 1
1843 32
3725 1
4568 1
5287 1
3438 1
5659 1
3747 32
3075 1
3107 1
5029 1
2822 128
3547 8
3223 1
2242 128
5700 1
1448 32
2638 1
5803 8
4292 1
4094 16
511 1
6305 1
2182 1
3386 8
3905 1
4502 1
6213 4
2175 1
5718 1
1990 8
5823 64
3613 1
6813 1
1023 1
3967 4
5546 1
4526 1
6302 16
511 1
4979 4
4038 1
3697 16
5924 4
2370 1
4349 1
2586 4
3749 8
5470 1
4111 128
4479 1
5178 4
4455 8
4761 8
1235 64
5572 1
3065 2
3293 1
511 512
6597 1
6447 1
6127 16
1023 1
5860 1
4348 1
3326 1
4809 1
1972 8
2952 8
3752 1
6233 1
1474 32
511 1
5216 1
1552 128
3218 1
3781 32
4348 1
4476 1
4183 32
7233 16
283 32
3241 4
1023 1
5475 1
355 32
3274 16
1449 32
1643 1
4246 1
432 16
5707 4
2238 1
2938 8
2056 1
1023 1
1058 1
7413 8
5340 1
6186 4
6029 1
5614 1
3776 1
