177
10
474 324 696 205 587 244 246 961 751 6
7
106 112 757 466 489 496 134
6
228 15 916 558 67 114
9
116 905 764 60 88 929 385 228 961
5
48 189 703 439 230
9
920 722 726 345 287 887 463 570 808
8
720 835 632 966 65 138 386 208
7
785 438 224 948 434 74 27
2
269 902
10
382 304 786 18 664 331 880 955 658 263
4
460 55 231 282
9
819 469 674 654 327 681 345 665 429
7
179 264 756 65 532 502 930
7
705 72 274 268 267 738 1000
9
371 904 700 413 704 18 606 944 275
6
482 695 474 55 907 173
5
215 667 919 266 379
4
849 328 152 418
10
387 359 698 699 259 625 790 329 193 855
9
873 872 926 891 732 245 52 517 21
5
954 524 422 280 161
1
872
7
24 354 736 968 295 596 397
6
943 689 951 80 10 134
5
667 327 734 246 939
4
996 393 666 444
1
518
5
80 566 415 329 108
4
70 465 347 845
8
780 870 256 512 954 117 207 399
3
362 152 16
1
686
2
501 28
6
435 259 40 640 718 525
3
353 209 595
4
157 905 219 914
5
425 136 724 928 976
6
58 480 781 266 68 90
5
972 221 874 355 773
6
643 915 346 296 621 915
10
644 175 649 15 901 586 329 588 467 278
7
417 290 253 315 676 682 334
1
357
7
785 244 792 206 907 226 596
4
952 444 476 511
2
110 81
2
340 284
8
289 596 993 368 49 527 798 857
10
69 403 813 126 352 568 245 446 616 909
3
999 477 823
3
258 6 255
4
352 418 198 541
7
771 521 706 540 868 852 334
2
361 304
5
392 655 543 81 134
8
400 240 93 89 566 826 417 472
5
819 517 170 129 686
4
146 879 427 856
4
849 523 922 213
1
44
10
464 494 247 860 357 680 443 22 734 103
6
6 670 806 768 143 813
6
58 364 3 461 723 863
6
847 800 483 167 221 759
6
701 665 886 477 991 877
3
216 512 136
8
611 914 814 837 540 133 871 275
9
274 170 391 175 46 716 716 205 467
2
858 969
10
806 67 996 177 154 478 261 492 809 454
6
816 906 759 287 614 519
5
646 668 152 308 785
8
633 347 76 801 92 470 608 346
7
298 302 339 11 175 75 183
1
321
2
621 678
5
138 90 848 329 459
7
25 295 806 898 315 643 390
9
479 51 600 301 589 273 12 903 745
5
873 140 715 581 215
9
134 276 767 868 304 677 813 713 704
6
984 727 869 306 621 236
5
277 938 750 831 86
5
273 376 184 729 758
7
28 226 285 169 732 458 646
4
714 464 437 167
6
556 927 68 489 154 677
5
174 974 406 102 906
4
367 851 590 178
9
185 140 352 834 946 478 132 568 56
2
570 108
3
838 744 739
10
417 981 80 572 645 429 991 563 836 245
7
431 64 456 819 743 499 724
6
983 856 399 645 642 313
1
472
9
350 153 618 767 357 322 295 167 60
3
95 554 812
6
395 28 647 28 834 844
5
504 473 327 224 826
7
41 449 967 365 114 771 789
10
208 54 903 833 35 710 578 465 345 18
3
43 565 327
9
598 866 130 221 500 374 186 387 857
2
721 745
10
967 507 914 284 32 91 954 143 711 68
5
731 92 798 617 959
9
280 229 191 175 300 145 408 856 62
1
952
6
624 50 447 561 696 17
9
185 198 999 508 911 673 784 181 485
7
777 942 340 847 558 7 494
10
933 370 347 995 765 440 990 110 838 512
1
492
8
748 905 202 443 45 486 534 398
5
551 160 292 82 30
6
322 169 918 739 918 407
10
263 291 171 760 580 816 3 608 12 866
3
200 576 763
7
907 230 955 466 333 685 657
4
14 778 220 514
6
913 293 433 471 967 636
9
742 666 381 675 580 278 386 2 673
6
258 383 85 233 909 163
7
26 34 846 415 709 528 138
8
198 665 297 758 739 452 447 38
6
336 400 346 308 233 764
8
612 67 191 397 576 490 395 841
2
517 302
9
799 397 178 976 694 747 478 734 214
4
722 609 904 200
5
31 635 469 834 844
2
282 229
9
29 453 902 121 724 23 4 331 124
9
946 819 400 284 169 293 893 5 380
10
201 101 1 842 268 262 627 749 363 821
1
767
9
59 516 5 784 221 801 673 88 731
7
958 137 427 824 447 573 532
5
849 943 286 73 485
7
228 741 761 198 259 663 605
2
918 988
4
518 768 847 35
5
625 248 924 956 926
9
974 984 820 470 815 832 208 630 439
2
906 438
1
268
9
517 691 881 340 154 868 208 194 506
2
559 961
5
423 217 901 357 654
6
622 822 945 99 43 986
6
242 220 817 686 512 689
7
714 988 433 503 304 899 44
6
904 660 842 776 214 623
10
678 722 956 559 984 585 313 655 858 851
2
165 70
4
911 437 427 186
1
620
9
703 113 136 615 988 767 338 858 185
2
177 42
4
572 730 810 774
2
744 189
5
281 456 137 16 174
7
532 233 788 469 403 778 656
2
155 213
8
178 963 444 53 461 216 163 513
3
909 944 186
4
83 135 654 290
3
447 762 75
1
851
3
437 126 228
10
827 546 637 520 268 866 797 763 127 654
9
298 685 41 199 997 624 195 931 958
10
964 755 592 869 352 72 491 328 944 725
9
335 783 800 225 862 818 384 735 546
9
893 528 88 263 981 436 475 285 603
5
138 740 760 64 757
