114133
216009
257459
487250
349309
100703
104839
372533
453608
408736
367714
155846
299572
27594
78572
99323
243622
143849
448356
247136
273313
250897
276720
329071
59496
477805
69155
133835
483084
247658
32800
286302
175107
439342
350167
122168
308043
3157
89198
258877
440582
259930
442365
465890
321795
279250
494053
105804
41314
250533
121373
465226
172643
362423
112104
109947
107633
488122
242190
297693
231153
234469
327471
173849
506861
337171
149473
364295
230231
231487
373303
275072
330577
310653
34979
270905
516604
463243
332640
400910
370815
276232
234077
160438
289232
271346
381236
257674
339424
361106
122133
59020
404470
385339
305952
171970
294008
65145
48649
381191
159447
220961
431112
317311
16973
359170
341841
74316
74977
282947
374035
434901
177000
119640
54994
76829
31901
467051
392799
10510
246846
501244
386278
100842
323114
369190
372276
329320
215130
357476
7500
510729
8466
109481
114148
103448
52144
306488
39583
119907
451414
474739
130572
364896
422283
96320
244644
71020
169138
177073
113074
264398
326668
473014
272577
225001
174632
231744
66991
358604
475509
399155
512420
128274
331346
195790
68218
512514
81736
4280
288168
423586
125465
201991
49566
78485
312941
125730
448827
289088
128315
384547
415109
215645
18784
426247
441849
183760
17467
105645
459930
268691
179330
27605
222097
423658
235374
443549
239996
98987
485063
178653
37042
355847
165134
273675
32825
216510
243207
332187
255411
253053
167408
156271
205387
445852
414128
458683
347930
328989
317506
191327
364740
399615
490527
275335
29922
380277
259797
453299
12615
48241
75943
91116
23173
436220
424227
229612
413584
369071
94495
173178
262293
177471
290384
365360
75384
198595
219725
439148
341295
57396
347022
141233
507383
407552
215090
513333
192022
142694
134097
467473
230676
199006
477607
184762
170904
380650
20473
313586
463238
198101
246962
512729
458326
86294
392739
28459
217563
206620
175783
139454
241188
364798
422600
173723
236835
521185
522645
16578
290043
8338
382601
127910
268030
223190
108238
317087
382568
101273
45348
291839
414141
137150
186778
481637
131333
49457
228921
489997
473414
277479
201785
392055
483944
261160
333776
206722
519845
38478
6438
6852
480007
368009
451797
436603
223845
184223
292436
89354
503612
482858
265197
143452
168349
519081
198688
17986
396361
502623
493657
162232
110945
219013
26366
356195
305672
106406
176813
226941
420084
274561
403954
282844
413972
451901
177940
235458
237225
469875
85582
459794
382587
139101
428093
299385
353940
319020
503991
77759
498463
316215
415635
164058
77191
270627
159056
60966
312853
240930
247683
493789
350799
71791
394573
311143
443700
421272
198456
189488
518194
448826
213391
420641
251526
210344
376741
43418
271851
501774
76834
323818
305161
12433
165435
319113
308581
233109
524758
13510
451240
268711
177199
375994
296911
217272
528683
508641
309649
488000
305874
299612
100246
276725
346149
522874
273363
176344
238909
307342
205061
340610
390931
324797
481950
350979
405855
339570
270536
136995
197473
257879
387944
184357
179351
464718
318835
403703
168364
123475
358933
412430
225282
511870
41305
249875
383213
435791
152205
154324
142904
360956
285569
107669
474329
241121
47250
181838
78942
222046
398783
309380
396669
428289
384982
369658
147344
76977
77888
283906
53669
66810
514629
521522
68686
129497
216254
4188
166385
14610
289729
322944
471618
222005
388054
482898
97983
103724
413178
