75457
438293
330367
39064
474484
337824
393893
313843
194274
326108
251452
328145
507422
73546
252243
172757
103254
18840
117771
44688
329405
449749
252197
95160
263568
439921
429108
489042
522279
92396
140933
290324
10659
208860
398758
457536
345736
514333
51420
445174
384815
470027
265052
424341
245232
297093
359658
165981
133315
386073
492606
59935
46264
348026
52286
3439
59560
462337
184891
122256
82645
502254
43661
317723
448135
363689
197311
84521
130325
116391
472866
386111
219893
367855
345048
363425
360602
195198
374766
382500
276559
313785
282133
119717
288099
109678
205756
124362
219962
492475
397632
486144
518378
434548
206209
482800
393074
399601
246755
402950
268344
212818
128120
437313
235773
283421
213439
345891
3262
474305
398810
397485
507471
417338
476944
300551
438649
496164
367372
120051
247150
319770
121797
122417
461401
98025
92129
476596
241907
307657
428685
396978
165794
322169
267273
441769
333297
41479
413106
95106
400288
112067
372286
347550
509936
236754
495679
145424
144158
465746
264500
276969
139475
162733
140542
373970
244157
466872
259958
417940
449617
119779
301762
350906
479480
71816
237253
377358
2856
226489
527707
100943
282255
224503
457817
82786
371983
26241
7586
180881
273344
229711
222876
441245
193636
236575
177238
231149
1023
410421
258511
31057
89648
242361
337979
374000
196964
294808
120604
103445
246887
388854
324935
331047
208171
85446
267236
333882
519099
164227
388859
369301
159518
466407
83228
489618
342628
237320
119138
485299
364546
488492
60489
198192
248873
480456
206674
83389
138523
399111
288314
122459
354701
364918
169312
292362
49048
210667
322702
258403
276363
268553
434774
274712
272607
283842
173350
280707
303033
88751
467688
101255
259499
470102
42626
516378
318344
268452
35996
481285
223276
262901
418092
142371
92863
400216
405459
143573
264973
405499
211017
387840
400299
443922
295936
474866
157568
117623
373123
182972
504693
345011
447066
104560
316264
332508
147359
285948
69799
469755
510767
135765
51572
206671
338218
310510
118310
346148
236826
90475
9619
75456
17504
84957
43404
272073
128490
445863
129253
374264
34303
486062
428246
410416
254321
133432
172927
149855
192754
137565
325259
463646
492839
8461
423356
16418
29621
49178
365197
333295
447917
155988
249687
190396
160580
203582
233281
350276
476484
429277
493802
162614
234195
299406
475315
402510
131615
57847
168617
229197
339863
66693
287572
353365
515865
252781
462024
181858
479572
78849
351928
86818
391578
512247
48552
38608
499022
268629
79357
509797
122225
203367
279150
419651
458208
334934
110861
346578
131885
383543
242985
13286
333553
227736
134271
341584
364755
78143
463248
174769
455140
540548
343241
114594
368103
300152
217469
368423
103421
62298
260792
489532
483886
355625
364624
477652
45507
431364
84488
126172
84759
130600
350671
444086
533295
3009
441102
32657
251265
374722
187863
469350
16744
201615
8766
241024
475200
421914
222556
153872
469226
95087
191189
330616
295249
121014
150263
18079
217063
110925
152552
504210
121259
345944
383295
422392
513285
206922
229942
300258
391137
198223
42716
282628
90437
35450
201613
273081
414765
405940
135258
448945
474798
526847
404821
469221
260319
357715
6285
258760
354566
203419
101860
454496
70132
443654
75504
397656
100358
288942
333069
9880
289253
331943
44705
12286
333021
294889
456481
156036
127645
190058
14288
399780
62523
512489
149256
66245
110808
316323
19553
37981
328003
184632
117894
113613
267607
471811
427735
462110
274272
29571
85001
117464
316901
333328
278207
422470
209072
136506
224402
149644
489027
104870
430523
275733
199413
436345
6046
210375
373197
94211
242664
312743
291699
85211
500901
378286
87864
128003
350139
483640
349428
330485
469377
145488
330588
445073
224396
493190
330485
253580
424169
245153
365984
65271
512155
309837
410808
176760
172783
306353
243923
334283
103459
429842
419670
236985
341800
130447
272839
467271
162112
35817
65728
162016
485338
223085
407900
74973
132597
93987
159997
302166
255021
287837
371781
417880
368249
462344
494180
23727
5388
160233
394147
5807
505028
76146
441821
221369
152599
194148
208190
171142
154556
416900
116829
261677
375327
280340
153876
333804
371635
369643
165908
37352
316007
47464
513800
97750
133628
405010
4528
336272
4420
446107
434436
111843
466145
249871
462800
34039
218762
30059
441984
21414
141868
142484
488174
477331
191480
79248
325746
411954
142808
289382
510338
452465
233200
474723
274595
459257
338612
508106
73547
285841
66436
126595
199049
165092
465949
372864
245620
83054
382994
236077
360553
81143
132112
306931
277201
160875
323958
73540
385570
244427
470356
94258
32483
383761
394893
27268
10870
144260
51681
261992
220059
392784
36916
238558
177425
199461
54217
295607
65342
10883
233737
522652
315964
221428
507099
286551
440948
161275
437140
308907
244157
87130
517813
507578
102415
284428
293648
241897
247717
51197
433494
67812
265169
296977
260484
480044
5250
270075
303446
508023
315210
450358
430769
182513
392594
288422
210721
154654
307562
325278
66652
337603
437427
262097
267318
367602
349602
506216
440635
164522
263163
411997
517145
1789
16359
164561
247455
199517
265795
46942
392460
70104
43047
343308
16179
171003
225249
449597
476307
95462
209526
371749
13152
355386
67868
424178
332361
411564
433702
249657
146238
405645
205224
250140
363545
44135
118125
440699
11075
341177
108979
506354
320121
140400
365858
406858
168346
19199
495420
430367
150406
69794
266439
517984
371637
93127
218677
325760
270905
296695
30518
173065
72971
480321
140300
460720
509795
309843
261861
343174
254811
144287
457310
200603
203623
186707
90767
389053
328557
95593
207365
44226
230526
338997
498158
262342
514442
229188
388423
481901
366589
159457
236338
299054
123786
124291
135179
9830
517304
506477
245907
69982
170275
230042
445822
347718
287381
152552
311812
21333
50480
126533
449160
