48829
94752
391971
447490
276883
223956
222752
115258
493243
462860
398026
389216
7779
62309
22966
10770
396384
52734
419828
42934
61109
330768
335959
489330
425246
322241
429679
88699
290451
249273
38870
354031
229413
44791
84742
293672
335057
216154
286354
149402
111434
333436
261139
168079
311354
494477
120193
133949
189022
37314
179176
92325
396742
133176
424771
34646
87564
145933
303702
516627
353982
123867
358408
530036
260000
298340
21461
344027
295848
89641
491296
416505
308625
524739
348887
505574
525440
415159
79576
120789
136169
232759
329266
170437
343949
261727
398987
65281
350853
88705
411090
400772
156873
238055
422460
478003
468284
314288
379771
225289
499973
303810
127682
437755
335066
307836
487128
270848
32893
209041
426754
201447
400694
449492
514509
477657
501723
125303
223500
416729
73447
60702
415241
271275
218975
318403
414443
55189
24525
534007
413801
203962
273983
255367
28925
12479
377737
294892
85872
316721
237020
494562
51521
460498
282934
343173
288545
327719
269947
357792
97191
155758
347200
58096
244416
255289
328393
142232
70134
506267
64660
334518
284289
133814
305303
11698
412905
300377
76574
427622
340206
198307
268903
286881
403212
494944
405308
60233
223321
468453
101390
145014
449667
451659
63629
295204
134235
339853
192055
330296
325260
404501
522106
94269
122856
186626
240486
171614
201089
202369
494461
49588
157783
96053
418525
23809
290634
18894
232782
172120
395088
148617
217462
296083
116498
160622
496282
436943
157724
303851
419224
224379
172676
162782
515899
23629
4710
498410
98387
486832
359996
127423
276830
336550
256190
90333
435628
170971
284146
511771
367872
196117
67727
145294
21006
326231
413264
190586
159250
361435
360952
463997
156017
50166
201669
466313
113883
519094
364219
326928
344200
128157
498082
51759
36192
68275
241254
258581
40126
211185
373292
258074
173788
480373
483033
290931
253254
359441
484590
135080
234749
227509
36608
307561
187484
149813
121963
106696
312980
254525
132222
236713
111522
8778
123830
167679
120854
250863
366094
85590
177261
381905
228255
218443
326813
409272
469733
79617
190877
468822
29310
349590
167259
7606
73500
518524
89616
336498
3541
473081
365313
451221
393466
392117
515454
229802
133379
135356
359727
421005
514257
175167
432703
247969
192899
282562
492860
440999
49781
154188
463303
321606
263631
511
230803
282782
463263
264213
283245
397395
200990
331351
163133
174724
200194
311952
166719
43840
347779
518382
327696
23809
295578
446316
353196
387276
343496
275049
384769
400192
421147
237876
107081
353526
149387
275146
81516
181153
463087
161966
304182
348988
458684
499049
152301
59976
36999
237984
115170
261034
521101
438428
61037
46539
257349
492942
76130
373620
447990
6842
276029
348201
342163
238018
430997
483216
27046
324793
363396
260138
333337
375378
373301
471404
72726
164281
517264
208231
429760
76032
148779
500406
299547
226192
320455
63134
270479
198575
195039
396821
327822
95003
69245
286116
237309
335433
11952
443881
130629
100962
517673
91336
59046
108911
256474
486330
351812
96726
220054
199186
59047
176033
257695
16659
235606
366357
255340
386662
355248
362153
277306
467516
28728
460223
85398
392821
475338
339765
303756
263666
403167
36861
463199
491270
421821
519759
316976
169069
370483
121015
414214
461596
380083
