266561
259011
481479
141676
379611
311543
307215
509475
153933
360777
8276
178339
367533
339551
311963
528654
10788
245296
322645
219906
416973
417571
440501
190351
325828
43240
250212
248488
41482
207101
444230
447299
131514
370178
46465
143147
185499
458945
379425
329797
66098
48489
425089
426908
186217
503381
144246
99152
184246
423336
133791
125796
28757
144065
191074
218210
473868
474495
421143
332080
331611
505485
196632
438753
130841
260637
85831
137099
445221
302220
4997
230903
323001
438691
478885
365869
331981
468507
31244
154951
161327
133049
219598
416181
243326
257107
439063
194191
380210
133935
515838
368351
465253
152511
442894
164746
29907
373599
436745
246517
455173
493684
110741
90256
149372
399334
30148
187450
21353
44636
323964
30596
45169
284408
56134
260342
338197
440046
360737
64491
265396
475547
305322
410861
476231
119424
256983
419864
96919
116537
211676
245690
84519
233852
473233
531584
422700
52873
417348
120973
367342
103412
364154
277109
168303
468580
363526
460464
50311
101079
478886
463798
265558
75322
497196
182859
522105
96844
117822
39116
13506
511045
166421
118721
231506
67893
478825
513784
174808
129052
271675
471458
270156
251295
144663
381849
343714
288042
454676
372880
262209
326636
400890
348159
512157
351808
191878
294919
22369
394067
517932
246009
239953
516845
449293
346061
499676
219634
50905
134908
116946
5743
352192
414835
430053
87189
468844
353253
241939
208154
240261
45889
458017
188883
369869
314146
86722
152641
358648
129993
305009
467567
156907
4988
71554
408111
430023
460506
289786
252812
277778
485416
497822
370272
146923
62861
311041
69615
110378
227361
14378
374792
222555
257848
230775
529075
164779
198957
401757
50840
255969
330559
516354
155276
313922
80448
248262
65454
387347
293382
346218
188421
394448
456284
382573
406166
56230
464036
76011
160198
351740
518514
360953
115202
271389
144633
119553
221163
507310
452392
143130
246501
300385
472602
18300
28515
32121
416921
292886
107764
149281
38612
19819
61933
92413
209664
335673
330194
510906
479534
420388
198138
340011
370711
399687
287146
325332
281957
514996
517924
183427
209388
504986
413175
541207
520839
82620
220547
518993
241166
135808
63767
228724
117280
98323
399293
417786
281209
460664
38519
172816
396129
324366
459484
47860
76768
249221
180648
59131
219779
202233
268665
40564
185379
185276
452905
151361
424816
422259
29730
452442
470025
303739
469449
244299
325580
490490
138090
318729
232673
102432
151275
55875
184795
94211
496582
138834
44289
401397
35730
239647
134809
365729
223653
375234
235890
349165
250720
300825
498953
186284
515742
176883
289332
214938
484123
75213
107006
347423
279958
351797
308598
237446
240839
304642
532263
30877
482779
91752
228267
372472
521749
217442
85898
495261
528469
455310
283147
452578
317316
402131
269423
385794
184519
300395
512369
214746
343690
120807
356822
382916
108219
436982
225166
192056
303948
199152
462111
373198
119272
195607
371021
191569
67229
268197
164948
450967
55957
464332
210508
72581
103308
318762
177097
293045
415861
453809
458967
223393
528755
392353
361950
165240
291400
284044
313642
23324
46909
486921
267016
241974
9720
476536
244003
320811
400536
222058
382384
486174
310301
304997
437662
101857
48514
12456
343295
432385
395551
241730
33294
386115
127148
478352
251247
489996
434885
511869
262674
120770
457580
393974
153686
31306
211207
370846
184948
274162
35473
450518
409332
17088
308823
455284
392546
518669
522189
514809
295515
5685
107105
105600
290757
88016
190054
503462
458407
247481
137054
358917
403915
339865
42468
447348
514995
7678
148876
87643
58698
352052
452678
353190
431395
381714
223132
286799
41788
485410
483900
184213
52431
163847
236342
500807
121816
234525
93357
90924
277814
52346
47226
8378
298690
78152
67983
324487
345985
344888
176328
290364
220214
117787
509353
472858
221603
387174
138565
320596
258559
354644
402637
295065
518728
218729
94319
145876
27033
17357
378151
241699
331288
495679
375649
179710
34221
472878
45615
46727
508968
351696
324240
482338
246029
91280
292770
475813
207614
365224
21410
451000
65450
112068
37763
165609
218570
374118
134316
240380
539384
18897
264224
96433
397885
411801
127263
455187
305839
355827
448874
296972
426656
240834
203851
481919
486857
201419
242653
250575
489215
98522
475284
338625
511792
382578
285698
456038
243052
452362
51602
364892
402444
401005
486289
134163
215398
488212
144830
257418
496086
160091
138472
185493
240201
343154
34571
418021
488543
99554
456196
10492
137746
431522
406614
506967
167905
181244
386855
238739
104635
499319
198412
497355
150244
57889
410190
108180
412962
159940
132672
486298
382814
508795
261327
368947
195365
428710
154739
38980
303104
56592
412745
458748
267488
4700
314088
229918
274049
10109
242777
439112
454623
440211
213570
109738
405285
322250
505018
295331
514476
242969
385952
20699
250701
125367
109654
4674
315518
86380
494909
346083
370712
492514
317112
189408
358101
253861
209093
185127
19827
183482
447997
20494
181525
286575
375948
77251
319188
203131
417240
497968
186434
137188
386437
112440
376110
143271
90727
161620
391566
261884
399488
345710
479389
50663
334599
286473
236898
72024
329802
110402
501989
135801
420966
416145
75855
150981
434554
514291
336631
183603
340558
512952
74078
306855
410069
509584
117730
508874
375973
423890
266945
68880
148393
219865
275182
435440
519120
260921
358414
233702
514292
354131
316069
175825
225203
223208
207698
327147
11580
377664
222680
114125
107785
234412
455529
442870
264776
106024
112098
319935
297662
83684
475604
258769
36309
325277
437142
461614
73035
300264
264342
355407
63963
192088
238385
471547
373186
466020
365747
162982
118334
114924
235077
460260
193547
219726
264202
1359
270302
