151757
495204
190329
385629
18812
358954
391616
363998
509013
112592
38398
410414
305376
356970
293272
423109
104575
446932
200296
75611
301481
498535
458040
471825
218229
230701
483614
407502
378372
359779
463043
164552
319814
419067
327385
418136
495872
180236
180199
274122
500842
9524
461587
402585
203298
469797
252525
247045
314463
376084
64954
253768
115075
284293
235297
22257
59587
372103
318890
26447
185440
275174
497722
369630
202634
159320
340973
390830
496576
281954
191798
5216
424368
265648
417746
372260
226260
17168
188112
367283
351499
307796
112808
335417
250672
153279
131133
186075
280888
492443
128026
440245
473174
325534
358557
188218
90392
413191
78610
144279
13471
141760
468037
29277
493366
429001
340438
88537
175606
161761
503207
216739
243991
431630
39014
216960
434384
255564
33952
453967
360246
488158
99537
304836
4767
81089
527319
9429
164275
262091
159525
491282
374982
132567
271802
112131
522925
50724
330843
305476
157432
457077
364936
397042
494156
182756
445752
79174
50609
77620
11292
176077
196839
78933
225491
187742
249190
75286
114546
324656
34999
486809
170788
161681
373817
465459
270260
243552
419269
147672
21809
370231
187746
509376
463529
61164
463611
147392
446367
57948
198954
215399
201244
105015
391086
438133
104961
383733
217699
139501
307278
325117
442450
377852
11736
52197
272383
209153
312159
454922
311595
390349
51950
25250
330519
203120
109772
318540
174221
223983
357086
85943
341857
181320
14254
48189
305266
26842
256705
410570
353255
425834
165899
157535
95975
486453
371640
4036
490589
282154
150907
283895
105274
418841
354892
95852
518903
454619
303125
130658
397298
463290
46552
275897
218322
43436
139447
295003
382561
245181
114937
95479
471370
185481
452993
385752
273659
338597
262848
382887
122784
451007
272989
89321
335864
191451
230023
428921
299481
395708
231981
330252
387062
412902
410433
150978
429253
411268
441007
280009
429233
72160
431636
348934
333489
263730
238386
80220
232526
40489
464907
192190
376570
472514
109876
489287
215151
376725
364686
505824
418902
443165
171706
342526
465853
196075
377065
360905
15212
70338
283181
421149
290468
10926
34282
502469
265034
10024
419531
417685
125438
358082
252244
316024
393720
460285
423991
85585
412531
389825
129536
288779
396898
490749
195834
442461
189035
449911
358506
159519
297587
521118
316339
240682
232102
114047
279269
207403
107531
245328
415731
87783
195217
30196
514722
249054
157897
274553
486195
89383
183603
202687
261556
419200
419009
181997
215865
274619
493021
366966
506242
105059
422915
454947
503894
352679
90532
335174
69390
426794
439780
318395
158495
256909
378411
40825
63109
56059
92431
388684
231677
78492
90953
520140
420918
30451
321951
75000
38954
350153
406723
74833
335751
32910
127243
335992
279171
333706
88248
297843
420466
510984
302328
436516
62336
185032
413185
425359
59561
172168
196458
378303
404892
267007
31583
76207
372261
449844
147868
390627
362349
75267
2460
189937
124156
16680
28083
143470
262253
506333
349822
481192
39624
153378
277064
80983
188000
314141
145456
467883
258655
163327
439711
50518
49055
95171
469910
59634
532719
30051
35184
161558
118043
324767
5321
241195
132546
394911
135304
372798
360244
340036
492391
156968
394468
212726
500900
161229
99343
17213
352917
475943
190809
250032
186383
348633
6073
437882
439036
266761
419342
250925
255642
124266
330196
365388
102687
222803
17533
126061
134551
477185
123386
508162
319441
109954
76909
301391
182678
533541
372654
160057
196450
182201
447102
213196
131776
27998
34178
233799
42978
176473
83582
236710
231842
439232
428650
