480644
151249
313091
257848
64676
493434
232196
498773
135891
126005
499391
462086
34900
11480
517862
99377
149257
486816
73346
166854
21994
468003
59028
166957
250911
272087
67966
41529
104522
424280
260046
67570
470006
394763
334246
339222
257396
512994
49723
280965
445338
25300
495967
446183
175639
99915
162277
465709
244533
243512
176305
377053
355316
171634
504604
54855
486474
96279
226626
92940
210504
42772
204264
508863
288662
290361
367011
190568
430724
171590
409299
29281
167536
321110
274652
504264
320919
302222
500275
236945
89654
81448
410792
163227
139925
229911
498714
424909
298556
128434
261139
361648
424877
516052
381905
335139
295440
26684
306980
520065
378584
297681
512781
225718
75827
367478
172320
430437
48755
110889
62749
134901
203468
255
379135
412511
122115
494799
462218
294908
304984
263861
166578
124664
164321
482116
91531
73500
174664
274955
388755
255732
288990
54438
492046
377654
492447
147425
25245
436096
440906
410726
158703
327312
496367
114453
128458
124268
106695
443930
417899
502935
37731
249104
223681
508916
297319
327963
362095
204548
308194
310370
475556
135846
329063
223725
424837
466851
286151
481632
428698
85891
347999
161566
365564
136076
204355
299970
234241
335978
362106
22832
115085
88899
211089
87197
223381
113654
106182
207303
477058
166948
157747
489686
482074
414740
435888
275311
368559
345086
354026
217161
108403
392611
482247
18152
399950
50422
94407
287820
493377
283911
526261
219804
299760
188594
420142
438196
219552
198317
388358
230565
186906
418468
215649
132613
419508
95763
51389
493888
285274
234561
12311
263314
301791
508409
500863
117635
222503
253683
396948
389744
478509
495279
482326
13139
351220
200363
167538
420119
450871
298528
487366
104805
417344
205478
326561
338810
307627
372182
227100
362528
300153
295431
522880
28425
39823
441299
321524
114058
102210
512364
187409
314102
406701
261380
