173036
178724
362610
160820
57421
36403
466014
221394
109802
211981
27909
403425
345778
468071
160177
403994
442960
382362
198676
239503
35996
224988
242170
151085
24645
301312
11284
303485
488959
100402
97834
7050
320369
405889
335783
22538
69279
358320
197197
216223
163761
461042
365417
466307
384450
474716
71514
86059
473962
261501
229124
308282
246167
372443
438958
171919
232141
370800
466680
393423
290204
265955
99190
239749
518977
220012
266821
67376
49187
110047
147603
20885
458277
165620
326349
82321
476852
86428
297442
239195
179793
187761
174663
486795
509816
31
125866
350306
15891
213427
94837
463869
346158
205724
175072
479861
405084
426383
504494
516595
51126
354354
291421
103587
135509
50017
329829
450522
488164
335239
103048
367204
206139
296063
277258
453731
464564
367259
42252
205856
223497
2689
255595
107565
435444
503291
106049
422123
84161
497763
447455
216967
365076
371558
138005
232074
233339
489815
419014
414301
366901
530209
33754
150681
493849
80635
451885
179415
204897
428302
29109
191670
16717
505366
490065
280545
188093
487801
213431
333176
162268
10192
160891
24619
206447
5455
138247
424678
241618
51545
95496
497967
311265
98143
417319
102900
364096
322460
126604
156252
331
330679
287995
182666
480502
205356
300118
380012
451374
153021
468124
488661
310790
120121
362494
406170
418829
197508
382564
140725
48429
416481
161658
252225
347458
226514
179417
308586
446116
282761
161697
50591
461106
72933
7486
261255
2944
204148
274458
87452
36141
515577
4119
176310
65728
43758
209441
195865
492615
122631
125042
140710
1783
235574
417507
454046
340281
348984
97603
160616
325998
12610
382804
459741
397460
76633
327991
330859
333760
81827
249284
10465
88937
258283
58016
13754
358115
455567
345123
339849
111281
45674
297215
478209
512273
214333
31603
473581
45667
157449
463459
157907
384837
174733
518525
108072
449082
183850
518065
341584
379589
370013
7168
111244
498594
31194
402663
304418
388766
105511
327229
109589
498346
255297
57150
223260
293640
153405
471562
501082
481079
167629
167656
79451
363163
228353
325826
499206
35014
225964
301602
377393
223405
275256
51816
77739
2930
462547
210156
96439
392403
451487
56967
2528
434375
78588
443995
315860
498011
312086
59193
78191
240148
176684
354967
36410
32798
478833
41480
112861
2629
122092
211886
244816
33392
98990
279313
127364
22789
396448
402965
60843
181558
310868
80231
369710
238661
433038
460010
490873
315639
400989
31117
495793
136654
504720
202487
115956
378502
387092
215165
30876
35175
339067
477319
397282
484708
125599
381838
505921
282936
441585
159447
87991
50746
136435
181473
392291
511374
191963
173545
140109
491947
169861
521251
144735
395317
201241
1320
223957
457700
227947
119913
322550
166214
277900
99062
399406
40328
229439
445876
499228
512376
7699
449041
193036
120948
321108
439409
454528
136432
154356
274017
278940
444377
130370
444496
323982
358504
380430
236332
311791
320193
326440
348934
327453
530037
338932
221065
426677
203582
193571
339492
12477
195195
86048
71893
437524
177429
193060
5174
495247
521896
175721
262466
374218
491037
253286
267950
243750
393592
203455
206706
323266
423786
280238
499151
159109
172345
127794
366232
160008
295817
141291
309226
72049
306520
396566
3901
291454
483375
493831
256114
78497
334655
368800
196966
383532
13501
87630
462819
23470
312520
207294
24857
260447
297116
203460
463379
335019
127473
377171
126513
392241
490879
224126
477957
319039
114375
10327
353391
311816
476078
46243
88292
131479
431114
127388
132292
375828
195819
166179
272878
274258
395510
473301
381846
331330
443473
213511
502846
238122
501307
436233
523529
95738
388692
359653
59733
469417
428618
318403
374791
7163
426023
314974
250672
48761
320421
277586
377144
179776
322916
274890
108436
250031
261586
246412
508389
131930
440268
324726
370127
273185
307499
85939
500272
416391
495927
393946
13342
91490
50323
376009
320927
12608
27812
12822
267362
457236
501273
390056
310681
103892
397222
175808
265295
324742
29834
309503
455878
375618
411757
92615
503167
153185
501243
440653
523381
412566
472333
31907
512411
290245
112578
445572
294452
224156
304988
286475
368133
130209
430451
518575
345190
292582
54323
351835
268386
64408
436324
396480
117845
172068
365270
291937
261577
136168
264958
516504
220522
427506
290088
228457
225066
427849
281720
364122
246750
80588
445614
518471
502079
405039
60252
61068
10031
309013
209468
533597
324105
44088
286986
210235
362781
168563
200228
103768
532035
296331
215345
24422
480108
179031
454713
194328
343291
439813
327495
361647
310596
118011
14322
345171
121884
364363
317039
294767
244447
18353
374739
169959
95420
494164
10394
231212
449298
330383
282108
429411
154046
44375
314799
244193
289096
176719
171814
448451
311916
280576
502318
365510
501049
469978
375108
312284
475842
181607
313184
64420
142355
410745
250965
498970
343101
342815
13030
103733
3076
462563
484909
365646
335376
507753
203192
409633
279606
85139
177050
387886
41815
336614
492840
252239
186568
21976
482366
233434
363544
75088
482754
473055
253441
192492
454980
226433
31731
101024
211643
392808
379336
447480
414559
19395
338335
50354
114011
135286
478204
414271
187393
135167
334879
255881
507911
227820
340421
436308
326407
393686
135882
404469
482217
118213
16306
505241
124705
147933
211264
234488
355787
285217
476484
357359
382260
134509
204542
274599
369655
151930
198978
347844
63286
242229
430647
301830
474515
442965
183072
131819
254125
173487
460358
442577
290391
271957
283628
113697
425964
499068
301701
319592
442604
144468
286500
260604
325794
214528
384565
85144
382751
196245
457573
194583
424075
342232
293826
265352
488591
266061
55848
79997
427383
247557
15885
393366
96101
133611
81076
416255
15727
129391
327497
443275
167895
1307
15181
42216
25110
398338
242245
186622
411991
253353
420036
137067
393161
178308
465579
155027
139644
293168
116098
357894
400235
453213
103189
436279
76458
209644
134574
147876
409993
513434
164092
25026
113784
63650
154140
406275
256651
237007
8836
78590
237143
482007
336595
298050
188169
475210
467281
376628
83910
110765
21395
202499
274952
401861
438499
175047
455156
378399
510518
107739
61823
11683
432923
98013
88844
458676
380466
440840
112117
34009
66670
326747
353437
476603
43946
355355
215248
132867
176759
406601
90459
316231
52479
232971
230314
183758
11385
165364
384394
353422
335956
175309
110577
488541
124678
19399
486048
78685
84330
35441
505192
406320
113828
367293
358825
351314
144335
90568
23695
440240
209317
502069
509251
