381202
463587
75693
291710
151959
19031
321205
240446
174208
206690
283819
203876
472655
267833
125988
429050
490603
371730
58600
135920
119136
295193
165352
480306
246080
59724
457630
89005
427766
408823
280040
90694
123516
77063
407823
341542
23655
194173
122773
11095
228791
11578
230878
267896
298155
324010
182295
502956
179025
125419
281836
241510
528857
266578
157875
472209
39459
312088
217159
396077
3110
338866
207337
313490
272447
502834
237726
89811
54251
58399
377718
186291
410495
457788
86447
457690
31838
465613
246861
424672
30203
440103
484793
333297
29706
489574
461900
250720
31695
353081
297886
187607
255954
509312
55607
173836
96047
504300
62662
368342
471113
120016
395207
207004
262348
308669
185965
257096
410895
489800
104570
446953
380653
89092
356045
257739
149158
484270
408372
469924
60396
280271
157079
312880
64598
135653
39467
387120
306099
504567
338699
126379
353180
225546
400794
397781
205797
96141
507005
121784
323066
27038
385010
295260
343009
173119
160562
427000
38352
199740
26864
25485
498369
385832
444314
444032
272669
188517
265835
423032
488777
235397
273168
143186
155653
500733
445249
492030
130983
194328
498540
225981
466723
69192
287483
277881
280770
382936
54876
434295
155402
101755
139921
220840
482331
523598
91047
218084
260438
409194
418445
217894
434639
431081
493431
482627
113144
425350
508466
147900
308130
93662
325080
261038
382906
122797
218077
213863
42353
432012
414374
27559
466151
497192
388607
362828
375708
330492
401897
505889
52886
465224
213943
478273
58075
460999
440966
315616
17828
24799
224229
196043
467034
13959
203315
184007
268859
281459
48742
383406
195246
284945
509796
280740
305744
73128
323025
380271
33322
80037
382054
169821
65032
481009
123883
310503
247945
233538
302339
291387
331605
31014
393485
379334
514602
461058
509811
249047
255446
406297
502052
23602
118716
252717
355932
47683
242639
430049
272581
327783
238907
51353
93545
478370
504465
344769
153372
122505
235468
86893
225125
511339
233826
122572
251108
478845
400873
233553
92044
15824
220077
502587
364799
371129
86972
530202
6054
279068
500986
268915
143419
323311
90705
341213
118286
467950
208870
446950
208280
91436
486598
424287
51426
400986
238103
298674
149676
357388
49424
387528
341267
122236
343723
83683
77737
51041
130544
287256
381811
249421
410550
108011
253385
398363
299893
374394
526907
144683
86847
502482
60994
237435
348268
332818
430038
47332
245247
194324
58636
22035
394620
514749
504384
108284
508222
471103
295253
355067
181366
20836
340709
227681
371445
6515
238591
246251
485027
25335
339598
446260
18919
203428
302938
274096
360143
204275
195237
270312
277416
178126
96877
53775
37694
155793
413521
451762
246429
184297
342543
234767
440645
413028
109305
221617
462179
151795
309093
315114
229208
131899
182083
439506
58441
492049
327865
410606
409514
69180
183885
422453
214637
31001
348185
83113
153650
309601
430842
205235
329523
420609
233447
119921
357576
178522
457302
50760
113063
335220
185655
112202
196166
246799
151300
220082
213147
439474
456250
51104
407570
171190
301098
192193
82692
250229
394635
1320
196380
168516
480923
422897
11358
363537
273959
142409
341332
64876
354687
500802
341401
508687
349878
344867
243807
363827
93574
445432
188234
188268
380564
190293
509209
493131
294795
273603
8702
3115
294330
242674
428379
429587
197745
518598
177413
394611
181628
41251
508980
14749
147085
47332
43106
62964
495845
335455
260000
231700
423707
442052
27231
450663
437022
147925
446619
496849
288156
261795
83492
193890
172714
511695
309764
223546
411357
519706
203133
266387
362064
343919
96108
356430
404562
107322
161617
108017
284822
101604
85724
111263
475968
310903
157376
284689
364122
298787
469077
226553
156657
