210906
211914
233574
405444
411765
415033
26241
210403
443251
257458
430735
59983
144710
43104
419730
221092
264162
425058
122952
268576
411348
89242
501438
67033
218213
198639
29732
222172
68054
415635
56776
94670
314291
189561
100600
269244
266000
32434
195048
195929
185170
47195
178904
174131
334365
510512
135582
467998
131267
363624
433976
356284
27449
208920
321245
536074
7007
2823
20947
30372
365841
395965
108901
437609
479703
155004
97820
446808
363053
222627
25431
307288
253984
276568
387003
430073
40343
317211
213220
75400
246419
53080
496122
477700
451405
498426
273605
413521
234216
52565
321936
110196
179361
423516
75292
95158
240034
124337
45218
223133
369765
155953
307725
305274
34132
203516
93172
229147
407569
70025
108170
110835
129999
189563
116679
526868
439469
51918
7159
3407
453442
396377
267896
147904
167570
34791
375157
276915
55481
228950
463448
276309
425336
349126
259436
335496
166367
20307
422640
246438
417708
193240
141255
468691
187479
206910
31851
385610
415302
422128
39516
363565
318208
277639
111835
122029
329967
398391
321063
305417
100094
512834
471387
32733
83513
302825
234610
276418
310989
291475
7782
13993
88816
383335
494784
129881
373733
104673
188854
515896
76879
361101
523999
388740
53336
38294
516716
40964
344166
117661
243963
383602
72894
85599
41676
252569
383513
95464
423607
322602
267947
15402
73039
515037
440264
58579
408949
234054
1118
459247
243042
368824
460910
394254
285526
514520
169462
77367
173533
227547
19474
93984
453664
275613
381493
172867
149418
19640
503562
286785
69150
302988
91628
283414
162267
421542
171534
212363
326959
30773
12727
257327
70812
466759
262105
284029
389910
391408
9925
291237
128909
371983
267215
361977
388048
3817
122913
208069
64098
279826
507454
114473
390558
112280
82011
508030
457608
353301
415009
367978
421380
364546
308258
497963
182185
219205
27541
154000
321846
115050
69660
158650
368499
360779
415072
502493
97957
147660
462180
79530
368896
228161
171021
95214
165226
301936
189724
261858
156316
485905
352358
465872
206105
287690
139824
246711
19124
186850
303901
231766
4910
479877
210534
106697
260861
73241
221177
7995
485196
343241
383647
362968
526932
384199
214492
469917
313740
227458
174637
156040
161127
22214
364462
410934
400533
167961
15465
5647
334971
336970
307575
113430
383975
280881
240764
113590
417516
163840
257882
338084
292240
443555
405377
235273
215865
180199
359650
312840
420436
258330
188040
112675
118254
368805
380349
517873
186370
68261
523401
328871
317431
77545
339811
52046
404420
71155
192995
438710
401612
308022
162332
396528
525965
107311
456939
120972
320988
317958
179945
323510
57322
225197
87830
69686
515420
350679
491531
5019
21274
263134
395460
12699
430568
537799
36851
240363
158932
21682
451170
22043
142605
83208
288888
531693
504209
153072
224654
261345
58338
328569
388470
139503
41041
358466
220576
277324
9237
339169
220577
178815
226116
222440
2054
57784
279434
18310
446312
400307
129658
502117
36580
498277
300138
111115
205114
182611
254194
451063
95457
460307
259946
524683
182627
150289
278482
389725
74782
222868
262891
486966
435950
383590
298407
498464
520168
434225
332708
389992
411563
239381
27529
19545
297996
339521
31611
46696
442777
447023
62608
160774
167949
392472
71407
392796
243187
326195
360276
66315
262224
542273
25105
250915
42097
502826
268033
238752
391728
461432
571
393513
221438
66154
497000
223227
207459
323971
499921
453521
340927
436297
278265
55587
77985
172142
293831
163344
361099
286006
294078
272401
432242
257210
9082
62987
425944
298849
183456
119724
342024
359976
237036
465049
248137
370405
358156
92206
402258
333815
457240
229444
43489
46892
275846
275408
329460
416356
519298
67239
507732
461703
469173
88401
489127
493215
230491
513302
202903
15534
199899
321820
145032
269361
235563
199862
126309
279207
148679
374087
414126
428199
191270
140754
396829
45230
423657
65029
382425
241606
504413
518542
499488
44271
213308
161223
293476
465634
237515
281796
216102
95025
278850
278561
46109
155571
331680
240033
469950
382212
242343
107803
210707
79541
357950
102053
383678
280509
9225
373159
154293
285079
228042
161295
201521
325222
390318
437213
416398
102803
107615
96503
477207
32655
99729
275862
476557
401153
260571
148493
355590
41445
455041
305399
111163
35453
50315
80079
269958
341974
223091
343660
436344
331452
196880
31267
300497
506612
22325
178518
347642
514851
382898
500636
99496
269947
398357
319536
397986
516016
401872
93538
296871
373616
478328
404883
433274
289122
156636
21709
200956
32395
21097
208283
408214
475246
478579
459757
410240
368477
330225
476745
247148
182802
438791
364950
263655
45516
208226
440222
189606
169613
380912
224476
127739
360586
433761
526451
229538
10733
433060
113681
15363
56724
406972
22520
210567
48460
68128
440571
437472
284590
240120
42261
341163
282803
452008
85673
78824
364081
514307
112073
334162
442656
427782
60614
259154
55629
146351
287672
50925
307192
317129
81178
398184
229692
338502
425909
329097
338357
48221
311060
266538
193396
498414
368624
44681
18516
149155
104864
92519
277132
479987
351637
389639
57450
90387
221051
239988
292179
369226
17698
304988
457068
360847
303347
102691
293120
18662
402653
70124
309819
458558
303595
492328
305885
415634
44932
146460
454601
213594
434108
80154
462960
418497
182009
176742
75699
455298
366141
234368
339222
307347
485395
214101
198029
489794
89071
5982
513929
511347
401898
374264
452108
346568
385974
85609
506488
527625
167337
151555
208492
147906
357707
477863
63491
38709
258086
120970
222556
54098
243918
501117
328433
530231
332312
458630
369881
153521
263112
481155
253811
125698
416490
129202
234120
150535
209308
112983
149613
213558
188941
392666
490608
341755
182854
411249
84652
89488
19441
73891
243461
191091
372173
377787
134289
115654
43687
216319
158614
142464
397683
244953
300862
316107
433068
475281
147072
302709
294756
462041
347410
152271
192452
85799
491929
34119
327501
62830
45025
73300
324517
339822
488078
393005
412627
115184
353086
276376
408188
196645
23301
8329
342223
355310
432922
343348
327984
116188
364724
356247
488996
113737
129926
456825
261300
310382
393552
431947
457765
168343
412707
153673
452109
211364
13250
500306
234648
230706
245733
467391
444862
60505
422614
508959
147766
414459
164933
306475
451556
239454
70954
352950
346080
477494
82663
326620
349398
50407
274420
359739
429447
254465
481259
503078
49122
22623
369432
37350
406145
393592
84847
267431
491009
414393
348995
423932
143671
184855
306981
241693
361148
306518
258156
303486
325060
445629
96840
511819
520412
136150
130916
489724
206988
405772
190058
150921
376587
281683
81255
298295
490750
262577
469104
39264
418958
29900
45164
80806
326598
373952
145252
508136
467113
507437
305050
298862
60203
204070
147443
130322
350867
