40342
418303
186684
498679
427055
252927
50879
474600
482685
189428
269478
12003
523454
329099
233117
184632
300817
372163
415625
20917
101353
323040
145794
464830
449227
206404
421900
29389
474096
147536
39099
517336
273834
324284
43319
453806
327937
410442
416809
261635
139116
525950
124418
109250
476248
330404
10327
224306
330972
350980
67387
383476
491779
358299
205040
254990
295004
81470
169081
395901
338453
336686
236345
189904
261558
511792
30681
163735
180059
283719
115592
450154
497173
476320
249474
302086
348754
394657
316036
85530
167540
473226
221543
195559
189068
497529
294311
158105
220890
264354
208493
271308
28752
14331
109881
511018
223628
494916
427459
93915
438194
427443
56908
284534
352351
41425
191271
42092
239658
322013
185415
343502
150665
344959
427377
176507
8484
258688
368351
445901
446577
139543
307334
4262
100586
133959
7524
108910
417760
411658
468068
44740
333825
234804
31891
495238
434688
303416
270620
260246
447814
273255
421706
33587
180753
236573
504219
181688
33642
430284
327327
239410
125239
290825
256468
53883
406835
31931
52939
371570
241302
442959
531632
312648
56734
10630
180491
374975
154719
156996
506720
479128
458262
255624
109022
305481
410539
123069
75420
227756
184827
331472
142167
239750
393579
362079
287881
493114
315299
523750
320710
307219
413756
275500
346372
399493
388672
515882
508563
75256
493564
421379
448387
266740
292940
319764
309243
196210
5919
284391
475807
71321
202653
478491
179658
194177
167610
96231
353564
481621
114479
254557
134729
252793
353159
95738
34519
48319
455477
184387
433905
358139
437386
45191
448133
391314
460875
89019
267144
407865
205516
283241
385073
483585
498820
171950
88617
32128
159560
174809
475408
435143
155185
174269
384730
481829
160741
478716
421969
240192
204697
85474
529464
92918
60199
256758
237895
245854
449335
68120
274519
265609
11234
39692
320934
179573
123190
338906
510601
337513
522827
219057
189368
305858
313937
450861
431621
103427
510402
40130
481972
230713
265695
345011
530326
332870
98022
517804
312829
8651
308803
368946
150524
280141
367608
348276
268007
489855
357329
433177
281602
308263
20485
118436
34495
248302
63664
210382
70756
281703
89474
153387
410296
471296
419342
508309
321669
499691
26993
184758
20802
519930
275900
35071
271112
216759
141166
408617
230519
140705
215368
114406
115872
354688
428529
454445
440202
175406
367707
68971
346443
315336
140444
383375
226801
456795
97551
477855
351971
439716
371198
125953
332790
126772
104648
297431
127
243607
225118
15365
451575
207813
209552
177922
501090
457099
508182
424879
54011
54526
387112
459792
463189
74779
11015
463266
104172
427576
339568
323885
327649
531504
52786
155421
264291
15605
427599
40642
507839
113973
45746
139820
329338
290076
311631
316796
393758
135914
396409
60279
37739
187460
318953
370663
469030
460244
445070
332818
48878
97886
338098
115432
73712
66619
25385
32940
397765
322252
446844
65131
90699
486552
164038
324372
158983
149220
82235
419174
470977
465998
347192
85489
275644
373254
349011
169844
423897
512476
271968
490257
271733
337635
239193
457636
158009
50765
49137
462795
296925
172174
485888
51927
468823
67653
494961
267923
410040
319800
33589
133541
440520
61848
387428
253930
399407
463176
11077
215019
345488
66941
174136
259076
175720
282751
385682
521388
104168
35982
439539
131968
441738
313230
298646
64210
204337
225158
106041
290062
70441
361688
199250
454047
346355
120358
417625
170329
473155
333624
511283
439152
358708
353753
344278
467662
181708
415110
31985
32733
307116
456655
302117
347122
261199
302909
196328
78401
325228
42360
546528
333904
111567
60600
519309
75144
376891
122433
365442
384633
434253
507262
168404
70678
414595
393775
211348
446897
362735
377509
104703
88057
176393
468422
33009
154377
8228
333340
56483
180758
383907
422903
508329
166943
502914
498593
72279
355914
167396
519492
168877
501059
24898
186083
283743
226365
322554
286136
484880
121924
340725
120105
388649
42340
118809
406849
339463
20662
81434
113713
838
163513
524720
356602
170581
133837
72302
159886
85006
473656
433040
322872
487416
61193
504659
504043
482122
272036
53673
333306
277547
180390
255427
61764
329067
1023
429436
143981
129140
68393
411260
9107
333224
301574
431208
12109
199154
384236
476378
394279
68177
109586
35698
353528
142894
4750
116267
184806
463896
464952
179503
271038
416290
271186
168529
401633
114845
23709
169476
64766
531183
144553
255404
393988
371061
58056
232370
507516
475023
36101
526643
323464
394132
174369
144506
267408
362886
119103
241240
510824
155770
192920
277458
103135
446034
221380
339433
350084
483218
259013
373508
71227
193835
515217
507643
316400
324378
77449
359327
6619
241637
194888
372738
411541
161916
124280
445052
412862
474650
171507
19097
491104
87501
456651
439471
155071
31825
6537
98200
2359
25621
325499
374187
286304
475880
84782
68161
53302
154875
206603
373091
326451
69990
199698
63869
474288
474509
249261
291613
364498
113325
451226
91544
63917
387127
107614
515096
124466
403037
188279
493186
231506
323885
381605
309436
264920
215917
83337
129620
23913
446990
149513
419609
161608
446074
479909
83545
82429
172037
509548
378911
207874
413333
53782
267305
139302
172501
355624
423187
17913
148799
5247
110030
156766
415392
306130
527985
327552
80484
406896
399210
494422
83378
389153
370787
97547
106189
443023
328692
65421
142730
188937
16397
133529
529964
197363
458392
321836
435501
291413
402386
468359
301163
388812
182438
478985
429414
316510
184669
400558
441311
296063
35360
487980
279875
206841
342720
318001
212449
364910
397534
51209
64892
75365
388534
242637
463371
360438
121950
221943
198506
167766
122742
159546
387006
247856
256632
146428
188459
474863
99975
485291
259630
237396
12646
418818
102139
391534
517321
252051
344122
476720
241938
100716
130601
254709
317680
53633
10981
462324
399396
161893
44381
405283
422338
2174
259399
218900
338060
281356
298305
222024
56575
258810
398014
265612
301928
196727
284118
88947
71721
79167
200609
385394
262986
206955
35160
142029
476103
143822
140259
219972
352776
183676
504936
262501
324383
145033
340849
73515
386643
35361
186847
406230
445553
464362
279063
168211
243543
305794
32275
