258989
28033
297420
381094
451159
62961
516745
162219
256002
261873
67441
389527
365685
134563
477413
248399
149626
460189
257888
471661
357635
264208
317238
468756
422048
121983
52502
361357
145674
98036
24547
196077
333536
45853
186311
347493
293789
108641
149986
452267
59521
466733
466181
50562
129696
296804
515212
204895
289084
491859
390120
252743
231502
500591
5694
209953
380096
134239
195200
57872
67871
116882
487877
135027
159514
313432
264040
71357
311597
361672
515005
405463
79866
358432
159171
525862
135834
209829
304048
83295
117365
213640
65056
86468
446573
420475
457668
255380
153091
411648
529661
302831
392048
356306
85323
80202
408132
502932
180322
416521
51022
483425
340521
88213
63146
7475
454805
291307
462546
356113
245803
416844
360687
229528
113471
517980
45757
181431
117299
352697
489094
314977
105592
27732
329318
339768
474199
214652
353837
44121
8544
102055
121930
523445
327086
322865
434633
262478
18612
319474
510983
188391
144248
132360
364307
442008
178673
256250
181120
396529
239192
22568
164417
105680
18048
277637
185626
35931
313917
154064
393350
94121
527028
209561
314458
24079
61900
328957
377754
15132
323676
200889
154110
477916
242079
330666
237220
390224
509748
472842
434156
447029
495011
279819
445508
452135
221778
496660
54957
266723
169375
378383
412075
527800
156715
511639
106051
165966
46523
466742
179480
201862
128122
317007
270049
35570
460802
473240
68438
14294
123038
339896
213022
395537
322051
410867
394257
125935
125077
275960
59143
491138
203185
270221
316156
368609
379485
156054
19310
293876
498535
177845
407323
434101
479580
297429
174036
283339
351962
346954
517275
428917
450212
123944
120896
516664
477184
464111
306590
460277
404106
428155
277529
12699
90487
397996
174245
457474
66843
205032
432980
364270
399725
404349
416811
388879
276928
140384
347601
404594
50491
462545
231458
97026
315697
220714
237871
511243
347565
350867
399165
504697
173988
61966
361336
454112
128170
339120
535449
77539
234615
473490
299328
431399
432327
426412
97414
57965
308555
373506
353653
213388
445817
150271
299299
31461
431546
517381
439364
464302
143863
21618
462006
278691
173299
35726
239834
313646
9238
346559
76444
420340
86001
436447
37448
299488
250628
317190
405052
318624
83445
453569
464839
322955
295014
517996
490057
380618
456546
274832
116593
174510
396103
467317
59619
335721
269281
522449
243322
123398
410994
39130
243373
239030
475364
357145
20500
75132
291923
87888
63204
369140
387790
256333
432900
520749
130302
356148
172458
360640
254316
86554
163243
426716
501645
497923
296536
54786
288566
425875
290674
354656
89350
28236
78392
289904
361257
468975
426980
513382
514834
60252
465658
40294
432725
432922
231521
209209
245144
507615
173804
519616
298739
278575
60693
264812
96990
218145
32076
145984
506565
421721
377488
70126
340865
286979
89928
400541
316330
360929
333688
337685
52826
124987
504256
413616
201639
404663
413767
424207
524223
396981
433127
511321
379702
334803
232871
229672
334476
124713
355964
294784
131156
437585
197776
414470
9304
493419
212270
79518
424724
212868
18152
414264
211255
430510
67020
53601
418697
471880
463962
482784
9265
363674
83206
448177
320934
131992
57687
67544
176999
401184
160104
167297
298575
322250
108287
195751
59564
34518
261442
269824
90429
162990
460291
98528
131319
158400
108728
215527
431193
351042
419990
94626
468672
164187
46349
106913
277561
419450
142226
268959
36369
344050
100197
198706
418366
190600
345779
441536
25761
457914
68311
443658
176885
480627
186279
321031
511313
495163
41602
470053
408563
283992
324903
111379
237263
381960
7689
395137
510428
259574
241683
305933
235012
482747
192995
101831
46014
134359
153747
38996
11148
142208
175344
302697
71872
482538
332269
123690
410769
12086
401973
136045
469088
502952
340628
345749
227007
269806
491719
29680
19338
464622
379119
258264
207785
316988
241666
306165
282052
471782
60408
360261
391352
322290
83167
169780
192617
175648
375354
487726
15155
161155
262961
415910
64880
151482
229888
294013
15878
310400
490432
122093
209552
241971
525210
296430
246385
63599
494174
496871
138824
192000
329340
457864
304474
487777
130560
413748
275973
367968
105622
382072
308229
308206
456003
157885
407126
212095
24689
404632
