133366
381602
478550
368556
357628
68632
455386
385065
16255
57808
16721
57461
486290
321375
408532
494529
109528
374105
481340
285083
112376
410600
404808
421546
280067
17906
519377
335982
276942
360119
318450
395668
347019
86967
124720
205101
487294
336492
268699
410868
379108
510849
341076
485977
527502
150472
125680
245781
408725
228634
24472
139411
389540
495828
276106
448559
109286
291514
417708
129067
32641
142269
474740
438843
524092
509321
491279
418215
158998
169229
452546
295364
441431
487606
292533
44243
4156
31642
353643
445929
330543
334677
61312
372891
312749
98353
325209
109734
426064
210759
497150
116734
353685
459808
275284
104112
69382
409857
163589
344495
105780
476241
443372
