104676
34188
194223
505288
272660
195368
417230
311729
449126
283424
112936
438066
320826
143785
520849
388941
446261
176273
132162
338104
391768
154571
70481
53801
115829
203302
422356
304800
436740
96713
104524
312981
257458
245184
308936
65668
63259
276486
371276
295806
43773
500820
499808
121531
309421
507471
379462
518364
339412
262935
305784
426240
240491
179116
245807
297040
149954
493695
142589
393350
73869
136198
513682
509371
95612
17748
473703
99229
50619
441272
346410
4473
389760
179341
410930
229762
428285
242418
385241
319302
496459
505449
405311
513750
417717
207098
404197
388728
290781
34451
409833
38600
417639
428238
296347
65959
202840
15594
92007
113548
86996
128582
153142
221609
1023
223893
434754
131476
467449
156152
232757
23308
400041
81662
73715
128712
225755
211451
462208
108136
241379
347429
70867
397158
387449
184424
184299
410195
424251
381279
44849
249817
446045
521569
145782
347363
169449
518324
32577
503668
464916
21285
360656
244548
420363
482782
485545
377595
120985
68992
99383
435173
162955
62909
34028
86310
486761
465489
166075
381654
126047
520269
138715
325807
410809
196048
447952
518375
481011
313712
337499
454776
130023
344776
413782
324949
336215
52188
268932
267391
289342
233736
399003
367314
492815
182164
73788
159476
114041
345156
104334
491586
203218
342360
486333
436562
117946
485739
261127
423411
518934
503635
52706
490120
57547
43260
30859
359134
247462
469660
408229
9245
263881
403894
493711
172622
13922
242865
463985
43729
352834
213651
451187
209364
170463
215082
539532
51929
467932
292283
141483
407016
440797
57727
62130
519827
445458
166161
462700
456883
333734
334431
23848
157676
33554
271036
309643
196836
404182
32252
281054
429899
182080
344320
176484
76787
237708
187333
301703
434803
515857
31037
43872
513842
18156
98611
292248
529118
322273
493623
85610
27441
273376
248399
200898
193810
57085
377213
8439
272889
445000
207496
112242
