78798
118754
149171
492182
398910
367700
76865
448910
270455
360658
376437
290894
434274
34921
65625
424582
445088
519421
21085
80638
32837
418686
408658
294990
342984
39702
391606
515185
451934
315870
378901
341137
237014
405492
260192
250483
413221
346034
214453
125960
178153
167375
311145
471334
259972
320321
214028
368618
30534
277937
510260
439158
82513
5241
120608
435504
194671
471961
20228
191458
419044
48665
246184
63976
123386
10945
153013
504421
110764
228306
428798
88907
451636
220198
13151
151290
100862
334955
465467
72367
44494
262424
105616
464954
378842
65279
491233
205914
393518
182029
365751
465458
143307
487810
130876
370266
414385
143789
350169
505067
39330
128774
261529
377461
83663
252045
121768
37514
501223
208072
278155
440082
78309
355200
18304
328648
133974
105430
203789
9396
20706
372694
211392
308331
409234
395823
102930
132800
34922
391718
434143
41876
437393
28628
296457
294450
517998
178709
464205
45848
19698
438712
134464
483507
171593
208624
275728
358302
321489
306328
284211
373057
15126
366350
17399
357987
302921
306871
386912
14840
449140
19005
18116
143406
109029
216525
343110
137250
261302
154606
219361
320351
40353
341247
15771
350329
445694
480145
95957
287773
144117
436150
366022
328958
318007
397901
42710
67897
522781
318708
390231
208162
218672
464724
502791
367201
158848
271898
335517
510180
264728
67458
513894
98672
281531
365841
166051
251007
207761
371095
15206
277374
356379
389306
246572
3366
179983
384043
481922
491281
356883
468639
487893
380808
374147
144275
339172
513024
48614
311724
259490
126037
437219
164665
255203
342245
171537
409206
413552
47804
125212
260070
501018
509382
483625
464439
163532
310444
208139
392680
177359
374482
513191
156533
106025
435482
340571
92690
404633
469569
411621
240040
325304
169865
230706
230567
121931
74119
286314
452977
70487
442977
135706
235795
397704
275196
314293
213353
493542
415948
398127
389637
363306
426270
316037
86154
433778
233540
232426
262233
58997
242344
137569
117992
202473
241817
313895
93660
263854
134874
211789
289102
151619
37003
359846
293072
195345
512001
217062
123386
139617
466479
354612
95329
409181
227724
187963
153853
249594
234436
153679
37817
402298
493284
66871
164860
60572
197413
206503
323692
207338
498880
176692
218926
251671
481278
239885
353017
50810
347381
312517
23617
483069
469057
198949
489880
105558
55384
42410
265764
333261
235630
19929
210138
357793
60607
374120
439068
200932
525221
343830
250687
428960
423484
141033
388806
6380
142523
444016
30457
115029
102854
487624
331698
394323
244956
448314
286689
505158
465553
467601
458480
292622
467325
202928
221289
63352
499770
296262
97766
380765
313170
345387
483453
411622
507267
525213
206293
521406
127814
142182
283572
128595
333361
300761
382130
163922
335056
86414
270619
427040
75502
229089
437374
19343
348220
250089
22017
37094
250927
333958
467141
296731
321538
346741
173911
127191
60755
277424
408288
46287
340553
27836
224306
415665
387696
60696
128852
128243
486801
185712
461233
310309
209511
154767
441669
331491
188363
35354
43880
403757
42320
28700
45145
475240
303081
37137
449879
39515
315309
388806
207004
167756
442531
371068
443256
466692
406537
364623
69121
269299
503130
400819
147982
115217
47048
138354
519891
420400
148286
458303
209744
29735
29681
133744
27523
130245
