218229
397631
91805
87932
317828
313332
443960
308954
492749
482079
128173
511378
150606
90495
413746
418979
20348
46917
28330
335261
46658
520011
433747
294653
195750
96268
141763
514896
389630
461842
213014
408229
436229
268190
267785
215038
437988
64669
401628
252497
326990
136290
154767
218484
464584
127174
79804
508983
447933
417198
520434
68797
75565
48417
440323
445167
321681
126541
380480
205625
185220
144862
498704
286395
470579
361365
512490
405278
483608
289131
219531
291232
503496
32308
353880
129898
192733
417024
466234
318939
442820
341795
495159
144850
215495
425932
452618
283297
274402
18065
217939
270154
129220
219529
114071
94495
453744
405526
8145
268403
182438
328538
107298
247395
368877
8742
527014
342576
322881
158443
370091
312357
296156
240861
124934
378190
82888
232171
125152
138582
201811
476076
222201
345929
196958
184132
324060
294553
145961
124575
535842
150495
283738
428086
468609
24140
399688
61054
297441
363730
36257
159318
519274
243232
198387
437178
113599
109223
493006
320440
50282
90715
293387
274025
400093
451341
478355
269474
373237
207061
31215
86074
134461
254129
312817
396803
305514
512136
22020
154025
517640
209649
508868
423883
354732
469793
130067
224235
215250
329920
129249
180996
387283
493404
270204
530298
136868
399742
69008
332613
239564
244635
376730
407579
33142
295671
500830
96965
468541
64857
500483
357797
241834
151584
390464
494953
240696
507963
127577
453617
168613
169281
413093
317054
470310
272220
482325
106046
372705
523053
356644
178217
149573
320011
64580
422425
85646
425674
284189
218884
471445
172944
437990
531542
514351
132418
402798
39113
310060
56887
441870
382916
261968
51734
484135
156071
387203
469508
108625
176021
291296
168723
461633
89816
396182
470321
275824
72460
439868
492707
412996
99965
73602
282602
18028
336415
400818
30066
472500
442215
241713
455746
398906
99545
445310
34936
138200
431457
499786
144381
218141
457661
130317
265131
16895
323923
69395
404912
445270
125624
398100
20942
256980
231956
452910
487450
439440
31841
309245
313496
192050
294953
217515
127928
236555
95414
132524
139161
94344
136654
214536
468208
13785
402815
355192
449314
141612
516514
95064
321863
314179
246593
447842
121256
46063
356597
177402
142349
461580
167510
123271
182084
170105
361907
441816
241163
208597
217250
102952
310180
424048
200430
473693
59712
427393
391614
136162
322626
105666
416753
181053
506618
307725
105001
184082
203747
122819
399533
85589
253765
426621
360976
312503
272575
506381
276249
387758
105867
178712
68491
247786
105620
12754
85853
352978
337296
371544
245737
162233
520242
489804
337746
512509
87997
230097
75501
297460
267921
491813
128151
241686
230858
63246
513796
467396
5892
427023
472316
524526
470406
452205
359753
355570
484384
64151
236079
46363
231018
314535
132853
11820
148053
102196
114753
331092
39774
182760
200885
316282
136172
47647
15749
395703
312205
307977
118513
264361
254898
258027
225989
344925
188032
533056
230064
403194
122180
2760
506591
503684
149098
281531
518899
518112
