262934
125325
221567
176122
196510
309286
156462
360693
370134
95058
332133
52749
401426
457129
272408
370609
466842
472322
518788
94578
302543
27258
242645
348513
15165
206806
132610
435805
424991
290744
193917
393473
352443
388728
91002
332883
59188
207075
424933
289019
164513
304023
93444
330428
224543
521854
122807
117641
471613
193826
239397
8579
523368
339369
384174
85171
137798
523077
332779
244216
75578
87116
433933
109566
128271
114310
129339
45013
75216
403324
464116
312498
338453
90023
369479
522200
418146
404497
4092
501289
234276
356830
368586
352951
329129
319980
506963
470841
192310
161899
123812
109724
385635
330314
76263
285438
448571
426010
1919
44894
348888
398600
299583
459093
335036
162422
288755
409101
219222
262284
299868
141786
184477
439210
486990
29756
80590
219746
224565
165749
494289
323357
261343
523701
88153
76998
140827
174048
55359
12611
474114
365298
422931
16265
340518
62892
69305
163532
36363
164845
422497
394212
213891
35216
512862
42057
16622
163735
364469
142475
241087
306142
525453
496057
105534
339774
62451
364022
470657
233882
75800
317716
106300
102791
171581
398679
432517
95838
128788
20913
464743
344826
136087
83603
214338
113559
220820
483349
123061
463971
21185
241938
298297
156662
351825
497106
192135
105961
384104
83832
304906
310930
438477
476630
462962
60388
167117
115290
215491
246394
303894
392271
54161
422970
335220
322197
174833
187776
222870
348808
419153
48159
130238
473684
287930
55917
67781
504764
121017
36743
96266
471374
269819
416135
227421
133935
101734
23500
535546
11260
321536
359305
246614
90260
250718
259440
417032
292738
492697
242157
223277
376973
470190
153461
290155
276108
7293
271473
181407
136117
486353
109545
370738
129964
500072
138244
80227
75043
268323
514580
113086
410956
314943
25901
212949
310252
334284
528174
66946
437328
530664
448997
237945
414754
70793
379846
328168
424609
228141
502640
266772
220347
178540
195748
146663
195943
222232
143532
419897
517325
191969
378603
176683
292660
129860
493351
336369
204763
389170
248306
264451
507987
508126
204909
387012
83366
93503
383624
159641
226745
61348
200484
451304
193037
25487
511902
22326
162154
9670
336370
162925
137328
471220
138308
136546
177914
193122
142270
414026
365003
39324
27683
249993
366033
505309
497452
445976
492643
344248
422136
22794
130090
182304
304427
37861
475552
465382
293787
406492
108243
526483
29461
492868
67047
22827
161303
351447
511746
419684
342103
483808
51320
436145
465811
233670
279032
274524
423227
193670
72220
300222
34266
30343
159241
122129
465672
400095
352101
395029
30814
480129
401514
