115220
421119
434538
402984
456052
303627
189571
17964
201641
289431
200973
274161
446957
236787
375326
403065
113348
465707
311752
342304
245657
105667
202177
223254
530271
261346
410402
500844
93747
70283
294308
520370
421504
339561
519698
365066
391198
374717
52234
210070
14643
489010
474694
211301
335500
85575
356899
283157
508039
90398
44694
282186
24894
74975
69467
356980
308334
187961
110106
494826
371698
441138
378360
92418
519390
91060
415225
449358
166337
511650
62312
509650
401082
387370
301589
277678
258403
342442
129616
504937
348510
342535
84896
219052
109414
184245
7787
350190
352087
287574
194943
216046
343179
415204
485889
488063
284652
498593
367209
476520
380191
229699
321115
191291
90885
120248
422418
237497
386531
104646
363898
336978
312078
381040
530550
524478
477595
155204
282288
246745
411951
404999
131579
132230
308109
57058
291890
527688
486950
86190
251458
444250
457103
93982
381572
194038
272284
403267
322055
203454
164204
117047
315909
53430
345457
522395
280083
466063
142921
31458
470044
442650
207953
126968
116521
391705
162561
312604
76141
41208
180258
10613
483096
417737
20210
165825
300504
405795
271169
407924
358198
418931
33510
97172
253728
503931
361077
421998
358837
299297
51763
419086
161180
269497
46118
63645
116693
304689
356720
416947
512971
118969
420252
376176
192942
498743
142813
401461
366693
330677
114398
437628
127812
200494
279302
435775
376004
146839
510928
396853
235444
122387
273718
81463
17318
153426
190346
8629
403602
195850
457472
9531
121154
299906
492536
297442
182070
133970
3188
375924
16016
285795
13756
375668
235783
113041
512850
148213
187213
185050
457299
410968
348095
381881
96497
237202
505849
537007
429551
78459
243183
444359
151250
151392
277063
50205
431967
342171
165641
231057
184168
386423
389234
257895
386162
398230
180502
431101
5444
259044
378284
215308
316734
486323
476147
82008
151100
478009
344812
397671
434821
237921
488695
36986
79037
178331
210505
465305
173474
499249
276830
453445
389294
407578
423182
410272
207162
438070
210930
131420
384753
494002
340889
480523
372384
127473
512838
182900
177624
481166
98018
181070
406000
505536
117664
194413
191607
278526
281057
501632
50269
356653
291234
487664
74318
140414
180571
354268
326293
120150
136663
178353
353052
397912
343256
512845
94632
526526
178762
122662
230275
428326
9310
159921
109568
412959
504723
287504
87067
499825
379427
57576
59340
415512
164846
238791
195702
265228
223061
274678
215718
325108
236650
248951
253141
374646
451893
94626
192670
334519
26832
47330
473295
314064
375167
407764
301493
7861
50424
323191
97203
187270
375421
534933
137265
87064
85925
126899
107792
407816
469307
231386
379651
458542
15604
236246
450935
176692
493838
351979
334071
43504
263034
190673
73361
363611
404753
469448
440740
177127
523079
317062
348587
133233
519094
411364
497306
95600
224587
438417
433036
172141
473730
115244
353132
352017
413828
502680
150006
209492
109839
481173
14684
29467
314363
361438
262705
207002
218036
499225
149831
290644
93009
383470
357711
85537
412096
359934
289023
48660
285415
131607
245839
456000
327445
128816
202728
234603
232031
505563
504343
306062
87048
415853
342567
50119
496514
500024
161610
423153
488517
50196
410756
282448
65542
356092
338266
124742
76459
177819
232448
86650
293065
436240
182782
391499
210473
6212
315638
153545
17399
271321
247080
240330
269566
193060
261959
98618
68913
81149
316397
382536
272511
479740
117891
297724
496759
366457
423765
522336
467513
343852
233207
305513
266464
33246
468152
244469
275797
157844
385086
292632
99751
46032
312157
136697
232250
142749
223524
254698
221878
97451
474680
333536
80806
407006
463905
28912
225423
448378
270732
136773
184018
521654
135629
432464
181125
107906
246095
429102
409707
268599
200709
157479
152845
125384
506308
49966
14545
349351
55234
170716
448702
423405
356554
265309
272035
457779
24939
515593
156674
355049
434639
467244
345290
111250
10735
436429
494621
154291
149057
389823
123653
436814
305700
89973
3377
468786
363996
432313
295552
22769
164290
144500
481398
29293
520286
329545
112143
475319
45831
275221
496272
33246
461895
527394
458132
151576
125407
484059
349344
111715
478837
135456
330375
519662
279852
116554
261514
8157
61240
313256
392002
346479
175066
209599
227605
272853
293027
122802
145175
174082
429102
159813
177441
34479
285168
119711
343327
27732
54350
42936
256772
399074
156951
171073
425191
231258
359827
312740
305791
267949
309322
397992
60729
98381
471259
404913
401126
444279
131868
263542
133181
399175
240257
302194
354651
245750
509407
388911
436110
391128
393470
369375
479000
350741
152134
25659
115907
335302
505575
264503
431423
101511
410574
326217
169970
282673
168812
513064
449178
338412
123410
305590
416518
94728
446446
127184
465860
378922
348382
491114
15490
160162
381531
418077
468586
70752
145654
124075
364782
327751
267845
128857
288573
254635
8210
413589
150670
511547
4880
449180
244717
434001
117451
351192
509523
357237
325075
522208
208080
240025
479616
240013
106278
408396
510013
269298
233024
504337
460274
201851
95111
381304
290204
