287339
79235
483401
104983
158518
156232
66626
142978
58126
372806
235638
349100
289650
455905
367750
55273
348044
180688
131026
259520
26013
398770
246521
203320
21523
254285
92080
297157
534598
233414
432401
8591
415448
200970
38726
365654
266528
516186
470005
91391
114259
81815
96446
50450
52903
326910
2989
514492
497441
205523
484152
332028
11865
265089
191915
405431
152236
214413
57275
167247
288001
413578
464744
127273
283967
227792
378842
177646
333046
75545
268124
480212
196183
243246
236453
395157
461163
253011
187955
496378
111838
153880
130136
465272
355845
509018
222584
256850
453097
424479
57473
295001
176462
230463
104644
436476
226935
116824
138937
108615
185052
425192
196660
400093
382816
4880
481755
332807
43536
468635
370318
390774
114889
144456
404877
441436
315765
326796
517166
197224
14593
26697
447386
224855
512912
198292
443836
278767
384481
507193
234440
138211
489411
70244
47748
408361
55211
317472
478855
288140
121838
447077
492224
137253
252758
435012
322724
500944
225179
399204
218923
139628
207148
438929
282418
378143
411651
137953
197867
32795
264416
54215
148605
461869
36392
27849
203984
14192
367968
454737
383823
415550
391497
326769
263893
288624
323040
452452
497127
237319
450847
533963
57495
123808
280205
261753
98468
439848
137051
293975
91858
397686
407816
344089
248846
324581
313577
375799
12759
81611
324158
461589
375361
73776
73534
366273
106130
370234
125036
219097
69670
344900
372008
372698
483804
318238
297937
335725
90209
118020
83835
250615
30099
426547
108566
429620
192040
499174
165184
359799
415946
58693
384277
203707
431757
53760
89823
124897
31455
447460
131471
255137
14431
382795
329369
209902
328615
136082
486756
267024
355870
479187
310748
3693
102834
146788
56091
509247
119255
227891
42401
245027
349916
355712
110912
140786
77082
247703
383725
278704
146371
187600
230760
206452
362632
465470
322786
271393
276303
251632
391564
531198
266308
483619
116897
102163
152617
505078
126608
19572
21781
186204
419324
324181
267687
212595
329007
139520
346967
363612
39133
336843
299765
226536
397759
338928
435961
393413
186887
159316
137690
461345
468317
418277
227209
375382
283227
186919
432650
502390
55314
450567
160467
368273
196056
50734
216205
194669
408642
362948
18686
263930
488730
384665
72371
77287
169970
377711
418219
403291
211078
175657
54949
178426
376284
72851
388457
173819
381706
321047
160779
343181
357070
507922
408148
182182
131124
502794
180154
67823
128896
223535
409303
109299
398928
233085
404814
394481
93796
33801
488995
43450
472664
220241
39326
304323
6358
247499
420806
242111
127967
316845
353104
509521
202823
80255
306286
76901
339616
500401
510343
455807
259729
527920
502507
59769
118682
85291
174900
404695
95057
517956
292075
19254
366682
479389
353462
38652
147061
161240
174612
25915
453234
64357
251120
117931
431671
267454
49499
129415
109546
20278
397921
222653
443175
324179
62338
21276
296040
230807
235726
424000
407268
301404
382588
280582
244953
233775
66426
398715
294392
265732
245571
125606
116542
472369
356057
451086
522033
398080
280463
297342
229089
438786
408781
433391
366233
406167
223879
287922
35639
220804
247629
295771
60937
269407
227946
430893
258777
312283
304993
11374
251958
293651
514554
183147
220122
203472
189773
152798
406693
355653
77433
345129
503115
323866
349951
14797
330220
347351
190781
522180
260533
71427
225447
156806
315922
452704
412519
276204
298604
191874
205725
106282
177960
149768
461991
240477
3406
126478
215910
63381
473888
286195
372296
111881
107739
103472
495965
415114
451215
143286
51640
181228
79829
233707
187700
308885
185945
260730
125871
472895
283635
338184
43372
332913
118426
302389
306787
306389
10254
112682
481441
57762
73811
348748
318505
382770
297393
223964
159081
30608
408740
228151
336783
158651
390371
70569
92599
136555
208372
27715
439760
461768
239337
383943
323275
179168
505125
197455
372480
456532
265015
138954
337137
141499
311489
66939
133393
341357
90348
161701
