500512
236266
396501
269144
74304
462921
76763
101493
201868
31280
50570
360186
73079
422984
277597
210344
411194
398683
261254
101750
88479
94324
101447
359987
307657
120311
492036
416153
349071
54450
312820
66170
212492
333339
321648
373486
229578
492690
448575
50414
470740
142783
26041
46777
166160
28073
413436
408221
163554
165606
401093
25753
448095
64928
307978
432013
241025
483766
122106
123745
156436
515999
117582
387381
258603
241097
326817
181704
445627
20342
449359
155361
265717
45028
123590
442998
378588
358378
474773
453580
235542
1399
144371
125497
375279
71215
156531
274375
74981
125339
28835
450672
69804
416446
416856
449357
345273
499036
491096
256863
351613
114881
68579
37335
310673
221476
59123
238492
482660
281775
97892
454144
524494
345356
98789
525801
409545
443956
523550
503075
268919
433530
500699
37396
99087
175798
514440
50939
514288
144172
379612
276155
462701
217721
29794
290868
248556
329559
394377
163971
353833
308292
149631
253305
508082
371939
70609
343439
480652
117016
255472
131755
458519
194526
161357
289697
46102
255959
237828
63783
227744
131361
524976
207196
356439
267438
116002
87582
432146
514509
437489
121660
44730
349710
58529
513537
464104
199605
237790
133766
342288
76759
224739
330471
284756
87802
255367
435257
13559
184455
139464
444479
167695
62446
263914
520845
334370
458281
380190
217015
330681
199761
389941
64302
98927
174691
214387
290874
55197
402640
491540
116857
280174
414368
206101
178589
321106
190263
302327
409600
385432
249951
205901
198710
166492
475701
32158
327263
206345
348359
475350
342967
500528
162456
191907
511
234300
113315
342683
168726
258874
348953
150568
480263
151114
229859
116087
472423
135453
142127
117514
237842
119733
181572
439922
130776
324421
408870
378149
294950
214527
52741
355243
466526
48208
310625
150342
508171
194771
412838
507953
408345
126653
501507
300470
347727
16077
389590
391330
482043
37797
424430
246743
454273
66868
132715
161004
511
450736
470107
248244
461777
528507
88990
378877
233828
12414
82660
156255
288342
195624
314100
380000
392314
321661
153917
388300
92393
280453
361613
331158
422766
354341
170497
397146
314156
349362
264082
57129
395404
62729
90190
165006
259198
56562
437440
191243
495110
366771
445215
448310
91918
440597
10764
299124
274040
447548
314456
273259
191879
128642
489766
175977
294637
106326
341491
482618
227351
26866
95754
322991
333419
415291
46788
135833
77824
514668
249739
53311
231984
348006
135395
137642
144920
73868
515934
244418
158757
275226
104617
12128
350242
438334
269295
160758
521578
508182
308359
218761
119525
143991
505309
267982
383250
11155
477699
84055
363385
114017
403546
530811
438831
482864
266274
356155
77755
457608
462360
150947
369837
323227
513299
384346
303840
439397
501860
507674
63978
126295
473627
474207
184976
430251
367165
351513
298644
94762
460570
202484
67971
424961
56319
316789
502720
29764
328865
203834
174910
197293
153254
289312
21939
52689
190948
208534
417069
405836
160988
22477
293971
248316
161051
252093
196554
33083
279687
152793
499699
230756
83444
171418
464489
510793
125150
150326
218533
332063
372911
48259
61168
397413
144645
436190
278208
463108
133105
450794
486629
238639
430967
515883
376040
351371
243283
232655
247870
25755
270148
315345
239944
119868
478368
16556
381778
1023
3648
212590
524347
293287
109227
286064
209880
398047
80790
419512
416965
360210
400083
410033
129355
201716
83923
363662
449155
136383
470312
87409
343325
191182
151109
481146
498593
235625
161384
375838
97017
499002
174341
84078
515545
266482
271577
286644
81456
512399
248196
463336
92817
407513
366207
177153
254449
454598
293023
44325
510476
294934
178852
342071
170419
233910
26848
462050
172599
99496
337823
220543
24422
133237
285849
45606
320993
115957
314536
275373
194425
6850
255776
177191
366444
507230
421449
89618
268400
293876
69771
404572
229449
511687
44418
287707
90538
46464
400621
486997
341581
429746
340563
85547
277922
362303
324203
44214
127896
315421
56383
243884
145981
368032
453158
199710
67289
90660
380064
190479
466036
443690
142307
94050
179142
200115
51756
222386
22073
227912
67730
338178
69408
173582
30411
446933
138992
261059
279934
248719
164324
219376
455621
41856
25880
329252
189258
251964
328940
101001
487913
226253
5720
110081
384175
73071
510509
286290
125544
508864
114031
135466
411812
416195
432497
306206
428505
7902
147644
289033
133060
388213
259086
517799
434005
154774
385105
253595
103026
26718
19050
483770
61218
228070
185857
88591
40768
385733
224146
523245
450817
15091
160411
282925
63362
303702
382605
444918
357903
260698
17517
418648
433830
105736
377959
396826
187489
4302
390661
110772
22315
355525
245768
454473
403289
67416
205161
404370
112790
220533
63717
159905
136960
206865
378478
284619
541879
86685
485585
10769
279140
427761
372719
249560
480481
219103
146885
48498
253875
197104
390255
333609
151427
515312
58598
163962
223524
263305
286804
512295
525643
227633
111507
76414
248735
485586
365591
5072
57478
392857
360712
164823
413869
309067
395373
22774
157094
470982
123651
366760
276703
521216
110863
498259
224425
232649
226553
506682
216905
365534
455956
446603
494806
333923
298357
253870
475129
461436
93100
348528
396770
73203
285161
401957
225358
447203
435927
324194
87850
318004
313026
513650
441141
339345
129667
93495
286932
211932
336176
283882
148041
283918
20616
279691
315839
60689
27489
299843
309731
527840
132205
108442
502154
164467
354693
463553
377064
391266
267935
414632
465155
464264
83124
243888
261911
341986
16604
169535
2105
346857
469350
263571
169171
359409
67910
448798
177719
253728
130148
87156
150841
280704
195128
184920
277545
76727
192256
214570
124716
201515
389539
19109
49587
528272
434302
79292
146539
192969
499323
150268
201689
299283
383083
92955
416382
122360
479590
202448
427815
27867
301857
406667
163261
363921
172382
167471
360386
231905
461687
144176
257664
520218
298645
79956
62566
71272
268066
477812
424861
115762
415138
462925
265677
252134
267051
45530
164040
97140
142446
133567
102008
357086
513526
177108
354625
25470
355930
523252
27998
127020
11207
310811
486229
70824
76574
183224
27715
431309
406318
50565
186697
160093
254162
377770
490625
75914
45263
388097
292571
420044
232306
429256
5923
130643
236025
408389
47594
414172
377405
335935
79089
216351
241798
142248
151462
283938
145979
286664
39924
59643
485208
365927
421993
394331
157838
410288
84560
442196
420579
181229
74223
1088
356875
12645
116217
509918
254145
321782
322511
227893
