405
67331734236139467544846782695632582 338257699474
797675416395986495613992228366829529859249654295451558228733369965629134 4816138757544915734742457998197532682981192423392934369549513
149242713114831466693788536518566633768578154565523593156159996158385424547684291647736717936879213 1244698343844249622361559946336531595248438771887774
3417253536822529577688147513216853955185674852721539125591364579257529458148 6136772886777751286475326253277236744411625193921496332
9567 6199617328435465825985731955837671539437
52567928736491652686583717883771371176442359447564829752982271946638451352786296415247643 84253121216896169696578934551553579
4396575378462635587944479344534665 964
85314633296622854 3993611738375226211222894212792539465834157684741971464125648689447648733
41323985534475548819897876132264449929952932591848143699689999357636337731769148668391838856985161 2844625963325521272336941729691362928539222348296733723611291124888884983549676399
123332198397982883929865532479157899847132391921794786945857199219343556499111735 7225728431599612744612246391858787
57219542344468747623 844939449483716623962132215567313478682191826861847842589395845
36 9554345439855492394484568738822691788332252739276138113683457
498646954588227367328868578167359655184718693599673624398877 455728253828
6668112869528175999499465 623827885344563898883414614477928458424785194239372162639
396781479884445392629396892278293852862323469351743275391629935139798389721819249213958566 536917299549246769325216947342239453181611669113811489728411
78751156612876525888892518953292828467788861624694756654618227252348943186223514619 37
94172345888883344361872829349251585167445432848764417991729271 72666359454
974 96445719541837187189283812348561396872463169778589265329185548495988499462114883311531
945866997266898794674283668216122266534881131657296775485679685186812764267576872398679596342455 51154571897525836374285283884552495647797
44312767669154645841378258377192755713582682148672254223722 549547496578847298496121697356541739717917433185
442529695594421355223724369 571951965873573299412121648279752314914833867362573254
519532589749727362975297167684292 5419832
298 2687147916824
171963 267136913447313848658957233429435944473345155261395579621141975676574579229716
981674111844173364 732884168636837758971691531623839774599
12541129678466623874476267793385972289132199723973746636439895312613499115453 623547894522893674871929116831856555242842572825714241331
7494538319363961443421371165958379372754811184851 1819821799925534655364138774428745251145616156798385153161185316531214173437836642212948574787374365
6828971577279236 179347934642462949749727413142942681446414399743621769
478 6512365824344522165624
759224124274583733592753667971551283978736644622988238334645656932337829 648296455216257975374295927159379474674562696539783662271564881315695643853341594
7585445737354154574194436285193418485362784956554781528625337618937287 321284371762162669587673126991729157619437347839368716746774717495476539697827693
719966764741176858474512515 68927793649232752175
639139461237123499986239886348259567344195931836666259698271737581667185341937312553583428757 15994278929975724538432633741173459665913
84492537294763158734757969862262768154666723863689371992886642 96819637442225323324778
955576321723217997236188461691377428536811234823768339349281667713 53227752454732875883365795784399374713143846577271125593823776266621
7997418852823373611846727232654947363344345654298323578335282428737273542465257621735 3173646137974128129656
44863894361385883692563411845632245821 96335453662439793484124273857245629
4 315863342175923796157952737499992292764359436958917722
1564565 583792549892732954676688959625882617419
436645 288197877382882994
7251146527952244998984579358 8322387188637162461984273785934788491363651
2725364762579855758928582556593329661574222186 35632963952227468195231365415334678146676622152
9148691935864554771939997251147957156422247853731198614267795326127525286495935143166454664412 599286896766735824268884599684762191743146286399928336
411677557917292246 137176911885568331156435529631275668833483742428737145725
387122174194172159282265529163612227666181794 7525583359799777622692579347268542277778326257223427344625626817364
99155625976342373187178516118523911267715294627652374261544472334384842846 41241558673989337958372887426659289177337
4518729512746715897125269848299678327682141421535759317263444154736625692726526839732595313475675 126414874
194629842499836257697892849757228394322254917618932187156481491973419553113685413716337 716262876732434782729
85866886384277482834646532337281996725836746469 51126424599687847597898173738276562688228192655562684967432992273367568518625395446547446366557
1363276491198999158728 432555267663447113348134186733296261787559337713239636733235354255
5255826222144957945347117651991118317454421872946854371989838536266562167741494267187292512 167411461746288733419583975675541453133564482624417928783147597
157594427348379981842616595513245159473325158428274945258876451288853365378987241333527754 7652221474912439342723492712733173421867628966486187775555687655548654569877489297
118415446173691568588311963783677523187714711 57887863882928219448653183882291723748988572925462137222947911
9988877987214246236172 2157712274179531723389667588173774834554788655519835327595541363792512777622872568962613398583653
344397437932585418697389254596975877714838719513736488118 96719599443949818872552397142869278
843634298773619133641297264484335114465412371158344597542818163991162 457485967246537665374132259451989449853731959954726758213238437
879757343141828998864227724941565632991141149925438662 1764
47218612364532571937488252257767375831981622774386446912993979176955466872792 2822111964976937944927347344947474958982125648
96364555151449853736831723 96531914328456869143357215
8925249838546417245561182124913742647837662398297795429847731954227211266217868 619973723721586627831234936777221396689423726517449871214428147218477966411429266114933693739979
848644459194746554441424177135874474638648932333122588514753698688117916825971334518738832 215759539589236595189568113
562411798456758269218433252714291193259355881874963469348389725855 2166367498721313877
94977573357743824463669736121813791536372294672464589166379444247567534742996954 9923321769946768772821669614689375133485335272741469987192515125897921421663531426387
599114157849816894923256645588175825136524321888241895766399923184897 255918363548624488316494467982733213745838771837372886685682492939218396128114555519689
641637162438639981463658654448658995573 583817997726579354619471749179611
686264892174689 98822164341551837932362488795
7633474992389449311932846268929896334347116681223883434299919294254 14188466188111124339763565374687643243693634137
363659856435621323926492557788497584318231829323527797 61941485389249622455145328812353
69287321327293498629949518219928237959761881271314699453894634619511359973823731 57522712494562415
416215922746236738762325237433887979265293375259916751361483874199445724632799512461685135577788142 388864971231288446922723856386384957636272638299268356125293663393529818733249648929595711138
23176119246751947416147541385755398758784535348356174219958298551717559356468554394698837 595934983998941115393267831959413846165968166164152863961492516878787464894454589
699923468976346435635164655375456954149978824612123176 44369654885984634565934261536345766937154388395948285737791143444893896547519
243525291637196931991659 4739744329281621751229667685699939523455659
25726447925687785342194576187663871757 45458689477862849431218
99256911139595394643237285516234324115191224584785186477 593992496187755492464857895535211368824613471458492256879786169489177121219796657
2672343429971657728348296235346254766686977463325375974441223497 617647367443349696781248283281177334977515513782144283944526342274752232172531339261193989
2846924277885672252811755187858336616284764174177259894223225295893395265629494364669879786 2412456959576174
126 88269917694666216429131437298537343433538619994871971836917299315244
4586892266241939959125 7294819554548958588528466741578412759538429664979195654693719232786
546673993253942284396 849157718844946957321416862862615396886929962177141969385424452988
516685126268118334671137833396911899282694668561837118981264614776995814885666389387356169311 21726182463989549843889183964113222532734993193322142139481
27993525385541215572214358188825586424363825898543352261631292568689171 48851244136766926383268789376946949672883719692975696315218199857949643657535
873742221986868316271539563696192875287885889499151563978893349393945237163399573234 5399722244729154296826224262671669312784511175761842558996852958681455135282945751899764
4344916585544612146478561854886154938458953717217575544741133933 287
61992787141913214484363468633714529489667919737546996551518721 973348277677379158351273326248365226646759591
137986332551992245486142268887321187585 82299163518373665245787656683116539989148396
217611795311737429793232689737137765158813521554529488532684629 467964833463412
21243 15815255487619239324741756348924272
3541332155264975128883 5989234562116829877367472514124185941636554538777927289168457628211329649327
7468886193476169357818317268951292 6586
9589711652378829629589924747965432 683121292559993514736221816251839519676
59885922173 35781443579646287678414754585445966225
812291749277754245116652562354542342122958934777569161432551845734234977 93836173187853435219359234512995142119852685749311933895765457
8758682635519511973594591279 57521323795582244965462446136888386163777591388222527954333278923634465664667
559586672814 938197568693
4526694138346295942948113 1155
984247436444988712917296155377445995962568284141489192648693722813696653532262519528 391391589451326784785625
187447186511633682643146814 1939761241231226223938727884122779949642826491644735987239734754
765463961481825378818965954341892977275289258935351299798953572532 77518946123521657194612338796576681666639337123289574441577659
546844385867219258796288158 4359836682635332929724785557941671597592173774817157323854546657938384
79354994833395268699389779538 2
92658623463275347421856846137623861251925158 2441928159898425686861652748
9583328962885592124981665381259276152769796866338691 527599596496159587626749173458739127672714763417913848249294582962363965932534749981362
59833883679497457596718416537549144118837 2199742635664253358217698281243493555235261339656816925933424812335421976441764589885339923174
418641714118745413334681953645396357123319245297963134915 847191885942716516977186855227945286166712384332582972716449939871171774647532392121273123
9719687479824243276696243699332731485698933775529743967471427276638992394736 27133826867262761
9133833589452891557547159 872842464459337217154688291316965485283152162549794413816562934489413434673681938787948729156745
6789336288411637467198245329555428275294294195399555795856562638589798313281597 96118815943788846228486659113684766472353821714215879252476257646137841493627891743794196
16812498119427562811636949747186413955945752159677197268792815751326519734975883726529219 14175154935135585341556727313663251284727338558873316997816387511174
54265337329776433226641689142686643931321434277257662177337472411948148284 983224587779915596879781822643216
818979958436786766433851264944834921125487382518616316898279695585679995986291919652893379 9649467165377528
2 7611124651865644629773735116
2847888234847152391645655414839796289246868981648742792454293332192665 12447997971
638184982237462822381921612122152345252428791774284493435667378734922761668153 355297828393387264121388
94665554482773695347861742557494222479 575649997431936185
22158348729112262119536298513571432413874281359221555721874 87778957943629217531399736121961928258526895588748319577636891441752136556481
97773429182714557674166671143276468812367473596738489231625951327489225274491366891328 88864365746953455894171192249
9292358233361 162137728636365996897876191547217718169578953217452915636416848666841388
5142739814428884294772524154253973577764963248681723715946284273444638532418649 7485227395691963235319715915475326873773571638939896846946
755982625682564276715516315494743389189692942376317724129465916834939418845787 96994123645116112172555855639754
27148 47278518742476331818921326
5885589993774186665891762675623916825 5995786461551952511397392
9759561186817224948529545961353551846269637271478914415346416891522511629735299945882757112 55198
15656344919247342525114528227397835481339966136486939714968376149711479632899299916427745574 33769328654965745746622315175619842991456564354
752136389588947139933562564918367365958422383119277578528297438873383358 84725982434131281258147826376145274775797591413782574889479812534571217677
6429688874265283765639841176291626776267935 144733852927157921859498297487466419675943831883176787198223632487995118945332694664
511949663783747389279621665 9843346216274529517751741994456788259241576567786824922869967483911787154936
46823935678497 515638788622662946162613211978511988316532161611212178893662
76738551653359338593311742711293397328989885726876395957636438822 29686616639698189336411415882242487911716897828763835639
99392344175651845427528515692323552681 59
5266874761118518467634378282126346728376453419119433577716767371595369982777 459184499786322817615742545492471514339335133968187181129157736217
11485282546544379311923726643353387713376935928175695619224285281238784396664254938222714454 88455124568373626251258315563886595786142358415354139221143198439776224393
56994339428142463422333275577147498133965672682791997948798352457544571257 3132
4135787658452924884312382531491847774981479818641156432144453583632132783436172457388642768432546888 274983786783756965524236542618114442745283114756895169367757821641438829343588335
1265386886977328828839656411696214557489142195731285281225631318658369736485423358629279 1933319959243757552525255148437978192547659266983864423433535274556666
2553637364129733161985974381389166771639963698578222647153778682522147 965647221824872352
22153763 621249487521361554573175387358379147469497438295532621616353481913465944692284829111312943913358
8838 46846238391
4412854782 612482
53642168753585431214627737783142931921246977248586 893739782
333764596819544132666429472136389847668695237915513466251476438282532914531975418 98559852476632649625684185613979611272976282174492426862543564348175676
4654755661 634185656497356975942555189833232525994122696723367986479357195448193632717749812958955165751
833623434739896222356369679862785322246989248762591554214136528571673514154379789941823223224293 3898419596133414874675812643576533885982973431382656163215712711728439218
1752454969285414242 36988558149385367191655529213843332343399633946995536552591142148617373197
4445229767876198978696911872999542323786396886262554 7851399466387922395138751511133992682721681358618
4121469397159593233285191838144566167443763622785433222132715156778711184968685999 6413819287798786173677195539791494624452986527295968641747525899833532389228382
559797173596636549769163666655116284716914 86693812291531166925632734289456762588826757945793846225615922524456151145833
14295181893581918 26278278274734537628123741251989189283189891129747592457437597341794137322746731191
1566277546276131134948612232441645586335342546419443824561295266611324186659743123742661834 9291874623879636287474169566836457189435251313177378743581365134317826767523
4177285911414574697716396529886541894994625358811225199645868672618763943493741295922644672288 8416674737227355671626463688196412118944376895918777938543561848827883773696168765113293782397359617
472881751116211238 7974782769959133425754218216285327
6865 797135266987327252693489388372417849549856236416655334614244557198376782811
986825823932626567175637435554 68271186247127329161578347519987396167717548654928
61383121598379417158874581323892172468479462438658348714337279961223969431 214495193468418929699134141956518217695362881986529124271215257
626728756523774445372475819745869761182 962563729834199812119418357987424916231843563
568272643643575943433757115391583179511685669535457568499955835969823843672871568145253839193659149 22596318
17113832534138279716943541967752699726914289683996875451392284679939787995422 8757363987983318743752494629841584
965536144281878683761846146264826799454161328911983627987719169931564645168634425796686711 97673633257251669
8686424685449657433316964595267152196241469116119655748376882923115745977972899 123955783943421376158194223531423567152683494631512533538156213952448728664391667815472
141458656615151 334235191694347285394868383289662193697478317511371432531821965832228714
761347533363361751231772334154554846921974773858924345 3381279363369333752568489162949427748775998274285586976387
55151365253126758595715595198772459859438494983544 319696833478525456321264914338399955144352292542737992933146762588617
21837847351783631119769579693159463187635533661756294426739451443 355668127673167527224242959375646853121412
129358649317189523559294666268174717 758138417931917898559762911463835715178266182262693393284287588527181934741399761886226528471
38921893297639451478558589871587735289389275575844751632421651582677953374612859919 61966388471642
22649334 884673168194785382147475583784325747773259714
889717439975187595865783321146235 99614357737363412814478334883213234331478331958499427629352262997622836
1999849887166999288988733754954628412848859469614798617938734 562458854693915725475928435
58112637135699368152388523864272745358 639152391496349551912559756717744461123524882
673683679758945529122719966777682678235475728274272415418878178545851979742477 988317536226984832416679538235448661357
17285452527659788527995273819478954593652299223496287641572862 742452421873354487664388149899832278293225493951641985556287433679659787
7992331877611122952488182928311587782819768441823857655962279321599656859734367 7727257643691194191713266875687225186359
9512725358764188437623284263564465447971243527865433578843776474335116846458189649149714129842122222 822121181916622746187669213144956126883684281613748882424332746623
13198743918986476479125861921482752541854482557696911499926457891334898355713138352788833161 71812939529373551746628135158768762453962867465239849352
66252 7961984939218133453451841821484286781574646147874789295177294525286695382345221663258351147233
3265784473248638962857211897212352727459115727482373663614522733571526549255 24684938788515775947559488362271856111511264175444865666419425
2796254216866145811781786531 6992972686994485922279831997133521331743362842813269977575196831765126464172737323217948436968
414486759534232373199245917837373662814986441111426 655231162766411182486831384493848987714131144359789
278 121668847999729218291922257
281111215393628456338353574798868667617 9577174911891678917
83543238772899331377317953826731548183266 117
969639836378731711182955772467325434745645389219594821388188319198287193152918896833226744632 322928815833272268673911156955
9671457374725915179855983585343935956519116495891347442995236596827356475981777162328 6945823858583161718324136978329283324955963196846561957446113914134791759599124213459212
8591998136451344652831 173138813334348248874758142247443943274772796724853953386781466579451533195755429757544
28927733479989 68267867925287987889833445923353235257935627619896129554214583797586487454532493449796
7348428265118443668833438874577578 666189948746357371431138261185
946815298812757297962848831777237754515556811987314811839636849719521736216331442 7527698389629928832821725796641382891436757675242845256192723437696534961291626
87141586884644586797452286585926915498 822227717733115442955744657678366911993454224461595756359793187526
75393757747971981946949151385917839484773497375565254517532236791577925891547679347425 7933375884281787555867759161536817629688579771555894216467742
2333368359423545488524618915889794979811637632265623217847756371699654827279581 77762675227217685933556769226892439539768235277516763427953828885664292831784585
529289261923362318654 4663327667569678252216815
84232628751727148795239965 955745564588127287372411312549772649954
3234126292514843 421676973771795868966
69244157968965269582383941351466173439764217669285287194886799149626535581893184778 9593117655
196746373998788655415775718 39746532744591817628744
6354766526855185186126825212954679533385976325849296873148 61283186318616781829278823769387266133648482119237361328311822613526379524471587721771645
596832368489752824128 89297445854425786336311811336673763275565331176418214526266
158532292897191359963245615424576361367396134773831543769656343824234556448429625161736269947 758869497482285668956718837469863892278932621662984433793338798546712746157344916914133893922668697
69995825889373882727 95
18984473132179673828218671456241131649557421942388511873311249655653554918335934327644 61346635718189763265579
3534618487746142836639 22639515169247257748439761133771476487483125332152694681921526563925627385681245353788443
24585153863858991198877436346952458546491291 1735917146793121111414388981987211551973198168242866525435596291917569113
38593186731161191345614322429594554491168671263456459233641194657319573395743827296 7126339784327663696712658354929884145456744943571953361316418232672158346
596625716791934192995169644967287653771415849254213484746872538841943667822333122257424427439289845 4725664338144219422522649949
346642684927333849733172724953688543182236886429736162758352224832676529565316851 7412311441889355922789754536758295858284698894565428392392518582344647356466736
2936274579933171132411634657673179838 14691767151326164782539135
258 5299842778412383372183347266318428228746683195258186753557963
1872777417433181419529813496274458426446632872263263983363246288737419127657187 66999824126782269187683915
765716 797386147288586152398989724959812387
332736444229426891614162677892651139935659944867838299346981449124518338 7924135527324116688116316216674857576171437448532737922453148145
286815949473116794963349645529488654124384639812582426799436674254664452918663144933524169611 728723542
89299184624458738836158541171751912426773361148348659162189887428383447756 58
986811548135799865819795313364818 7318572583488581763583883946876177364182617283492197221339121272798227162853865547716315783923
4794921299475439 114117749752524763862487486825929155851677118689182725758362358339417727626672166936246697
4968331133286965977473178677576737686682 1262881514177566876466424791133542177783428318852969825852867514997849952621511346896845497162377885
7425998381 494174889695617983396828676586223573978856753116667226229815745488935
3932483915456872332482 2258117769455182211242238567
6849365795893542524681447372241878329439477897142421547354971658258766739 88741798385587461725662281592675345912831624399767193166437985251855912977
448113184146463 7365583818651658791134562213217734953342825377115151911773836641963241
1672215756782162217581196553784347943869995159155958359898459457735454231788489389159693159153473 414999817614346239621691366122414766188383
2492745847973928985921198622714114159444574877335286121993273527347799275861148 9414865725931623211265676719852352636133588255564938991164453295277899234
88442849 21628292891674245965173953634233785515272346477859529272
6897236483113737589271148638628258179146265942636843211137736713296915523968 31785421249446746357156918463437799562389984723559669659871117374779599684
3758638829168696971563778343735283413149778912548371458299 945785518225186835673911288
63561294673366747744361331213 22885468652791932354242226367749823752193
88462677636 5214869176741813885748827577356
4695688879759484455461547715725492118235336958925259743 759373666524384141532914642194799674214869899596795966877345883579473314219992674295
67758764475827681879282328473246 4849542295945197817467973543114589876164128161218595794762242344623
9696772993267968139637547751825431565885875165715132887988872469992642396676611 781977698979292464898681616253296343178
237883536193594792533 4712921821515156197935314
83691885634358377837348198177381851614936845776292885928151164131576488 87218851785972991556437571321825151625163817395376374435898
118273133648393516935614639115365752989441374566454571991162785 12277751318855838199249777225571875635355444441222713344127156282989182362221488998
381664645151386449144571938 53397
93435764145255814898618134922313332264622848125661825615845422344627384294864 473496526142648213166569279917375671713199566324118781653761657331768578455584999573343838
67 783926945273185112864278649228732926
1742821512295337 4869595733124715762
933159163576649716357665728352668575719154716212333311635894136291664325539676 6227114552729677537698315485671299353832255625378645764766117142425984963862548222669371
11925963578987486778927959292873596926484847742589133382339 32122653362539885959172667791736298978715458129939318156519299576877776593845297292234261949
768 58597483187111215354716456384593783812356125118515868829429756253
5747254872739898393625985152152599654 7253224389257748711831256673389638742
457291587269978377466814775 17136439732826693326698677268222364164449567967371
2711296245866321 9241129283624767143358794556513674892359199639734385849
967334536562665618338864536791 2843
574967367812732243184583128941 7675
89114666649181363287229825766947689476839674493236647575443398991885967 25543971629562587
1824943622536478517426435485962 244699192926665797725844129361
21366742689459334652649882481214922418945989166 1817963771867244165439532656943611111265343526234578277785542143369
3997144138268422581129157341472541156335374123797193861331576228949659812176662572 25682889589288276732198324623123938
8329895237157556323474811672126377421334 979728669413573536563478833789219142533547
435661155491918516667792657516614834275955793155884988435486238557215253112344 68942337276788558674997965916452518364735175593838629843518685569
478595233754325221412954931531989754395518743382314284325628371 59
412358973933816637 87698816223831587438514648321
585412694731536125 379536354563977587173
871625724 51719595958468725124681672766134183794
8239734243323763499881719924368632119855643618279557211234877273376 33864356265115359256753967386442691682395459326733773326
5981374719349499329691354847349335943955915183154473195167879489292868695533433 54194675688213213139785813255639949538716833428533231439447736137588799316887691948819128255
29644485868459617198425779454592354434328987888586165736924777723513383 6226
25887117986583738968613174518638662578494666487283985855569675233494583494426181984 83191148194698627241818531591381554
4856245486258542786582538861875611566654282541825356295739683225998847134657 116884397624456259976635897893597378915573861
97418812186999524267228637997256662582618335653238762199539476456179615786376825318257 337
15727428462787889 475686363531869561814576739447226199429317814889336318874186399692279189624473
116248788971676888689969313145147265376438473338878779 71637149974519861685489888677443812641527194644248
7939724158434354527911143124351315 2553356852649665756337577185217437454869573699
85964584418221784767973336392436378959248 37671383737469217552665677627689382397459123244848163653559714376129386464441422655894721588
987258281436175 67291997717651261585297389982841279774587673269966
837542967914389487816998758361623515963248425592174324844 81557861636512564363644892124412633583412725981592255878783114722388474
7631675461874926428134123356275596663847617323797975835 53453281618853669415791743622832276448398545793432181337
61499692469242451457576641661565971326394211483724334577691989488526761912386779 35291627
67593315743663536442495894 67286685772351939195396331662245226756948837137166523686953997747365432699457397
8914593392623431823748717668579725655599867682947598936389474297344414288 3161216365336845893848278677491595159146455
568651858949823136988867524334242658 629979934499939722362589795246343391511658133975249626167376941672793686372
3237312644896892419935931987188719824266479284534736778952973711312546 58129534972969599442984189187184145987969811334746841167861653653
74445659368928728572338726798657156362948328 9958417478138742528574
432648996553767976512786979675561943375685161834844616384883631362182954311714211114372934 28988566128997656462281611497962493752278497971691478698923794249992943
4828355371217662239756937397728261211731645479858743778768374728237382862695264827662314322263 81869276732785722992123941425928685321964352223597253345343948912469919144645635477564559
7277423463196 248333881135474262491379347739951849362777324282594655875633949
88625278992278899876242144577152434687128912188997959844585162699938167196268948978991871686397 42931947318
977688625643826533651264532874315433555391228513391598 5674292947699456434254472793714542482632949995169353
6869662885516474614436645711254687724966654125768754216747879191734145333549489334 5214217616852945928919931773667734576123231981756967839811476844835
74437936 7739942545272731244559692718587762574438626264121431614766151847421683542749191623337254647
4887174338929816676898917223922826913419267226557246282269957955561247281348914527 92548253181637173953459814549312657436747971837592938596144535195622546922745
817799622113152821367718293291781975436223679 853664844195972
856651847758187841341849347252395945535978546 1421793152865346943474118311637678843927445652226972811
47996224428759687296517955795258654961449111876166562193454221936297768741622587791283989838 254679527338379427144192441712523851281744359637959388547236943951823745
4368951452925455347 79
4455727855675629664442183538621225471333467164746477677114166289497773613151975956723371193851658319 7952268679432434938759687255445945191393215297159796673827963634476965367259519233873833481832
617241298768129334164 61499397924443258
42395528463661626586595331489657123279 9523572988429
96 98986515352265322365457593238652275144159335473456514998227713757837822358
1975477152283234677343596675255492954115644218453971 8129433363685535693327713641663496233566375789127417189177521873167588799255885668669658
878328991722585156275646736271192773786912638472269813651429993455119446113523837749142565917 35596651765375986626125
8841648126446236323861446468987233248735742857538763913825914174941124886953547491 3398625979927961368755854842367368342283563312514234613146874852
56775492263862882418538243423145116158 639544
851299546418175692172933944646982 14688736
7969237854456457684736857937254676615214215929616274143177219838147743639293134 3322621959648811246294968548519498
9421432432587144328584441867468936417 696128
855456897319867846388368172355397238287569123457523228867647351647164 66236258216896577938327242867163326228222294125652277182451845326591879357276292832821153268444
3 48924592927483822975356635187
4825364276831578439731732349516316821723678285874994527319976292626329668527819814624 9625816671543717562328911739582687499239645916425729183572493214943846576176727957888751
14534437557771225185135119177451559598935143178736645 4881497425581
45467568716262545935616968639512657743956253235795177519246537548345968914947353985669232 882238316558166715222952
3856694623494318468883661824253744414466796411855829254145939667473642239442671538462564362 34243727255372855815143126926799761129629176698641122259435928561171614976614889626834348536684684
766962926624563355224719353116189779974749199399334944645818347624578 25465366793534696611694659399448853918
4468249594319923273627211913174569532248 97485728187481874989669418569676129573461979287764718214586341
36733177259797775678171176 33912294387138481683136548954155519938688382522973318669
1556424171982799251434427793976149693363917782124956429686149366916862643186991445332 5713695679618858299416986138515368463717395673295889922687129397255
25335935864985825124938169473398875169989541824491 262464563493566369854795558494621531699679574644923761836178997136665382947991296661991141
719182326792849623863418132537915425256619561793459859187347541219248466 96841493357949972883785811227137768947764218569959247951989865316685664586849795
7696986761565669695884574536286625 11637615384482238599812197114827838823891657596
37524683784789528587128691492191453983734689444818184871192716225854563785 768315813185988421516598156426873141
1889891142788335543475315194553136536165556992487627546971645761998 1323394598155532779862965424814611575
1583 6881262656
4176811958216579864761459954172428451535349956417825542612597 7678293793387134384373815731976492489465928386684171755677393856993238182996954118686865688629645
436734851336853491993258938245858912676358634411941175557387576 266781164363488984635885916
3591 954767183345637134798568282224862994697797224397545373776161839325824285264952
77369354941252865 2347568488128331112135856636
412384216333326865854695135454448347663387985565329317497 86155589966146338318265199551324721438775539853682797549762998877765797235964
525328677327978519127116183691631475755 864638325619492379262363886716178616168747532687
67973489546656662235625298625452323989534163596273 83814584919919776672295533166622371557126432511529349351583912285951176372
75891657449389914648953375195235658312416396492675198582756231352785263949646592817638953425 434283347128668
2983138914357762978429887 155314353434978125268391561479662788346481698944113469732415
25934318264154764345713925831233912647986876532169647255657782728313527663133613113 3137354967213872546978652
573319138573822635524598 523389548552618656
869747317678852136633252552545326724144322698255196861116639813961 2824798487288538744839683855778165
13956523837334984911359391887579617724482343835853572529799512424242568264421366325497 83265887984222487216317832271216863621354675358283738295393667677982
783217363868933132183265337583687885633855179517929756597345 834149162134293886666298143738434237169861683849233969151386883335776248836823135597263426
22415963876641879165157441525389933185714597984498615387974281623643773972 388311177548482667258382821895466325547415714354625748395568664483857417987339895684295
57217667738644689 976976679222189828189574165794951652629943227898749571716332571595344344498322674686449
431827583166529442683162379355331445937431 5885555764996684347439968792268273
57386514472995797965863242287892631187887592999 6669257811845411582412431758156939419376383784373917212384568947444589597769288311972725
9696587116675222992358283597283432145813599967313348743238287137 8842423756575265114692673146161431281938139958883328716124238392415676555397444895465961747
124382436917931292167136715837849764376516251168253318194898726234525865915437979831 239714249455749395569
86563 31381822284446
986678181938545941254976698224361379933421485126927325348 93845495174189417165973314397881724584724373178354462989
72551743393223335845 34291768485313182687374898493548591314697433746
36737347577656215985781353618432536862599894448132146562345673647395377356588 9656841656497773992263971186474382467561744
34459846827947349926364929498132751536758736827595624252 75351149961844534615626865
511437519725521682437499657385885697266138311 97147559762278797171311828765166884381678554589227427624338353179352241157977856489922919719841
618722519893717117975683443752271551132448 3855
962143655847416168477692873687219758937236357845842152171 29143852639335284825857359671178939656755564691
7985258685986939483132656844787395134235493325837998915858339 926499554182354133193858671927738
61989884648184823 345118359262729721327335599629487151244482319633292669884118445199956651
347928885579849779774224264276626755511768177363335126833482844715617764926112717154528 293681925634913734433211523122177586519731551343557677147164913425433652697472321775
3993652232774154322851533958159972398923657926799229418881524125958457886442 4131338181489187586978258342968342736
7492894444436 7364333115235329496779822687941581953126124284946353146658686516196349752443777165579397521415
269735 5115463931955421592812125345347653341839413471616116376371395
38376279914481314221828 276215775122859399724433377571278733668922747725113151261521815651113
2958179425449676799454396651838115965253587127127573948549947329549145525265938 7448168169977254275529569618853358267897559459962912985148
968614243265295978245256233937887224982 8428739278435839426354159923945829396111272523377
4761599438343295593 194297229727625978319577132882382929219411448323287882987528693423233282997243876742
594398916414923526912156968989387853284367987657486455716869413214 2665
657119218579569489548646397829538349661544173973389571322866824 8664875635964313263192
48652861189347921 331334314326137854366194
8195369469127322788478 2637796182457727574366176552846417925373171316676811386885864948617262292862379511
4168 8555599118635589559981444936348777462315798354832632571411949488449
6616643627456581279896518894726 4778366778
28242614111399291831736657839841451339488198224485445 6817312241396
25973766692235817726869657993351642374647718359149242743482139154844328 1257688687556547577656942353829211827863393227769957981643117276756398657291666
341664851187925665874156268356877846225398988724498818556523579173 77
234537933224255868995573633549171852773968712876757375981781473477665227 47892862182159818868442623686921313
31633234363721229794488656792784112973435184116659346742786 883957687129252938518294265553679877681352
14294361628651912536633973525364341519785565273233564486821547589921425279478178361784755855253587 494311163349833694713212289216947
92793446746813662316984383864834858667764628594332651198761429134765375 66145919239444454581156127596666337392843
47 5523927941165569614723733367479695171375415173161777628673372921287252316339946
772162163193845129542283757946511539351894916736797313878152778919352114943768986423 127239115551282331197798182648676496527896638169886242131286223787464787269
14915441645282161 5521239262631955271988884441
91513438842153978155487493318431389669442144743219183191 15213314448224116422
3224428 129449
5338395347175863922112457257279875413558134325884354677796913432942612 9972674992565952475127345252159537339164919444135376461836421
6281315113797322162372268798632215988754244261 3314439356551611997341548887484814764433692862731434739162
734144698197196854599173431972774323479534 118776572744147
63995898254617465894938385758237666414125613473968641163629565819385945449151754311 66713441175362189616157497595633485297184973193526216965934192471212912517814161
8639163187431713859 293699578851779687856866446648723457699575575925144575825562845386723546131642
4514731338938842529578995462615191577251381687337652517152 162653185
2721274421113348459288198145761123987556866425211158454233123858761558929929792 7792557996356282612359468342192491945475924178513975688136415812852898259561763434132587
95522644135877 4831339779954446561377829798424741851216853331769369225668195
2412139414762424349796632788545728458545938123626348617595998668397432516 3773283582924966599391596317983421643396973275813488685463416
679172725565125872595162562684398495777181248834694814454678684549918318136566719862725961454896 783123958129896627852764892832266517694496814993682794893226795129969
3641178987852229 134167123677765354946983566268347142846777826841576828351778
423397929945737281 2588686622628575357115
671432615982131912537292295371744246466828635282391958683323633822597621267625773875963311162 8545399893291784827149637274421873364331174268888416932739346445474726644372687297
756246118915586678848335915 967157694453286894354134666
958649877742355655822953953755888859267543831648255825519978388534771786699 48366193781176585762544673952617138824755921786747776653764934573435478563221
497772594 52666466118616632776367924368
946515242479845798872611173459284713521312178184152223346561556494924875335623878288968799346196957 7471774762561926621115844319
828662421981928522449295685762367933311497347268356626219291347452551495338138526 88926462172647517181583221914833331912484134678342628183467259
194755954879697468892711717159231576892827682392935559871497 282829985441996343736634129317328524837229218514642462143614297866711447727581579487532465
716726821676241452637927347227511778242118573943292319236524828 7997459597657628
3232185958625875782581213482877915248385156136617659994568228937954968889375673213112943 9784853162634835751368595128556777919378195334991375932645824625226
411936821969318631448276869446664338259 7584238514536637969454264625326137648
85817565922463713951515683189415474 14156654877357823629244585953137138457916
63891971143647 6146995779537278768598327814329343
83122262353198385831685749464617164473952483149691479325572312115522191413446679731354889862 63292718173179581382177347352874189757692184459513837757811596754
798686596731449694523866 6497343656282382939
476113853629867981743 34916
69662951816258696952634366314166315512466313763895642771324686211313655192 795355719294316787776176171786186341869997152326517554682351293988269418752852793946786319
6367493283172312915346891551161869534493442 72989796
477469744797414592 387958992586458848961292119552373413831476924537917268515688756449364231
86 1442823
46273768656611341464384818192614318759397448181441529512161515925779952445913515742759 47585218148634549799975511134963513825561
18399437751585962896719389397498566212833424271466346324459193324746679379329745572227864646 93827661452597155741658167663555264
58697277818628815328878435644385984635646676491724685948224537687128 894244838458515867184149
546465429 5559735582837237845328269582576652688394957745942253422
37187999927774139268619878727115474762337573824884632246881283 168315387
9537565125963759662712465937377177322494523445561256938158138411274282851345466488528636451527 16222947743279557142824
