640
56285623223134544195943393249875624126653779422948891815498291998683827173168583817827536936421671 25682157258698157553331187978533361336542712734997356724325788478667323997485128
396382385368134858326769699541115685442175297659723466 4251881262175674387553833587543
17437778637196237733644217414361343937843696521683311873774 87198982887696933355149397748715162179849849782421946166834219757188249512543445259719654951347
78189826986715973181818382861765668513972419897921325321826997167544996617649883179921563 21581849496751435486159514528346654
4417446748966698265964236936868353319194873361494954449 4125374164552855579982866294363257656257647844641277
77195213634988548763967658648572948235817339354231476262911459143257767133252685727446231477798486 275721283842971
42223411811464484953472841238874776361939966312118369895494 641722946299248228
65678211122296264653992 686154617229144921268249477122774732866885543677358966457989776935338313449554619142517385626
2618582697 661752888292113977433994536219465568535658622435643869537621441699687734162745188134583681
53224 6759823228368821882636752282463524511969176379486334414133782519522954183714229162872
979917986474764936449365587661713314514835132751581172128 1779118766644264913487238152781
37839428434215331361677361322241998758757474747948456799 2159286935
995118114575372886798968891561243172392844163675642397664 517534299139324748754511921878815875763678757461538593472458666345218761
258491 223334369973196962733919519899767527481774796194277613229895481529751117924
924664 76639926329729242817449667564891995
119495931895955226488374279794145535744555785469841 76817314582266138236331617766616557424289436542698113935317899984911355867
797878212385877623772778641631948671376154426 87896734891361189696961164275678856334
4863813869978689535247516736743677385592114545649858845114 27122395591824113265421758848383341886319724132422357592119926652335637472361521146497611845981539
97793937326912224542524 2136456416643888887939797264344217495219754996711759263
313127419869682856498149819972644916249163431366136686562 8813924279515635154757338592594199778153
6778679125821589546871498269593982674819762471777223829764568613618358254432574238 7125281997836751358295357664615824414977549234654
836454619519684819441172358895 7547935276591577753788329412313443639793423938213577923377354963151472864295
245955339742964818996986719882489197821717885913 3443452378458844733247895213452423642362992734
89727319364894 239855144899682986865376833728321725749871716932845379368277575848926612393899645242245545788752
44838648967951988576361975345429785952417613681398728878598855756266997 6685955178
37851775831295512432523795135864445664488 7275967471578631144519737298388864494621371744279985391984
7253256346228952688513338335759921449169915537324351479426832473928731687977437511586 715528185157876954674118961389253631788498646258951561889647127655958813494166542168859432556
57693627377564334791556763616915575496727699265823876114546125142 4957262581567148337495415273745
97145885419397681413727423851665898842429855945945423 887934671612227624312991335295672919368252294979757116276922665
54675416786713261419564667492527456263195571337538449417444389277993162983295866137495721136 226
1 1836649717584369576645544386726935739249626684699382162955926195971826821148965758316228271497
8857929488959757533942878917758634852529852364576783475616978345922397249444438 8619534713662678719
5968571512476749641447749542412291771992299131639524145461165332841193798352499 4838229196867672614486
82973723342743936593661873424245297136474229844756269939871344 22796693675845826463572715342656911926318932883213885421231588814933379993992187884583782715
7417984976479777249467716392868523421389954673562538999918692824534 615384191424213885397457388684661938839216329334483891758748971893416987441329
926322588 31235416641549688812713966955566612149535982912543127624219233877852638169427333
2435139153376932345693858149566797238647221299299935628367994351 22274472163684959991125513915285943933243512548565168891711367852577356
229296752552528551243389869668844527454991385 564967231427138568115213927524833
7959113731874344184928668761156568141355375872887942756319721884559664449863747194286857689528 43517866316984296381623582273868534547295644615281323457
344864616357179585326641222941831289881818366978467925888199364 7552465432155756323677589681625898868385762543735913351
693589384625413372245669259687912296145575798188276924615337191862 57275231326286457216725623
421592322913486743578629126647293781194657248238385465187144918497397116882113358672563412151758576 16992251
199961495431 2465486361991127361211148715
9884617654856874134846682342161533415389453423281137188931428199235579949485536844944276838 632844599274869741784237717987553515622472776397565959998767327734961294817
99777741493712996359 25675647659614314289411488374979137268749229698233537581219645284998841786932512625183113269
1626388449979797192439641751352755223141678467745842354374113351247 91783823829574596446425651862688566596289242979318324998486465245345357973698938894147775564275
33167773414412513735367459434 19278293
26221426742423113336776626656537688419873978636529844748583188998918 3631876954927141424943128416615711566288956725879371937759281685111688357689797653115861391772623784
2558526895 374499467
546537379159688793253163346335165195634372 516374532541136194823895651264821529662113815
6783331481678233735267247936134655125 37261212954236647464351442632292635859882499777183353237
94696283288159898434621331252477974621471518862 9362352871362965942433129256969856131911922961369317598933426
4879528318724626615168216 288977798928112273566786391921465118
25814135261168462798138734696256437686735598327354912867552464 24338863748151694128921911643328
912987235644916128973645762184418623188597931711 7818146817361641738136387385325479869261219
19858549182696177193651932663953 41145582291251946953746994311527757981218187541975648233141118116
4611281218163236899883958615 84118117929625843271975252624236535448162311722668729289312624314962696964375133758956867
16384567982511 1
77478121126292571744585845355225233765918566987167251179242548777895458822936231 7755731313194194746998713258196617632951798262687445829
157956 4693976882284274562814824488696383376851963159413527
592799525 1397859537265748829392237298245333347668839993832874143326713861162513779156824382573
658445673128825659553 11315493655187631629197727159
87876258169644723368888867571547584326759734853983995244623266 894421872893628722139827419132822986242832879844245218476
6636483948654152325757128287556398 55845299766798445967988456535355459717252961381141132626988638428
5841649355417235226681265257826796552718653696443965741515749556749 1422268935262677945875248622464753632
61576943 472287394564186416748151252597772391448114154648725
8534737286572864959581336617982524786414213367288374956735914752712721431965739729111483718825258117 7118836522196247559157425346833271897199218215792577229179738734856249762398543896431491651968
3963769732559475399632575368 5241271898534387345419831141512935568611145864263414176519344854393187252859551
386941597562911767262354442277685985894161773269179141252678445888349429963265442638793 1224867984829529368713797946457229118349921189171264146753144573
1615617635247328369166638396132323228857895984954977956 2149185795434337136974979768199258485276191637649588518161847333158198583336693887429
53799253472728122978334269181139631395944426624548759512352957883855653114968828826525814821 185666189153
219769816546654129135382818918134519198113615943868629993174966294524664883142487321755 52372
983686277462277148 573274489241686475221438817141798243877
899414355957895578136291834961772329688223667127341483 4596343627662756425451434824
957791545391691574187693937875741765388327645931189526699185934933536867711977832 428353897935222645
88129817722755541116176191529214622391584846621777259278328387347271448739544195356812432641747199 72886525423819161376256742796664211711317916214617223989341443937426391473989367771798788661715
122269431944256 6355237115264196321486846249651726528412492749668959647279339263633
79199243119724145659629316571 415799421376379
21315167 8471575559458714128954563447745649936653262882581277674318791267763939113674999826458518268641567662
296991878659333554744947988261954959426931145678 566358335472586768428
77446931 5958727949898759585585
9174131187277835747875194287772675716462554784148863523938 31991638373191
9377624794364617 588842339899149962479739857979685937157423288717684486729984875781668
94125956335976247393864648957592788 238129365345136873244737714199339715929358624311497797358855
5983 4111546857245722871255
77214167931587753465771693648762181148977258348659546575611223476584364267792 5899782188776382151333137769934593
67972698129914755237236816599536 43181386911773939546577435865567818253397519157158763825379531433847913436511942352
112375689476933313 447882164694772713967351
56179237978118564442556732942149712328554347796881171395813419196598883122 133312169167955
6538379251561262296429378112286776272366662117679544449117275716893383389735741791847 79336215917432829711694825
8737668994977163664932467768985827295956755125619363844811599533553 97437885647487891127138198568297318319383378213586431567254437757481169279267828
282678468371633722492957999584272 375776755428334828313217532579557546191211882641325
57164695798382956149585687925361726234326985952526975677418249786414854732575582934111213624733 67748963997728483626234277162686759974153277672453219446126967
9516468753292837449266596627568316234599253177225631738386628374535987528966187161654 31234159988294446447948564531959897393479378192823525967385213564325634233637565473375388626628
3139966674877792468153671432491993412428759147927333579256926712656526728348938237946965 7164729381542975357946126139916863993383172917551743466664691474886269671
6856464698734648419941982268324163856355974781599558959877 54976882323432779427981279915176885693212914882341693611731747157456159832891
333948548161611698842743726736547483554 7331756627968869151476288389934262854439576221124999816745815161242
898853745147245211821399 4955933651736487554
4256295556956537285711494547543763324848319815397439758 132762888588677519357864326869739498628152
8746124227874873595574288242733226468217 9223422995253625431544922492613187321314576739689563615772927512576364
618727663412576529475398235258193428373938461226172442533866452244849774184347916412757 86353774145985997857261879199471587489587626829
8179324115916142423284517335917474112882 317689882488741646256713825544873163181524933382651879336726
546673948726814971175532241624563695463466587233883881416 4496534292647825463393992835454831183735451527793676365266595
577131848623524289787454793 6271478777684842875258345547916691979982347921647484412626788849855839829889281551898826849173915
195571112527527587396428575248735184648783464157116387112846148865797121827879167 145626575575965371817758444886811827731768562874278436942252575467354512538612198
1682887959468295256745129413 316278898245614494549168671897273368581681835839484476595778342944427812
727348928368642945754178894915856652586485462183546698457522174758 697627583988315942326563738436527632823746675344132467225835339581655923215318181431123951
687159346696969332277582318667587667344381357698297856244918883614876641563529457451363847 434415363
6665685897589222785417374431546 426522183721146262298329462718136256749727617958
2762117451827458291595827131136979 8569353973854215256895986156817759793364658642992348419665367819668369613157443896611415824979
77533225121767783742539279962739 64218161754291555221113621446784317624218537794262
4661929599968388575462899648616842393984169275883349938632 61612432917841558352698256386482813575185619762525742466957887784178845185439614491291552882892114
192166552951451241937765635864725416279827367316466284879694484438 85876679455563565696713183677533639315148289473646717836526827
96198546143589371219949463532344618174121414928 96219972454767448171537872174868328543937314835618943149244155558614588834847983823772886767
141166143821441986993754433996846651549784559 1982769623237541163388667449478674982324569624556697741772615758485
215883358513325624636197249282358222873411788238874774112136 8828975162849
5735873754614145929979874655436 716745586373752324297267873213578895582846879651286843316745
489662545275983575617887759828727576323898781236 648997612888865686249516339538971843158824948142987585224874785678749133558169311971449526
78381481275297213517127221478977365897147368231895 776951627287687341148695579319829451426
951641724675273728373546646786196213621 4888228135519721743135862797954753886746389664386963797492751428373565968442593967
796533862548542341921737279369599464279899246318355421849942335145568769998 482993691357186689427683448139578764432617242378117965411697141564215276195397479592551
72874533219 16812546886324417979493412767529196797886426287417333787194461513811489533896887852
6514675978192347542817312791153114914212642798372377523542896753364244467814 97129
169883935776562821357542774864836553182451266483471673735 84452922811288611911878883955727972
4 1543466848488787223876774817461588138541474422717615832
3287155276921494612455188627562465325713871324394478175138721739577597959637936298999987494 758432781931755483596
755284894554684528978884188635922953361332693863419245939 7233621891516955314492771956297479542869725794583
998861457399691346489733741356113888817415177518 6345651932972473911684291336845932
611395 299228148686959162355523549315784681941489991649197433762193261376945711
52366817373646385311459294191434957917274244682497332446513149 18565453252267185145141199185983176422
246971529398198258983848127765719933948871765669425277413433674671982178373527793153551735746768 46996385495894
3434873319 3947792384371322564257
95227249351981267332754989575921354722574423561169258477181999183172874776469587829632325414132928 194544556327451815828522984646977649112431533
8717694586293986131441861 42545329631411647881
961753983278272235784935117699364173525944585876968377474389 2162524783791478378674871626999727966595764677594572149967794549
6931923122186786178832442555918114351886331956687224543636813848284456248 58297891
571645917517899313699889561924958432571133515161752118731876719943749943475464642414952932352 6271468993892726221295636821548123958131797459577714455173637329872424855742351989612
595198441556355781562241649 4729769526
618236789527512618 6374477574753899576694552563858249195177295177144366422292228118
22854485532926996497267571358358181434425615165144238919374624527779667134646487 115829176633325791539716425487115
85675627894221633473395621816457551595 718929816765382145
27818377879218167934356981813635273185271252348517951699599483769385198286712 3215211437429157223777115194981334478469999889853159724859848679868595352965262133634158481
897725566444971 69695467736327239567487661512713689362134842619648443216474942833358829947655482
87 6548415584592929185623775727335934113669367359517
3979433327882572238434616755567 36878886163715843565518494196972466
9676811511774192558596551712127793742629131652265551962736398 154511876486169125687769612982127918
4695778122771745841573622813657762425226742847258989799399734513615279994387712245178762743288127869 548324248448522259624489781749153793272564656669816
8286144926629355544112353993345761286213441242544617519777218431947962124428648478658438789 4549318576473415784117531324767338914585367469149139
837323893211514967684826655484967533687266822 826619134212192986167467296436612792552467837542
5947538 89293314857214
78549831784392936988494746191651162583943129 536348866648
894274273647715795365434561825148192283853888549183118492197832681 296467765245
44773412919359783178517391747654459787266617417234634666967124289799941469867851728 49822449866419994737858
716827114741174372777385366563146137472185924843721597246869738195997151552961942991891999353288982 3631469978226235412646947156883146385126388267277712111555888643555
92482687647944985497955 585971911867933731352925468984126995575813134171251866268864381842119892155391
84 732177938851232721153557391633721868599257654651145515612
63975164685415529699857274242778265344757982391382777194111526478874843414 254416457359426155196321225376
48328811741926618516146863314469292815518536181786731584146919362518534722265811155369896376414258 146397428886154554553574
715923597145718267777222611679135164 21
6296231947312695541342781698281795397188662757751274273139947898425536941213329359356 4719142136
4781795111631428196987559632144 15626936115186166359
18152119685683139316838215881491749879468415219372419912315513166526769797211276591152464 842845
42553338165167294856734868398 18579851165968545737133785171159547894588372566959752998246378235227666995179847315153982
86882712185463367686469646832613276959284847153 146765819581738414847788155149293843184391172694979281691
96663364437224276236264164695911 94821587818158935727834731834271981927113151311425765183291
631867569621565719 36198971574873336721492258421446547684521664543726879491242244947821995484328475297
63519383961797959927163198274391297538584681254534933 1892243373447135326593291568192758864334472596899984945
112448514215783475967574989639386588615984479288396528314271 896886677385761247371716595891
917622854813487186 14894111213728191867756944
8755817285657599615831557411753815252477316319333279347827732492256138657355731155971 7197748432479939958132379184862856422332351178987958974739358
5689413248188132867985169358652772367163565 52346348115917394166873861814925797973724
32679698 556319723326223111241537285426139125393591475793837458239971535393683174984847656514393833
49129758399448646253479493 658244714566498458949232794
61757368311753738211942331843453546844614513549823217915199214262444597853838548387771832535852242 32837979628738374276571124413731651641575152954
554524513274377924491881774993834836134144815835 46723129198529983435273572215932695165556724547761475213645697123
789822459156622717242422722372331652935694226782324 64136526121447478418575666651922339
7853719521773633182477262589612681169973446187952521646258261117 47168865826959996139345623834887843793931719515
187347645879389611876442718725287811862711146324873682643275277246443939657766798935863165997155 6551372273299471934196743
68665387747929586826561888566976377396355135295713876711493 3871815985958919682863641671313832825579288664174735552331174179446563181795728613268772
692498529997329548225844512151376345266566736929967374461141972659969472879891787632747229822591 19325178677494851455262879654837119189156458415191422793875639618748932365841
8325399512298958761748419174964436585959268334829928 6691837598944731848183562417352594286791969232175339
6546633555 33369449639968368714
87141468597371464879737847649814877126853877755233387395778226 261286767627388123341468538551527927491987945959236246917985312751116
4921539464887655339211496125152442518794546272926693756231952326586578814696941242982241114626877767 266393447488457979545191215466262665422893125163228934771725251384862167715992887
11169499421575164441125767281737 4876974835158531663981
331424239694755624668342263792235832225223947912451 88873431437234
581555633987357932869528777785717532715 4542388244886265228645651434136494139216619411821791134186643945949789248728941835226728311
7132532513692812224342358959566 692658418156464875461143235115855141231774
16783112237658576639438675851869 339211961489123167937317442926224281398
7532327313496365641172857791843649138375142467965276341867 4395259
7992192 1776765712628259677325569
992565453258385318465826355795371151973944266348674188963122625336782995 6695719715287852457785317125218878297827146746436474479213829458478476
7988925231536837298119262488555168659883516559949128387674962551197695469231 6374689
597282537327448793159684285816296925538225 45673758479168594388512922467337686936175346122621282185118946524293117524613895422934574899
179343937818993576651828456185967175994643828265331473374756832913736322 39911635152857493435537595591356972915365355
122674844351935674943431198734249114924968581 999734639846183768173868485
596594577192975713385841934 21573879224836379166516926664798612746251111357996796284914886316184127211415867164287334116
768843494593914469326969614348978937138887113 7846529429465893477165749116269878374297952794832482799687245224356396329
35812443937887 75942226674541864169933436413568998
33897844292221215 51218638615182775132755584389552334499447999316247337496545464646768774292977694822386367956531615
54288735341724726621562368192979388132251 6725119336863435178781692554479364127285281445314974578817342328186185475219
2271946799846921827684812198333786543352678228992632157222799216679 7924968262444712397255888848467986796345118929576
145639126341617454974797121967472222448596115679562585222718689516914734762261666 1212957593314848575589637343375243252938862984384818956992316188173191491532
67223512824348331821 22277391326641393568385452221456439295569581651686
416648463651817613938846125255485898426897935823222757648598785515298762556526946744582228339825593 5848
7958122639965765232862877742464349442949347699288552283843432547812 286349945179331931714967358664535336239611491
831223393258841323934545155654921827927892539984498126881282772634442851988483333754965 619
96747464649422897983921299283851564521759144824525231812949426 2679885147712697339599563711465154344825995546694
82166619857129274569255484615174466212427625794 9375568316159195991957415747735838534422543641484296664715556797425
978995599295331959694492727249423741428154658857979578565277413579297496318927619239 8164877134247168537119739697483822519426287448127147936267176532944881724347719893683316865167171617
6481799629986388467327897949576126823295298559643552139225196632276687489718254947 678755441958591441234317965731873758636765857493611629415458511889671746762929212171551637
9978692 482232415592893625782881926669355751615164424941539997875868659627299578271594542169939976568
3956579932373718663 17277124352118167664255729916873918694471163187889433182774391398194
86654537595966673427698835492884679679134138637148857248811165155378835799994435743415522177946 6268524567152717423385766572521523671766496195477543139163614138515957849422
566955465666738437946775348667741941263512111147288 61197
671799678979877118 318123745129436685864567484796264771413661429263685628275815665394857134
54651995881716321268872948134911571249278642753115669751624831157219247331565253739114 1394885222513936597363287376519569223128355574784848759272549934945768119556689591214594
983173636769711656957621854676 9816186987245485337862429857247889616
21617894931148156339399359799517959377 56487224165137598673733522372394365981682663463398679368991294634188213936915917161272965334
38548856911435278322853237216357213354824156717137125481943117153693618587933756649949413 468425318115445723436425412118156383195647674713597167599484545534912
467624183529314778746744722661653683331893334199415818218268216691628131978392564155865 9288755244852155469888
9859262968249677182325381597711554774566252762846333848951486669 26627191725953635794966988
5178872654826989764722978992683356986831425934543374137452216218849793211966958173699744733867 3765671342857347645868716774877181168973
37786285621745846771598827955292824946185845854754377177369184496526891967141835791 821895256741513563269783
24523844965954483449488133537547325447257545838147435852981687263228357667 44225796152245587672275841487829949266356949938895
29583698188466978861195277251216639578199382684332557877614525968468 85497486126882422451977834874125532862
7396747714767925572248866524641857614339292828673194826235529373952882878365288882177431715615 29946166522959328459128
429289461252429665447944516787264819143235423662679316925877855827215493839617435268592752 9144386768858994552577267577
85553824471552167444816238912326776512 4458397367469827497659813153164286
41595532942448163785161353494323329499131485718946 5251877735265331571396722221517715313475228992336527987554395997831323912813619452317221848477552
9727458185873895711864985528616473168272469916988694572 1716652781351167169488891144978296771499943629328153211282644673655673888561527238946465226572837
4481498918984297471658259763463461713518613119417646387376999494113536957954229279844 448576738957435
16672343349439893732539754855829195715479149911518348666423597675576987217418564677556233358838 9197649241536176943674143176345529719887379496364118516386295169851121543971379815
219534963872251348651378364416758121226711 71474152427171861566436212254739563692894579166947452796987971451978877527499732735817295397
5389 5735561953946761863911334237569126922497492269929456781356456222885287483915257567963795597122551871
11661128792 9768514922928118693332334198418129112232858666443771819995595959
3469515737318877653478977547329349369764379599385752 86163749381737141199949776515437914184252281941729782462431694633714518875548389954968677
97687628132969423596267918419298777647731992983452 552124135723761578869787239621554
1596832782873543189433969756761814427498434442625242452346186 17695259515244167815187133467
2135716182869253873124356899288458845766822965987544579387289842358773948 198663136427659982821159278495393293812543113
6937989643189627154728249281472299715297781559511247912677497182543632977537457 596623422271618588286231917221332659416556846799652728252171822545951547577945594396462276587
5169434297726957552796669356792663849557275199 146111533443191532419138255631226514429225942617894611734995135558654116254
83946492389149411856913753347554198529334934222312371523416482992987141593737671511564548916349 759845476811117632196742437761813519721479637975
4298 58434549418693277962614546613696644153135543226876374
37313395266446659445841317765335451897883358311775241217975795732232191596437568 64895771873876961288133858213127559244475153671292243152625236541168139455247735688933524
87491359851734731877279989194525287285324413534986594284455251 3274366669214998486717843437652396143829754588415654546194691738124846678293972942544113328428
9583996781435376544772725736471658117253454448775 45743474398381689413923775785
3454621967656676317 479755751626377715626449742111964983573445898739311
3592949677981613381332671752329311222588181584812253998416398885 49657113655455969949155315216295351
31569689817541261388945879357787255945147857986964939131819 14894436362846
1821996748937123177229917899485565287241727212199344263574786669725281295745348246881 7956329948281497482814674991286
397598814567128874217881295431481952353593468521139113371493 21488737857428621578713838866564557
9381372531263729885914889 637215361152511394514213998617895955296129624715357332937173619319973
6357717 8377983973234793925431844
618449113419222298629473642385295659274721943876259433429677269785821198 483257625966187283984874653934243973842722874667517918639
57479445398512492928766855561637711732982737378612537669394743414837 3971335463453182693143658312273633
147792334294278971923537142422668792 79425152283583749523487132841775489191248259668983515892759977843129489442193146457188
4983231111859636917244417574746352469981658378674293224234122157 65785197293886638914462151718257148822157547464795464226173784343245653635864
488421752429276182559138294578272519376364737967 4736642189799536642887861248635239453147751473384184427847892527
895228672342442412344612841661112821228693867531355574484929838925 2862333634993772446596246819844727142764137927596155975678457433193348212549383124192842662845619
86923561971785138953762327266845381119773316851916794796247464345181557744113747 6548952311956872995257531356162312217992975784322562
9117765597544 1641939657516121369587139122484113654797914233666347659171851757489813747821226485948938838225686658
7147721527338346625835894325192751871924743758429986298 8512931443532231594191683932247446529139217264775542485671723188466368735483796396529194618151
7232797466459539351462756132159952538931466532248851224778166135986799 98135658178614686521724731386824667549538654362862865285438619476882589618412321771686157
146887548522477132575994551911796368468244957716534769497598 529
76869439 9887652139619423593899261284463894192484282218919338612961614254165834938639575521416944286687647482
1822532873737252225779523691976813658618 13655587432174298462928
7439612316687711349994165587734456543647497671674773282931183265952469359938947263255425775846522 66424224577489817484281632488422993475589844923375184758154658257943695117
773843314448323765729581715 7162135592938541316928954217481713361819415225333714999796
324 312178139224669
32362957782575569598173781738919619771675168889923792645671563886414637736877358484643799 2873632548751141194821936948335534115951164486485333553962412
676113284158192281633662863955277869164543258162 953261423471698721787979224335262524877884642255679711192366758419759493712621378726921122861618823
816638574544484521 87961757394872829411725148497346928489271929
49746696892814272877823192418591221174378784933856354 755746212862273752144399742813385631363796952112859643819998645776175431711234428
61862 365
55285132314858773169768894483442455726629359569328351 719111685499674328626349443549242288153251815152123889182227735832671682683156686989486
42595292259218721483445474418127537484634177984312352362866933556752971 26337695977858424362724518227226969431499452494329
17191186624223476425756495986886374838647799118423258526797298198 622163891156314175786687453416941835257558152712821483436329341
493788966163495523692267662794277189937211973489337419485832893692592974352652674668298893948323 6267214572277958681871579838145148865919764363155455673
985696764979719855159789412357469696683229372994262582134341587176646396378983549269557468157498641 523
3875855915753833449513296632491587624694657915531528 5471956545588453621281455621561964523892679981343656579199491533833287487514547662373125832
2836923332259741516613898 55517553
754666741148524252978929826455617881196237726939441878788333134894244513686961782 278449533563
59649133331735199623611863442 98764182967716633611728718329
5372598523279186231623 7193211233182444645192873136379343494933565
69414532331327423573458528412383254493882122588637486933749463 56715563162196656899363848393233947562193466639451
8333741124854741626 62429392734321412478249774
66546242312551195757 85921146673
42454296579198582395594647881 3654345584489352736685827485799322521598978549275948329918578
2669169639559921681385118241873811115975235217965356339855435473775543224 2568266459448763998525297446483933427357831928621335629964592298893336114
7777374789242496 5946869744853839
138946289928721887586215223729453688826336494623362191221521751168128915659 871646533418821188836674362636
83422547657813516756792894165153116 34283414939519564871657192865662385117732581148461433617166569366977888651318572391487534893179267
668966696326532484678869727154 4655151574
5359615381194152 6335325293793494943926778847178225758688646483318784649311234
789989887783833987561271341456842147723578779737812573676598 91742455742352188723532636111688874675591527597345543469584149998818836193157793992779186994176578
7459752368286579991792835 265697725419542224848335871719992869991996433296696796516525432924314419449152222
9738999672744576 69877155542672292959313641446637164979118398497977252221339122739234645648184693433939181776
658299196292 678841837283958352986334778138427315217638615492249871848981181844
4793977522637688649949199656391 77644762462651435154869781124997
67527276628186849296277399287 6225421232435155119555937778473
89371 9213635524198734785956721799915793454559619122881827318
66336121318324885227717997145461136472492443845764346786836325853296631791642387 21794847662139773318773499443
11453124335867425922631335574571172714283788773537144162858 538271574463619174261996719841533347
1542387658126232465835126768841761773363879271393589112 288469556181652168983495
2199712289742681969348893455882822 381136947685629556929589921343384978396694618966287368482762982314
428989524459389352655253185985526624814793577684374387278 6885
4959954 317716189187659811165471363781355454862238622346446563488457
91592722289928194576322232416256176719968178596529665599331587595925715219143543177 47139228138948414177817672132877961776847335191285726
72161792899599 567198174387161632942789561936454195511646498
51677481841294124677254138531878 9376336
6926467936699573237735877844942234729849162838928352595122251787384795494234698858 79431842
94798 1928697315178498663672336366972
9354885926389175627548616948519538616622 3134252889151174267112
47146194714374746979976125961643958992685314553776628321336894537181 1826628577541423463445227339151162873853338993736148974541574796857373748671529
589339414865257396242643528883155474223537158664482749587558148529776459926895 18967232194482491794176465582515892224834839126768152793816852591843
6819288686469779472 3386963297934926799849
615211789826455599459875931374645588894695948621711717445753734175255572858196445 3574566141659372795675332
121181979768686538464265177574781366141139386637138437429537428863485415 183238487217589132638252855232511428561372759194396324751258665975643629452899
947766438291392378 9652191179218586674934469734575663
3988513 43847477699416822585472214639756323865667584723432834356881765812562725765728
4586181391477956289869372594493412191164264217228726427754299688481285355347494375344476 91866936357
28655331922835425599321961857626737917758 28172621915229317134526281337882456819949539333218534
4754574 348121525466365515646263599932779446124912395718254
387465294594293148977519483176671134 599767392267842574513455164884913562598289891432227465998278681442572213127512239726763
279126382957993775587339842927975457541395217868187725258 5242618
33749847781232817771471976413168322384793769915338958529138734678315383741983833558788 78848565281178394863467363644222644993925487575688126918668855743795
8963465932629835526132756143828292315147924915725582938186891167327388325 218732745639845795887728991613928615931813368346269739815385785473178689116288675293623
3582753312897292142917453477431345912496787888434143349427912174757929923479535183867712 799826686925828195168766122782921564
5746589715157992892582226567 9353492
125659623228 218321291833571274657455438
92168766377922451634537692965844319854446127753856378942817983895634572341554182921 43967487681385115577129
4559177871137637379513911419396577992278733833156783511694725765886366699361861 9767378887497334299936835599637596774247337715
19925838551937223299471688146865 5838277455686825842738
5163449133498974686349393199984196537661132743455876512595128759862259482674229274261 2226849458627
5539169418862995918688718191775659399161296136329575926916763713681299 7945
42129519 8619444417836947959466181391152821464986495434616234766284
411331387945685171515482553523962618566674692988834299 876
492769974692284522411319126221287622341145665211757959434122655538999949634933846 88779524552761966397647431
3694662426453189575773814426184 45146874819314823374253946189837472877582524123917378476686
699754464286343145454587644611555696458453565663 63991475292895471193258143296232968
989859859436 1923482217942488
9951525181513816348735827759933698959629853548575262744175765363498444453826985546639777433378977594 988195218677586323614867626686
63264632394888738719582582624253811557527576985544794393435697422576234682179876 786684986382677196785
7358454163393496621948317129714999954139867749864977432857153163736189868315467263183666699 67984529816257776661642416369162353848
341819758316884865515631658725555176268188 8345779415528482973934126787
98744792743 66674928816974383336531
418792824156195229991638166412811491651389584876392178527 577643221817595
5466312844394788475395857 754457856354284553916949467876669411529256488317776385497958287423657743458636528
316472979593754 814742629572171729824438275851373719535869115852573856
6226443819882976366988577582611649296735155323125555984232162144958718459764291682235 669151581231985254748866359442843619282432935933234827571924
761664989368694459212872543581933253 325129996759373219125147362349748498921251829379625223329676467929999831263223449776442656827715855
1444721147325216136373975295463977567792239734789693338759118579 766199968258363479277453145682615512491235233717534771665592324581382264828
7833891193123652437966911228662626 692735311676871624278353533282548494861427849619
97 633679974592947923829556678878478648819
6583591517658491686217 9741692
4 6111982879857538458173496571873876599473546729229685492952943534368871664
1898954391771268711141659287582129535748327242968635 34211838513819922375
65422696872255961979262775532334211971746622567938524152786515343275195324 7494846916313464675186581868723226536428128824781946629781456379555547355258925882174
47951595456861392433812562912693879815751146217978897587276727269739 525143591241682747241569354651215939129429767
595299718162655932994186249532454413337152948465683582447319568 4966994274538287977471267533834972233455378921586945858349284854
48314873469598945655515816993144542386955538923934568886 35722323199292123919298534341418539466438942924712417878319658598697494198833448272362259567272
8959463216613394458759764225789772523949142176126528 273977357943631729387951695962527179938698335135841516681567139999687377418789557378335199575896237
7757161497684184362344923484243866242949452558973483595144352778242775394819676168613622263933 28398769696489588791484437574439253958973
422325662887221655268895592163145264962784962 24844926555997219441213754368596957931811217626448729
5777288281486 362629646167831541649635879323893852283281968939
2272581711767375653147971583192174244322981 385117914612613345958773388193347141725865392216793753281438494187286
795638136594458282577167588391827275 7813576826493865294795411
6134456249862852454695978549418227591 7128374666276276325711662465758296374433564489916687987321686291323872341245899741856619
78866835497557761898836178859612211367711352497473787444336949814615399573 4511843997242527262481997897275
85937321877582797676681592292139171281142269216725114683747961643141518172213362577 13953561964124535694158297483155398357538233481454619186283912774425893122
37664621214473489718757911599561649366393683659473635435348782 585631733829579
2825865518874546196249486395236392953359281574114546141783189471964964651989111137326436 9625425876625997686466747665594
19896763759124883395268686972 998
8772927377652866356771824816575425299131869171 19814144
91983488316919937544562 9884748297111498693288888
93999381614384863574672216529672165275668294141927767994698298628782386825827158464457469793 63256247
85429967223987581882915615157614515815598876578716653336674526524524279628 13781184356913888217542446746326426599
784256418296454972 98874696847443167489412929475488391337382432664
2399354576236995667829745245 987248681857627522411621134622752936686732416611183126522
137257614568224256629985738533579824118383742671512858 176588982745671583782781745256842345222111974719735583765797864923684925626799857738743
914156666441849698423983156825334189756219345569324657964241267192817 8876844168932732685296483251863777523417167285683657125912279
795993842291363633672444625187798111 9316331929152928198612
7665636178153559895981129926147693823725861191637896837595397291 148269184195737731864619256413612
853184538615934649656635757 775444118352
716833572888514619438374574 98317671443399728161745714628192411964419977416838164554799777422191
531519837147648263423283494245 2965952216919129883
3688926451741428756495571866365978627325984489 9586896683481938593469266581675968799
163237992196 39582413322318696598
15948149947914526366559854344339 8814223935414263114626487355553343857214324749593771471662
869139426594935241462873474714925454938 29544635812432596696895562393
4873 764324568568381937798646698461513
12168426315792792949879624583711966862925339147285284813495477676867324797663182195623293676 45942883
57492879967246712734587271857912237222827463462816895535911414465843833781938938296188355166762 37863223634415883167858433734388334711178166966842599898488597786726
396956799525392437414474483454582761352895697 3522856195213182457315737529839677752285984326516
8655793893578512865919841638614662366977133839487829372531 1974677535777922395537718315727492986113
5999395756397728299999253924522597276 29324384141412995843428652788892
467789834764244223294124582693353314338565338668382 3861972694
971262534481914174556682883246473632383 1674191844155277972556944122241365195424394283784382929346396939966246173
321488668 955481785598375552826896215261258546652336814
5322295654312681146415714957134 419781612584261837916196229796593782686383336289494899852626284743779298191593485948648499812576
894566972423292 98297131438741313362269617848929175871111764781178134858643977995931763297543411213323614229796
899841983525286592472418746217141227585456577878531851544733464898433557943418 231519743947837988432714753717657232168545155268771957
76856939325958736355743179891321171333611292511743823927376441614132418217 5873251659133577869875272944193239486323
7718396324253936837638188127459117455997196919433562788854379 53267893491893
283235556942358656846799168193983231475383618185124544485467814348449767457367259967244763 665328924139224615716149688294762991518791546911975753957326
148753728819453155875896365282145198253442887938241451624 51328516332551421351855423886542387839987175793486153216473444414887179
34875657627332492318651718863671321933 47129282146412187688729671419989142678355433371392491156948757767641555896
7 9651543325254
68251886217778372595779448441339849728523798813629224734542931656744 7938624439632675389325415924355185529742727875434868683277443745935891495378762638682647842961
973977494524985578991827794318543314663148812242573662224676141887724152957285523 8951449751421777336341766455322211139521239397761952356476433426492661225547595985922568437
3127478876248244716373448451654462662391321714295733223797 2227611211635895446488553978156783724
6644477745178325336919893961135387873361898214 211781575775764684181369184952838654749284128
2863914881578747678788914931239377975263239838325212298925261746844258781267844 5163181883817713114596789113275621337548564
382284367813477976483989175 534338484515761452166838144657578246438637939286886835558976826677
26211352986823849526491125535912345636548969943429254374764322189218285 3314929661768835457157674865681426747783743828997911417643124317243883656881131222
82772126737999914631557586515481547986354849516876272828945911746573465694557677991927532182965 4
782566 142784296794723333496415618
57749 58186247993697719758341437952756323541294174538652755437551626256
568583839599923168264332737442177874767365 22739575261864238193691156753195619
43722942288491497285694821 112448737721677684173697944846978659387839624237789582225945268789523635819747754
5974539542993627782654387429714593956668935542468185582549695349163438832737875372574358197864618467 23945511731183549977495335762967924211938834415593976692672
399747676324747771646162384613611298924523194697235132721982228721263646894284932326837924169 63857621528481688941815623168253451351485648367427351224749116287565991499916
2231451345233751123949254829149285358613484961717587 781
8455217294113398854422712269116321771762598773778518223413313997999641247564277 245
732244853836559 37815734631637591742779782993918567914659655
38667439651944934453275 8832844976528942542385914491534643837
47168755833314213284569485646559237794737814767251495764585581627885691583418119 86166323298616142742752676769596142959816923381843279873868381263
1742937774796196999596748545651647188887436589748 5644647339634578356898319729276937886677836632613787833796564937166589532
8698218847816427 3672482175794245426
461767175588 47993511414429863916158896172913637221741835879232945116478618498977597134625441699998117997923785
138778239474347672789191419363544448158853116642439781556286474266 95439742683671136219699474989834149943672521744246
861495452199691895134315722613461248256712287847386334988695721889 161545321989697925377362738119478948357543
4744913867174745953876881931442578819554732157142743515218976949331668536149136496174428292935425367 535224827135888719561159738449788826753843757442295238859933554554575863874235754892181171397
9598846958548571923338422765731512739177175895895963388942 39913822595751389886199787985364271797422762159979883928735273
8414919721762622763159493654184644211 39388294799494374359251134576397854987193167298216832
774868958165924473995739695593898367663896689616337414921666228761149829 321733338363879567656311992199774861
2827984895192183698597282592981393349657339183593629265592379646732296469297987261 52877167342556993319412478683913892827961641268733152464129949976436766424242733584128924554
8537 726347729855743212858254631357954719699321929886262638
46519 496512986714874259294219775619723524824665175574745
6415115885938144464471997541133877238826858421627167242365858 325877918215611867782334894122
14216214134788375848896494566132457133455145391976668256571313451635268457549 2932557668989533971685183458
3286286221869712157354441324893281663837729746928838446227223916 427319131874866514689269449576329185484961319693641699258513171458
929649855538228749664369494182153464153577984673464269562417845455525569171173352753127 64935
9862927539459 646898842478684956251664716949861654625328324259568
31558411892667923898135267899146143653265351918 678415843912768193484284373988191395898239841138
6265236238572736546382161469228197393469269442653999281271667 56136927686365516454116285739472441468165243994674682642438953751618582174635838252674958442672255
81916732974991239248183916898377847783144841573131922119571335 888783877564827314772179487895215164
8424474928687635314354171244531673279187322529532825466462751649594413964667466 2249356865785637167299971361285826921617532747565895851754417971719266973214873313589731196265129
6373654989482897221515935413185799564834299413293383373215848934768358639487632433172553271958 1345535375121239851996772522853133718374246658831519867184756227892971714164
5976211 576382789123565113135616114961778465279
33521416449959662188953441718845971152384157371 31176379157322411323369862928792322167731117195686796659584586
52766315111 9675416625772229689447167619311659147266625949895696799929436564494867728288129718778142673894
15358771688628892552177115283368692192378517586611214195155453 925567966853662578615152476891632846396771366
411312195449887179759491825917287363348542297714173192 996479
8363927296376386786393887431913993575352874144518268741399718 33643468577257779867288
242587658314982 743268317432237123873959475987478164433333367725456576512889721448521659315865819594328
555916483356459668249641213912341144489456515254622846845212176816425344895773857881 214839264786236586662817185854193748625885781918
4144955748286573591355285348 511717473124416717544935166662949441695499151212498523387728849444133247
4864117346267527319691624199344159924968325452556642695317949363266513791439649 98413932216766148771
28595181922271199411125883777546984 46429856713337635197531957
56784855916241786842446639449489459714716225 2972354814797846478829232787652213364762638384699612282398212879854984215538871887489859754552567
4848179964891358894353714432233 599474951568884527277779728113524432484123389195299
7743487456615938577832937378488731264871981972664581696263197849869165616678939451322 657535298139576889879872556318651562726379447468212513781281493193862495696394556572476769434528254
24183125246892689235942272652644783 4373295914251591193743867578869133185276731529667954722814761384621177
336692955142813188936947 823981675462538926456175284
114984721879437926215911375716829349566467986818135315174991586266445278 1395798558653194914191789996547671767839285258248531946
4982316113124 55922612567278524912264467178139
17725692742639126588257228281175 8797254185566478471881319854213218625559145567954361233416611587324181146654567983999371298887223729
13684449837489481679611943585643172889755735229286991688446326992973462926 15728453793338987733457728141892484971534799928268719768951298778342518533984554145923497123364
71389389427658265 84995379167711115543892517924275926831432283799843257
2577924233225596423887576316697593595211532824734774156439426978473397722245997 429374176172883711818272928537573298285513872714227732711942317916261136949199415198457694318
1948297787197734884 356285528399397438462723387254885555538764171351886971377
11355983181999781843795881993716966399176269452623296626564246122823891274 859247782388796554889147133997449728627598644382634719919563596717634554395
6614432987259636573983611729726635725625377271149973396 6997582835299258787929776993824
288553742 3235917654188387144236799869449648445582835898476
695142835341542298363646432334677329372629453163517713237112542861974831426863399884227816994593578 72356535336484918117288293162472581853952524517531153253142266315411441562666183948
4662181884275764397345432 7644216451471861298885175348848475717948739197769313429398298457353685573785976637658489
5795657364172821493166851749529722249927844735177218992257468422534821246953 2599884162611298129267114871623
6964222261231842918564 71368812515116331179768586636691537894282774481181375829241562
3879 252493317681689483564357338
864816382798736638488555964519311357516466628819913719157469264954496983951414 7279873537871922445195591479254659291121547956325724831628249989755199255913274537636331727356858
5245828138997355262616218996838143452955494427957895372112368833 9817241436992725588836598976461312673964616349721223628857232643259595528956987
161212459623588848149298566892213216213 851993821867
95629572583557594491764475622276358168199559225632775332468713186789116138326897868746994816149539 7974446337513
18615555536278871234771757224162196333565895634351234963917758 75813456426995557871544781947514843
434567282982945199753347916386938442277964276723498369851487169973132675245 22516561796457859933674663889814
8977411426584453788143417355975939463534938289291692618928494363999594371689241658514841 519937828282272754513747782172918122155474544442261763889985674354798623279471
8671182458271317993327469118447999685472378468498148976842658275895765487657766562842398527833488696 54753312115337584796268527312182263666497765612635214
582344288993453588812233268412332 85528711796761734729451381459323793435482948466438697882899648145482221249384521
867954514749399121216287332659154551177989399592379389813875187248563157419529 52731278931983676965233582143851192726691154141
4932779891995649859322842326688746237587362192365983383439398551336727846361114 57764115555525421369445315143473957229864436
1678266639945282669759841689548331221898664852642486922758749627684 18144623176563985545596645277959365972217434245585373315653736382242582
28132665876645262124 251135
5698712242231853465893742315941658497246513832737615137972662514992826317344323 8653767741762481118343765852678638295654893845931558237946995
313519143176824678497923581588417536276871152482994412654563131521197456 7978445148459316142574676622717617272641947541
13486771555884384648735715859887635 86251314786623112155164295531792838355846633426
61248463542 626724943382276613299928686796222813745894915149385883176655187452593794
998674324495755171244985795355554625853844679828179 7668276351949721987567453561277553692652784722735339722579735477541391
2383381178544749271687866748674836965326 3984485748356771687472114664827431538223466148228394838176449834147622392
7444851 6488313526466365388758192929792824769242571265179889115976613759234351558313829
959136975595393419688295177972976218874562659 3379296391149774192446584169261184788595391987467313627329211652755437119
698712438514585997381145 2315413899893669465232451216945777173137314
7429368959189352792272949191739581387287977453171945723265982586383247391922577879481476352875 112229369266516729728126472872786358989
2481 26918171563462622935217254269448463279
7156324556784243631498272224583284891 425544617358457662159929413494855575666144682994974376694
8235548123162144252221832522819664677837958238351157694451761113264719269612161 576
382726 31414157394534731177825739547942167
237778698455729418926887982711295896216896759627723244789513995699716392658589757292289242 6474834117
3524694316361114979918786692534783858155828463969316251 6983978564126279293621363799869535181426321129287
641949912589719454385813214665334799951957827188884842624316238 475492847154992885117928138797618
9564836615749578 17
941299582637316823458 869638153239251553857938555133118588268263579422975488297115
15628876686623 6122537634861391721444654735659427581261498496373535871369538613856
563342326127922555199527414756188192845326719382919275694465283116356876739418567748318739973267 6383982262848142339427269556256842555268832593215375713152196589585858991141182
87269676611866887862893783441141653467447174125336223279 6693622818187872122254931478928996926671553111848496492899373479421493545583291476551598478
28411279211 5978
88871674555272952767459886597 13689332554945962327392226
7621743211114323274224346334535457527148549861184577343929 523838593899592448791577492949756786943516
288412824373951511719358978327679445257471967237621711199349238854154983838386818 8996613361115537945195434685975475752991513261996386914398
1 52132969373481862551874494336923566653539785311786
3791982615641323829466437571684461183187368659685753642827537949449972417244877568136828271 416389986453
622232887114424542224486279142671494448118933634941117962 5717445742964827617889787228458253584751472636531847597
476539949431615448477573311433217227845465636871638837612245581951179229588552263363797938991 17147375274283215262
3921617932627736946985156447422155223962359781152789632254745915481653342661459 4161956129853679452332493234618389351377162557225674892542952986418472177
56 435752877844591962665595712485656452592516977387455117454529311549832
63548865596763131346712789767448795246533513132222788842329288795365123257 614851959893156736179435788327845526398794138636815876168551338162879171576695311758
88277168626224164257221128924315651298775324333 616742251713982456979833569576165446769625
16464845616861225137328961923869868524791618791838971263767654431566111379 681358216648117415877922985447224112531598335516747239
95678121235996391358 6534577764583256755243581647555
955861176961786899899641226241711231715684 8196111121
169619989744443831139228621397122343354655552135723569 565483454945368619725557279976541468128923494627596623662268994637475968333891695441231342949764843
383324259265381613542291425965791525513332533923872227453159548141752356982 62813437641226549614914646273556669575667795
72485221193412815635778858598543926348336799967791145412432386257568354954656321574898715872 37338734144365319824218946678565192647251669387835525896791358267324878
332599958493466857598287754632318396921662911284182742119727729527755458939711314312943927816 74161
85841611369878681612387339695984121 345856494864586138798484363859383757833564495895492339539783743766478239319487941397937287
424336417716456753918563856436998267315376174226476169243117546137965518683852 4867591273785182629818
74879695118113172447922591872711 5277588618485653132291563739777449575295754927118443337392172467749
36774485857375636332153842222615928528 4162764751882174184279536383516478118223852766384565
622998758325565469758485247476716679977926732313339277872292522 82676668238863
2216622859235 732552132175
96724742699196525347 4129481
29228242452748 42845741891524574343243916685416336799714923196367984457652241297672518353
94269796366657369612939529189941899782878298 713881278821158466456767232884972839976431376977939222971
592195462198777599866695318667473419676 48258656124651939497224629728941426831
771162828182177887687998944846764688352894163149 582466261116566792849864632711746
118535353239 694443273249569771169617162
441717643869 118774145512146436484526721
638631532617237655254183414878 5112528573132524
65216392592324231467216656732548141541491982446218621848169278 35116256739317568678982228981568394841359351157182277667439512378362154173335535366615818283948
735654284449157291554141626347896884285696791938817176718987714916244785386558161941792765259898894 1413288525789454342463185454191158147783629948831112738977
822137312923472212411939225 88251433867263783395522366265278572659439225591215546846921194253221786534489782453781767475894866
839818759412626646125343963911945774862679474294845794842837657 33754487439475259487181225652194
95155588818947946412565336225866131887935264729267736764229718688263346928861 24242267839812181436534823126628399395713958494246769485775742547429874854721755675391
753952 533715776372742987526
8645288487423722847176936146496331997584174454831973284579387434484129911448612315952121474742 67363178528611417534337932547841421239682414744557794322966154271112352273239922256713
98473733737913463467977549137498516775 86117993454114341477192484198423
86827714 339898947759297916381737671772178724599567968232964752172434762959453268459453336926
839421236564276373191181396561151612997983633349758243645932 91394455719634126374844564616227959636342637338965487333219578966845964919986188
5817522343237198131463118869852836281979636661572828412893162541468129815398982226135749833354267942 228
623855196173669773837286515519794332799352154241 58963173399686152531553399219385676972127454534285445769599441463334177581963949735678483414
372582317137372723746947239823477687416213382928843919769217813365971213575513597856663545968776844 8941262689955672823614923752814348318231362983124412777263549
963412996118595542493333479238156334263957229579944688192513696819692232198 42112998289983644178342964643751527763193847283586743761442641343883492698323654678139838255
8929498329477344369957889283448781457215482437845656 531776995487579533573336695432931254414894714134853329715
6291517722936553478213372549483341281588295725989415157458149359489986985552894569145389 17421152226516776184517571481341675879776333661315283623921595914157721742965823635
86466411832634518954724928543655889123358858985618252356225337254659427721778632838865531238521 7359628161845176823681628627982312195547169172999654113682581784554
25759 11
839791138334153841875897493288621452626357156475577844 99665767287256799489652865538615595947947599195411732434695699713214744995133131543428791433314
7288297833652195651762491325364126894436552254848123275646171521911 186144432518367654
46834575167694865458 139795793646289371416558799
77225733427951561348797268837263915386979615 775
2281984182933287763517252229636527633226681613617315516591772543288775227669 29384316258762441959159261639388415546924171953815995768668326468664577536
118697891862318187161629739 4451514123837
9558842284844167557334285578175141921848963445775552682283399847 5413544491557712357267142289317458747423222376641436543257347
52 219648853757177419113771481646634426493348542971518645569
254595439 74197727391677386754383
251937614637692799283858255932893376849 52972716585
163847188862131876193838521929158249999163335696729647386182853267947261625175324995867 4876512348897644192256913664323793312111581874841913833477968522534177774934695825663
8873213594481 922278153819315798443654165173965327495528928895567475881481694973885113421678188
775998738652293774928 71374757348633248236992583961271141838375613952283288367967993118589361926728
2348693369861123735195976614421258458897 988498
694684549233644397677626894134526992362687278948814546385897675697761455 48828848717875436462583414837144978483544355265254123963765675
34822111772245828898743553147767845999723327212436858162842845629957965574191946861377793 8321429517
53729938791875 8538784673161664879122856934455697585692796481613516188496814926372814914597156779
57344474855726646687832743974548634842276575 151246336993515595955836536815149888221512629139547378523774979131217312167264861
589429958979444513286696285 91
878166851378612638664176655373589313815648444517353326749 868571663963747177324248794392372791631245248584462826898626514324118491263759
8682392477298469949725947956232849285878843867181343714921211954145216324249545975864 717772195469859391755558463117284725447197477479513523397936286492682656676314152629
362643573831851198622263688331239714456332668146396432741638915572143679429993891353499225113766 8549656468284649841262376538636955322552534517679739994397336449838
238164814327253251598614288479227133924357536 8823987168982479729545552429168417434714767169825295242413
4959271846593286358688146411491547161198944813545298 4859572859527725685445174995148798364326337566934372658219961849257491
36356446918138152483771364521997781256526665584492668295735742965829144476497534122827694623 989773878192299856716942288342342139345368238455598751538776127485383113239
945759877746459711116824 938261453449116987812887
1616243452984295363226692812867153893945948931895641955643289775789715781334758516813 6643719994468675662413836341567195286769628242713618271948987177644451883981121635646
3918318175583777376633415 6932555
849 15752729261854517336457232591337575392476481253322737229316527879263245787441691449753456897867657
776852973163595926526675173915728163859365385269632122 778615652738397714686552572526844531463417236322942783478637616532
66483 268758597
713734552594791183142297414366144 43414
8419438511243688257988167126348512263368389453139729764 56174243688859983659779753853338512853272497138445257559353547696
72242821937145469625691479848724852557429838865968683147589316368492836874572411391542 456458685426
7729143895582392111535522693758773487413732147576195285451817567149898 646427111651595837162679871563445
46816933682891372 97291889374451571425895925825819351664397641812883244191292758
67337532325422316817393772746832135189769728245686216863155394 281211983843843268371735271
43494686727629792795354342281137561169533993761682337792131225453224962997745771492218632441 951285353125886986442253133136267694998
942498256361662321372 46751313257185967465345926521412511293619488247675
814254281596338257734866396269785634381267285637998596736986277145725997 3337156797728333142581386471452743724487629336238878631731211
93141963185495386962459212941335192787786385654699471275687836884 35684667356965627854334966556777815
368555676789522463179843585381257833483356981552453562287158 7464813543874262916325137346
83238382513199858132783587225 86221362423
51198755547748868442544268739156292395468682554651227559728823996465542366976919 654153813981286671279543529496636224899945943147768472482851842914874356278
568496372191931673138465788972862213926569596466294836399515656259856762919676351979127299765 34344922285518748
68538641519632442654518113156842676266521464721939969815189794446681712 965921693833484265718983756271826536668898371249812136834494457389486569235426636678547
33135891393967129243266334149168775494287177254454123753815835243833981212574161843567646 7549338776864153149186144554181881857364446666436283565422712213778
26986968525395779391751158917128211437985959128715951664948428752346274692864145 7866583973736735516168252693492164156176118652574398121668419413687516875229693916476465541
66848772961946691449367559967721694292884819751587136211219187143532181534566562994511 56127792
67614757237 7657676221573941731533115858143364235528557792482
2934538586846889969196398341953132717785381 12412364378965565123527596363199436248884225832953565232346431367259759665375827395683913897843
1241626299839399297352585 914518413725677696875262
8992861648475891888563975348885515946253433842292911656184218793416521398453666 365963822572192
81655591923243117271685491411 376678383649453148659489568639318
55697582561857823838722886634479185946752723795735 359562375597221933212163981837317323212316487498667869987373381375824926596372243317
1973722 7135132458
24157479589938764695338713984852249928323395493573871751984856439314258546324334194978388743362293 15462446489267612122763666787183627179567597546
6843841729875378656976249221511966865522812879469316267425345275978265329681868927727553923 79474237
9641264418572664518284677931183287473594154724864197869263298681415637724619348145893489896875319 5578366655483293132412142151983874171824753918116677255
746872181545871849554259415647541966682413183939122287194926845357647584541894 59362944987437149265611387642691445979152572566
2451571291561344411821974675689126898634 56156579424124651
4747378747 8839925498928593547697291797483161583772685566888393
53 1824892386661965434239854315284284368573743869673483258321259821796521436385946256248131
7757934754428797235514877568544878994137422837544212 837735275379185215
73865625456519581929495159887291815527577326832 944735271525328854532232325874526434475724192215353296237475498348131946331571347318552378622951
68719231576499423427589824887619196487124 77156424163293235381221818446825858789618957618591224616798891147636
2279797687159983599895952313357586883657982641822633 128544627594465542724724854261276646359552592912735694
192534 863422591774115787124914318594292377463267264832995799858882
194884175762953923479897455983545586271681497365186791982398161 4652939972479375583
27986853138575325986526117367534649824264898424167252384768848653132819932 774548355549188134269417734299523347772412961114728842732142584365263126
45337176334534757315121179119927592 812753755381324683397156191366
537853732823129971395947563611532498995571139351552248631983441655265 138123539766455
198934685375582847952477268725415437353149537161114418228817741683868252888688795772428434325766 3143457167933797718573492884987413846113957
