85
35356363141679 1144316453689286792412543658122742133
17117539258289881363738319573353418795791153889915684342812753732916729614929715477384519195338 94756711873113422777272874856415557792344458724289632
76516928122723916613535824561526867748 6
4543456319362464148556769166686495679429626474614637555779184387334355652 8118655266614849976774178544962958569421177528123233948592186494658872632529223864694911961
144 55331528536
239272198929565765623468116458469775497589761964639436 29733444918177667951112395416866411472276828958615497
2751717925697135192632227476975613613974531 1328397153863539282155696146634147578186448163152951895746962546215561
694793458994914436656514671241525237459175544168129 131137233
864721892512842489637886582445849 36494496163
1397315946969866244257833 577349269112564548777474951178283184164229292999118652875638918811188257277293768796212
1427389853758819913593798 655914199634376844423825232372158948525255299721814728674933253158298951592474487175369264781542
8959285666275671455249 363145883129213922552426318383849669248262364828824878798127854217
3542 184898692911373541952986466534545136688837399476724447291397735284582599697
4646462659913616929917625694459894 4544654978623621731275616273331373943191152628893197645541113
8345159382122999984583 755417938444543176626421699584678541891872724334217359867662241756
4853653577434945377667712719866149451 41727186694114289111787371919494996622597392382346687238854819
63821747645154487342956349376587899 45131277868877
9376452155174658624995961889131474524615714794422 7528876361111594928757194213922425265458622227293799496425513616837167
2959977682287776827286547871396829186992152769737731141217193917591243425399333993 7315241292265149116146712331456798483924
3798191739134927247669828617926949681221632119625437217175642239516323593188946412 8262517123433
594925436546877553868385731521967464656379124874286918257548335171628274819948179791832 34897414112774127478588736487746531662754319882142161786728499481283348933834247219752138381
7126587957193451633577413483469952628593189126414 115846
2525374618297793547838184484864388 77958739
373452832865213982992837954923819886195749763369518856294875458879819488284548323341399721611 91236547796934818915981225719892442238586834264433688194
197258682398419885127499223635872529826221773382323628463154676529 263878327584998263445738624752613735654882157658225694996369498974811622915274813423198272
678119558 567157835541743
573375837657872487626115384942768291595491316184643952196648832 58822824751448691571679115168417976638412419315187991
4792358875574773259294141257785228737115186446438771888131979834697999733111785994829115912683173574 687247847868327114
529396739961215439788299494954946824179 4293426345424668386547553612469515
42982445342445764996599415183716793172457331912 19816863713
9319536622685752382715893821243814416617573234457756586533832836868421113424516244764643751975477 1962457733539759954655533666622887333515714114679877254475213834864
49563399853379722882162822926484485985844341168124231836527666115442864 796237695744873524212399244186845691766362977264424633
5545826861588663652 139786548765343116271819115347917562829139614
5625674322843597879589552471476135541727876755643114852655838555437252326113457877 224528559855273148
3168959545323771991561348753887821213794867 4611685595545279127299413423819855527167735268213961584819828259925648769837125957
275685896113285361217372952225793388724377537 796534469456819525441156782462236742961783694735614323443189553921288429572131645334464525481
534914941929715927539979713958362176827449795 384864269357692713525251483899586157493378334388
18825888753115647341665885827744294586179256828162632627549725816297 5539569151132
117233216357632567841232762612752213118599823229287216271262522915 4557545727858
731482119852947434177942487244977458444964584142941924666783196197281727 55921256972618721973595156925129299375153621
4576757821548289586836143329756328941577411336572775248995298767433116141259283453728 425175443652
14884294326912353136164192643198125241167757472229 953751478
344785868363176 12555246714318964172725657823735349393357253628453412384393543832213931
66153 649437211654778522812555543659563478851924378399127936885616917628951755135499486
97487224677 2754869229972341262736612585377645933437942788819146427969999277265393159613332
64515245366544944661584748488564144691975824988783298621784731387519946179252938 13586659363257681518322645
783994845858628385292727253199245495163152667437723781969441152929922795457 97318874322342968849936833338668568771556651116867921436253261143757329952663
2668445212672674134925672894563 793748311651
26861697269177433136836717592544431297594355431772281841932837641212874224 44547626624574367392468517687423828644879864958851
18884145564638995112518225745713924942679785 5681334127889392291149599255584632152814276324833267286123629535347891523657769127637
1326791714359187955593846137191979956683355251787858266815 35591772327565574914622631484484776322917149365387592889461636896486883163439921
84846492965341477416867173637777272542776689416619375289144266357376 815531984256673327365927566776921484318962974638461453166122134914518275239351
13651276 514748698435263433898986141579414352749559591292668827
4545398487739 7359278784391685486753216555412189211764276849871
92382595631898425262739 7932532397722985722373813227929195614722244165793378128412915119566111231131852922477494837432166422
7968148369245917524832547791338294427215858948855537457771189191445591317 7977874129568952363586582458765648235367377159133561268422861333141324217114317523387
8749241832291177483844995317425431297461772249537989488718584415842321623532 93187288868115795813794997262459935145341451631312984558769823456149554788765425899
389748318443857232943184848773975693829262967232337518719582133668291218687963858682514663385762 683216385282897594254363858954242823173392433995424545324245351841629118622584
137221297893739128716543725527194561977883631766432151691752229484889 435
781941118277128196827782374851445555397257932432751189924655716877999843284498444764157234876 949974352767649872
636813254172663889779573357 966765631128138844266888
965583193517684549122621593174267242221185 65673354441995958444776947742296681254481794794844975277471422759935593895879395534383221781881897
1643994976533577314214873723535573586485593678912167343724528722977575625133641486835329986418 3278529271174931
974353886174333642855172832831211913977513485198598573559626779139976679476161 43273929737427871255976596635881767514417492292939929881333529175398776685113123
56 9186874887
5926726299612318197876148372373429931 9794371754444735364622488822978672858914362359855388426216347685694
894376565245523424415774256474629698614455979381532265249759145983619778559838697967467619256 384289669284215687156242462456555399859566689759919867259683121617699222422197782
7988192991435374658227947119388972536731534595731872636 4497338128276433985583443271524159394712721392333981973833465997295425
41717474512189736528166834513526985621447651461535 9868222286696884835263545296839613892763266696174187
41791295889194339676839791775438862832946172 35669718592552779768715695861586354461978288871865768226
94497262445227631452593794338261 213917246475
578442 375
5399581119647239949141897545472511792856638261 5895786958454495836789633491713876292494581959769343824444946569437821527129113223161396679
363927932558613217847 8
43777551257 979926873534744172424653
2236532171457571793854419248764499 669652795
496636716111212147939517615385662 673595541542431196247644846852537177695461
81874382926349794171881596647743374 6138211
761498985756397562571968192611957494929274845986734692 95331624233641768121652848861688796857958922228738242292333486959561127294516926652799991394
1723639935129229246425558267245883848162182743 245825546589679197335
7829 8739
879588661468418117239294769118896863375479 3471723883266877321471252663814542427724433127832298326617
873636215993411641427797925316741878196663171731243626645651271135744839219128536 522112617252648515976698588
24674581431856967486651317394167921886743562439549181 8974847238886827715952654932
8389881234399888385313173769141672895149287514745487181338 99145621144119676665263664428872437984172496783181693461253624821683692821419278399874135
