393
2628914754878154461 46151291142869658171164848413531983877346612451587674416148251
6721365158268348613527138578566555191678571391168525773513438355616649686784526287 3637657273491276283399725489311448933752117149721599877211391244998243459336977
6889612378711169454 2488478961962843233992758218457963354264987646466387154528251398342547922372494298
25643257362976676277277216354762589333157984244987754789858545765733625146 2612256414851516872311165587632935725
5686156213 2515384246844952638179594613311821557929124522918821432398515671
7183145747411552877658198894953 5698449172
42468179581128977314816846445745373662452967376935645312159996912647931866628559757162286 171491229117311685859581483387316676992329265141771752748522975846951259148822943337178963
2191963366725164557428126372924326313169731465273749316366155618 32128375677351252674961845262228621968775663177891559
255594349542297188158153943666661889462165999423941471253564627893787884154 577447293945891595371916445886698212783213718521675721767458254555797741
83 689949997361757727214568257525345371124795888589332365719421291839616192364913999256817796952252393
862826262632554337939592174913 617723588638372958618139974331161585515711858577771589995569685
57941963275534817443312946928646 4316966435352253283268153797535514874329331896967866389825752792988273638
94166934827838186934775 914635844545889194552989773811477934611552919714481782795162226
56551625443849864599442834613867 3114628947736275479782799699746876563628679
2793843182812516972 21539531937659427681421835635398194791147925885186981
46119814142621124145447431642449119563434371151164853872854253392927984734144 4347538736868218148313416922427246269978961546381965343983915334494583275123812468964
11925347826718866891718411853212521134676882791634914656717323519425377725442287571712362279 17223324996866698126622235377879862711146612379147315128877911392
783417112638157132719493458732718829 36377344123
5824582965951982283418786337895926348928 4694651915373468568184445446387
44376312459339792115369569232117722413979962833336218674471243486472599814572286786287231667779 24663357642797836787194226584864517519635841696918259513788251563957678671579714641976461546192
56525821451476336397 5456792862181564762734138782884739181848364984522939156365211538655551787363463572857664831929475
71164564 37846519613889415257365377182748357319518811221113132428543355268264891537953546437
8384334534 11873877337364186599347763867632369668515512347644769
143479448498169476172498728266376356618912114378241432259 85339748964952317985151649339725677355483688256635989728658899521752461662359448534782732163
466187714393152375853359143214655454749839487685 53225657363156547496576569727983386177245793322775951
98133785663982277697425397256825796595722582488139674 355313381353651894871952929126419154986887828263392595571633159935879293889587676459143
6188294723967 76846433817416337365896286332763572327914
723821568611691 455167725246475278267235226538666559171163786465128174394225877961558848892851241236545131223839
641 82824511197531725356886149498126443615883
97966151883557778698885231441182393418412511718182888553447519194547312955776225 7119654612483677931232832668486586149683396586336311734
626264624844457844814223434931242238975555988672437516141467668 5113774277465376375647612791272659838557283317275439216721494254297197768439745612186
389858715788983216887363133598 596851864292941793191581318756271888483521332185668993867772971453463412556814861628778348621183498
35638952455621531643721782892498857493 6681653322
4299338523396324535159313866519373324258886442273184216354418265328683345431795661843 257164426584171467613712467352534429679778114866836322298771511131369871
554231 5523818272922871468318423262897322957273517324912983658388227544565
67712917597942299852291751585951781972567498265711514586 62742783921
881593736436722215445191568626157989234854 7638933491917812869571844919156168952331783575
3888348513837314677639471549612241113143412116147656626778225243 433672863442583869885767512498176676761996525916354363
89439737667785196387144979423884665199914716472618552597244895131498 53399124796194688213788965815192859523973285599763174689566
94789257286861224762181469 199883322
1538825677435759641224681266197383322 1459244763345821399287866342619226912115285213779327873945551252221
348926568641278388538984468875484 6536215661271494857695288762862262811159
448786377 4822113563188541491412717825735276992996671565517539911491274339271767
81257538634334359214141634624367758284793368744351845255537246988986451934744274821258265497 593711915337255
46276864583516558647794823386817995836693117169688123948825921827295574132565143 9491714527759967963195996827954432493791736315811336253859717156193763949679357473844352723
55642483995131143757153548324533671538888613636789114511 676836445315882233864762598195444481132883465456992834443687567987134196846617186432781432859631984
1855145681982451559523551872414549123 7379353896892699526893536484779744294395832387992
36776976714725461748632834 365939427243248169485863297919779194464197435762188
16394788 925167381857749548943612312478141811254466776586919575149729459
24641629623 521291685651294491277557
5462716119 899395937915813973637837133113618924
57134642225869186773925378888991963235415954749473448568431717563672847387 585764344918589584599762253665142599399768971433685586
72121616755973738964267597796929 3495562445455455394755287972486
8317223626346221537114 1375581766146339752529959348176753784768424249545737
82553842513226562763 949347199267716382693226367579664493369671554652753883818134221899489269368393384518684616687789
27792644127482881559668665695264357658368182342549815382684458678533468796832353 178779885157818264982193568785184333371179854756524749863
854838388594 81648281318786412851598138863871396958716631612462242132787784945119637976632275188
4157857599136228371935581987296148313945232339274459928468154 683975183511348975789868645429791996316266737484338174496342958959621657338246445328146639537439932
332416489158 6
7523956412394959264321531253141199992973912254192873624328527358519521746645519 717467881262338614217643549251629215368469779385172372515438692966199156844
59581953491444223731684333981861436176782263868834319313771882945222 7635937
9384931186414278655179131144121742924565654586482157716865639 259781347348397314764993182479168667871342636579995143157
253315279442581199954529891168998221715 948439997769112527921392314755882995423597692
58121456912769267246873793144317254927593744584986133788 6
9225627537446975122575766646381518155914 698852682825296224474341257261225667876699845137183889991742
8483333699547839619325354317919251312865932135577386734567417261353574137495352885529 327191229691466263494994348687526496865882326242786487642698491858984133764638679
26889659123266462474245552244924834963527655911798374857415498927856949792591742786936345529 6663863648639469322368486328535368378
358125849589683447899877 2338231916682293742264642997978424973394867146146139952614123732138299
424381722 477395852353258352566526757291474383991169193329946419647912169843714
2969833286132914597669454217655663425511153681139597452679756573533316472282389963943 32475186188929684571665189992357177516859326629356667899526729433443516739118623
2487386928443688446673275789 271793437475223168218672326724718241893863449772948824919919355534214789345582731393929276624272
21482488992996311459875156826763319514438885453684185475456278853373355891612386244922215 471485382537258856886881863812431868174316155787852222217615179881638988288712534996927259135412424
36619387774764271911225525914234954338419643294952871625544544259627935428492131 255816341359221837927157313473822398297943156345584239448633731653
9595718948731654531311595722438532234415361435761273842854278759392736325 82974484869112529854697999754678551927967185977974345273543395
6737788329762297523425592115127727246445223261488 78147761731995269986286747969764338249341974832651455958823882
19186362345 76154513986
431816261153371485977771666829443778914191328942539438257531877376 29231859262558472655593478648693346239
561349614595677927961999715724699993965638335651937921663312936752454898477845653 94212936188654642992368417651179339189764417993493147968624771179252649
57535893425558737 9751858785764454565511157284586559354434738414451636352715363429736912128563781118969967
21662991569448832187562399311389424673487591839568458891128 185815964579775467171751999984659881
33426596479845231412357536278664234381695667387193138533186874232751299498343117976783499 747496218468751717891957144443132988234424185395728123481226243
5928388275628755967934924577983667251398874543735242947832536475165619 385365221665156257717662687
243883348762532479796791843389192275237221392913249976965964596836 22215778441973712455598853783428872542564825456996
513697752628656991718355495476212696429176619279739262134882568124588991896357963326798834312 27567819957677315878833421756724
3632384992164469529989531382945639399557864975595171532432221121649857678 981591585814895916783463631389515554936976615159241365293946547795562678282698994256295548928479
149397665958277492241392573313496794657 2145141776618281459742921431441528774553845391723217322784783798542258778258
71667447318447414594 9669278575698625187288745138547988322699988188892779716
486977524448562124957969547949939539315223488859565259697678 484898249674324174971777737834525
148753648687495158973488835141111444287242665922869168334257848774574531612632546318594757215 4412769658412174319876585219299655148493366118
27974 8271656
95224856837882 967939748
49743846357535254253747932818371779893539973549326455367751719 55436318547116316549431786894235556792587556877731657655742217228366852971539632242793671758
498272819423822863277998914166937738877747955499949918286 397433446652785688311879289111561743236437149666384299899869166815858122
63679752458916268411918622714746644588623293433659563166394372133 297639392398499571
721424236271932543311924725681222916414415798693871273251191524553385653136997429 4124337357914
346952257742722728946248366818961618336589365157386862625673953867838489176464985351 132275995688865545412583465
269786464173416719996685638255332491843435851255792352955196669523297 66748896834647215771844763895891135475821183444791372238934469854575993686
1619572729315295268456261334852516175421462324995144143351219179221766921457183771165 9882248896835986957872187798292865669438644477572877145349521
3881316943537769344433898719 38862542798495325929444365283464653231395812247541758472711481982957631143
226 3675184452688125631614414491579844287659498477888174415229991724115962267427244958237241566113
4464831428846122234886151 59174441693799
9236769436794585275894529664684686552995764624656292953 5861271691956771719542675719171352158577743361226465277394115948963521338669117362426419142835
587757741216971341559247633897268786959348159646122449383 14553751491727573435531325628893648
8427387542524233631181632811821837444967385566697778251141296494595477882576238434 987682347136133558312446165513851732678319297981
33986941881222592384912543547461299673196698778875587728119341436733726852974931176314333436378117 4116947438793369445146873327788728126
94595345221163556751641251293513959159887642533597413438624172924279389459538744146144388845168 11223616768334167338125835723837282364646912584581912616215399319993
3493117312972478518726194541722311914493474291229374746524598251 4837282184123221184388164655883
94261471549446676295318885649781265521139997 19371759762266725679856141478646688931666388673679673475663533714553641717848542591215641
82581953178892992575357625268724528779541292285799619692 4278583151351996125532746544783762115996288227614
356253623426795135876829131318626699176718 15551962685836365769874427177634234693776756273599652722554
62596967382911636455652752728285618415582226971945475212118973127287272883457566 838342455866266669782585772629593714924127486796569896412295277914512959899767295647447116273444
779735414413463798111528247115287671928336515519565834616341446126652143223419367978822 922984292543636745
32118813234528732769554331425462567653517855468454147881839786456 3322869265898425821727922719
43121716372294899221747368271267567578119164135329732482261424954529465378277617866122221 254
61147745635998486828538155265495363822977518523314164872212544371674981 7392127947574389734567229767617196844866129828937186727259
35576333366311126235679463369566628711248655319722115953777263511664324343537455568463 35612426998171182
54327917164258214517177533 5696517478
35599543538457479854986431994265945123169173334518659278613719326661994533238255212393821439 48436378679472443182497519186555759336342837649893286439153376819923255752837856188873494
36877448547958 295872268343564859192499832148225427684976253912949837395868668
291223651616 6577996511915211773244416474513815154623738729739335872181792195751733454186434562
778551617365769343282448464946577154674663682666365724369731359953549192791238146763739262 3951677868442247624299982124272526332861877375973183895155
747959827981945865458731742695238535 2234293835231591
9992264528172185994226181321699737329394919555 737917988536962518565344563725196814841865417324574298375866192991321672449962831462472288324895
18371839328693173154456162393266339298538931691946284146876348994694539449731943713623194 7
49265384353352484947235194351937 92254468371935559982634324671634319253358778723933352748844754343376437233799418931255987132692
5658669282169471453676423643314 5935188186992515482483355181658138362539725561
332947255418482 374926818783598686156577745892899937379354778319148
528146997397512943689 36634297582492927947245615873511525979973726427342286411
8845199863331612829376567142142972539328434638896924476348946536622636159219894766794219698116 89132238334842424828323786861782747867113441131783195285666347259954
448184 97123268752361242457
75924762277312341212939615196411371 481941974676793557941355579448991488165561719763441446476742621682
6589433358652621485145257199 352673276534498253
83471989724277332562 99538265436738189682919858442218753283128982171477877853886125
35416613126694327834969726482516965465211279373149118 67469995623712147977667311919139159981336618478986537691363198534128
38653887184722548414658287324769338413849779212758917841581838987967579295362324695829579548555 376315366959821319583821361959946933798535573959426794346851983231754248683669997213
739378922765689783412 4495452242274496478
76935614414645563719993571135947944299981994696423688747794776528984515157879122968 91692984315177923989633726131
87527222121787762784257171955652716617199351486 95648
9235814622921586694266184154429894 9328864276356912929463789414876397
3338546325138851115883973736856412577169198741482661984219665575649261 7954276175349527333397153159538294585789557273135134254738222
7323156919132444956228257214395252867483253 256575
55683822557778459487289544259286861426911324978334395162542 75817982749633636937216877891516943542878548644111411446976717448854194
542757186455854 7477614214464951196236718878936958554133377
83368441691249299679347229614552269973121834582798783882866327884777279873393827531882295 81277984952625472671
4786539953876711538989636949941134455349497699968178823297158369665249 11158639589685568719258562263668773664155798526352378273651241513431321114963232497388537333583353
99765713691123519836667124248 695651646491466553745586422922264958311172741948535
751121564985 12558972835246221689119188458
2669639383636891724963778219285111161793127362665495875473944242613767467428744619593225757282 773432514297384126196391192649799545233531589178746955859659944457871
98416956691854631967684131971868352 551751348442745346587217837878337956493963983
429718675495224753927814794331724168294 5624241491184685655821644495943973872117472
1248718865469284147791926747586815 658236865852724659215779182674259744221469597289212
14893538524774 13271929895792571832636178526519873322364785134369893933673492688449
3179933349687195131893945796259264826112562412469513477 947
465715561524622196597921549795549515118245753 95552771
548397297142245482116893554141535293963745998492768191825818918322961499648646724 596195524735239849118464969921288288593637832417
8843176848929679972919154523657813534777293634911816931729482633112397166477194746529 5768479656723819749517371295547386381544426635663677724563972542847378948
64397333198182443391596758128129927321394185822811193834598723944383557941913415229649871529395193 81632128124355676697978462575745593496479378638521476325694138312634179965726942984
381926613712723139811 8598183842225117511692363793222448576227642578685129946989786971165382678193512398671652
1869913761643478666378611595943416287991846925831441882477594195414977434865657245 574735929354139157
668549145385417519845498853632195244641514798289435867484813231926193171194139399724614 998144625595945656148559435757279153323292556965739614213286699888475895761561398466736449
375376551698122537 8243555348677199969464825637692686915956697997996
24163283613791169516734686325445943478 4899248615373257493767558935862919893262369932
16553561663671111537344962776365747776237272559166834356421879364343469488729125 2695254869835631263686
129363312366911271514928647467973216442981331129896383756691294873345719748 142643325167498441934826774656968922583645866548391358367921883852655968842547691773719834767753
43553 37742695235915
66546553484394 98437813925796945816969461968519153147787924782789475724995463683542149442689792435763722179816334
1168925787358865177328376624639251856695158793943 2538185595336296426692548646
2835799214327992263358699147416558945161619553449193525614666584583397433379983782 8529956984821619388181786949394776895121367133495897118693972434
274243765981568261953757815541557484356997527114131575348984588579368472357296536 9952828477788631429934638363273749569368336933693243899542853935
5535872873 74547531791452729567864381298342161389865393949283141261421898148156989937632653152726598748
33237996194754127539542946251331423657311156144538115815359221579832117783583279472796 59332533896487164818397242381568735423127584556552937171626185264917939354
914 812414774
92317557835886286145493748363159988396517314568 729956874715233198374497954543379125854566592376334928263567521735
8928854867444479978313685963553585929232735743972566312621496139338235996629331977788177694921798128 5213564462673426386383788638484332493768749643426797321257499792
34511866384829983889752244 377925961481228165311956557899984568559218242264215559
5257448746261219371239279 529488
524593615637283942953323499248879513568496645495627738979296621526886251 5857297559911288784826576
576654833456115333567379165578953395174353833895357124726331871384699146519977195486375777292 44934457197234282958782419955162672727959772232218534755337728882274294613216198337627369329458727
33317999868675655329384226979639882198663337571344191914967946154 895113334358858979454268464913699577927961379561841133845429813968
2318587115934516964578282445894912549646987146857183957518899755464782454424618781175528253367 25349312125367453283287825154659145231882
345156499447566994287459 19897128132242811729
57364 4192571344858779565643437162439668342219216353864377793773368147539261583644913
84916976852231285863534248735874554161982363143332117911268412859 379996392466945663632727168338491793992753119393393643358
97739369836352237997449559 196166966979911884429938731627866979
193283563152252468572 66463736337781266394133154966371675426666781314914254173656584148459688283365478258
53196166918241955161429447327641857643149444517144891879766464 42656844637844786815883596516474794318123369684833429451932
8721248136618719814827123967315493458437956372581421241113272328829283821 513932715466399159878664715276918423345532166354
3237453197691143773587164933294123691642248225655799688261151465167472569518112573 74249972814494531541211723388559937493655438573328431498299
893897814964371126385421177 229254894879229983688122717896354497664237784191356621564292163626383738
2362751 888821531768372557572266298817485929
5417623559644672189756669638122632 55929282744
14243783815823347224544652331232632544843329967468877833974775249115482159695751965162631699 6872339635379322657465866632571875781824385842455725297628951145475434863382257522561
966692 965827249587748875669362578852
2482841885492985974168732993676891 78638772833263815777917954413531736857326458999959339
45228746445462418751372746912789774685272383814943521173371892295 879552387976534265716417417134685558428739432763
8 17283852457246496843372148158141947866937782
171692679378294 867582626965318984488182112362459592466391933856869487859179437741473537571419353771224164172133
98687547719472254488671447635244336923765921577 587252718898
7874431484891872168769144949268991625568554177 483185356631559166352258
1152181161753181139134616217141872161391549436815963 2261537229947284482965785444657956565622563115314275845
152771721654142259374334869412 6474
18619142256823373 672554186843972532626584846152538433875752756951734795316586282777982664626453637858
13895751618614816 85138
8259486264248173778553647853781249763243174557787929391131555791718952355965863581377352632448789 37451468953343342732884986189313791527913659824816198521539681969168591637469957415653186387
733526227712938122624916681528837 596436996864867848566375498241373423226528151736725439893952271531521812282297148285718793854288649
39644577714984895799231778835531387143559161576699116433 857692128898887493525297696834
217986817666278884433371488153227111779735796721687233111745937363718248 8788132585291262635166864159458746772352
31363226775389554993 359664281251599688239638945261924833995937273537192
735358 47465591459793138134464788514492515447843156948211987729266396829327736986265115754
17455126366865452481414936342495562627554653194588713963397132959794262217328763722431 34644999963773251757148577595692813325119317981522272765833337966811898788135212812631685979422714
6372697597347119626353575996869173222259269275539733457396 823333329274183521513594382483479857249554873383721827289896333
522161922787388698966672812691633725247289436 12998512878515159112813259378563833758599839134978522576884987388732285842646511156945957
1668315686852269462136788742584742493615367135197946645287924766499567339641974327993891 9149673267324379647462511443699529853243147576793656234823478965446728112625
4848361427974287656379869559615931398711671733798477193738742189236541421737522947666723563832534152 4612859278554678573457363493294415272581637686685439377538886682274474654567597182698387766
22528933994624772817667841512438247183779164643841954871412465215121146318 4716843685528713335676343259635872819354777363528879
27885588523865225 6326171565272
37921782797365877232247314184421526622748465567395964165664385397684967727 24923333125588639941979554977414378583225241121523813589319362464727145868671
86387884214645443561165759478277731831751322319789516511611796395319121 7517534797791463913742357915
649836851444747114912647359672763582394445586678869861432321444812348655677612897996289191643 77852
65655999819735792441928 781652419888351285692834637234499329637181
222723688891547945186758668253396173468191338456351814766146635544413 86356686876532383495298399735167116516429186583334373195159275136936162582399427933221329183276925
447291276296258164456464447994693159264513 6
26916531236991893554657774697623717234968432822915796298212531252824436289855152974799469621413663 37514342121355423429714145
1157419279249466874159147922525742265843642528511155669998621197756315231879945529743234972 3178691844718449729988229419886818255888425972658296746225759143
668385491532755424219116882831827643975628589629942317478825856391388143 7477112754363128921521424351928473288371591764628686611121981532869752429638145331937839348782644
9376865971263319855635324865634968622816537574396879172933222226115666682112929113378533238 5947257872188345714248461356117359229769623626799449676754827145426741259851449782876822289429
5944337327896227179213754764574124368292934597679692758539641876167624343179941 179571125999
874266942559784488955143235969357397299365881148812857392894835 8469983989872781121147988451524582822217452124415694165336817827732152399191
2249543224556173815168262829631546611897293255462442774964149171586671581 967859587926729875854612864135513127152456381591841619472744634375
83267653113439294561824526578835117326282393293271216631924466648319235974361614963223529697539592 449934428272156628425
26372174324624944546827722212873599491326371199974245472136323448981899 442567
926382871992666473655188678121766247739832957293991252722497239122 253594534446
4586448265431814 63657431962938928925732626289111479
311632772659824246955547 3479814562464319236213924698683571873952576765295767473449351925183176
268546385282453252996 497723177362844287573253623
23781417868819 7993336231267536866459655892238819545398298785644535
55674661413889778853163 956484733738827747342462237689244718679518771251235338479
287216168683521174565792194478755621248636498376776118592 56965425312673183164259334718
883 2394473589
4858983184498151734589941916582848 56369436185427176461454832686236291333627921158587457692
9953782835545574162261434364765972591688526766771447534936193122297794711923787263389224419332 16389538244498454684339325331468528188569216678988177551
6858451728993235333465898127494788492318748252317329264231371284694536 2686929368729576992343587782518785841669864965984241135388165327145
7636783772734827927219412393357 67734932689766347419853191397899736785727876372351974257965976639323616
334599535837134194176 527777112618716542939369988915716519615152377667571975272
397855368372184746519787726652855695841677 727244468875156544348297419214869112264825729284485184812216422765211445516
736265887481351991712876179791477363452631767955165473649 82639444449441737656189921166838315448236296869129978686585869186277925831443
898891163662164392193713546672371848953889338178993754226464658153496 9452
799352629588481925828564519839364917555985366242555533163826152271637851295998837192463831245 92531418681246853323465551872981587666614997528549599413339388411282244113584126695147814
934285311181833154678899922751855711627 4573215895932231723156992516736747372631627927777524
1472359853896484625438516686535357964238489411418418513659857561179478235597247774155888621916265 874142237915672472814587271468652945592668363597816383727345759557134921695812122236
9265122565137988872763821359526732313 394585231728651835732875884781774188471873457242687464211312
49675283496958491919822477675539673246825299217637896498874543945263251843286593267183821 165282227
29137824337288911745276611613957388 414813191259965892161618642774953449986911159883543322
66323295445449187242377 579838211818538193156367569169324844333939116766669336958757
417719228582959163273827524917492717532842164456936998934253642865838779759417292664849875871 973481644238534774483665647827559413723725222
3842695236815247698786776116315629649342362166114424979494852278 98386393187576135235938969494739997196987765235356913299425318279476
5952875272441442988466752458982772627737767754877154524572 89691758688454139328943671113645549743537917939
2749951116851928678438627699452731337227347 46388531227399774581832
1512989831167366 184518721913172549277124772624619441594978511963482895346319546318487256645
459125153712915236678341996714912622449425653299211167774292312861489874578878 8592734291543387323712972811649277165894273859812785535771114769489616554276
472186437243685947534953326923634515695884944538313127 6693417833891758489437922234959613835724685641429634529897594526286157434799612284248279543417924
15217919712843739663664 13136114137554773359329772929858756378632971423
817111434427618529385357951229362349532594272676236857634119774861643154331824826 111861335975669938195635664
749799464766711288482119387674587127649933724698951175852836717493911363978932586443897 6133985
6837324769987 6647275921454164663279211944826934551873646131716244347496667929389873339762558
61779492337537649973126782323819934713872343454922647948389796226675 938812583732822155887652229752226592858789437928623
7768646247149214773966551119757635276531194879829393221924525 34431198
3417573545287628 68189777537341
3337815838357842686213181895451335367548367493127421427172551528238997769553972297 495129651458113312839489131716175839526958116895959436323373
515715278612899935312379936551843579812 53899854151973152218779385965876431335477226329749959434
51213728485635227697843485813115136332915617295355547196592425274951729761792676574637 4725272537318819767553183414725891896826258257118654933717679648881834288494749
97768974482562874524 829952133349244
52226546877474744266392 85857898295753985474467485646878295935317778729299396976
22628174442931843733733183953915776914887427 596378362325165515726971719967164166317866653724484558347558923635528544494
48535199118244575525995411195163414519242423767916741112974258328198448639242527 5186612717121911422591132
84841465737183277747316694433738351492365337761669671543429772 1313118898
695865858599835365823921871112224495727951916776397286752614261761443757 56963469247839916462498894637367564174156531783431572367312652477868564119123148128289
96469919114652342958339824397683575572729859328275913271962664634793751224622311963433761 572733165533358
1651248865368756787911737697866282772285277747265 92763
93422654459432265136627612 1458227468
39115235766522315543379214376595841734832332389539 975653752467522274
74241346248561757984267247664583787673236268991899644715422827935364115653229 14196591463148956466566924855385878199622258179854237693544422475246134345171521
91275829681955644342314727715 97591157738571385621411628786757
668721 9394791
37462 388417334892151331334463264594169281156484466382326584699948276245624737618392586316372
9778694864936753226586968113989644198745391877158536632135374898899581178645 699177965871496195619384264819551941266146346756145
596984247374121934411642356387516646146613231642321668846513293634331836456459 3188142616564271495763445673987327545281643714343451761823746578949389
5576444366533856695785136863373257343351184928269383559939776684124462417587778424662365 856558425
91132362348582667453139691285428525512837745963128314273952385217459 85719424254349624755577341537663484586373686255178333172574247959445738925279985418892413131383694
78936833144512215517592581672872871864 3965535183766845968927128266685336423117398754249551115678923142528589717845261985
44375567764669273529316738844158314147756513597549552216528827869466739825887848284859392657 822742549614628696392372599737817726332959371219186518967254957171382974873219847739683
61519163431 624495227255569729566361746672714291952242934876355746269726
518296814921376524754751999441679119415143225343669692988597616843238496465678 977266369222492624793526555745992861786623525976114
515916952758872229588367379477432846812163197526317688972631431188438527544679714553 6379294578384767111472458971323568887826164197
2332735712593749277424617985832878546169543627835 89563138492322472897627916363848199935417595556868611463118527919734687
351511215586223864317893969944782293149442187163 7737264721837856325788761213485174832945279834494984156876396979815815362511852
952124481675293244574725936222669487619181923224558934862936341761473 1683145525481685271615313663594218481255999952659
75233614412148733784377658733679951149599618269155315766 9178724871
897488873117263849317673176437758842494732335857265254818723163693887775411 65123678
8939595891815496216263896641798347285313732774 9835
23199952152762738379522698917594882572616694928149526648522925989127679646446328241741272965 53659751881823916914361856968383397228937226851324924216581617
472548133783736632644387262263219917722343958253116275747934398217312769998 7717488241713454728835528337643624616163881
58117347992947215743772399492636317767 4686767659619316457652283555
914827862192349786194893984179169981923554 83148599225575698838468797
46417182216359385 5124756648595567257248669437213149314565616299549216979613941271652824977951246267475741186
17884999937689919984389374937256369859773684456572266126465651831786647388593 87467377663651359721575474272661265186931726545862965865644296864985734233668199622291823
915431265145936874424888566418697552365919749549484626271229254118752829889293851522718119373314 139826624998927819461261246668683125126637255555194437656786422961642845561672684742565654
37295616858256412154396677313321464967421517616243 34378314467762829212749762324153257191541794933674327143561747235287694731326462916161157
85281897545243688792159647 383842333719229835916285337388372311285497661667
25188225317161679442 25712
8789812134318475338665 432332957
2646814396317182875495592 631468694211539442561346795275768142263237779774964521283466375
85738143853185937929395234212762398785168263824118129586539851229368969875851595397516415388 3214147848452332146385487516281629578629441553353151782161487599166356318491833587974212
3127494942567799655233536432253761768872413194869664459488817442148375392963949732349786345 828549115999747546911847629977318452486111462981911183782621477659912972185852885868157912
4433918555619441368133784776267641566313371586812288297177843985464719742 2139241451455685426828151357787
9477675655942294118744935452633216877245754287531798783348231165397625553294 18718426284348974641866918633739445988598615189175579768753427371774552487
92855123538829627243145741427622545113168358142167896725378378731361155425118545857 3375427636419975
732981518867199722457966254798898279561331619 85
52157677815716715974351822329858588715727876798261243475559861353936479681 12455945743237177837584585495736451977229768943933185442
369246552287381892541867655582114177218122795145 3762825857899518124912324663753939444223285268272379449639969451416182224146179283982519
5351385297793484374489194394579345318737388369372947254473366183424191589435341 22672852255679757221
1728211961795161731234812865965184116264136115813 7668496854348557295
223617326371266492411717417985234 89476599571794189933824269716723681119479787376
743551351223 75
255992226559718883215655667668433511247514675432289492591894318617249 8849683225812512797123355413119389128132755976585484765461823711521353
389842337316 495222795459347469729875829453
377455618196325971675253631615626473696946551849386447777292789443979697948225367 612885312945739566641688262565142242519498141229442461995663792118
4458519863417772456159514522457787338947617464 249711567796787675539397538528239342786894123216662388728652276923281987737481695996617
5741438436244979579422 743829276176922733951346984389125527146583571484998977
189447491996885311355422215463977879494477684926512943698467979622237387992475916229391554 158683178322113485379487661251248669443176352167585965515788447938527765233
7825831281895577775311865376833998594953712451412385391228732878198 54988284349493618959
8536988385153387212298376557979641695177611 598939379784497855792394739934286495247975638284148792
431556411661641474612238912276971699915416959731 23133712954934882485845745139257279936867951957233
4332585446559139731633161129332 7631169364565495897129
1529251198463293127195581441541369 732376965151265474827528392229335457274921453567512333431892172
754396463559417195698842439413984413662596293418436357894134447298151267833234827232 5864936955997279452845865324491424715292731689512822
32475725987898512384642699875 82612884246
5682 4369247546429175734699683627122551122775393732231944462
4247583672888238699555352727993973794191763422669995428559121519562133359932743723892594361826783 976316
2571767768715184465854655125681987176839586739685664399633456233277723612346574239138427795 21432268888358868865969783677553282126261144459577351892974172372391545473389845117
46195689711771731465539345236915932586417857444647483631 9254168966652
73328521434575946273339578829878788 73479225687192348299574771167795166833482389159922864749526528898348547379747
868845 6666156262457714624365468772825632389673652623
4131158674485316554458233471185457723314224492874784656599681832812976327127 4895688
11291 262957
1559598191547543327741311374723691546413842878885 2392453682175431275359971746636142834693437159399949999897235925765119869516348338659549951718619293
379675311142624485293 71651376578198275687737182356949884
81189895368938967752225574 119849857962293176214
2233755589238935287564343428378546751646434729 2319864921418547
675121 76748929
3636915115 1987153696147426674575863824793213554146425869444148954969491856647997591944241551
386633546994447855926399589165764186651713989553145257299265388198715992759575711953487 833257915462571221765293
834749544381224815729916921497174297998215942341149247233414881578764433876933911929 97132224837168817453648198595483826557542572495997212784796851
581958442927673373295776712175999988618448697525937365391682635869634 1145
373784192999452455667474893736134647 4645143493871755118236925499217763447523678132825154398883
6878 13734995493
3285486857318923278883551486239817922333885616965251582656343464147962781 8495464635933188559369228786457762542114115424822521339367
681318248 64561261843561679527652979861845
877986253282729351317242562235234723373738395477788671234529568231689375877511598 895347592547686858875755817358417858733215889972694112185125319746699435669
425 99848792214568178938351772736968881342632363917316833864867417335946124261297198268868735
33483684815644923292541371119857669617296923112236921916512135 86237225532111867568412
53527588554742467889137651335381461931973295696942965467448251321929977538149879665948419843 61914296855617713
5277145631496499725452775844992972792435285766226622485756767216171773625654 98845155612547919268944614122
7434493629977999415597914581 816553753778117341851683844379967214786284593768214251356513513613464895884832386317
81616236645237125381671756477133588566937971656477631896974 2715491499928946816149114856357644
2986277337422751435672575729272269179675992154264882274259758948182345946 72273376322791553446779585321
38148358835239565681788252734 115136277988534146427932466543485746841133349267543836456441443714656471337645813451456625697822396
958353496711746623779499425145292973983 22236712217693797763121746162466526417239934689797429855
694439382197748867853363521664943985248955859838459349279469196114361893539311712 8951492388691646826845897366292199552571296127346917589792661746399379927519388885473496226136
85565123673253237398559742396668325386376891654793824236587119232247826 6515762326963358138868473185
6172856268464921572794281969137454959874625649991577924425313652 18231526428463951311279
2348565862672 8194367573643167179
59215147435542332539725632576182627275116448254927581817245225892187355271795423 97681847428646645257495373812862855191881179669657712332545878928248824529447281513672595742
24253165664948983132341569219335577927615446676947489361896 4826421853927879461752766421882288637725374157924288381511516584412
3113452989 6846597551699285391337145118897491715834179191981437533531162123796
462346414884665721 289888972956284921494464888993693628857756878811163
51335979949227231872349623627692741 185369742172534959423776968537547696228
716583496956418469115256914887222759445275148431183556184952957266476733686128631 136267668454542423585337785934732613995651628913719619671264674885625
876964116646826711884794753524981149112964825919 1
494182657754152179879836715573634984445998894612763749914 36912764854243147199182917853952
266214657281357857798146857479792978392463672836378748912753381 7577423558667259584258728528564622336473586317997257667678534261729114458
521352692139 956657654577829617715772728562445592164153324445651291849867538888545
3332266513859756 17579336837745184599737587266541381155239219
496243851589741175787574411421781278168878264482369221437237886962232857893287281327162517 943839967859718113136892244972
88485791 726218337393373354628457548171542816828152971343428416381684411263153364432425841422326374691556874
658849472598233996647915521358467126989221847912561837159246113879926148582 1779249229493473184
831852271717633988795855922547395588116451394224525978718226596171481924468849934729289666353 584775242899372685711627543689572976429656849183889737
1924581661947177751147148262321861237458916525639821264342979498139 4757914898666398665143362571594419321127197667665663776374
19317299817299533398529394291799625717948356111243496728374721151181389612596 2319569259745137168631656
71423657529235515475764767922412527 57833739292526636684376884691199881899456235118936773375147
659358221448775226869939521144667845291863461312844867192882 82813754513165597481474815836183673477614685981592921122315196631161
6524463372798223232358147435268728425621597438172173381891186779531967872 1329811437314366327191943397282549417714466646958642675368444998515272937691484449
1633192467925354359756316243599 93548752557176448523562547
