75
89713913191125142513545337148162919215928746 744264815344358297295778128816992556587474
181761486584914341433559841889213 8838274468833245859597875154528862739551814153222769674865146761273547945399137
92896393279284226328622926613856888447919299721324577921667429192145449728931852392156525 347325355697537929397765827589459767193233528
688247244211486 2718285318495433971963173572877917443246813539689651113337714551979
37894783639861759 55356668881114449935952787934339846975298716179498776175671488386339615137513757673679
1134324337566912932684543366757691567674765554744881414955812433759281 94498957694583321812912658725253113144272716991196572726558136972
92392711432327588511946124633845742858123994873973 8753684314257229795858979682547959838242
9927265237149851679886 4964845
7734383949737428118252275173966195754314383199631395495931173327425695635321868924713 8664755797862765984625816
39753719696911749395641 61787886429713
256535548724117343946192336579385585364618698364663665749412647251654445742921653 21487563492843566783137819495858779785916684165217717412745799248783147635
9297219297594372932868678676923693163969314835538351 11115354677622165912963295971
6464716732439557 388192893817528634723871299173789369
2816262341872362817541555 156651283872363747547785432664288123892196223431273162581783697963361645156569483869753273128152
279444134455292161285146243228552895484639258657561283995769978856834242841771679 929436111696224391752672632953791161321389
22313337439937894676 1249769836674734858264662941245785438
596791494155556335973454736786781734345136611726973952573936369345843967295752368444355691553712 543483669118356769922224915645616492911934167455393536341963736589649529216
24236876817243651413 85
2575269223 448985958483642136933174222779828253463781691487583343821356528244544983838772544852
2681856658283155197185983639144115679556912288668276817 2979297564945587141412419
182129458564276959638186267315322292 96395435566138455762659624873
78758181153724766826813914979788638569637959137374158139886632196289438722178153644121 464879
57266 1622571475493337953891773271399938458557565331
3243983779927952978871382498793418961169358541796262561813655398576412874938533651171294949199374926 31164791631762642633922781936555243944673945879383931
4266 92838756581417543588921421479391273462848399678417812675
23254886584293798788541289415899331464893971893615623139855812234697299331336975321 1875364969455816456
91289147558751839636226763812718629159828579439252398575778179661629117532814121942378926459692 865654247725517639988596
143298952186739214278844814971616159881883142468814771975913768119736 1491914271852318372587932457378199925159422663979114838148287369551363544972872664975583
4265337568685818356525617514627887138394882 61685844117297746926484673868762786418454984922275489895945964513168619538955
197638933665447844671446133384915959651365931587164332959982133651143159652792897287581174815324 93578933277542855758135862941151156833182724926547114831137963572572737846187819727122129316443
4154973173235 461236743485492542827736726364196522756758959884525675978233
7836423 959827249286987115474252221683936456261879319917733
988754817889984944394465348315781866 865157229244949633915578237857269999717641571696481523696539574495738383522542579664523246789
523211142453686614293892855443931834295139961337145273498134481327947959567379534955442333 8
618445552495895316625239422694937122377919312295857387792483693927768477699174134674167155 92682685187
1133443532822463945685489318 748996667926491142658531216169515181847477991971
3218457611285166 871367541721515737981225615629254225492921481854554468942957779134117921124146773532326556447134
12756142523993351152255343388554995954159291287388267383428175619327217747491 796218383239694971138788133986421649318
3651294779971125642569753964232293368918432636589689128566942183592618316314514483771 9147888332
674861496554684393637161468158 966325418575994574595131736429642941987226431411392
262318635788443983855219764632646837849447911527631615981424922297918452445545 45244995841354396556645559597754234146256159468377468
2451188547471876669778467833433199766513537534221379915372417815863394611418 17412313178479511926783177241957183546719462134256121441281571464424742352445917864761627563
8686446988245831158629522112688767521998268559722129997587732525965223149 529242677912
5133621454731148929162673213545691226845728744572337978942359738396 81746857637414919636862832186898317553126324911193323888513466472
8153113339214566453982492939716995355917812441539264371635517549723895691232696 7359933856635492998445246112167672655649
165728648322671428336 82
58467254295293868983468 222443677762589972546817759967487877143487872646977341834579848793161927384679516833332563217376
926 2671669675537828996856192177635613923647
673495258164185137847978491847141 44329822994746985158394853656859385411143689963766319116126
9849622617865493825836845613564176291723386933824716763483421165624414597619969813975 84663563166219945928559743992246142461553437594
3151671486 16164111839827525494819257291679867784562699
1773418464138685372571795734347963617549723648629743217362576764458581362572949876918953 87693967594328226625439788454912955626218783812293545524913647343141213966166
228469585428475294437746832974837684472778862788537511653594838119861399418 4179742756621778711563882477642617826798597233969771739961
91222591845665685482977865277 695823467473112737915988223849416833733785131265131673764346736568571166567165725695281883832272364
78276592353768335596889845417751599367774446179454 998929275774765823522719197513619463448611196369883191261868999697899345211191284976
7915928699564954943 651996175427937584199795436388324745915789152
39445423351372137566333928967837746614848734146215116537281263227496518367176327 3134137121871345971339374537692828547215961826445158534442898149363419442544171311921972182
8658693268511143916333728534218442313266896127773188974763215267766645 9228426631161767676483813
7397973877592629269485281734686983397239743583689653258244298267387865948898487952427979861635622 2
787773 55971495587272147227567745285612145496934495182192472372675696198593384648849223478852686
7373724896362781589323219346766913296188264297533352835334455858544796983139499952 4249144922335912698666521475633459421868835172
1562962312712367883434218622272666989948124774892755489298 797841858575868151446276282782417868163563677474
236915568619687316116311767265983347586 8121227596679965126512594825594385835448738599
1293899365414756524958634461889388 32679448844989339374423538476487233374287147282471752311184825625648853155132224498
9918582172866192416688795133421646 228129237335459149282961234422745334734561533648589596139113254347756166535
239965626796185158625245285692669776197874453846443879242184169816938369159832 748215977248929132583638729647393714137
165155844595782197596558373266861823984488282922563692685127623894942498877837361 624928583836313753895516143655994188245542778624
79374752963361915466883342728881289 69315465223637835614223427233611544359459367666664252887653344348
29442161628619171177342335 4879472343919272893116257525461284694
61449248991533598719945277678799126163932478249228595788641949222441672615613781433 934859285456255523522941761815341
1585784483674344869797611763 39626869698636798226979631918384354194479583516419311684868255682957594639227994562726841
91349344876825657239571381373577578542613534158387632186599791621621735277163125816 556825618371731579625173747273564875436616239
32148836413499968336515443895944284946422484521532262986527258598729246479216347 664178929254398991985839983649951657298327356832
7523887969223813298253468156454144319727648253255373775 4893425697152165142388837385639239671646578532287726178
293394552664421787118334533877467681852829614697914275352181213544171 2898972249627377
