804
39388925126182984148286973172172982 3555989598616955547844818127748
945959144369137353512234547787473487253585 396549277186279842919767999891384251639419279485181184426718954749477945639788267936247324833679
862476519581131489291521354813194268281954 654446738147984711447457642
847619577899366926567683763414749261414766321 5917154922729591489261911513948328348661527177887858858437
23685295 472847413337965
9426474947941 13782197149638547371565143963647825343
38855851446825878133577815678242947228769133137945691371853263896915253 4919522436192524284377139939296351223684561623369561991916953632781678621544219123
22872239311911125764719311112498578222943614259527351111972441392811279878932749 43287429998685827979778778448717155711499999697567862993988695564768733681824356815174977
196321131458762347146719958952946774631798292286147419739199991319689834196761795385329724784565613 33143629312592621144589978395265356612531329818683884596484928646145518217
53428142728484826146711199424884249 3741615777396913483348494492738358398416831584244797
414272894876212 95792489419165866763726332
8538477864649495393458655572132349814921736615933118882522685133 5189958783685412
8733771 291329359864913851623743932438998677
1187461169557638439424184422711974851565321577894725712947888 551692832478478116475725971757273978478385112428382394662239
88 4372463763162243167943245957675954435763624491578285186723412392239222878481
93722346137891213184467987 1295581849326211
796452516613757698974513763816991331716533756847929982515419 34613247336532926974171247213934372558
36791793246717 7438284
8434519843721862899625541653166843863 756276863957574615416483
41119351832537449646782814823828415857181987619344337782411751112954 9766293851497582865
45511544365119 998141938959286237962775793871
18511357655649917133139333846998289126855129885879379342357861483617312 867838311582923478356622878155274965885858897611777744132189258791694183
6275794293863688429156575322758427738415565569692177395496 442264431796958688385362114429677426963
53154286292887427737996367347224 75588574786797488996658657674967459275452258161731579873445656324849
99478 19
7871145926969254722685697896173634853295831663319933162 6
357297732461341664498257277412341166336693979738666934456895 5924293927831423898111123213545749751829861569445294279285979449932343499727826889395554437133776
819739383942479322432128688617215463151391623 27246756293537
6772 9119515
16832248158176565276184394512419641989842668547855431278555123886565383486261887 784255418227511418753183536964712862671967177843366253447494627427839722978934854222
76981317548535764969546159529621379157498992878492416256751783143971 359459172383
7 595465193393983949336921631694322557197723555763617421547734153453289192
473289665411733944214274766184578218231556126412625294945488225865227485866338517812817 829311413574197865299586649525953224156242285475667123496158763934199
266255876264618862894411379156544493533743938336555691 8211548478254351441873319584191835529958957249921494326595226777317241
1349248136129321379124688799774332327248154953413916666656941786 5888
3963393921355815661447755681519429731946353928452114845677228793197 5819622
6756874392717281589 2285147389496111852
2995664263376557674522842335292888937318491228259919988249 73864461185779262632142676959434334
58479131394833782295 537119115618119973478799877839594166194599418612932
3117 94759646726328721915515113117132411456242992141267313184453
477562326359279358371127857311557979848192461194456176948558647884816737193 677775178829874834222266673138
84531242414287844425363191165292443864253438 5873775739553578545629971684629371717347327312724739951249272894865294495582974351189615418661812
389224219427221339158564 47289537974875251331531435791947868732416253132699255188427567543856375818323931549811469699
841669256851 891927428444914548898938673546184339891519
9793547266982783476574512598272836285683196596757393347643 98534243245319184643369869439214477335734618995284143814183144371415975
1253572893626148499456973728969762673623495392117489192515863213862284817169579229789973 466183946354465363128838396421573975777553812342139411
65198141 71458764689255862257844229611245
658261481479951481639115935127832611664498639256252183413942849497146395788265652556971582836913 13199941754516254864717596442287497148761966668965161567991412997438239856326592511862653581
65774653662962249419414687382886599447 46372397581
7834958383233985985588215193466755431669859299167816736155368232615961 392617771287468698965926727262458294889937847531236994959873597264
47164897435596951512655 51776132163257644486595658639684348811656773128615733948163224971175432399441449141764
2717138119737849972411893826312887453728626955371248 789695866398396512344323576548225971635793295428856828957128875
259814883178666987824939152269177 6446
42854145515689938955258898125799347579976255634259 1351932415219737292425769446438199221515
2327595393782182983267126734845167129149 587662965666646268897537118858296716142471
89379626127995798129647839465475394736795567148435552758658631741745821788 14851483963686
7319494 45498772458853825462172413319967618569767188248556531636987
55117513276565939849291652384986188194931491494747436686874348644579 42367425664333623212993861758819135383365654266254732884586811981848874446832837811824333
6212932493651788864382786197756 918613958813852542873872751142629383711596355796554463212539321228
12957154781837845329593393519254513794823338292234759 287714425975745232358953272291239645646
151217675377678694554497916419776827451425555127622196672736 28312653596981
247987578875314179721989891718343332846833621798941782874387516832134638711448533639527344888557 39633265257826198382359517443675515962796223744416537722475
9521562751737136685959789551199135957357468243698958637943278887389223774832432844611612 945727974146388949739528545391756116986416183925692663899694477964567487824944718
17216 3422238463598935767279322438293776728
9328452 13772935523726532893297723399495692469624951795853264
813753 56631781482736547577175371323315771833793143733231
671395775376412562946338579982917998285462368699 11372299946857922517734655289947178437688618931158942738221158
25853916781558221834 492666541112469493553745762
7664411446942865754895295649899245585511134269785333979512475 64968488232484897643771575442141162532781922433438
452333641429431855688973745222233779465293163425483988723757848755143527386852568435227733 25623395369949384695127911265
4713254483167586838319329965574846962357656691653114892682117365146969511641879284624876 4118428344542519594736644198192269571719399685978475266848366441
8792714417219228938214637489 43864945541573887943364478238666842368723567396439281265583487
635688264298811129198292415228644783648975967481319932485226691681 662778271756178598988937797961436854617932697469358739265962116
746941629997822532345767439373766832694556618367536299297537865652851629733268113641858 9939916946394168819458219644764384895589224754531122699598127
171125554839185863681586135485454 9975626157457397913945446156736467447789119172863676164175155562218965676628597747631566
66367825368996697938694564357531447185552313435749242867761822658 98846736254956585411492396825361963864477418991
76861728398739918137825418217 292423544489364161444822871298321386399384724793813729969711787
99277871632549557479793471529249392136598585573166317614444528569565441396124349948 4913197612754634753937945167924536546231929557
35765959662116514454594729283927588581125859622246 496878323841277612446892655629266265728712982451737
9311395235894273292347388388184927225864335199 844839328591788885812657531274814549531867324532353
2679993854179229552845373 44463684786717218962499312648757668963523252455949646884391469473849396
262841469396517777658989164486653949826993326545569522818463768641889 9111329178374776934436413755594638376331838749934324998848871524156492439524
42357546141589963182541832311253225137129159421221545419537367775546628696575475874485678 76545288
2492527135 397373997418426633969872347521563414719632943144588937798145938988
6199357347924963728459689988931194222386761172151996476872868672799142347653498452184188318599 16395484329977694954387668723912258256949914989912198568193731819282845976193175
2757789297417861419836421698259414627247138165894934446336881988575563273 794937741
3569819277712126452655843284591281775582777856761326367349619312758514394 443552589519236553733377746164597987184193249351626698921445258348499271833599872659118723768192756
349694893113833844334269354576994476848554195732327162348859639219638554711 5858275132417477675496
72476336453768585571925321776623836761115939481822248837 14311483675664766453554436844763324968244325913968131556461843771467273715194982289262199
29584348311411149937932823 73121818653118468274589866856686973687546879282767927876882764445663933669638
63784932429268685136658258898246483798773274515754654519388471922323 825297786437
44269862964558582698432918199462674692178958318521259247781838794537921641543 1122686982725799139837256687196377219916996119913153
13625357114163371632417577821782486959176348745358211762764422485577369292193564718436986415199 2177
3741446381155359791792549426863422211338713571811457518743714827564522692488959861926545545177731884 9464254235926714
597384863742967349817 4992856357499961617444396272315657355288615294857223845613141425791226245236
316854784593833698269379991277596279213778467727753 4329681661112953619518845251862933835842362282191339447
82396194157669386481529673467886644837326 17447275
576287764823264692841163715134 1791771134812843936167931182123111
61 637528436174918131314514835835718548411614433781985613115
599 7137337769968644517379583784535695693116334476881615248577499773765818467283711123986
258528736899774965441532348221714592161912729117572331191683782858 318479151226897445845837372162485769434364218998587
9195483419449893845837551173316112654663196374921912176177679749285473434254244988627423339 395764998512361289113781816449996625696968567495764635328935832713455219
646431685181327579689497199296464544813779136376511314479197299637257356185912617796889 823132967614189387577762694944878152173991493989386626456147744877994997215146946511549
39153499617374189789657473559699859754786658268 23261469187593446685
154677797244155546554331233134976812234 9496312141255558989794993492311288979619627656472499165426866379233
65883733342594661862969559534691197277 1749295258128754741451357
6772868494822484925172277493935876685848468497353586282784996518592 5183515183277113434
21439767762435849917873347233785439891934412317915126465689311314296679685219656316823298 237349624236821832667299575
3885564492929984472684498723513122315458182772126536766729312544574975531772965234194613225813997 73761452926941871149268968925651354671719283488532466547393999664423727397885727
5864744441528755736272921116657956578396874519281953948392818672513472365384671838831971161377522535 739476535996757196538841771995742812349952117389341835522616
517579569465567 1329344369972
7857757492639352864951867488246465891266572612441619544836545214 5167872587123328596471993534893535182374162776938126488634334227454576155615567395996766914941
19335354178612336396285489464781648521848614185 8985843617
1811299144349525476769926286221323353576782844911 13815831726644
8522344614395757279146124337896827667316899599323464552221846118132396146611755578687949973882896671 75289371464827953795964165291698525216599587927771879331559264368396316996792275582916357
467119785626294399573356575321446121329639 815293397939927281472452171544728112526364426897
52893789129694547619587859588928 4637412358158154143455
1857991396 4917554229934747541418551918573373821382932354614
81688342785552741489615493125474832423995236542514748 764512764438627152165325268396665434
31541919243581578521685797422285725244474236763 428237
11549652575485154774645353 89897492936948221842
153632584665441898476844946958962732469334132988864621878628292377134193719975 558781
3367371652293287863152952575369189499615515229818261988 258542689524592299563381424321
582731693942135555179894815 458221841985977611613239527884877331872782516952
62 2684194481289767582325396944322572562957788222291443949391422714558117
435 116981251196754586194
925163735174395976196175572562453965342373269714675317828243736993772698544955543677134393 41395268497657616311381273361182
6361448234984446518737121756254564486911455385533643349447746713148892332238588479431887713631718 9837895628134489959727354768856399198578635369712816822616958171
2525157425966396147699789639272528451542363774974886439338568697991739296316457652162575854949445516 59456616398363118385835836462777428681896946512778681668695227575644677582335914766
1351798784872546139542269762613 2318943971467897764858443889754732156615758915661775337258832392
299526666852468624244822226284882511726373631886938277341571273819338286872958511192641271176 55821495446255316288766635871938367475528988283945765231921374857211135351389
61499217858269651747996541252591593528156583869475712456245872962278766343 6896856913363159329867198677273312295752352139894345975394412234432618623277889
5547335472959912 418222558455
2881579413 381365979892567949223942345673926181796586
4825199135647728669776637322979564271547383542182632468193314 8999817329346548957686416151912814876271112515258116585783446125626571
46244685351913217899619374686758456585663973591259118154627665719 52723989529112877274928661748739647633164
26692928963778719753393287 53679649883475137543978443141275756547126361157596454793265382242313398772332111471657166183
68525393758647743173717265424 153946863
61361284757459893658123419361667157396 524928877677415354111853316422474326874757359865881213647991647554529841548878737
146974233597564979133118486432331146522681583541478724629822424485786591 79428261
712861779196373347892738978577311728279922476656715374583756161488162195332881169258838762814138 5529794256543692862865859442755663956525725335611429732786933825227334
76476994786154997 13325939992231112774722562854561278549473271739732661757756134
8453146729 8437916582611293238917976
2435518142725282773449238293932856492359849579796755651862322429348364596338176646112163 3532374244748683684947467279859431888577116771857436415258417636974726616453138763
1373334748294458741694472224629594835246 91873223333198254536843549564313876857583633855287829116865224493629887942817821974
2664427394195548463521958336223413565332117337357921386546248852885622469661225798796 23969511421121948278954573119818635928
95526353584673568783982917648615649436422566995958846551688423892572176422338918 932316127841177282156676165
338772743837869774393966414353967279997719276955783173333751457129521867744738595852 6815117393337344518882146262743825793544268721234
4424317722452912537882168199433255984788546977317664395176724928945877644813993176263472298675321813 61794
323 462637768761581877572537179
24185631913647266171396527862 9137488122236639676218675882767768686212264183228911928179217
7424914357641382842627451661252551472443228584289556 484394119837523393697863236186179523377348
7165375195187655138476695351157571184364681 9837266241419634391247286443252787392285186242514986416341954256319566257162711345942882
7867397529497 1387297167739258452879246124199
75436934393427767251151773459229423376775999841976772874824973584282778132321466322599747 25573237925579463253643478222688819953598359365683758494275
96483723739667165419535445449911968932648154362186955292769426623715442188495 56288895394776
3556 5439519894675277181581156995372151366397767269589961235743583681337249314127177968117
9666984834 56862417822557244184317699838437984463145567616146166647289973348314841893152581194947478
55494292996377395293896122836871747545332415925955474371683282489889399762818388659175828 896467541376673145448558549394434535921824761158519481993254752172137588656912
8461963327728112879772986929323526694322815643452471 186939894749554225321689398291688438343342426822138929913
2176899789559822927775247 7514716451745533696291232425
562522978651552776877554725376248488529643692855271 96537619686786231994547844359197474477495565342325592158343273346477215556417251971
3899656298162214892529437174588642132741557794129111472 88811471572455168794627156911358732944771111568587171982515939825296793148645878892671986824344
5187437782472911249896532411 52317794717563315414
289321535899537861347264389621236119247327371526368877246194735899237494218936916246 6858824441652634123126754172872496347146323723
812162232271873724367924166942579212893669699319559592623772177551346 434261762261995764735361825167432169237316919711743967627471661356376124262449119631528225644
418963952554634511971259848172475784831432569421174897583712225514836644 613836219346951711138358876438994659139631389459643638159725345
13193582275936162988675978897399979842815781887538515133232395 483112912246786131288183618287661959774445923949761595728637549529989556372838154573722388259396
444628 789858359851354517755756647421212236421292258117787717582986821669687139721924826266593674385489
8251543232647164855628843267311396745356766368869657954199317218866942256871989384 653367452127263535886663466858921653246668628674973712769592258786332882
5535714959345727843863691826386637317813947953958725811342149617299 2794435314745815512373847682415429953217766421179643339167617129446177534711453851784545487122791293
312155782236579811424129933349145447676382518122 152416743646613241483276681219187463323921222
324384731654391792983173877144511241644423 873198674355223751116535537299996611912319126837493631511359721862395
8255255782515136774144297933238229712487185652732349975 253251211613855768354735813238428963433831831566436427745426182923649
89673935899328321 351741219157426276193535
529544952169951978926797547236151355222613384875613447318779489568431171166438 7134247892619347853791539837959534435598925755171793947197971128768861598657752623785536477
77452266 2653516773124339735646
19 2516852977
56114491126614247539774867824145434156541793518252584588415369736663231814321111821629797 322397951433184975639713627553172833
87431262738923131198313 7736168781213362233582281574217283473571852856881527986198634977345832289892359885827
663725663768 4266639355843778785955684878427995912128524167262956698621269917741457579645222653619278439113516
24415458223542612 561784288963893119943921322913573941
487267613573599184875668871331813629114822334297833463972242323924795724383712938852599813935 74962662974932135826677941687238748553224437978897865811913
89789588184353316799258 9646621754982
158865868935451626 98649
658524764713197137616591553254419396 7641645242617569546
73335967566764158868767895346278515225541466616998725573573226269299671288784955581519288114421 5259693119335945829755716429166924225396642525169259338127888132693254411942733357568
142298492657692113262158346751265694775669 66235273838928553393783425337243116834241581979864642946555193
39673119141553664238843691545736794 846838672144538719243659884124638179521736425732515344775164331
848628656822329817573984536548166934 617268248446525175966557712262643793823189
276977948918925889466357863347 48361334921832857687489468141114658336749786489666556138561857852861226879553
454897472379989384948571433279196721875724822312163444526338565299583432656271681667255693 5176957841916742387686333348525478817532572336219987682687244541821727448879369946794969614188682
6386978518961424343576657 56529643258836155381
327472148289141719693558816882169733734855897432188698613259358831875738286213753247184977283667 28771863852255349558357785957473595854244323474177
36126296161777661813168952588266843697169151172475131231248632794431881587823346615325 391174611328411387922447857134523262
8862469753827336194975 1266382922292621898312376927384648746417692267255545839733174439828787898354243351768935314626886214
838915738991697145866184394116329471 756752951643416374177222258598896542317376239
9587331417114893127742292875773692421778134781383715816638696299334362366312812615156215983274 417996946988646876641593333723
13653952468895486542669939955338896322928422115761443243233582237157448112994 3361377454738595
91959597986485385355961722236767384846517536341847493384722563844555878 41574445881748642212356777411617
593446544751999146331626472497266669489753454 93647267436686644725585911171635832294996519334611519382269197142
139835124761594611528496428877767575959576329823432257525361497836761437486111746 72185913822515269531764652644296
78928413875995815571459816431928564149168911657 1158523899417581654
61 5519258274575992767672321597665668114535764
6845985871889716613654112861172861467 837953783276783283556151377321541484467191156
694258684298442371897839669685921 5856126989362259523585919232858821242988584456662145892866553313395883111287883541
136612238527632587341825223394825571756156196916283822633628313524942 6364929189887636949627482214614949866641982266619286
84493533381499563378761 61691614877365796233536453893778374659719215639244439738444847576557459
7424929283191196951369426898139932 128435389462455127484646274736286443384977544544628
967699294676488464735847918441291994468416991478182 6758711863211372951256977741838391825975297877297486161269641522879663411354
893451631726869651195868 5948888813
65313337438851695598229792272171714372235135391562391282931 4917952292272672
392565577652194714718182131419776351265296689875568192887978238 396347839881289825747882492424326125757526961457775313875865899426124172831796637
922893598445349395433 77757892339927311229296735264272986574123223318985244959874
271397737336436213515188541328324231347135685463288772274 97479229412182442513939248333133247222984498899247783229864867413694524316657272278779647
299449444467227291924186311384614955527821444481811871288 4262
9914732854923145433357217286165262449161859384829537 13415
4735857395828468433288459449756248178 93176169143255769624882241244353343876237397966169864829658876774879454776118
9384893278927575267398914784786777123248521151346987642 81
28428439423664647522198812631486133221364684261872 234737645171384
15231928196125439895997754211992363667865332 7164741261
86175452127711471467737714297598626864847258347923161 31816218935359669621371923344724466721477197915818419
7497889419467724563119422471145162383639488234172534354 975358477898923475492674431543781196528939143459
171816938459833899916181444312287523783292965672749495396656897416918 4157329849794518
2195386313993719962745252952376933227549752958272938991846362123348471477383656782747 573578216966785763586455318934292942138543538672439374525361721121439625587568
7927652795764959119784 72522712639693576173152998279147952658781815821478748367725347299361741657933197568789177
63987464 99556
34293156572177 2547893618165412557272849922357483374847997168969156461426513334463598363
7954651187862564753921994488995478 635531448365714238157917727644867661715422765785424446171
15931655487748731946863361274375435383186215455358983947516163 656341968875174929317554364976133648837682927144353766816944778646668299611368
952668173291613282576393837696645541486713461414 9215323922153895316648751975919872178582585153243729791586823948523369398353186435578499986289358
3777653844871541232519769299825821932591526 853324
1716529488714172839317953982961183759178491 39173959373843571549826483172312688461328787549629653417528519782457418
1876569972861852367757253488312727733288561984592 365447596589414871199416
3745336351288527543443686341752284382675269379619572477839384558372322 7968295231754143517687166746473
35722338414991486121536312962295191993493813774976349987756453637396998 318665112493434836322783
7325316336541142272968475889932834895441914112423747 57611123521265619479466447399284656
212261781358198156321347296198948611948749915938871173432833585333941289233938593253493876383879598 61895518746636368277951263769871261118262864788537865163581222522446361623419239318175
48366546715633795329547381444997113174612611 349675767183285818874624449576373543772233358496
68968784313444158427172288872675657726918263764683657894115425294639789662519265773574 2347
154555398317823921699785382466625281727633434662997969556355293 323343316976232124717572
2519324929168143597454377314514648761927612421359398913388291617538196747545 825438729999397237937599386952596816433194685635116296842926474
4876743787674561336819772367446693535459583 873143216831689288578487173729551755812533269729199746955594554439362
7671741 41585133747224277756724977328459693965465875153887633
128967469622326424678719691659834685 5427389616294146848648973321995325424857976777461466888587775227592971281815981919764958
41444973641723 937285353
58976123829978145813534722489314141535191219825292872594333196984 658769519575324833969744233945929112585
86117468665755626436536698753812762468265557952185279155722193867279926137126677338967756542362 229435246675826896866559955772717682652871593326265669
35563843918915249162528831558898 4993746138734744476994516159938378634383774281129258668748599366282295935765661267
11739829376698877749235118177299927734129753242425656723491 267681262931195337382696
11895413634784169842838493527843923934163298683616938336191127139836281 8813598423432342
93975117356772212965256741345816347539999516126523171543 47176272613558283992986427782261546415974248192447765828229414866546116498419
5526582112753327899648522483315336217233492347876 861627588914522
868357776564947747452185919632173663372435577151588342959615347 578667951539547914585387271163383237686657895145921774436655575982829417355285
2318483299999961728891142665627 79148599184395781618476333516942515496255646844175
25196174528835256 3677296221126452281373655818967539897577593991888459446173833765275334371137
554825937729283294932722728423314629894797612753223786217478245397894 767823522316738644413279173874928365616164952598154649558897696337232617377798774858
32596211482 88623339314241697218423397639939341876196741555862752778736997867413
45485737872735566947548168818445892317627992393141 19475735521497795283739224452364797813256975232463475535982872681
34893773218726717457395294183446481213216411829119134591735217151585238529754812793183135841833135 52498155873435368132199672829693458916872139742856123488451965344996954272423463521456846329415988
54947685315946752484488538816399545448999199439795 82691654785592413994377972369696472525285311482
118263884632957993725724419367258966 67464169543896211768833561612475187276353371147949
9456372838282598642415168974155828453828973254819694523426697289481 5665945324567844523628638958555889644723631185813293478868552979286846196672941843382881248944
3158384846352873861852379136584311481511742129221697643652 851143
76183963497683146965697652415345854313482423589881 2787653386241989228498544823751859815818396511858567691891561234517874737662
5 47797243
779536172344642969348223754938815514727266518395142464497757637998264652517425512957473187978 636599745936265722655798474458565721672544275887258956996852536965144113885482729889721823
7732838385541988563269689811872421428681719676925684362132 724352439182618565683782714355596625133737259438
54589335 92838916374931371296253791632553783
14469179486743562131743998313574552899182766355261947577495865161748 43696976516397551251791238471977824699129145822
4186479423616527435142455951386132545697951935525454882817867241388 211652885639991342462133266215112114961584626492232235645
5181659849646785923369229864 7819747336584714112856363669412917138752216189744866756983733353427537253493851147852
8583874715172326257177573681124395782118287252472 1756926459384489942982291685112347531614157789559511525233454716824867567561
386493928 79873358911816134
784514371 492915458728778558967375159187952964948227773627444582189177142736213
28293383961839793669463435614628222821942839357386839611764235419581285216263 615584238976691532248565781324562482563432672842917
3389526896683 779832719261825533298854483272367527132871549547486215647178978885758885214699319752543218484
57433578783917161985171594329951564997434372185576326238364937 462533999256911634537797693732163998459724749546815
5542135334127119771666751395474161843629713793921184753513677595967272123654852699186385668411488 736521935612298976757113965667732126911987431312
658714149861585412924146826923348915555948 965696883563194675437459285678758531336492
54897841441255981358377929953119674595828683251 9635564792252428733931594
1574765468928883879268847475172568172928868717785445193992925552427529222217755457 86594939453369686924249794629256372588872332771192558881987953116261177843469966893425217993292
24383527448521628469197725116 8342387394555563934645853875649376563111384563716834452563931745783488758373994594
4498454323734442838892787511619523141371773385721858 82333434738
386165658397181138767896188429274739789182263368 75531417122511584
3963162656954918927792945973455222934174619655557451188518512148618176132149197477863541239656526 6975797774624679639396526633669762537819149487791766266478444261694776627975163574427388277974
422263989126521355575171 449829393894933918486616488436689
965855455249533315135291181741876374324153642 44658763626814138131389136235598768363859494227979351426797
193334217797627144179711995195873354867316798843719446546429862325656496577953795113772337459 31955163111653986353
288853786554318897612241625195265162271472375161681975568992382751145 93154528485152583594659745273493831114991687373267427391211949121567
54624854217422698435994972843842669871652296365979893345795669319243532842 39
39482669717923466867564393511252725526794746822294965222567929 5338748318161376473352641154574119693363217968222321388991297324789675846711893773911575
86949175328 56523465264449216933613
33863255113929977275388486316574339315271865632957967931918397788562187372192212565 879957238151435497483352825669221281783281127323981639
32353129374381279595913362326548121429145181871493459196527656178949854999855548622194757 62674458281256248167173651355583768889533395975674539768
5541528556675724856874321426985371666932972736423919183875764719 8739556
174764935282594175668898233377 821972917677375131347576472616114271629322299493993678414111662273173197456491926111359427554586818
8783929546575156964432 76164796389264393328785927462691
82111637685467238925827476787778313968882351364957455465717186796511461353477433 441586894722276271471981657892565136374277853291426397912117191589539239856738
848411664376174448548285671595244 446891276962426779361671328817474858973278699962896364643168444258129295193775738747
1484394131267846769313352553327114284761749917461675258694529637524551238355 419513272892949866611817693144965614769361122661317976179867562925573227957649293
6863186132393182838411853564139495751485541479619472426141578814828257 438719279545627549418833495677214951662
924962849311488486925568977986869788 463993822517978386566985745698528592522635527617895281214473
9522815 211454625366435814
813921385365534985733715315917367 3
542776863367862466282343532868197313865586649451 679184298686287571571396
78484551259455635272822981 43544383255392333134712322215925584317511782
691645249532967222642868299287282882328224284135998355654597531212 4542671678178499685636342171336937491977919662414199575192682881457749717851
273884895731674118867258721821734197233161491164198973856953924538441544484595458586926279623786 54239649933944749177425768543145412991136358
49445 91221415947172
3888 316439948487398155979991518378946347371686269731747621368394585776886928434329663741
682674943539775481966761681163715454668497947639676336881458859533919849725128474139439521773 59791275737925993946788327581179
7849834278 5898967375889735856957145579837457499673658699744122434263519973
55681794562128714491382434358883689792493547661759848385699486998548466861 98131741358432283981196131896512232562858861542195621779945175223259624468
2948162794471496756276713556933746475528538538819 5673442539675136663126295415423395265493487495271983423216733149316913198716479
13536674837399667179291712746863847854557117962168222561537145819723 559467575965188272794742172681
3561952627852458962353765949189344794855828925463764681 4215215191762249152753852376887699569282371336661417923518276463861866
5826281354956137865444962812537913929658714225729952767547238 94451527826955863871423789484479891818833
89737882234612957968299795163 148391617274247664831943176625984422977656537859824955595779477591644181392
414178897694943596 43293898259759229113587469328443313669895431951798619175489724829232647785987569
948112231167926443971756 9627777463234582296639719399885122797846297788845139315825794155217835923749266937916831226733843162
34367578541712433517754345623527566566646425278653955845553476129 324381325645721581857369143285958379375521596799158852743119815
87492117219889196427549147426214273973393225747523989825246861949495315212494271974992 5152762349352548191312723676978857338473247131416786741471928275339718799744649191
86419665957576216626415923226862987378391956939612885281 5337995435391
4157478453 899564248675671228443385599848892768326
691136486775862784 5384454296495851882937795682448187448683299752385571776775195219198359
322541332 225518126297561233794272
558757475468986981182249831383358577225111398 3887489326951665913241
878195245112445718699 2
99266289459 982486237667776352
6 3748253539639239584426914628227842588
454826571625967627642125482986612877236659781367425312993147 485465879
9527143413737341464296679787928974268987883427444673518428642263485536 269985238925343352396141245562766888669969297382533111196275381
417956229836423281789334653918354414165792187431629725462784 6338589545324713452596268814512281325691137547879576569188993
41354653924391979466361125684 14481791648799453111729511274778238182343273786614353
738944365778595 585792565275326472129277825
7772788519993271554485622357279612813828683381724439227782748585173457332964684349 36242235466846246416885387128628291551586494433679839258578161563131185613623957141851448
38686767814188957133687983872597316855268654351629972698846484 649397585749854198113652772582664394699255621969352582225265984
326816451233 1321434298195491487374364274775242487
3518668465866841174718525939289337665766366539225996995929524858937242966671548945187 8834425297854322852717813159755661993734225319821118677743839716178369481428418289214178115241862
5749386823873626986992982746685689452466516555672528549857115412694334368633 4574456796357335498393356756845164546959416734179963716532486544857231899215367589691173
6711365888498783933797552811276888116241498637597733 58722957159113767728487966957111891357477177874355677684777
89692881517261518636163962594337596968233262358971713211781144424566613266232 67231229314538532263437279457363762
24 68323
1766696967855916496963687499692255294576422595237978666484385378917 522268228285739277448141927193749565987937483353
821777185871754218964322326852715152611916821495981987372861445 664958595632283657141744787728326929841167549853474135
52998921 593721168256433373623988789436357757191
3714115473589125723528457875 68749652392387712633879812654535467724593427432844982277579889161331568
37961967653198559651173335765131963818365183841952241749527436419544567624744 6781315986567141461471823684823238189911251779
5716838465591167947 48795883214672655655613148369181827136129987333571991338436518218542913123325
64794138678464329764432498182947628991143269151616298339 28817251598819323239124242491955159
4356395774295575624242768317147257189989355625572656779463291751517993689654879986848186375589383633 57797725314663258
662848621 26292111616121289683926599212999663465971296315997733247798943873783415799199877
895325342993241473886 35171327541633614417332864961914662
595844743744482994623461241 1524354494957112584326474399877241
936459698894331596249719626456364381927724821578 43478414491846994491728739623431774437384636434251436367687947528685785243516269989
572614523211424854878479 913678686168827871289161
2482631443117827476725552288977664258818971298886324818595756152337825163222635349723 14826962221785149981665232293747939888315633431715751761982876486185516964691177636428956887936
2417215755597627146 53335548139274615584523366285245288627
5317162618875713735616788755145731969946128719445738745777584423332796354959659431147736699386651 753619151827584537276668434279932235499594851946558368354325469
4557138537177828534577851584228413844873714 362628167213381237622829794238144984
11439189338682396786652941654756549146986667961324188782711835541311226133899148936583552947758299 55495482358995788299735453762447966649859936698891
28137495228681337258252391916239852366625246796581418795512492997688985963296996119756542248141141 9245153423511381781
7332415226572746663858457545775794441547148699131237518145493 753586314711712493839868965923988961192124391224288769644526876461
48881353117691574327113244546936291237951242527114466829184878994599782298913529282362571836 22675328185389274834137536986133638696554754571573814529368788529328392
7997234134788146495837971125144948767281258654313598695427164895859453966578 223597195169917427926166177832665486652473557173192538423
253182397399295686619334389128291481569237 84983597
8627773116571517769895343938629237423115713442817362414 2473483928234176815192145783825493291726327613369467512353235494681386357388648
1213515438441347688348822993771 3228536163196326386128579415216655116823417878166442927251412791572392766
858951485581288369586262665571263885656311985215 129635118367159526634138199725575481452328858842617777141246877
453561148884763591838948877655966893371175383345326773351874466218638683365894235364447 576868933642138178979663293286823874
855778796317391177871282998847318394675289314442476217552923237859943876737377776 65874396728316765874655733241693554996325411397643811877323222864
16448642646627353 93982597378981464645895259932794725798213983266652583672889895717753976422975497956
883448286644963176384923188785415164636833436776786944874178869948 853119575312312321768416638244111646741766288133241749369551614873
4665442571452325319526421438239978578272783665262 7271549846111815773787339713535222128637556735591669643593853231199694826983597213
57282164186912995182932637321732669712849333685776423447788787118738469963518716997575 2534832592137655976421793834
221995338673996929471674291785938488132645682792358689911697586429513936835697779 97639479287759559521746627298892826276646939932
32267895471488581191223374723141934781822248915522461817874883947368836483862864411369 59363
461 7775848935269332845718164151115833127833827949119496927913771449412278522278
327161345647534869481297389279125872792168879837148791396995514728679476 2657362816944273495147628731845448414386429524371224829642562
431616364724959413411343915886554482477428812866546542992486239 296439135437247297875454445179234777184313158353
65561486579884254186895228114315286 286417981521771588863924523324561531655533745872755932655814494596553
2323517515394156127279238771991859236748736373138732717 2366235376643293728282648649728931727488792
14292218499 2978386
684835333388912666624226498959733887752756379448 6732834746713695217211586777754765713556754489916955398648992481115181442
495236762575457993164416861784858915919477362835127764412942 85866599497856327894
342859597737755455969244391421324938983715541919187651655634579547821772342753 533458789114812169622975156182884463777118715845778193116532323
863374669146826641986331264736427179564785979383638675877757979334187126632939837245 89135349352528536312674691943813146
37319284473994592587353419735694974972622739595973293175675268 3427991716335499489151592631765348658614463265387613229
4594884883856941777662235235534337929663134646742343777738658312869792684888968875629222759 125982147786566153226667943846983228397242715632237824493392999771743
255888174131491628692323179736237137143184123 21587762525253258755535546859929913779866728654726571677689798221421
624179191257864351159896589918663281 38911169963775176
7833565585782935395414323993152856592654765338653477994854258 1556867647756654789129237511832858599888761656594938895861727182728445454296191795352539225
83786226 187671389487394546121297686473653884396441797314768821
6815781287175442248241823527265 9369242666586613983352534142447285329445182578263578781397852798897598767744
46831665978547445298699434355194932149513 294823312912953223853575595465362378431684671372495543888587
5568711552252247245443282925154148723929554494695186567279 259237752578868372682169688877937658876628444944444
5872492464683787189146 5164527522845477369343831726296731
7576373896846958389958376 72242797792945261171673272892922733618853324533782483988643111
75544798482226416373484675788291454483335679369551411666973458479422953618411867 51761435511623192365281869411454235379885283738999384926356955245313878733723251633719922621
255224499 5955572912529
233281114987854649821461627834116813996 28778
67445357 9273484
637464115426232614738813763764198994225218417856616491761799848956 32636448687525923
8987185488625953187492533837187526992635881318879623524255477176942298924217194535966126 17888759447412447546668741883957581211665624854744533925672633445443825358852757874333
428914591458387665757312736671927653149693221797894939645255746474586798639225295675 95129674994596839849628135693493586448363952263487651747163411192
69624857533833255842685558194 86238775585828865
1816774738544995698796976294625182359945966641516348435929292966438 69345226898842566739481355765924827445261532273855285644199294973156
4876465 337781616312726191552356669113316545943965379833518224878963
8961923664422983437225978592587567 19831784936256993778514688635511338475739558863717393967135964825836262359342989436
24281464697514267898712457997417948 457722961893512845726615336391537561339669196928141921257569886392774997988132513571
589588978556692893629182867181636253535437286993 976941452751393598367155618242541356999258535693571
848315399862613287169767825952257751543873225244292481469176756966788 679899374817869677879241977725646565773588169166611
79888749623592318346393592335453348319937811383 4828562956968615554334766331953141936279263362718219356766162356388352655992833263
181766798514569338791376555621725218736161495 9484629719756983224158564815831971437416331274263412
5574463982298835381492557132161362584594844897168984 4273936972929595287178981717437649835214944152215144973897264314998833492862618611418
95829448113754641664875142237562978736616476945244666536738441795613578186465574197822469 68451147257962798283395582596533179692252963422956431461278397237864146216591684199765341993583561
9356751137452176837941641572812881437277562642436169149833379651468876358419877546752325114583119515 96454957982981353457722389251471381373858731916393877549351534428176165583846948434533379294
4966224823518682137 918391949296671671685778648154291724496677583171963283
9497321783729693373962767932939377958184779184162979949986972688471596431363528789 97434339127358894473162148543
8448281531115814455725947245955526634111258365866844163361 54869416244268749283646
831261435797671873117367322743241787754365252342479155757999823368336116742226991229136569 7848573855231952522356384896352636
2916798774436871663145899964977527219475618246827271838615344371238538 17553793333893789464969712997259841431658496442283494977587743577957
79866351868651724545 6623592564785823192886
9175251768217638477262361 8195311213898978351324368679392295155614179927182451166433
8193431588912665531175537551525596488391798899588593138594156 42546146622532
1395914529289599833861481633236358867247577562394292832465563191411538319755394621788832765732615 3249517147922772673976923795563989417512665286871314952768822642855856552536683877689535359959919
884755743945285811238568777423352166793743896834813 6594457191
648259893713166434784619955215792684582293128598628839714566889273 252145513232366316555525398297318613123867952851536283621234
7632627663639 2338151942885898893979157
7775154413277241398851944322429917376491131536994619621 233991758167
297437417399841123837721763494385721485287552 9319674567884172247592133765349552273222596149634445986452668985963333375342581282267367957268343
162644749376252218414264622157991894929598981285434278556 646866577843644
593 9817461835315558277591444966877667767525815164368483459759721221137436713995481434
52186478652247279251245912766831 44131237473365619783382524451542592712827255348485275266273463928516
8383676347812514547115749325411522579992334912845919173276215394364362437998186119825851475689479 29489238
91328954325928361416424369399584775785279936138963287234437483972935586941127511 54
7823648475423186774181914119159934195964448 8971723824228651787
119 23483732754638823252653898375584446895165192973624445715833783433948374729272764977342253
2689476924917749639681729626239818728376867273274538 67648487756898273487689573438
9337937777349246454161488773165761699122556265257815951716761562163592317626196523678182882972125779 777755514118511538736973992957643828267171862377624923646
6259532257633787495919 44864161778335698591789716921762375165
224276365289851392765583439782992484226844365732181395488 26989313691272291287814388199953196951893153429692689723484762429735481427348
19231321325656349745735248256717829 49852854878148715821654328929989254168116993935185646426977118831363788883456741915
9994595399245634264635774168335529468748997367944971282612968681224634394335325 7269251651964274844448439639
2411547285752784473714258935421633743698677294791621759 745589766646358435643916617175413148239811856911567864666445772
1187257797941115165833747793391883595122292873921449366826636966681712775195728472129 928
28468977 294262957285241147339763398755486453514713126111914966816
3872869284653863996569473858988961856313251886477164 721411256867766664746917548542248668721215486536761694526977288199741363193786379775
16668995597733677146196983921369 6244362993545748832336858444767938938835673668653663451413851384559
3784896199392245878328322762873397 18475366978441113946317967196266155774476551
534552588468549493779214676683213359171314732443665433682661682123653823416596 717448356577744667348596891923262169412239713496265961653352583312819
41995563595419859545449422319987422777354637218377464541371142547959 645988589914146889539381624752573298464215751545455221448
779867342797233379326947648727949674113535939193981616223938162776516544483459547561 396691311153281329772729553748338862318732411966
5968227875643813698 339883686418879617216461834673481352554345312239746966
65347285268511562156941931686782627727212371424 31643848175735349719256372954752273521676678243791462416857999933674942646249167754
1217942868967652 4344635386416159593133766563477441367
84935793819338949993298625175866726761983 11977634646624983224924126953293659774799512258319
45626533148546938759164281744385326195881443847489199611339169762226232967785926374594 81194728422587277482694848277959726633762671818684822762278559422873336296949286346617753848291483
945766581367542721346617551963383729699225384678225971382191519542538 12194597515365238632892
6872913382839985944118526116616849649215889292171399647638225185 562787658838944818436463342187719139894859415227912829784641
9235885555276669299395184799322966987699895544623483489189 62888
47722488988739556338212928442366 7358255982737685358
45972641298165756335749999572832454791561439163251971579376 25266737687118668678271644
3238789571895749924735354799676554235 5223881469144737285847463393599163172336276919468669793488538257924623464561615379639461
85618196 6
27982139271194684295859466237379696819989315771835135924764328364263564239764546941177997148182 122737754193995414124552644876447645394594757815255554276366485126799685421815245677911922878772
61617736852414593899969481623364976236854452445521761182565451351 187365976822668588
4813561132487145859279287348152899737546962774673897378943474732526917189843 98538985435777332133359947618
643345651767993651639275671471 1574163739177376528435569453563959778285915899785452517445459827849524132478297492514591375
564483786 1628139833359654815589831218381674952238586927411283744773
9 132134489565982584727348585662887
99387851263375328818772484228817715319364239674768427535331362523735333311199225 295344554886462512123878948254652534694361925445752139341693351668363
2398357841416449257528166957647552749986664763 7531312739766994313795324352595515757272252443292552184784512775589
35286925643821 489724227965549891144161539827991148932429
419658553675938666817949263526124 6335611573181668115985982223857757942
1432785587173758 9454337556138695679416731859714815479596657125562949767213956561227396566
69477118792199336354943978949396656896266771751869194337178854332541453 7537877565983842672192977562821165548264811743937451864264184448821976576613981443779536459
1334973386671889388585731568262854282661648932531851739348793327278849785868373955815128528169144495 179536418282138118818998239642794483511165899763485111551142676185343462695964343697325
552156611875848994599632633253683132441376218919176378339497463526 492431573244847773218333716928999763387828
9352962 76348144524343429819847698282319381187234317742195
229662626454719376726593282984621672684775361439311373924335949912329581588671361529845734 56946368964918912927622361359226753785242992436287762574432922324199264642
3634727151577261831413648251411585941441617385842393222239918877928739865555238669335914164944253292 828278595779969581683
437868413138363745637796661518417993575114659541169825645853691519943572324372397239276948489927791 3618915315622157728519361312888633128874954231662677772917193625725
595338597155938764314171813279882318224438982965465345922517189433335654628767717871583564 67119632983895715892296551754797827257717384359866411
251316653119239259594479639436185844473939241677649387798344788118997932535144 9788444765642133156742912656
788976933285654812176523198124858785719839983537365 39
577175135284961941416815897466637548 4961847747628366994445138336959333913566712267212111467641129
193849762761428936538291578737572556372776493128772213478798858678679655531183945 131185232536553143859846213165377485923638152112476824676425469211642355512
97781765838116487363181124187657839813434835688776147944524348579 2128838913677429675435766171644237454227448
5632 24282435492193385671
737167445757475894286715474597977777156264745188926378256242352835771151147724895961337 57175581154926985834771612954763396147772285536313172596499829
31752882687937279811169793434 8244381262156667683777813551477317449316595161223474
51683456452445393419821516547353536896622972 7541229535552387133729752368777856223377114982967435655982882951488524822192946842182339348819754
367658762781976218659743219257719242531682881 6183655671481444229
415136747899876945735931776322514468725222865 858915761716946776976276867412694597984795968971121828634177314649825992942437921457
527443162793483557234432224927555712113433588776629557192228 7139464846179741987654944826363953177741132246
1178849911745777679371695179259157985278343498851473957928815191298586798786597877674931 772537958125832259871387
411431647267166738731122851666887451243393589925667554 19586391351141378846882533934892721382746853457495113887496897755896462971434968
665529317647819895164153628281115358172 12963984
98724242562775755141756727757419647641438524113758524147937454 66861878351373
6489275674253626515362328318134527152186952731743421384335664566642 28726275821198327523141312818934649974771623483154385775535736625344274616658737534
53284721546461349698957435754864837179694467145895884975572761584919161766437294 66648868593911974472423187597888968787459311817177755
924767664429558331525758448661634293726888723956415113382858269921587759837735165522122285148669837 6
693653792615166298214141246771122461187452157685239122643775994675142441376514 4941472866152786349573122851567486586858381136289129311883645123628156941915239568
9216191821212572791341 273275438123275791699886898647576615186951545632773688
5985812473784436854772544983 734238843582172139342614285146439265742
361454661168532296298152175445889324751483836514355516845581644839794469 625255661339759888618233775891325717781961932219637731683696123275423352833261846224799756878667749
13564331224714432842776784182872196792472946463828414474655641948563966829337393844246367859538 97242249445544421379338
99862133338316499936215579297 152589
7149749329749222935545559824814627451597827212555898923589873813929769834486758625394894452863 34875534148
342751498698125796477943191782138499856994919 812882446924731397567894918343635935329367433629821
862986541393834534145818211248931941866199286323314311437418419 78648733593
88949421169697992683457558287119393421544279264755488923187573231937199511269 5311966182622341
63323432594358614276582318882896442285239741672712358399152734888837514519928256569495122 6663877222938783774114291267512168449
72557645574762777125556582492114448963665681622482464119395619721141642436782167 56236695493289743
1628462338294762927888183661927752919614224 7711392965596642218332972798257234358
6531445519963193964449119434513717522348831529288 319862977884776944694323323894523222397173718553139297922774248
569339745668931268199181771435676429688785833364133292554183243367135879641 5579581553366734952663372879345541422994758911797777211172567233473768922287923288843118352932865786
229656631838121592124817931633 811664775179
4585358331552796389647174435282566272288262695182541146883785433236544231791 16118329718295774592954243544632144451339874386449238
678823886244 44148863557326286135741565254193158458594594424914223154116952323218824916
8161665197288458159127612262765796339313592334156 85415922153563922245333652426885812163491145975154388381186663239183418777
827562647584635329896293853 67754266463611269537788481877934446562589675154538219977363976322833324
41894615294693936788462456148726361489226538654817629161861568 96476765395846363175512149528853769122141
7489842418495416883394948751515435914291343459737257921779275919264946449754579221445 9893991163481539763349963123743519522181937781849
95117628228633891547734169729589557 512586764727898939952493122496659375614
9424452837844954935589563313152 122291761441236137839641657569581623664998624288182121441143941884
38474516383213526153573827865225396269963373467911612748769283239926228158 3731172915786529599969939297168621752796
835283282462368788694148875124736 85525221569695569916615893226549168815545165376835222836365598333
81895674674445586998749763823429614997121691798464886816598173499889347 14636595445432421553958231213578347695899651831994318237996146912895791
428223817212813311174872364423666 83397169711345122531779585252946
59711569927779617423472634575886138299772282298561111684221172798917 448479778745786169527
8986471135261211536 6256976938197395582975795219
968681838589926124941914884668919871934223946583767297813635558252869 48629367714436857917451941366386299215653143223177932538776891919211821
2129937499235624745797357338496585489 72536862871881876661135838579363
38833814222482857444614575999679481718146622484152252366235626965768255764476485197458253394897538 434847839732859287529789876888274285579692333666761184322999673964355289813393932
16686684713845878692694759458174839283849 775158596993874727855964294
6325658169324392679823581185374536562838959622436939883172527193298879538262512532435933598632 7575316345792742363456327396247381346195764541731973853621676421366
17379142384875916573788924 199523383781925123961622773641115121932393458244684532349921792518972482197376
459851591323495224785827655941947126687725715811925892816986879986627425 31318753326476322979674251451328536496394464166986461
4412381878797561818673321946428594525135778987942182429467774891846327432826858473932229 923619491979985533749465494122224667934436439431635164922
12 52745232958892299325444871466225634129
51435134666256296 75223748322747795912521112997154922263158712296454633834124677959288743882169613
9195591575633379225613836441123744142158735541834944681875967176277724457298948794 94548596975563667794671299661377
33965453761378685172444442587831596337926196157522866326316563459921 29175
8 38812393719457451642581959598876574399394222436538522577975673
659497627687412431687641156265 2621374187135636861526741595
163615687949897232759431 56399496289121241874115417874553228681486453229681694139
57447876344447887165693622845638144956337923927748512386528159448583641816537 798489335825895761513139816183361519986739889231
84194381351931744949523633239563237199812768113678356367741257499453811762211164579279654424612 41537
88141245113912586918251493512897835824528719659716862861813898215846 35663588269775774356135965982548127567297688118261
8797441976252428381555561255336692272564299543831694596393381956723365447975789262548981366 252531771275529997836682423
499594659282346296467956927373899756789571761672896128679912322143 428397564953688486716868523297764615855438639
156177341892 8617146225473462568531926955583863186734
9643862377812826973753557118618156191516499812671912377717582213871763834487433576792145377186 63116329129124331139423273525151343436166879992922239918313474386757
3555626997898 718718
45811956892354656276532421872138138668952875452998748334631891586 3251273267285867279921852379893594852329226626925388993314741637961542178173761543517829934854
869388824743 4936682756513393831823293762138936788751647761727735249836473449273939522695867429783
2824931266488841472624287225672367135671239 937982792436664393136164454294422487935433232613138128
4129562959881729134791388553237 94666228767917269658294947867271857336985952182
547642867623892244394565287448824329756531539366222997184579814442663781618545579872812799372918687 878989867742312238444979524754392663568868337527145713976191383
6556676693742232481998773748 5611572471289935288226631436111692436895267337651628452457967219445722516891512223818941232728648
772679993577292 162697469598526281752
7931695157787164492712473963 1911563829886214799274788322678431267455336631762535783982122739756139825
2615984662723992726641342562 18515489224523317538278521493295832513826895584232257339225947349451
537468891926392746528771649137492469218527711511564127313157823913869973468 469111296483476924717355652184556157268924664596374679229753494696573558
1459662 3897963746219197911222632686439341724943875196877667657155837352552622583477565
5674858564454644452893952977153139232641117395747494914314 2771272451944326394
1857387811774933352178841446521812856379213542196951898864826256761819 716867624411934112732556762485467445924929535194
434882276267362221634633429473657146311334897313634852712931887319 8416132651668564975935578549743836864549
53633225546926463518241558576677928298146155771614491212332349734628954135667893 6144485364841734533587746778815597845
2147649585294665777925289127293213432 15156
178232438762257515177885832591425891736199544284619825955971838532759255753346844156156569 62187194676917865591945627125554211262572257951845719945898324616729844613229339496491271666276
732961973164969417228357964572611396854954659558 4441943172976238337862219564416464996487
2938879916478339444771635384434619 5253765475522745678316178811419424298452
6348772787281674 5343579284228911269875633162743442274793894976422817161134136671836949968
865717212526641412317 6335122235
547383617765353678796165576876362968617135316967753259673519418182831796324462785695922284729 1895999397942981277669395521446475143317493889578568121277368552356671581852896612867154468
8339999452459591631347921937462894 399779924753252717515
5757379764128413816261289245154868454465137423334189895339211735397269328971769331971759565892645588 96594977895625479299739159173476733558386456854627682385725478347658355476383514126535632
4336796892437143417364454262718723717453716993833914288889756664814 7598
12473924643987 2142628655264498693144348382233682376696342123177464943332615739276829488381818
19112513272121937174972 674194778
6363259426251176186162423341768744937281989134321454 1
41232129579746385333759842743368854571349784253555911938219257889311865159595353453599855353 56951523241568616825888236414326318855642
329394783656895535751576398319962955352132123393475136475371346526767136 531949475268935262493577182963552368326112353814259965
85465749117276677192221362924676727935811 1745326133335695958359822385599647916192576137599563656156741335611192854496
9497337985465232423377464856625239337797187961626513334471781746859138598156328969 627662878571571851598654343422535828296878357873871958116797465679762913585888247598236838158
71884855822936433683913116491986554173298147 7452119311913568364978384963297568119326457
866373512174673135576982821228168 891291284399579451241757625612827159575969271168819664935
43971564932639745937849315341531324389579171767129198639571473 4199879198592875958
94292393352862453713646891574735161567817579831671469834943642365782555234 2168652827893851596714496232791315376228815245651437173455117
19837982872317429526182173478134435618897331 2317237423482485433271165871164241122368512723246949
242131627451376634346922975216369359512185898885 54
25951832619122251733982548182761895337964748217868453929517674612897546697 41167123973871324817742592838253362226947
3493899299239353481813178919578126351657853958888343834599979788 87443726336945438411332999288173512392835951836925961273
8129731169189335759849988368763712649918386587177392425413641163577937419824996663852 743219185221759566185471254966589952821
76462131981129841713523171664516859241583153642117 574479793491779738728228833232953815764944626998474695648929456885237726955619
647977528735855512925135792764668659251255925527212562264322464438911651233229157912 5151697381874581374187
852753 431646974149627978387833548869413145221994928
66974994818482853 6415548658768214973897258143516998654836424627984116857281146575977384452
655433526664379938657589159775539276311163 64658276233228915346162851295113398533845846864838649343524695923969498638
78134588556854876839394671923893877842666595131449114864874321263157393832584771548384949346175 57231889547886112147437253951196757897476654415564473331658868376667477
46561381924986543171254499513128392298159616834831996 655143494228792357464229177627734175159728849775487876148638335157387925772144957193515
9741496823419723879839256711467133534737243198249 16311293293923115751
2899755255 8931351721238283875583318386498249387986966793917166314629689443563425189864862597947622714
1519396441181999497291745692284398714894698581421367912433233364487 72795921118645634835947745967159127386418523782
48429256613 438667655472437248297215865223342685582495263981
2333 22911784598843767387933245327614524781664579673915259
62288227559272791721897472837833268897212644267242135532362847424958681155114421462573812 681963234196839473318357
249838199721626616445878974614246 9767346245475624328819864421163973188582775739
6729236749211968138947 9168439672468994622369989117464255988488767839325233314379592657439663852816661589441849927382739314
8532556635813734249396594754934685741377233448424729716419 53546583516557896574265873226268596717577252959252474329146
1882785865368863862421123367613925828953675731322184451711221229651121447 958653146271744299988116322647411
64463636349181366814144292885556849794967371432126567723457954647565591573518645669718553638 9957413256248141736433636538113511539624228657351584155491418568857713325
3156578 456849454851167689192969973749483577593328153828793579411285
428452277112629934191957526353 854781671639567222454835144434
13757323118757264786654566675954829347884647223428191541658714544669328 773834397375467989546
245431434338879512329425989241252924373124293881562873623 8671474392836531786388266969882376412517471167261275512839772284221665174254478263135518552747467932
239952556459837786 92895729866822669481568635157314674674284
664565717951935733752724818686919 912
445624714875135741983798623661593923514831114137598712 1143386494466955915269811117266271374497356267623442796832431975179797463892862175681
11254398331512269274722997415299535625 66295965393794857448862297924524958198932853282815
716644699886776531183359252988686372985239 6277613441818791623
727817377918436836372932541674927157696 14629871552274371226895129993987115849333439729
3372384861337244993196865257333989248593 22813144631155491933356892411842339259765424467376387444244492569495463453695121788696
2354137454823477544939669329599631794917136556 5641831397349155287693796522526627573
562772725513463699996893798963996 31757873628788112212294755332324125629956974621784188935275824161
35873279748772577145878768959219263324559423386282383639638682152586379287338441948563 977282565142288436288756
97128417734731421496458476 727584633835542461583339752835335334565395549577387273
74355575335137 2914479
2264656583822967772259595192854369656524765658959791358653123289883828714458465165717414526 31952814147213743651328181437557734672997631456758349559683559643356313314684579813426343295444124
96917862259982716975852899764471959154673196 899835875525338734235784628736385117523167
26562267222558143711477296223952378475447 88133542883838774834843992479777253351216
9558953812728221937867762669621428115478777 7479175238565765391191265443156456917864582633394873477134553642736965285976423869614422
472454758497351855136689247248992236114856919523712733738758789817462961532794112528875917628 97849158475897945248479323839372796131537791719683332926959938
132953266284564668168293118223256 53819493737731548875367396797794
33674727748961251192174991554195472775789627252274715179228514 558583392642912125192899741753842141889869948289555837751
3347919865297995237962675488969925689989173697559549931231 66381989415147943474
76146814241597977 7227152569725
4266149152194292911831998885833968113998613516929259962245588516597594788653898572156452897872383 615444529724646514693978216149832368
18874391186168516222853631452 398422576845385
9537716574917796882678873514569629419528517798392346254398314243567533 2632831338668361368942785529512435396481175972744342533478221413588
848974736518639584116718662669781927498923 715985597246478
4284616387671598 3537887912352532922312586763256485161362111781892395355119413579245641594552747712512
58412527633585696812454667694712859312295783788177984169966382365137 9567797718665421879425356136488132914982
4591454419787511584656729611452835942369299686423278415171841393649861 92436424287
7387629746396135377215631431894391429811643525168478768346272465 622512229562798941
35829414832835558486924627931963977781827381499496867874622329431364481666668716141548598988779 2526757742367662263662819853729562179877868378237292998886417147784382
9725473943412816929521382633748988797664919475324333935395136924848153997829263112291248821 196584139753717595979962536747523841448564631688459725194296147788845319312228161923819656161651
34972615937543841758739695564189541164792685648987591591999413 1334247574892234462899599152131927372976216184968452134
393453 425
4654623 7835453925784819951317181487598274663357736658954746
495853692111236745146516549636155157 11172748176982342895484927
6827575243826898794317741 4686974982136518
755242966159216913686593572877879439258645893576547967 6283485
38546767861488291782 9565928882213731678965654461615765191888984217559118128839495823663
79789736812855411279213315 99594496642673421474829793612895696271818952661422175799478283444245
95487754365224173913 28155211558462998296325199768549487755332934982969683443374848715828728221198744455695
613876214122454854449951335 65321545532822746165742467516219299616174126987574841375758488364385716276285381234287
1151384194131316981668736427366258388681586991467837786284969196998649924239342518463127449472 46298499594589113633289164634524294548
34438364712492195449252633874555566276749254365676671382768239426492793996986949584676 5453764768
551597677738353551375568533396613881469496314587348154477236954799 319318284289862795648131767797136785116157
8696264583761269845357649 9321912193958265524751749115996212658255899442862812484644685365937441639321723791255716
57673851599117567794451984516762 88215485686135322711272852224391288528541118392956249919154947983814969
258563473927649616536563361364373421 186445864694258385343372134854326632476275225
36864816293 66261134432689389435271389289153696
754774451519776481227358423463177163547836273122137624738796896658362452994473154494239461544 2384733638178188919568259151844488656323256924254465266742278352692637711879143596743937821857559
317246849867689454 2676999592984489
33995187534335769989363371138328967939336836422227261653599886618871132292826599253686644 52465199618344248583764725397673971645227366523911489396
2484897817333433345497187627364548747832932619941772433565 4953815869415976387795119172944918169676151
7719698722983738415161179382264335536633121825641761722915387573544476821576127686181273 6869549634954119814364124874967325281316472713597791644167728125
97584168377733444643924486198591928878159549355911858881 41987795665997621713891587
65669316343932948482959754559252933 5768148515644233821728
7747126837881343287213328964196761 5829671368212492551586554741158264948269399658529566945369258937457614373455836946258411842235636737
53215232561218 2496445527926741554917688368186859
389784874661187161229918279129311615873562283878326226984738922 75154532334482344521457932172886446691344412672632826169568187926827387125456852876345265
87844769685626991188945658197697251653379256183915128574569438 53596733595139773891694772567
6397 329737628395635152852935575796837458996767741295779368668143
15699353855946751931256455786758447681579397332497766228982644126514882128295638217368621277 815698895435277769933893529363541377851873293214399663728374841346
217479199727181987282382159837274159599 82
2812962837753751366749364677321967842117626457177334695251188294899139512245334 9226274247699565419668931128145833311931
79638513313832712143133356487581158422426456177133211959886477238232361499555727156457873684 982212734336592969443124464512
8631466737224616847554516879929316129119632674755 861224267183322448111313343424721
157778178284252635135846447415566773552324959746427267849748941883183381664976697916827894629 8287798363294589586983812623283545265536385244793937269539677159653873
284974176456129583285745444 42512745455831941225812612181649914873745896
4632754496393776375741878978488527879939434914417667856943552636731496497479588219 212352631136421228218398644126927455796179
23675817387168762823576235162531641 37523895
352756876246192715627639598122385181976223298629594 61192131493135887289356377824128749825986392873875454419992923466389889316115945494543764292226424
84752252965545535153442934473 796241224428944486726218944866676311322943842824793444132624963743685246
4677528918911238899596837514765938 891694636593427479515432639531747246146463
74253545643973656457483328243856116874221128179149781375369793963789372581915529731536272643 385211139
56126 521167159174446438745857297585883767658397579929376267475798463615513291572844932347625347
864989696766689119651418884594681933435622533157879556651962825734432359383646148545276284978689771 647793848226317146924492766534263339786197871937816429664
48878618396195994436562369 266234994127449357646432759463529454
8631938416458159876273314925215492139464321812129394915336571572393336888453671678854694863 2
91384857872721917755819251655489767499854963143655 21551446178463164886575836418526869581298985813341583
722792369153924658955654859492338669814659737881963895967352455869653259668959636921398383 731974315337313523512484837919666291
993362314113194181921758648324621577 7757447329588717433961236565483599942777627411625576735472123347455373524987
197193499681967514942689845885435224246331612399864684743838353516873536652 345394883145461328532528624127116748339156993393134631165172517799765
1436752583686915452537992194352259 8826148314571888368249269137662836355233171495381869344373826711815678862969322452721634735184
24458468769782936751837642489554928239934718418667535751179517959546775728321499573878567146 3395637816688398917423796314658
31327962276576995347633243518457643258429393149732111683272255926619735253254178 836142774285975572125989496877965477419188374681686
13732941395126334969511577996239371865215158415494 619177136627758411535132547599639973875588593215383936828795348
59566731554452495314614992674581826748 572156547487466481357722647574153449946337148467864978716667817368149125448993392246234397
3381149653579213115197281172587111628768132274399958717866174911782667946414474122466237132 673733897577223239853891375613253648563818255
851583936217136 5217584517118435192899493476636111519122743136613
4894183763264384116987696543691794 6
449252469664295679136458341691518183734841418592412 4444913741345889419135187198699265756542958914149436366321113534
8139468783561241745 695648942994297396
941375484429771757439716973718415776188329422973565221497857782751159748958962148 362973597719499479542416758447
973271825536943158982718736668915361653855949829963682554353 6796693337
793939182534695327378197661447475929259144284923934215572896889624855753848 48616823425754158411424853128644721797754893168197232817966133137719536469626629236
4336267169423889 9838496486635795571624586262423331442
8878646434237174143117244985128159284346451381677915723511513 1884527747181629131415938429567531
42521436543937544649125856547622521977457 11
55176619851661146389812 69215887539772265543
9615128192764585846459 691885222773926774188924333918167259275656947197363458431185542426581428854871458
2395438298421826125472578758326866 426977443152812632981182267353868837941529654969412358985729146556458177783
2199513144591593 964297824178332826166549958521165652752673876315
964441622383864184549817194198875952177566364757149685583953745736666223563 34446284772523628654972316247794868441999486
372169517372244374538617 982326939349378921669924391753742741953832466822
414933711323331984 3515976394247562492397617275
11394354131581482634563296152592975752668749621569923957 1656413953353494243929711536283332222328771468759847773171771
64814127551888352887 6196148343811673413667448962967664274737651582882742591592542854297999742249595242969
9376674154915712916589 52158352158919841974
9189565911 476447184188572
89421658136472116898118213 668881421173876972332586471117712195596826148388763383958
954154995778956598933577 831473473429785747943145614753538973989828742981134261963457247166
48583914482135159749347118461433686138212121231971487296426276666267627581489973 25582468359945911462411629784941614855116644577382731494699
72 8421845957569233426341513777984473178666238531978358531172575171181491264778611724146
72144 253862421947548731181839189365331179
7235363428212364429198769528683413194391363413635958811 799454743
2111955741688459783643649583445453664326565188172821817523417631572211643755 41744563899122643267383131856318874529773298479692466239476987813895541794156425393435121699255
7512637757999372514533293713164997457816361512273323146798179953489683733 366585114854923341394162446969751539682632676949371137337384
19944647212969159451271417489812852967594336623443821473721829857518543482987657632446767311279 949417894698485978687577151258541975826571484978861349664512371753396898815857357388825598
21476411599987668711188234331541421515351344141543883558342255957 846285255481
43544611884767782976913482856333783299373824696756122733132787139969 79211895262394941584183287594546965245763414854
84346118165755977422 3441546576
2333693924 95794148757117891561185649821187768756934557955268353775811735754447533786286769168
7991142415663276135359677266168677478671556976 55466739656
1689178136367646392619668514335125443231695187468124624427399497661362225579957353858 5715812998
2112739553547219112629967617581999856545424497921868432 91229977449611976295793151988236866736957244534532236963362828531498567122427942239659
2412865275943599797468212263396737663488887753468715546118627658752513972 594184884
259148724354324822514536465379838283453994 7521992752243516533923485935942
88592248558643213347962946825956 66766229612127292863385834366349613881544699551546187752285835294988294558428691374423771863
164487862229585326374 688385983739825145893154227712
823917915215453654535139883196872684622549965846419512118114971374 25333499279
5822842247117211448213138498632482572867315365522637544979431324676711331525174 784512626
83773662425428196599144529474317237125327831256426146971335182694369162367665448 75783597866824972468445187839367396621532556998624652312853785974329961
326875482266111849797728425315536294947859412547434426242844421692995 746755712756629532
313558811428357561689432566566137163876633933453484589445336931747717635935338377116 2571463584461314937365727283828998
8788624722822579667413314729572353889517871424144188137836272689882191752471349598 221969269223327579684965
8439568196517281429142659255975482757691889257533572333 4441815233994975979592641125638925117923742515843772812666855795988638469238127237174
424447227866254318716376799663149825985356271973978565139963 7192754459161616883766768796476614482424811929448291
1624186998446 346949121
912987391619744575137525159446931539793561956 93154414736619655139745913224723414974622633165649527728861193959526348193366249755865293
267778185685429881983464116326197 152875711585992325141959211393963426171456
14726853811739472576678461233399831928439765315832572213551362247819137813225487514223885 44363784747869538839492713645653171434486972953329
7535789511199742458435389973879663284792167248529998735171718144485369125441 8117897414262633559442835164919223523723674573
757698 35741814921825142931386835743749217652249458
566852136231976517526864111198626616692553993 9647535841956889957982961531135697359959236227426688315861599962
3142594496278794213361443516129712444354969874563666468555 8562955385483944268282413
18817336878917112958481717335939287722 222981886766272514328578583871216352879353957235148535623424533345479189422518179
38811416357173258821 2
749414687858485526455 95393982565986941314549716956254663195935899889117648442345298158
937923152929749533848214443294994322884195421571235964368694986 81
89611487581445633644435229243576956449679419338796988874519954884292334457854434 682551874189717699285744312558961124815621434978559224744447267988279938811762759
536 2954856831937515747921833976919532426545788948735
651837563696967778361269729754758149511194128965777698183255384179167734277736276759684391592 39311
15612698613675332775159774 3535695477843777976498936842146497485792934241592
82259853952875733121859234191594 2921321219594784239211424834468464326644727648824819735
733414423111229348459779893662374834627713325481279879662373299721739369825427952356 67228719
157885996377 75
4544214528423224227842414388 38419182714191326334284874973762584214652423923243667424365366967
85494997675837572 496236846826695437594742883277247168483879315553838323461176842669128341592625488214692371986749
49481835866965538354 6846784318336515646
82928188129928363377416465169495494889484921 22144565
76837396 34694494749962472665622593334123674611452194162484237981253574387594675457754962165842
947519982544127 6871761454176574119143117
27994159771254141791154932496221467181932293795131971297361248386229625686469377279732511359956766 7716338855322957298161
75297 61622115959924732818246832969331628747492653991336266199513273293982144285796119689943247512151277
539832179632443585525799748346767618786112825441541525646576887526756197431136641999446 414943449623155829421988974181227557623364938572156774569994732314258297725349428114173
816673425376336337958746367 6371626318495191842284142532
92242598992918585515349731147814893 9117233474294614243449931955571481253386583289352912976731714233566793711676668797813454613165178255
643644272715579723896862568193653858398211475246174868313253119382737364774949127264925 137227244111317545461822554615115849487855976853388235637794121273382137948
7857132 42781244246891327837579225759516451141865119356918942454599189583832633484327539981527
8154374785838456614213829893331262794182992655872559365896841576526214544893774341335 8165567953916432661923826315665713654571298658775717849482519217137447721823452191359394719938
4165517715777174338913157573286239624847555178212625499151542555235557356232486578 27455541686248177739214754381841817675693792437577477424243999269177
3693918625845563199332297342719176988698716882242842866677515353532 2784727426137726123599938623426948444219242418351729758731179459964344318696624658334716451
289587652454894442988225216227959364511511926181377392 9242227386116973
988895775653 223176254662
6674551435923337621662369652811634438573917968135932575899217729259385711353383695286287 975334118978588612317943437856372386793783587698132314567812832146242379774962619595257146
82277734839335973144665494622461911756737442254989758814667 49151377621494195894266324514387254168484757662858852396491574217
519468892959174545454936196357973955717161 11959192391751145
778576233951945325957225 89547569977438517218321158775482774541762489993
82738161979259676139576321423277164571696335 824376513178255562219114665353283254717938281669281637675534545195
875528712685926247847373539124 959417189331797687762878531691477351458898997195
585357222447884576166737458533362213855292647127148361333144254549985411392 2183245854559765557595189886375288446766197747
12558291379174366931149392548767156491177244374636491666469466316766299371856566665 58622422889445325566376961654521851
53549333661552545662663751588241526413852484164168736899138977378451345489459897 7951625988477143426766
7859787483697691615648721132323959235721361397374731441643188661156985383793236436 9192627214719
238257848392524824674883 3114244986144734419137
