930
37231888295169494414672567465393129395516712789934241389386251647149951455774862366957432155 8463
27818269361215848319684154 44182154962981859769567848158573696734139715834826879521131616513194295165531562
3174537532576629767964258559774 988891883
15567553476111564936611341843793856249886158 5516119856828615133882663719587446473152285243332223176261737137632271348395223
696431656658655417719697896271338638874574166839884766395851657984513451559467342565959564212492 1843587276171523834
4778692651382943577539349357241247 1213995633848248469226671631778727769384119469587
38368651456942367743257538936245135657948865178753714667574314643516485 3853
6226741712217372452852865422873931345742757294258715695935525697754693873955 359397887866377466424515
317784984957115462697447112757454542574665876614174544523849628991899547914514879339878889 581849842243574334786336874561115164574638698898868936422138512
881225989729711212932124494438268729989757771474978543585259588699959788564625994235 23959619828844696764611
851572428432738935518844445553959214 8888432792199715647142334716231711545833181722
4333384726617353484339893258651181818653557249623368828252117569728271882299536464287783164187 7656177644621656275189269764657682894463579121335
885 34726578614988723656499156618144514983719487119595197179266
81141165158745719918455283 9637483614982231336596698948584548834422
337178434668327878751633573121766669634124255229673782345723499749171219649564993 3832784165874662451424417482182447931328639692671598132465968933527562115843975651745237776297686435
1332171341422255298194663976549665455711396395886 334258453362951732812435578512221758816232152593683511869227499831
36854412352273633482965 46218423267647829197522749771
381853633971619663785919596561214462178141679838183717 28633462559971838973695933275666353967936652
62353564431887433375946 616197232
7626733929192832112 3764937412729994441594712251366144793824162
674931224223898696284831453766279165947894447523456841727417481234224444687498489699311418692 6573313273886463738122215116453467423916436992451638479336817373688612367445288529834753781933211195
85552637692723518353671921634138 53751293921118928919897158344149
3 32
943895913172379 5488566612126834262173316977565625254752555774361832719289931372191
8571821188227588862392764751139754672647492139323116229587552757782946767679154953356 51273529499913488677447964834454499
558893828682411227716837184252725273915113367286113378945441689178731792244134152864522822 1836692122
57193521965853135853996866196658666111977478917132654779654371191658348479264 333213917998431275785317488749226483932739361263112589219238245293172
9298 6843869565621314132245256699965785699968473597893274889376492493647577939713446618448
4877327589883869355263496773581538643254645561915656596694334652629696785 849791141482191884432
4145442464276619315135689675711356751445383369379877536286916384189553256 9338381691617225413178794933322968468645286519912832152639891366598499832296
94462889499297798951399115758168438383243518712752988743959978168163152824689 2831395325791882585139785471796434272148342718887171544397629294649968939385874668478134
8428574 557829858531
957485452237635464611722885698 789536363846245552526868463727385715732545963869483536369471764891674246278
75841818247621417538581188 3767543811421879281746546919718979154
842298633 812759621733
17363262485527 54457858977932243272512263471915686221962552975773535818992659521257896881395538856489545837751866
99811853464877 82
6835989828476935265671558892279178894988149558828764 919663355717864559618791268872363947768774474287743267884499192948488342639554418
78568311138338433221942689778555956565357453793632145753368 85878667117623795735656664566133672
47366339978259774164853928461589757442482464512958161117865786446122729 14395117929221382498446245461471736229296559138318741561266974126657666934144
456388676 6646249136271465
879279 249775928779877364858968214952476975189348914621749189271898334259775946188177
443553978164335276767431875275368757183192568859226752889668161818955485155957722258191891 89722732523368327355328311872918233838127299884764146368991839964911218489815584756479326228384
7521964852613765167516343132195293162758169165 137643776642692484651921234566547826124214172944111225162634519959473146788955
88617972361219193789112135995125933116284154 86862798512482178559928227949395348431524651833238462
413437458213168554462686113974564461146733666224537 421666144672366
871733919347 1337112344236153383357235917364267459971623829891792697232786
68682235951951495941422486555257486194564722792639848948324 475697879153654873325651184616633719344832954657721996433
8869595723618126238163411678634829117661541983393176696181643434 733827155834924196741799914635219245942148673844399682438965874775541863584467633547817247
1425287763931421945398462275762644452248352315197399421875215268912684798575821483299625251143 89525929515142791331129455336248361781732394973947237461598476692696863174571292923525837
286912223513522559831198779492671712 219551314413913764916737727953469619666588128613839675681166691399284467962528815637548853236628612
682226126621389214726688411455715372178525932361959654544562983596615265831225321226693261811 1264188495729121319111181965268462432846581964918129389615
6234165424318645934629 5
744329418524717121334655482149136 92893425949743584224292743651575825138216783988216956665779
2418116927579412725648359793988492411649382444561639763 21578458992313898487513119665186479387
1699234229231386914248368365539523736427 46531613296642834526877229418699374815991879315834631643687446759574812778
77674664479956565538313825411341563274565254 632294115133646555153293667376216776539635765814897
7524363538379968379747434937739951423698713233855134494489373424957145646414282677979551545375216 729286442243148817516117786327663121837992462677148159448499894631478455448356
75822641886543277124171981483388342178526479 353652496398154
2138659 4616631286663757675543327631558785128656389657865541535775926
6293744456351195627448871367719768213877534882912667266353852721929788857264317445816639 1961544829
34846657 695668917914991556247437814857975941959918166671861542
1799 3638452196787236667568795
114176632383372629122444221955643242329751787589664418322464 5515451379529541138428337
764617584775114356485585246766419565966552121244261481998463811137117559376645597568962 531673478144961
5319325148716726954 477855761888495162784928139662312273
66698995139327185198892592812914897591 83539766831616718636399933578472867327533624248519178396286242
9281723172465539461837276216495881826851278894551791139195468862178382748643582394939518569416 3951177841286
42899 69617484931389661472174224363166527658
2968944444234787323314456 5882344864826732725726481669798438626374
9784711771591999813685278596898498533611742387668696 3838645531431669393422725
5593427125792729859127396551414283985542335973782483222421289 9439952293578769337352761577394
2441822557327478391628429452977226327162486 119371382395882188926237639985248721752676162724975743188129131698443
293823739645725582362431796526232354325259117849556189465289915225288214333753341258245952951576 679161893153368272443133577635327583929276775586164764137982
13366945413141192928562423624515978914739115316873898688875588861343625399 6461944665617485238814158191646756896244123888666768771135538889699932988335934874891931399632479995
391392634855954698293862998742 81972454676175869675261959979125222532617258291366866716684719818262238
4552546133244299678416 6266512715224435677559437762251359913278758736978445583211871755436784274866613672
385999243264547613946596458413416256793817814183998957836582583341433762119945817 415643363526753633621897727899193666383829875365632637237873982383289298622753252163233317
8585643256658291764634892246392932769674144 393536497464735457557851
7391142859412491 387352663778844686963966468239216229455843813849
689275165212877944584164491822799234353578527349595637235535956341862 93664293731233687449556169175443785527537882624598767537211289355449481545
998737899188748636394 7596481
5575239168894967318284832962814148376755847142152428 3211422435576156173135136971354393787
59161752478929294957643548982685357353588763231946429182717349 3199255666194629626
5281522431824961655912228135645353 536729
19472488158735883789247911265932563565833 98956771569898665146
37526623811757594975541372867478454959717827611931591736351876721955852 11259645795536961212633584915187911169382349175861956295
258241819412969915562753677771392338431897635728798319821326846 5764648227952821312476372726
29447331473816249165997116397 45869865693769958717889831921923
686829111693193126731835168872486359529414791877 96993217652666475575173385789537451981951692883667175952517886445817499539758328573
92933447655 2649524349561716773456828
233784198255438529859895515273264653365529429631 195174824768554246271324663959226317938934347172932489857299527228
3179833994851723223 83224863
7262526732488599556518384835955793419122444298539175839778864652898483469235433953439485633478826913 317855328339183932359346786614478199834561162496863698832584966756898395296575
762786686731677555635 289741484499817285519797458567634272211194778748581242185584447584461794779296427518859865478828172
811936554388385119615478834679618867676841311546356136441135194 8723146345818886473829687863244434277554395737357821487637322165116629915148
8588799665984461676863748684671198115673499984188611484932714855628133338626 417449545652115762211658364986592317735381616343149214931433351569918714172671584
9 893221944862591796353653349199433224454184429791134852894558343365676911822675416597992777535254732
2973634755266886317173653313581441313199294285857996816135 3926573851289551
29888685449787659181966559417863486474999554688414794394148 36414229689753725536745959111589456945219893239988815
435 3464766168152277847418436142916493896482
87371744731688631658177866241294762753913569258336419578 616541422557565183275183847352263676164133679553218862373454939584369247662373878458
3729535749189464781869958886819645318838235634468 185643721484815326182211876289976667459529923314286188357596923291459134959733916
789313518353698928626975192817559664756479113535879344428 5271975567697782156748214554729349313524938952348924356934336437947637572576467114243379283216198
211835969843891474524664355313328782738134266669339534457571587678 13745985892143123711521647391334134933645528822154161969887978379142851824523146348829791981217177
376429426716145249331572124683138738845664697775 693173957772554582237739156711879138465945477851762875951484739491917945673
772493186841579561233585394144571841425424362542391 67267845591225924392149621457899
7467451789315889686575293424389985953582161279766888375146938161774533225257114 37368245597846814452174325836598264
91 936142587612
5818839984957278273925983992861389862565728867938173464122632814539241 88818273871116943561392217317873861541726577578362717134781599821993643917585622968337132425
374815769375163512568981338388537556955997287549 97767595275471796773
46917718111 98948312193417793322541843975726348836253475868182257288249
535547848152932886364519382463927741359727745757942282755743965811 2767815172344
176642214229225293552651222619143498417297762694893921295845293 634856632217956751242887929867166453417645565798641969897752558154253294
487669977361747871213227 474589991593142436664591498159916177157578452454417562999287226
545896321491526693373271726785752738297268816456 175272814691589255427735795265565357985688444125778113
3266591539384271747583771392472412215633789722311367929884117459981675385318861734814578184 8161599
53774126129782831131853777481369351825463962487971866266181744443576 87215455661217781661789557496676799833748844864945381824342227634267988411
29152349592156297274696264336678715334859842946885517311484214654918313972838 98488538714744692596142833477151495796211
513245932249644732538772529596858589 66392393532886951181319781728499931346
176526915229717848237516757954378492849956861284487332263122831783759826794894983883279393269858 1632479733365499893273616861825767313525
916349539751957245517746355549548 8597736777833966799146364249718516525361717894668756185147954833475781341722921266181963
1239196796657558935188476665644373622858789528691 292949241125476217364871631468869559975725227719314881655334492478777279591725461
22495493821831486423579454251536366997793893668583232631675235219112849646748364253423879336 3268776333626319368355
585495 572
25242952261389334284296561317416864665198157374481813715198597536 6641811566423834397376536391374264196517428976332717
854873492153264668324918821459381335189984266819932812268616294129334162886597789158 6946556783263732131365654748963313819765915323795212163983312237263279964996
6646649965574996298467534936785825614397836153517613834112369584444 753554281275964128944667956435112463988946877
77534411518415922549224891797338844771775114567936293958577672726155658531177183697324748 7361741297643888925752422295597643459871728286
93415291489749946912844655274558288951687384236 52129974233
954889489512386561159332833434854352579716218248624531667279965 8347989271258939315849627124766989636863949161946332669123941538378374691764823338267755573
6296677956247386926986953673649244768345378982592419639966996729947232487762314129483359 683687224929424375
7638635981359741816554787737243314169 88128574891959658251372878154142438588282698765496
513729178296465547175111 1296568216563757557115816784384825858747934278677125335794149276711585616
363538218853272692575477262736997961472936636213124892 278615515413278
17 94726287597998935138486418443339182432234837
3616729759727924467251467774178686266837365727571485699433621 8839744914847735854329784736269743315561617558871261596918869122881812469
295447956918583494983692966223535545572952937138818175875631191 86864124699628864939147471961118848964321646218236518369749459885899215672259915
23183788795373362471633383922148 922324496892935948132952666328164211996622669363148129282796387827177861494434314928335495338616
4789354771 249329278112385158791576496723566489462329858588565
534197759745174355143726276285281172334976874288 12576737752717785379196547276214873811716661835292768321668796483486984883833
7946453249515473429236259 67781315544136492545679949672451747379263316955524443113843564
294814982342445588839399972718819554786784458735346765181266559597489993261142784526286961541355615 784522
7496629643393455872445431539656889325951816379869 532458319158465151595787242168153576667355187486482977429246582653761212276376674314986268722
39364982693299967955171464186486586977 2565987
956613359479453182778212432872 654
281793998467854548372956553691146942926984539876535988475959734188299844841 598282318865596575571997569843634587699144996542435271454166
935552625112338637958144646226438791543922212941173523784868844472228772194717517664 834134764
66634278953768624894675191222582673657934317422 34597463311452531858461436497589523371714785256549974774966721527
796542388988689674334344519456587174448914458737882117771354645616257193969836525928987535337673576 78298119773611
29128948419534 19817274843874893192986972619431654891343759834584248211295257136253183368776617278
921929469239 2686454
9222371617181736741563 44586284495617226567579259391857687782
343483136 9695619866338866446139862337716882288146731155259665314186239637112453
81 92851583679778157
749641483678618643299878828358542961939899224292 989285662731598222717947156642516662728131
74386712594842117457843 537858957318297315316332917528888827741825656932211895681
252945387325464921732793772485 9314662612251568423636341
837533425237775851863475 6662258688322865615
885697396533394662815264299576249444517292786884 67587663386781938958799768924435
763746326522874951356147851269934567194933537393242733831825249376717464727972117931772 321974249983698741772832973335322946
43892212636641671371928928553536155164273165269172832132437465865653613386434128383815542786465344 33483756978334847738483228859662776275593948245219627813732482
555213374116536152216429674 4156741988769539626715571382265557967581637384676545711562585684143878717318135941351
65751628719465417772756182983711988986177354888846873279 398241735588684987433783
2759521756436 49182192773514786813546743648918961119885314861644241191963
5485379175182933827766874965341323471566577783819317221 89775569334779783953924513887641
32694485823592356913247983111195985657798937 1772311135298459637216632182114767492171781277253326343
56298228575876622334955328253495326149112531172622121721289534346579269985889939947519634452422 2379458599254767322711536989896
4455489731992986356975548799599966551371157878321391774227425533767875284753567 3841385515591983568832289458729854796138786832511317449549382145576
669663974452294517885697181738272152574646178654389679159614359782316248355162 139728184137663189475378
7849551762619741826375747479316286747762799624493132512925921524799365971 38825255182761999217186586724359489272995471492424923368
723423355717587271366668288197542463713642148281964119418892491741255919984764 76222698658154427999769478892489196668771886189797232
58862697963695499414682912566271769493879852888181829367693816712635226454999511494 297763628241271925397374172
1522992152792931159348961249979867737868352493885288533526858385457217859424 196829797458953352462944219
9733794482598778189571877226935463458831782984873232148982123165636874348258733288645258981657633 8484986446935242617573118847532896627781217816511726526192218932689994661284597818828
2185721455437229437761826268341819459658328729681147165139988439722675948146318886849931746421158 95672475229693613968989578613967315263167139432334626578948848363291374528855
4838177132844632931879828991419281756374 65256762959121664267321157341861972586728769699964827779927861718614734487313
797322595214944231269174416496237173687342363269545522534672297164145642762 9543914295598
2863629365488868258512346992216355348986694944321291987883454452776738962781464247267875265857455 331793956626972173694548189583
349388945141241498792982481992972229285333325566482941884636184797214439925716441981894496 2894161482447862893679643279413228742181545626843678724539715481
148389642873323485345587594594815844996398815664642912837425338 164552148861131669222429994995419245141174632672216671162255743483879127
23822554917846827116713578939946988259955775996163649531578611273419918581795744 3889583222263774341128
26183478553541625452765846195289592749767689371491447938783 6974324881791912275665953738668289413563425826543
88432972429549879 17946637839883857138813459429411476492927262164292683442456246
6885557189141453188578394465352913161899945691186 6658967254395462242218523899829633195477546824947198445678761699747526
4237957715996142832868982765637562197591 1191273865326836393311324594515
219829271814387231733236232726293541434998517712926588678749658388293917 8628378722562
738544446116943831733488656873269491749928547216356479 282266933238644562595
3548972485833436192749865183187786828983959338494218437134988679979 654614862897674527653852739586468852827911
1855554385837367322819225894437678146162474293978773564645 2632
16663737918112382814678616589157477249794214629445282 4818116949841432315112467391416245346517564896953766478719384385225888645396644
542369225995697851615365726335948383584436524295462549553643 93191982859
49378617753968319116979467328864134385626131965174974942982576242836562998114495288 66284872511442294429814971568324
722952752579971191741819927798479727142485635559233669138 324232521653466566862292394579958859161878916974797519615414394711666165738575778851699798413428
265635952445448486488597514765163739578894348765277383367511132423475661171829887113 71616971366991241815941644197393
4771879786347617552 91331947442856853615531689531934556451488528545969157858234298282
7881372911234 4638535
41836849792839173452667233136662976614872419575829621866996932738913446 63327638112741167598977969647539351165
43282679755364469193415622999766448277945461345753854665148196551165674947468667673677318251155875 32164285214615868472238632671571566552254453362833396791778651923261233293322776339998643598246
3745293981758587752836297997195777171351419779898775518292563798533439746543268252953297836774349561 875342974681621485142219575561338473618153434574132793896
54781593378792171221239538926884293985365179838147826123947776572541193847 92462478588217479317487512574295543291778912847331531
59263961333638141975274815553159875784438735183798715666437 2219852733236561294958461717998414945921775937763586178
4498215146495216214955841525574225929286322461656321183 7871741
566797859531447 19629311734722354467788331876843398556528216152442718
5868198448217433587595913275193188458457894 7476592368769371348744685326612733217497322413597773169559923
4928261223986334294832981923132435744779453422653499919686545715748811164 442859657343126677816147116731832857782856585364298336181862975844
327264723968554712791585671866559727557657578987227966741525547597528691712154496916191419933 4883136487219676793456212199677297183921315878855469974843856673872225744416
38965885761588596746836217592367642663766184114671994183121 26931647882922166415725481617766264529119
3457596738649326693463999756938396853999887554952831678265764576792 92617688457155643584883821979485356743468
644957717526266737328261362319585176272696141279467762128565 33515943951494
781996526816962479786 816563387946516315532668477537322889226452926243782851683331678948136946349941252379241889125
451787251265144987543714529262418594677962155474 4969483699183465715637228385271667194415669
8 2
772979461162926621141734972 19273832631382633277614453245493324345934895336893419593752
8673243766853363399486655481858815567381585466151117233163445743541362225195921789287 3668561236544117878921464795431177762626242291954149365597467212357411862695738876426321246938724
933769847237852725449716639724968798455 727788846494744735615533611791796811772436
591153882718796189466436695977319554567866691849745894439622963719345986422 1274811544332175315831931625799733751239867324726741137147783139
79784417835341155264368333311621214336197434426639826987586254441881477555372278186291641 5676832379548171642887285767244892853554126312529528817736318469175565366119897667346322
85921363754549631331111786845329373183557492 92357593696441496316958723552117537156155728799957772338
87771469745343913379229596286853 79921353153493461383353773117942482538395668213766388717558771824669652252667271339779394836
9734329791693868858858283698772184496578632984319549123849426847661267563657495911195932 5938665219454388257518781677141155669467378165539768392686514348751564932588472711192268331513549381
368753121282542248987864651761113714784759249711597 56325
82362887383749184215311918735384417668625165725621892567269925273767576714463576552924213191382961 1636898598235781772235446832569638537857267464744263676967475695821162925396379
88392524633868155171415177344183795279216243455421497397726147393117797777 189626177
849412818683148958359736364769984888362946363492376745738517154776873372 338135671521911
45275254864473935661359623233124522271141982952 2649647718483582239674923634371889795356932126529599141541616685117868831398
73218438 323278995737296631199795252924484114245574642995737964799728296868118415733573422123222799
48456475253344973876526726 236387378978255179584351563366653443734244574575944138
983 686234558193752248748467721955196413572413719255892161757139444731296958679873498396
2317485773248229758995437277235284414181679758288839157966252763543537291188717 8988526496481396438725382151319346572112816797189814432982533
785534111144547364212969565 43145734429711378
4521417932287529735377862442613546794467114922814164221711847439286 776329499918674425421599547751141141122486515364581866372421796527322433585522882827
589756858548156373896494797568812456528845363685787754585622975529869863577295385785 622192894862619443712832258716843535387428686341328188314983781485886622796373333989
451957364137158755945118299868712765567381729 4332162676912118195124914428123953224659443819753378289781
4294848883424474972817218695917359845892995689 92876692731635655825414354753774656346694489153525493166758626776554834978934759797
283314467125584877224669212 312748553897614985525157768698314394815439726914677692911355349824348727944919737556593
129134265226593896378468623397274216986761193971674621596156887897985739557848359676573828686392 6351964586886254
84863626791289536433614422976259978434416136877419276434895785694995858469634554384225986174256 9747598913342714823225482
734426816326189751924426414522482534895 2614233327465529635453863257531322617548
21363541971399356362985936377913417569216541191229238584974533665588163813857654691432772 7513857159981447669361499233713324348771169865647118721343
1421789428333885525343351214 8542853463843941394415965471856276243476395467974555648
361792854339977189992767176742125662353844968542786956654799855485649142341232675 13494412818517252838734824129914911379
1861638833253451727496688389923427367696693575955691821785432826198199266285 284788854912361987972841335825792857284181733539577227367576898417387162259622714942994416872
465592122 27599916596794222229285918794495787248916323485355456557637548679284
87934778615435272118414 679136995274858258546568948552
7338836384438746842821318592369992348847893 964856339269842937655917612375677993698287856251768
332355741195521293657268719666347538951 4814129399239847671235818839934452475572853473455144754618
693636826754882813725513452481154262146666598372116113764841648568349311118683 8265755858531375672898134896443791673853179214682539717744888413542892889492917369
785279427592646769571434332976214887944953442921472561638612153935575489451717687849847 1749161995351554198877631856
477166666522276567466915265575358852185534628873956595551311672475238778249756913652752351252 7887769654655249795972864494953799845319429915913244139415824822541
26364615178273573893229875557545242973614325477355895625235289687337635221875 15252996274259777
789514115134972378922618585475278867354576311196356465915678593858877841396216637761221658 418828427625492177491167273998118731178392743
795741333661461316474499394957192162337 7586858466115652374
3822746728452726932481288845662161935181812 82
1863641484196784325453956743427384485883873194817883888873346567138575568367363 2685515437627491395946139913846663422989279344568842637
727154298853339756574458511889253536874926247249234181599584388 672491814571398967232459715459977553154945979561936429998134383935995997641167
655861912365244677 1551711645163986921772547194687882438871155712
7191622569621392321983258 3666864686767651897471
9355824411579577589224511641535459457482555236251255151478944794746342422148975284 16632735956793166731419872998725
5744729337155681188 42424791
78255763117248943915464654431563637653982728494916698121451435284 7162598214373298393722943256648
3854574726312568162493117782583738427294564733883278353875877494234793529849462974858718437352447 9776277941252964619979869
1424189582882177182827827676183868 6883735928
686923313187342642999985168576747263785316723 5369629948497437335895444173962761752624879877887
986995658335196955566383188986517159272274539891374454266128 2819731473577676568385728911159197324411532
49989373767167395993252674413552919951628584323411951571215271352186479923965479378834267626321 3957588648128724799477817249476813996168681724365539337979563738
861171142979694982568627594196473839373695594383913444875479257834391452783285957814824213124677368 471133344764774664572
11934815198742547 74664942648476121849368126692535361837981548995662277518
1728227183327733576752142 3152365221399584214253664313731718564155423474126975783259199187253159988781923585449539824294589564
6388114215756167772443727391536854667546721944912 3252516511942143726323842886517614223365965727221477464137696434657315693
6835479724637842414533663172146522535313729286363317 4329958597141745299145252235431915781826185945767696826616972528364242587911846117253874125
3393588353795316722921921539868462628295669473499142761159949593783255567785253333694351539 76542179896175242731993932639913449558647182878
716177369693567347847121842252361129786545615172191377481611788815 47931392635666134673825814767353683139696328251597527865521814421
475534138655 194652846
1839539756636953968418633335933762586113922411657849957359986758199713297566 71599552851514299694251469729827824751414885756761
254739131268526173568711767697878659274862813946837783818818152419119871773191187 13852753852591182966366452531511742994952676483351518286596131962793669317
964872213193793542684544498633655 86774454814313185489291534254189615395598514649286919653285775
32814281998818 13235942372595585145582339678676459484425118996295753
937427499752 1562512152665
564153359123742848667188597912747417466852553557416954755497 648785459643263786478779537141973658274983696753885454
8785927769322921664389517266653729713861662819468484182529945977148259428248423146288116287525244 974812
51796587933575739382494581996792766385121984471262 141286378925575715546879886242541513164214978924584815661353131367599963987
372811933526 717859948334422827717523419484855928845136323181631649632951
8821242689948799376368743371232266159382592318689183343752745934594167875861 8156783129911748879629878886716659124669931389471245
4998796336389174133463698481936347385818234556341913138366195875898579 463437967134326477747286321447554936816866191
5273912678418939347416271521754957294122969576472763179528889868754938514892251 1724559815841863242852713276249847496617691734
3195 42341368557883395
6336822869339641575755371974534 175848158979948887741866133945956267534233517239147892238735431781986742973157965634356927
5849739777613723345873995574881716482694426414728129239859854281615998595892439385896567692416736452 6484118643126213312726537986292286559333381
556623271183959544837269317912569214662923661678877842325759871675343147553946324139 481383241487281756267666198
762159338723451959618641672556152349874942153949439396768748 8433819793282597184971452463945994483169169895364299299171382486597413781172987
2552 9751356363647169317863537
244585327476863413258872123291313761343495764461442267283756855744533949455 33375414478727884849233291436894819981394566
862834532883376841782248271112788667389722512875716775331856328962937769 1981875951592214297767737567289591718661
448675315933722455836767598598 7513717293175243387985855567215455942122628771438871135413
11141457172854179588631418452987775425869659262934985883969621176293483 84216569125474474271957622743395668431216512262
92626116234833142145726285194596154165 191715367516767758682863315182569618761
4971698966991299285696458828 6
82463574632541348639715813362552712191196132385 476433454763142591918447479867911138536657196742769195335614588527895993311439643875858659
47459267493487 95648594582747188792283141342673814959596334112381247545
68 676936223982757458136294269651555182913968463936628631922838276775731238835651266171359169173
757321513372292148734555512714146361263814927893 969151984458642828344734378574173988179478371681915373476416777
52358851918123992633165747725411953666378978 586549414591124544951768427
23634644175351 68212677979325253574668495386317215674734634678733689368375866736884479
65 5479542673739653888995
497587417496328842445477647217875 47213684686945162322921824474486876793697145642999928
41443747169527366197929379821759443513534572732353544168187298631962448473 419912554231262996548294536448842353442511416981238627121418
15939828179252887722769949735669127117378 5169763478252372142422
85258353521236122183747195115243758378443293969765382781436428147 8398184341199599172492564238829128952258146224959694439483917847413769526143349793951
5713981431494863432862134885785819754622449155313796789419 7364435832294341345726438754188822161758618712743157474344478287912226252548277328141453698
32213678759334 9388381787325941
143874251427455378786893244117359483142364516 9799116796675766349751747589813167616373561723247153718458543954642117479754157333
7422154452298148263896253656247782549347167676383162988973839344746433 9394373561148842984523267485
29588441328144463172673525611298591632366318935945896716 4239161131418116521
174351885421295868931774395661111323953165511833 63484849834434353517221668853378149482534722139686551834776755383653
8146366874631847916191765411774621458355897193864417213454764195823335769 836661569259
6125382497194956433214714366316699779676627411242467823453183139494748 2172525464525
36311467 69471471235633583921419628657338858393751853465617481227872418373
8451786338 952775583225671576264188728934853458823466694878587252339769638294537686549966446848822852
249361661661196135655293382352638981212767653812323524198149275347111954115 7651263413967694463658186815983217218632793472492
4958191374456 486937827687172114273919834297935386289113666546596142431555551114636622821
72 7442369317965823345719571459768838698783222985458839519267294187769866587162615425236
275634353372636765334218 74999432892636849288983261563641392567642782621378
582 61924295447652244689437867634449855837991659657498281595533422243646896969957141344197887222
6191986599674577123163315215699955554414861237 667682347423287667886365347691243556351562497847647917719638787515888
7352167152867448398 325737611517296982851178791792136436925635881583718574615559881113494724138987355
9189123275276597664663223572486528765461621338774876598841743814544862967865413921954122 133758464323858898876748755977359383635986566371615132777114122193
8652823137144886766789118397896376727371627238329334369574745359865255592673777845 18523347384775412258788156881272123889795256428593954177135635165
51384597438248872784521351179451534754476692547949233176142427921421776298772279385727454225 2459
94497162241595979 48683989525893711731383421363832837332793992968817238324
6651676472851891935728382539686662592679627366226667277 3237199417317513562272156754977687685569513227174754353895182793527
653196243734598456716965871878641426233995346528262236124 35661485288934738342145853
643614 67426188719254484649791951714437639591948589614594522258
36286443919185512428576465256453747533295 3
2326 649834143189693389413466815647815772659498223375238597931327118482643558693262679
34839621651 654472435687314825147733113256432726592144327639922779751478667643991313414621429343
98934232418686635788 1687919883234551136176757812815562963376974519914696471912462312799
19211335853234793565677528281463342291235778796745451472124581861855283227951444219899491359 632219672966138923933695654797478832346459727331
621281344719182376766711697913119327679399798478741327361488472866281735977771988541 734319645253291175735266463485984795985146638172134421892999682757622186973326447216344617938
929886482199782867954543127895385917548124839 35919797543153761683845585225741973848348478642396194192142678915525613844985315723
4625195776867957396735722356548926945847614441288478232765453699378117472 8796563368115322243841988389786678196278565617574478321165823129
56686659 9222126669226376395164224739576252677569493177576341149432985536491543992784961344382184
87455191943993852298954384461997522797234547813886522954 8788
391368963569582812477291816181123569 199259679926224846167852768474517867137154318755553
875452892 719592221518842513
614274752276724887963841856 374373988554129788517996842379996477361439599569131114526667827868732711376991791951998133
58972313517778 283422866
4169979552171579737445727861321642436919536265262788534722754399234215312331382759184336675112943 58613511844465782777457844289957735642868881857516842836458435
45489299561261995494463127393223887176741241329543725132243746616988465817 546595956631989926949336264314437761553237996442852
65787231392778585336616485868958594267888647398291934476582752 269526228993218511441
252614877548341752238549863958624872355355924716922673898737382555721272616725784927195116887 19516553781927865549221313362825495432718874295182461
4646563864156921421598692569128461592643165177491534331 4758834693964963437877694384682259516
18774919737267393476453 141853671126182246244168386787326494284913634538424741164926216
29465159436559433626954694328428688 356271833362544966242587226891124565138199685483
7786988942452891855698672213447833159477832274338223616929741987164969998779539 3595979581831464657686927771334684427474364284812343691549953615749222869457462493234233917935
529169542936932 81632696285384234681813786679475472279826253117752462253614261288261335588794191854649
347274792523513618453348967192 8798366492914264865887857478586157448777597186644877842119863
3138976533113447912591174783934692951265268177469 652128689187862353198665212388499
966429866214566268116617248995743353699781422655973448 87121491724
439176834121969975235983375842617 9974237541668546389451
931112687 4699518932415116169
85949218938672279158336585683498638798189523757984875662391148597432 878629653979656429329384317376786677965111528813695398177
5869136774793112342488918897824787593387433933917871266227151461191181 98554969778823572848585824145786582321899922368786866635958752477652575216949359258
2693664269764268594263983594898951956456819796329382112 628431632287163673747
473311864783584668713 59686112758473893458645524721524562376141798625441692686256227492723653662266853
545466825279266849885613646512158988678789876478341713126939 7966448239499199441935688934113282689914415827555693322688926836441781726188932475792416447681927981
83471371347662257969889761614 9382322619413963421945334351336417682749752825931264655626596253165279564
944334391611733242795297779259147121217333726798489668274 18569626258393371795982783677189246223536464964
9377728974433986734986487929568924794633531232134124533132282897676 218239862681615244399176496488843544955421758749753796123231378581216388258385883154293735987433956
7435363689331741269166654912368638665958116744567689465219524993817244613192634398416624475276 84457171779499959415773665
755198775569292786675123942729 2729223767916697297463289633541617562993393424737825619
453434298672495216462897 98551891415179452489682761132525953343725778595277569772134458139655323163
23688481245589699551198535227255633986674496 82116941243566678159793641459484767377926469736666615264116795251367162955491687
9 3143964644681226139968271562441588991633261717112672
88539521743566295227438787756456581537758378576457295622844774142259252127 4324136614637739729895526418661419812523
6534111448651283139744 722899547535868232663999275236741522323816251
28142228598679848922233233882627195322549312 4289572819827248743842263675852933111857155754524932822618568785353328931
8752766353827646288187272889622889364936985361526197977993529161892529692 88239662492659673687934254626711765979243193241849576446865196615756841355722186574887962833635511
56153654329489752355883656598838342621 1215
9794326234287499967181855276842269 71511224541916328812815553999724695724734856421271274112296575
153299643295857353429164677839754768766674312838275696349792563 955638373381334457273571791368793153344424285134516999945976133
4418651284881877227741958231697164371765941834453 947463919456792234914414778195268773238637268897151867689
13935883811287146252495327555529971476427571687412153875834967261348 137396153457111562492179599846742692882235366552186475171112
83475135983228952148664757761226171878479822747264 747827947477988268595836989229441987715813994296517964623838748
965416352281923699258825789236232 87853859937688947743781678285582148877278971
11165842324339214612812245895741231226456218372535235972275464536671792537 57
65751677184973595938317341843211972282436339317635294932233778854729 37395379247684429
28181157 973156878235356899191
8814618629885184295378862538287787999234698554664 632337715997279742585889546346814672394933643971582698529
687643536722231884758535434945975955364128822 6759845318895283291393382641429263596539248672282891194594162691885354152955245953121795676778798
1554521316186482764324245729864594555973486353718179212938 656298123716559378891388767428662765743558323815157829657227716524932412692454116774
617182625569879473283516425196812 57547147173465247161813674277636425815127637528173
118268119914 95423232393813492454272658534571845583356295948916964746
19817685763566477354137 986154242852372
51495149317164415736319282346542331396657367625814654881751867618368 2132535571189624558562683869216523652816883223487194931662627142
88399727132115827348 869936694499271798499583528253782392682942183912521446866136
39966399775241354131187858218951 91344794794765552426988354
3664623916365675447867278976661781723431235517329 645313
8619 5883325469673896733395787
69795492122867558935939134677235247161155895385917751672264799988426723545991458694537234 496485795753175412953733266695785198614938
1217544555877888273134574391582539185 62594
7511197783637775328868449361186184211168476134485673114917532778472595661412943853716734 857587999674176351546743262744771825
6395117448696765512539777849439 865466554865117766568182663221643944374697771565636364166673422931342533693776826
77269392684499248463829977582394365447814744555418547 71765483111135619941115346359829797839143672347955727584942699628397512263188887436
194886664436611253374415661474852495727 7817196713
5814 3527429333967531848419141876462137169589571344844669256586389869197139548369252214696282723151318312
14916215232117255756 68979872
8926278553126968173372792455741439155665946497882518531766164449 757491823672714213836714149979598543316872112741977658933239236521521164158822497
1547153775655562537191372949261985873742755838296654834769656672341775289711988 197114184319135194822111622945479427837
84833296662814383379754611519156143682319143474291779731316252543525871678892555837619592 9727656249828986882968792422112588747296699648868
124984335575555578969727297159681923836889153321146175619 81495911548558
7598795299982158865965611322 78212531136
82377 478761598173479222248489361145518317295975557477768438792351
363134542987245411 3763985143717339724
4122139229417374117472464494319483114827268322374782112525698221779181787 56676994446526872334691843792179297748396532457191512673973276758588863857213354389972768729
934673272657113859353913646767219123143744455644414986427488479845947 86493636647965519214153817239467959337978931541455746343962228548879342
962436 98962213
653744772396971668984545132464645913 2149135346631262798433368188532482836467995369838849563726547239648988644748346
9165131522 4856733667755195359941922845963836987817815616296872922338231439514843487662563383429228
9938487497687671187763221687256466568225 1881
534471216731485684375262929 56741783887625483369251722851361886767968759425278544582384512396145281524342827732944546
145715698125713548533319167234518991256447491767253185915668988385536639312979811716834414563 881373887375399685678455384291
8644244193653732989681427451626857191789694283393999633359433954732353465461234 2776172795641714291252618687135694858818834816387228334333263221149722177232
6897443464952251 72216962446973212722129794666543272
4944714821133226952759555325237761364767855467765711743563143853688277775226824591273283641769 676114176165819792726813994891195759834613627884968363586
4225 53315982254642616945375819276473196955666354391476561
13817333 953332633988614866536132949936939
153578365167368872385234235587356728546436612997335633243429562355253195681135487978129994745 714133455872628679936889251542453312736877486289717
1272389379787977356381597399493327788178934264498487765491432564457237456366459 216621
47174352787355932716697881615626928146716699628878926673784529683439537911159337125929769788 744988778119958533351511969982999444825794963998673945596
8728718211294346856779789323238863627 3175564958537921428344181881543828383298741436631557
1858217228151262419318664238524393773166698369842238916998996618673139 4484247839921386281278669
961862531633159929144441141132387274123352469499955259157 5927177878187626369317331115295
3686513916928636271524418772932274216172957445315983662277517361218224911797 1714965977472737343693519354991195249937561679955282892965947543424
7311756167317814475824545273859144247822659754 68691758322979384296372889
24372114386258786379915286775668314447684478978661244156494276345 253474977715316464821792738144172711391799325595964918933765137855716384972
84171589867136742965863678765216185432288819356435962265125455 76889364915627418431523293192946115929182
7886918233597 7563819441968931623646278268637215619476282816857869
8256736456831921159554211563359476578834311998463579494282167188569525974949 15331449811169
5739422554867455356329588394834665297537 547554545
91695343555561888913831539192723349319146944712716611813 994327922758175885134317189866986795929614159858678238487262713482168923287395815971155763
854867 5326115544823625486455639134631691927643195992
186329458 2868472313824369121738243973434363914831257959264626
74879279397661552566532826626915314196829 5
11624744262782332382186345972365643141526426999691735286164876745771777712863915575 42732859716576926962652943418993739592355789692517452331335
56161238254995935485257243225484772368992253818736447374388161214722575963842356761313354469 8813127155924475417233193291655264686687218579261871
3914897221623598494135859598634969659162713814245423551595615143663678762633788 436988466439514771
72382215661139922878658961191965374922184816912 1622884772283823598752532117425482558467587976582822874246364898129847474848126662
58945669234121281359166562685362553124585282849477732113592816751519286398918962183 4652795986573816381145585189819413936242324979915613248161963579164543796945949354395927128
117118455295138247158194993136379937 154
7767456948421393643138937645494448938549 77455515226923993723155957166889799455352743172367968731866911821
676241336719634251623755721541827467514615526 3555899961815
6116572484648371831737763163811436374934569115977466311997361978417296658244719282931 7432687822695566434816514835444233439277652169
6549592271756517991397965738486936439148834777336333448663557841561376862178942622493632398355 796323435718413
14479717378797396 45177397
75827593412321269291572488695441265398629627693119666258576345898 9389275
941899274288815954168324226659121124679217367938643131322246179166787181413469259986119559732174 6782356828313247
91392854221 18262525213255197822772421449642573337965339
628736425413394514218 93285391828434892642329668873588582447241162782481814664271215689797514344292788513
96452698 69821415998837938717942426125647155723119815
21974891826176273991923 2934934927849
26237648 69442788525
5723915156742212787449347774936421879724836834873884 19323713545525718834215917115593515639785644759521
62439689374295168793778446281357121121757662242624929332111625 727143644826559988543117332886722246272568586418581744897553486
346559236177223879757479549614842738549745142451338923419952434927915576917534763434935943 39158674415992789624146858451873463411627811797613963746218958887987616866729378342995167337264964
1976536391597522524466344176322443497771516674739542765663662187279591975525966535348476952 155295896432
327298382235618663312456777347488482742486 9515198153634672716262533821653258887112831927546278763797895
157594818155342961126571666186551192996944995388657282375123682665448742124939248743921846 787993284989731294961579555
4353183379992914998696924387693879452318 8143966356747469995955135414984511346426637946746314382254134
453147668534281272155569713345861388151768187358589187644 9775871927668835149968289344358
4 384236417194958528949663685893398711817618412488241724164371178226957424
39179455846113759332618392821397211776968 955895243352414512361175511418773385869316245994728429179986194953641342176354
179583543634857565214539298647351299838423821386117856 9111253391583816922841796
349422477491222791778856438433523886676319733646438323293131924376792644753212177925823 2152992
267565278199735995616443672164529366 9186788534577776246174733635967555552989931626542125991755975966996761378518788577927883
498798763672149298258651882447776577798372429456713 21827578572449759956734863483836595883975149729166384328163911542774
3984737388163868482256528916485681242224561329293432824331462255242456671821483866924 242981981165574193987579798145278597635442691152511882629459422359282234897
231197751445513849589777439131349117692275291571895753186521222315748946836161551823 242594766177
783856545127762741327543822668448149115428679126752518627156117194845737415966788 677396763352646219
7282575585699582524868296364699161495878694441991591132679123136458 115224111995417921812611427447327822958192698967349128514184514849456344971619319911227147
8721521558136948994143456313782143364384161287277455456 43143351589329587369279488229992749581525716429468189841133596153866164882
5213418211723751531 74692139637277172368715938719158579628531943964726936
93364182499365787368294684545846976265119818884279766 37676337385892225
5446134489845646442318881484556861818878926875448932116973221756228827533516288919216876128192 31643
616279662957544621442127242779895634 668115966991455788597538193418898294771543973529479917738426513975899159
698819 4325595122837446393739961892668564839183756833429777959893571997968399437
58172722629343793833833191555665784532571311794159211827627439427868857361628983947 492897813142921582286241638388
527152253954634854966814813451623294244947585176372713854941977119761516128493356244614453674838948 176881214783386451154246431812774656777575468295942473454532999426597254985969397436568373926
66944634635542582737437494783368815562971923965998546371542678855179669672562283314315537956579 8477122489469141989683217847973753964621173728252945
737132596585537372119 16676391822725
437572358726869249341462478571784279818643437726575891328528692687718 4678612444893618947319749675863832164887799143947519888793878381485919663399243357286
75621791873916627842961317255836914327514 4954718382978753471
2758446987464562312124864393834424238991842679752821766676258547762652243577724175999968885727 6825139683217662422736918678876528353773
82623526699761553784999437312921116227563168 649
9526157128391872714494 18221548721392413557542496537652685941475735398773775128529841666482374328185436198448635175331
1749973871572842758479742925116397692918732371397486727524699488872348195199698148186363514911357 29613216179149362715
83384372 199939577853493466213317934585183448298292568936464
9827816259969926565798949889 482415365544394532287869985668347931393918731561365598689588497766684536
41779372765929185834326128566197856275121287619957694621537724962816573531184 9961767934171942396612595143871173654444869881185314655725792636383467415531838626993378796
718754538597262753764822579276915398 178416383251722483989633971344781161985824332227377119492139667522323457942
4244981159958127856197917266883996454557447657276824 75149136735955811396237235511
7281165949495931652848852168198318449333744871794422426452224172418573396534654852693824547574836 7558654473146824185397314881787769194874731376717891466628417317772782264754818
663333182655779421153534137514 3196747229755479313212985731417855
155458979766393436447893858135473972431362354 778689627126819488419247253218291636148378692577764653761215878783
15588417356537382398957648476847311293728752692711559737374539144157671132368126777954572464 1893585632341769993227845242749479163
5598261454332535546985253839353834635918178239332533563172455539329793191116113872998594 29677793255793362349324939181874223814382971731964957819683368716281146647274351729321855
25315725322934547323759951424217 697619577919631413798153863168721522712388544353394117871893163
45747753738531938646892395156918991711899794527239 419553294732498455587536834
896889756165721715555136651624 72478365242336664845686974854542451127421383441
34219261824398334346933398549 3174138324417972939249449937564798967657764812
7363229599157312711885548424142381377989571296358794247343537498338714222372463861717 91334985591339625534553418419692565949279931412641475892971364779843
419 159914618459665332858853689916728779611792311577634982541391632571496
9631827864358299276857537947 9349758253498271271878956184425174731513599985435373598786146934
2799218535623276 117365121537582763133197541515558912459783641787287865197395
85454342737325913383993555456933624469433631367411 237535951738
69425781844348419498997 65416467386818957825762
6441323547242634779946789952146967778558654314566797742312179595938696677995 861
87428489312278579377534185911967 31
1722326234713862667134143141546619251621638248449488527833781987541681258631813242865971651147 752161327986784574
4222423398315991867957856378643693875998715146147785887868145389 77582755759927278492316658786434742896484699453741844571222231128369
58271398998789182479543415537291384452667322726718587519745655525356228611641 61449886742494896712943334219424732353194298447335837457836615614312388236626691913
971866797946314123173848153267278411242924896992587243653274593 323131971757343867489613527
35463228684186772628946794695689275253263938144199486487324385258839648827455983 1713817563423152563667469975341688243883352168157817478157724151833521366
56639617111954636185722325894616744994867462 31876771722524474913689453131
71499286856625299761197222745285375978685675679221854676 284223168416665594754567125616994
55669742735736128685678528886788462186367692271242182965868791428784885987689 75657719499694937368219879979216446654467242766931991389952476441365433829254484139761598657796835
31371939968536644782458 385433774588855415464671498311333987245538866639494671984863263978182212571443845927322194
861381768498283186427167376973447352655171296929839 5264916354171215363488155138778681372193882763234352386841942351858489654756847573464442346
66885667977727294696276222831857978 2518346723691445487
58154595334167581247517852164827526492671 9274375975445632734573289184129478912321128
28376814571917865116445379358654466933713713756524459889342452352885116527 3259945947636366799114
59614632448 237338441752668418677654244351265192884585734881558689971833783181614
4415896858118498144241788285194539393783749853755353661531818698567392822741485 78977986148591674616784618913924728614817291898859
5114841351162714563191498796684544198864573584184699725493985284691626647174424446935 742132594264471327482891563245655816286543643467
4255687278725953536334221 52713622682859298792797135558774544871
118391675117 6715
6912926792815853434663346181684557673438243759678515312984867778834114668725789935169175 2555684242583535252434494775422762939243953399
14376184237989993671584352138516824126263234996835861538932419125399293726246165 2288423292648482235956223212311979991468578899313658213571377958184668439444814416764
565685413658851535665191195 564655387769629877977749321554375149611773628479221811639362454423474662887
462343566123518467256343449992729632921132616559866871533142 352276512225853968532818474836548755868752695614762669623652536728936279
193594649479881789931182834125415493911775296152133476845869248115928137624753949613471477133 1889727858667674463118599726328837253395353395465774512464461681344671473688539487562737867191452733
77395243637413795377486335357766491344754665481326187133491579959368931674 766456273786348346682433927644967982883492395748529288832758773396259
721119949 47251613632189511188357712835856588849333457397366956829872
135916358465192783376517898515425826894389 7
76218663 71
21321316764726779965214834194763752796822713432177353 112432238325875297776226213675674485667452234858167566812775721
73512871295324637579569378689673885 3494384758399637145393281611263945198324968813631857239445433742
94145726874143282886486557641791994561289123225244948388421739213585755718141196734744711729955377 2914524614965739
629799341717827227441228649342629454343185638983243257463 3853648857359258447936745252847286724
732782944961995598119742838255 2573871549278833768214131541316129871937483698723112853741259134282589518495
328594632947559385733677765636979858691334641173794519689 6294395639415994214428883843397397257564197163119456712627687932576397599518786568127
3114517491531 94882382171111845213322157423365318859479712387943787172797585442367576964749595
25254953425914178615431296426124421114484176211949436175793557475 98871262514611315577917296375888232125416221836895329596254729112669358362461552662979751
8274173132448519434478969158953567239625516117537716867534743721154233291636112144124 788215553159939876483564
61264648928811421812541339286953717723974145885292497357371298824567384379348321719371492896723 185
923869471942113796834255189676957784663579779747475877449195138458846 652956453848523177
293834626715942234113197388298129448257319382539589 891795539835122342882748125326766382399334893793483378336472759132764729254619535853231765554631722
618472166378594422165335996661514571372317175629974334418787847533512642683521725761397649952983863 9355993658929644694243486985134573366268657172641
6869453973248974612 9445373663269161732182388486883874816337
3247128254976111976197463985879333926224416655139258635543737528917147494961182139765 4638615625834236146741431475664284469
6326423584 6315214537289816423189
237361143454272966272827236895427294599368253659542527185494888 161794236354357336756741797645762923422568167728333535914671628762469357596
7687443778843 56711434835413357177531672624441467963979491995854744469456646511327853562319932985995453357
747318525571822632661327491951213716986571331784387191328791149257861336134 9529635878723898182467258556397538477913752763428876472459867
7583 9625
16739952246479382285796576164934124581283274296659681917172536343653254914912253879565 519368139591125
691328885919799437726237926248338164314538156166789862257974869757932619533229288287936886549 519288918479146665779838238438176383294634497121
7144513451678958814796178125313426277212 5398779751553165896815631612449967717827388
994718579846984878451725514937153555427995964531234697 46361957661611719994721545131448481464568344261255788268572981382365929317517295199845363
93445336524938713292759624146655917734664728688717594437565686152126216643766 25687234354511959866954675625432638692944223638181955813392934789582797253179263962388417284
982474458789686472719136965297981736981843366244458773915171399171125859292327379 28188272694464298892449588479699434622728768466163159882938494726959731713482443527973559781414
171592867489517 57763945182576736759
4983629665635593814227491885728592582479291127841824437875822951676621699324731657886276214845928571 517
7135866812577366444256244895578686412897988853884624765 33859811314349662266851832553829915647927198557531876346966127462614939881293411178326562125245236
25139642995464455716213976869751297789228283276461691126 171456776854
962443588992678879488678183283271841581559855347521921529739232757739 13873428242693987522756495685689619112885542128197978271685794266755826686284817422616
2919811463718365344742419299689858822839749985247474183 1723481735277
896487941328811267861924428333837142593881644613785553882841737282268339487679562128654681929422 83861255343381319534375317144489149617193486629178481861786429565679515
9844734973886338891263779578459941976527493671922249978966973547555333349595567285624326 88848532682397154756194566223226837557363223891281376821991272781913971
933492791476625452982287987224 119218471489147786266311879441249553518143361427765358636821
989487269591 2932726587941237991174856249889444297812945544973882573224688868164227849
7473323716819665847231236318226311323 897276544716556376171273321335722677475215826822
51871259382464624644293977795336394521469884356182829157987742956377 632341929861979992134275632275937339223659666598448348618742769246
593926885435627349989661955373432272511166575 149491442878974784
717944728763611759933583127895667933296341937933638288531482322123644676968396585149573939632865691 16557468465532497427855559773
25794633873266492598689811734626895351818 4
49276171525815794737835696943766613327196362581374333649426332372531278893361 25892758
343581718649886897739157329946413126 97127161967361352132757676836327217242784228487
25593745164577243 1389311965699525833885246631541752983211942194627761494
5386816679699577685999369791159877 934971616959857519221599
49113967251855678487152579274692255515237715469231764442774 86217945415627977426483896378977827621729119262218126997623473537217537595857155242364166743299292
249639718982784387336632429368273596294498125838857431853214658376446713111926544114 5436586956131417324914144398163899817417189579389268329651219744346444249597568
64974411813495526169255666116256347574288134871957365688444944739492948693574684 57552663693187319369924322
589291521745137575381825959277323617166497531321786586 8552311136864178997978474849438417824224173654551336617396938418555254793794613492856956
43 753831368945659564594759212644453749636854937176463
1474137313551424144158277664666948729125361526 13247539928727744946638122531963715693748871818763553671295238275997791533185864745
34725958474488323437612463289346853912673819125385 342875487378297337
18229684736162114226158521927227723176339975991861728 193169828751935899626431689834659354544494395422459
191154968818637634746377228894485611612842161434358227977823 444576858499285624393292496933
99667117246326882442177368151372639788911127915134192674935 123764368219147379
469 2886381339
67533763592898815164638914425183811763968444836146666564688559126676341763432644323 2925132958787144321553275156622727957914192985368683425124683682934117996226145837443
7279796512186868322148792723432238278525966272269731342762819 83883394227172651968281935425856871493
344354876626185929529146693852345499419267931328252969292923 679379327818321
259357913327716236226187879154598127457466261954234 73577417959734159394963813238713673218979585874662438941876139286199818444573516924139845
68495338693297883631782638198379184415648794157763116178896862999294795815987479679629132772544589 83997423289978859142355167822222928578183954655414343998783658421283685487845881354
6484798648471875883779447815578118381877526573415881653436847116 516868597379929544725738514713982791294734811447271447594389719677
2996248885654573813277915958 76619998927985828166982912751478156156674211922655584571653141281238181146442636425636636539
552252973522551878632773652314622132416929 1543728289298352473677887473149714457
6159985234419 3189114791155568219832981652483452355516271596
6167561786424976847862815128416583513347333476428992 2356512131199641945553411651312889494986
771282337972256199323285151778188446158555265984227662 98127957496453293492424251129769389738456436458936278656684625755177659177517
2695462691344849421886431146192171965684435 966184137447798439545
5343181738346193974513447959336275289168862883888313176951168894159427636262299984725269295574 438698434452756528696191563388294714948185391773397842416691185719734483491725711537462581156
5712452186759929514764123 277361315344889227342327428575622768972423269352517546626598118919251789692385
2598285558525322616995254747671814425786756946971178574349314986 982787319
8498977816474619665148712759485215414126348152288653856451278719154142 432261291392985569584555274359648755937435159245351158
331281317237584144 18418678346892655632684182596589724689752734254546629121865666678489527232
51737751719437895289517312163259457485761 974595449485942737653
93784593268757858796751277486264475787574228967359353719397261 485273468139515
896218518 6916585952217366216842735145637112685816533639843477434238242896123162898791828638682936414
2367612264479776899129337819555252257418654252654689194617657291217576551382862447447123513184 42839921363168589395141786661768524379885967773463984593384132
19627 4463147173362271916983365191116479567853125658182644276182348286746
46187715591149438487826556992964 756564617638288183927262458544818375542677866268966769454186578496527185132399963534668757437229
33242627248962151969216861341955525184983575277791218692548176271959134676316245226 19153
11157226615434744799879593528598475545371375811439 1329318555488832918386223912246448132474321277854
66424838641369421737343987179833887654128523137767115 384342
2124448542854236896357129438248731875686359281211919198426414541274494511136 8414641718522883255551423414158969337922514817277667823882219944128315359439422237136377397
38685746 39241741674615996353253421678645986467762976529429687759465236215793557
8657812611638776684287364998263195743634513 21563672817952751248731913879778967111717822
56624136523264181778487191238955352749347699286387894713117321154776132395654524193 55
6237426388588213984 43356469947598541735875714818333244655
7187455429 8145214826546638923913881572378775925297452294742488622626146373714649773975771676183811699854
12631449514712268291984996112886972886821496285896 75999986572424811969558
644266859114 21774357662847
394818446 2628543383295978957282445835299347141436367963277
49691231881854219 2
395696285467985837756459357799935453197679978287865 132646981841211565468398443
11364353535184328459883355271672697246382543196453136223243547836754928267948424772681782 31969137619424746636646185
73819246698981325 638652186158998774258631934579872127564124217468351556932396165
6674182591 9848648857747384639458811337471296383132961832826526
67958428372 74345278776243454391766433567246
767 48798517683191654887174635689566855444194361642834442563135771942156725378412911423965874237467
196734327229844262157692847215388514122782155196581374638215285493785 41798141723898738587537
7436537667839642 39596585578294148191447392397223362432383721218131998974755
433665833743668359363443838279175575699233649593396255668868412268747857861 9854877741649173272183335336536727483256284359891826847716
994977556562165829636977294649778693568328477793577391656997527197547799614988326568973661357249 6175965651218538973762118272435665187776386667798398254951188512328974953663351148767318352113
2563595993393335768 4434919856838493539
5878367576346573345398713161759253997291698984651947858725645941468559117214322432394467227311822318 39825934455343499927618712113965319838
42567354273565145232538352449812927342626321448364466262354566972995 76746645354776136136381854763424387514
771 39225941697652763678338369736986328879184557389538544962798996
5652662111978568676397899556332677877661919957989518926492717978145881724253838356 791865173486319813672135596476347661387484367585336536976
25578577665511717253596874393968795718276333497133329985475 3867223229932691423
46169795349317198512155539527618595913633 644987462377253365648246762445532744991316199327622
289825793673594125573669796812985 5583635869488879215476122684286291878615488773834621121642777511995712922243574473762245
831216768561 5271
264784453778847253686388565541461936133818769532227274798144422634691237484186559937689187 4255776323384119218355638
3339314972216266453783415454947395621261224252446367258129358 464533696537178514481251666981962822254145116934519
298134748916963697644888172 2654474656715242768394
878364894412115663563961384443144131272474482564734534643583147623822969495543862353448123 2948556822265272329562577762816391541869894276943319864852488199515438879456585118487942
7713322235134329227946358938991996483254919934366437759384514213971171372594821 3746376457336444963478152283447284254431447867617251939833832213474336
6238496154484961381974647129351573863275754131526533958272212712 813944273456879555888368641728839971373688348924425458175614214674456258
77155851876241821916811457 119285712768791417516933668497493238772943567137787583167217456271328335854429
2 92671419413483611529258634554364594892232466526354469778525443552776872151
82926618792777279382119566457165914245624389594365384229962838853954584532563238612343388733719 5515878379539228352225141881653979585738742345115489929244
955382797396695264224297433536214896312421546843168779531888945 181556797146866873731992437887318243741554574322858811447861726957
1185832352955871189338226349756771365453783591379769856218765769721119754738145662799 6952957791676456648849771978552389919754971
896466487246169448946353334379419916253817913716273398978479567299712359271913567326895954611345 9647443845877371457138364
845753254247884958657551423743697846931313936645 287387826584221753146999289
29189322689952168632638225125953761393934461136333395733464279 342265526998523976523246584946946226152697
212236269273241719762893476282348513743518776644451723456848461915172941 5281454432876464731545386
7795312343584384815888262845841375685626961568378562659 453955674557264575
1969433287897346569921727448447344238856324884487234 68412548342988526475574425
5791191654171782429836242 849844
7134946273489712879588993199975465141675427914763693944153953557691361773522321 279132294257195169313728671371387932341622744879382573776689519778222998868441794929452958576
25451256724814154281197468861926913172122266359426812333521 9321432
24867815384453392746325732517715546844373724517498382124555887787624832534851736198153775489158485 613452338818252122286652898477584544769955448812433653484781389987657839446
3 475459254446772569589619388114345934168588293849942569553137122632252682214213133154451624
4935816398189626793314997417854145586996727832647222427543157875854851745133531773 53778322744933712237931732143582387951612438692441986879379335822954151136
1752259988226886549293767953713393728496536642689328 123447771544579154437769375352458911278332846438629693719478317779253364595189539537513161187712
961838679898 1839196819299217459376656695322383411595682898883176676144171695312924683558638675315914
892413136693822812418546332836458857721139589293935737977889519836623722423248934394548691762 26922248634976534
38381567259862568745458956474238594514846139729268415982358848563553326261663675466298888 5298528295673411
1 244494895562535185728475393173
992854865342487753339337688359675757821 3922241634285565682715639497637126177311898357277812
68876641719439835246216561336829154896672383415454756378459868927423856754427417584961644 275849349988554618174941164752725643172537751439137835515815362475991371
181132692976272137378689434753423629536128866539144288472848599 99522251334782415476673281275169738172914379542359698746482497616655932
174897978114971665988442336299436276675977136961158467869329595276814794 9647239577466377792276297252732493837664224136428182697233745
29645427 68925761723712743891786585639939218588968543448794592958
2598138695676814242 823878889649484954156433245261353611425778535668189998313554
7714864775118838392325497473438173327775225985699979645768639747336759 568444129944627251295445648681186781475874598198992621776449116934434264835843612
6497359727983951867833792587154214551616232783937 895
872178829444788451466579725561284124659118484183215558275396919187878716527198155 53689381673181645647496
4794125254742129157719772212179511115754624242246157225283343826981347696971121835521177887598442 73169157991319618857354959322497294598136499878818475
34652837876882175214346165136185997683774518624675463296586561916364688248394332191258563297 25817851418185318294942821549499827842384323524899733638766677274658
146669639813 242527713166564274319467172414319452136252816872525934373759457521
15999892191858318347416263941381452673384194973656775348396739312 591795995348518445644716565432412798653732578482
3412436313378237571977345252517992258157985893865223685318389498438344726913711928 3436853645833656615184252285336349797443514755313877917612559149623145587961951273647538581964927186
22234522824144413726327845649899182667536291567795281233 3275929877826334615241546354461876496167189324982212
65273637884137539178726448493337542933454313341846478492379128341196147567 63755417757481646234928366577791691322236633837195953846313648
632753695777175539559458638539634333474659855 6675261626597299927888942481397121123354186771461448379947789
55853613285688257619264181276436 44836992875947884262864648632466525426413544492884244
5922716778512919176712588465155182686661998326829217265147874781348876983554199615 548283825164284299334942431763337414661128977471935548
185754 772818591775833935134189126826356771641246467823746613226457
44869191951912787362783792385374398947545297731439631346967367346311988929431855481 6579797416953158954246
814599346413947281287726198639586391286621475968 622582916726919199983231937749257324429268523668344527
624 391859251155963533812755787496
1765348793857962412313874158672685171117798351566282 52575987931736771163857457615578195895321691737
95155928387937197449463822691736824947344437395974981949774265691957792259718678726551 86999832531496246823264862648165336341418457932467556296142228181635824433597
17143115638731449767627871667517141195174622531197333133729513739993577122449381786945155895 612469345497574729692891753276528857967991156722783262361278389717715427359865986392833324583287
962168518188218518887871283261542791855835532241939297217257577173353773866875 8639178745285598136934892252324548287434569754714
64581389594826772344333548833351431254342413788777585488892 769155549342433231185236666994836735172
992615217158286914841295894111139616599242318256653225615 542298819266328732916622849428334998389526919795397553813188963448546576798969
65139911722657347123412155531557 8898336163981685253384616452396149239534834842583619966862
28688921998918674173281238936525327577849584359525592151881945931166419741344 795697959785778311497385762
631541177567786777344 65964169983615584652355983997118966997264828482
29949592291468186463811259529237929828372 6179311659924131781713776352324378383592
68727743115666352752563757526754734958822112817219459284168535614291398954584753178 996496
39384445233619964616164629214688645515435619937365619385 5783881
79149343784319212723483664896164215729123798494 158659
53763132862925645829326818265384113971155625331413134291541263176387997537856496866 594456599997196432736512843722442971239357653414435285519556554623943933745287686
627632549561812579517368781766769847593136919346 477846181
45779478875572197188852912784141855648969315486487163666729 21975934841535118957725562
8574728515 134552937325228
679412246167519828659118628537427451266325542988931653551 3754786
6231745232727757524611691664663836383186253348251186712 934438455349
32869 29931157555152299483
5622577124654778616 133282317682193699173387485512147552683371654681429768766888113
479717375127662118 16252995499236241884254965911917275569618467767363464979192575321935956843299912546369842854724
58713736756675481658689493321618968887471487846693199957476833266699352 94781978974767248847832123778339734994526146392582722621196699533222572283846237317425717154454
667539214589487526235546177994386762968999356294284344 24863714814162414981135696192511628176283371183772129253656266483155
23172696557399635678812664692799 8898122361254518332619
669964586931281148 3676423381142585424414879712
1399612232817656937843769 17171238596514377536235455357198747161756727
5884635319722366147138799621577897 6532348925513378763111533915222
515975348973238922692789279216528878591618245689431133 873151263512548622637171715481
39356429959572271842567524 98952713656519279965984
868556369694216771447124293773561815363176725849428359267795138271562781557443115687638328124 79989688649
28733145463418274272996792529235197 6615234886186487763586375941166834536285111471583219935599632321865214488879689833
2469541846732274998362598876 6925214
7715529538683335249449535819991729567167673781666264642641275811646724638 118939686555768152665728336321654552777674919959545594954927433
87133156529451271639325895627299814311347745559321257168779592991587 63951759494181759921553276397834494987722621715949178942757672548637625423174842933681
26621871597564475242764413244454219915817274827791595196418523126388525392997133295933615 745111272342543576836739351659933252888523578911995531385684166229766856384
185822199534564136978647173742417495514918589978461946136874429362723175469923247459 897923293962799771896835359677516
493686234939967696799829482816396243628527778119236537127873712822351 91469176254348722996117584212256184261542719447727952719297899725182273617355473
1111814856987494671549758239347347499342446892534316122261835817961966 148867582557164484677932227234172699155988553994778111149875429677264436122
5725934874277518465156126894671478516555448727599839716314554872714685638 133856665511839852464996553652722966538237892223497394215521861
973529461654268915368289295851 981451714864223892429161959886156488914419493495274889313719425147131275191511856294826714489
53267173837874375315781144291592947458491255699263 94981499663231531661732932692875122723531661347872924727793743
38832268767572 5719728847815181486129499
138954148453677569669346731969316132487499294591127749556169721335619347787242213126392631745219779 65844589173782798397932663714566336461178
64592193731671573674434965774364329656487328361634391269182437113925683445 879321522274189365553926991684978597593887359621327595768395986212584225
5874647876919789728294495448576327131 42558648953159974627766765575233173358749859
33941238726214581282747873832676227641258187568878433124287385947475644183748264553536 5741774623
5673572455484177259266494451784581969536657985421575475186769543989422154533123 337478223372844347216725321681956419472594988257667241661511783
853893969581418117 974
77865154482459657184263169798257263362121283111215965851415712633827275116454697593416783 95542783398492516487984425481689728774
23942866879742512657966169591 62733198465941929179242586991314422695821138937341172212599526256261492959589783366892119893732
798764219622537238151 85576225156734371723377195733639219761319382999926141379385165944842897395578459514437941
2344354682728262524855367532839427485983817516265113268618988492735235234431765179487842479 49971381458935128543651424117374234399367553487734164682144814321114238294853839741977
96866588524535742382441213821684419963645675213261843863 773219149265767996687275396567778917962478264347499172792623242
761762678561181221429498125381643767356787298678712114993848921269864381239537588378235214 621791925359516151914754535194673422454968
9428412389345591179198325883243634451872456244543133246841713811426266976769 17417653997781972773239525155743459399192882153872489436952618255491
442243886994244158193293136689125428 2644374824468
59114879239924412259751273154175253133623552932716779934756372223419 538686253944454874313188138572538447943921523648179971939947834267567951162895518
9883544755917267719763959549757686776445235944525393333318554978943996789475584 1617463667945263852585483571137899583438772693296916
428418697885177111551581654131487821128571532666 4195584558163158836593989472545892578471252434575132653682337932295927669833998469968623958
28844171944 8195364136611999234716592449773526394554548917351794271615121933127676658
83589924179356174 8186177882714615379511634886333338635162
96424211634 4522262
2818236382231388838715279965672646665463748445824364613331546895735315266366917333917674393573321 63
3699524384122717532436217958464278298246168972324447512946975752344417167428636464 94936762415621459338776445681194927596662679648226794534582838617661557789885189885
6159348381983498762792741428952981378 4631584531469995472623758772977958596932793216633337173952538925134364485325415974845147173
115683791949583933337398372418729521791388614932377787935793361348694677985346466424528374559468661 164765242855932872857656675259818755285634636676996
345932165517344545 94464777157364917214
762462954315181827643692195583949467359286231 41665269
9557486755822357766748686812632653267781866694367382783542342777541125134751 9655954725959669743525233229724546324372268438864199195432
8715643615 33
8916822821773234987315431631616852315616195551951672341679526579 143399299561722352226926226354233184431629217364633839457133985535
328824576761147917691689982965967573744144822711185459944926531716488562698595787333 6579458572239369495327348645848323591689964627
85393111736146841635224198666914964354532148695451499224325546163425157437319 5983331158912567838226842
3813629215725 6647213859863778761
97687829512567995615146585116355669468638861621983178357235145327983589791646293766 718572395462998796
94842552121856834374453823159572636424428634866345262392783197626697919631588 341942982193191542432641798272922732548975289768279327576367331986
16263296842144168998278866354595438548933173367382919434418164379888 91821438839376915393551566972618538492247745962118
54227325894247821639841719149521649332586928593382894292482371322398674314 59615431527272624246777885558536764871379814791632178494185923711928677557122855
85327471773516518438616538439992 67364148
556915625424284815911488496954919678915462227224526779 14569544583898934773989415866175921397573992741242393333499127196273528285242529333735852174625
48 86719814954573416759637917614248238865336243362928428318575346772726153174666235315397914195
38614928688496255433 189582396161467632166446892626379718726
8389384518964394367795426385413623828869864729415358151626411546459 48942725123199364
3861579935485467648444664952538637851834644 4376287481161199763946959953186453561844397411513563627927929543518582689
7199 739565585445436819624336371516724798782483759959548367999231944825349754529255378621124178322392
77182736569253833933815851335 55698135721697675426452488346263757769986861324311912215412297993799317436271185182
13685894549247728525761186242633559163193885333633289854697369968965814643722545262755447948 5833224931768257516492978344275686168525318518951517441698111326696343899638615
2776372237639858134151882546977533646976175499688599121137151348937983541744 334736315146887781357982746357273465
35863875639611812461355972585763733863954448455 21716584491162
42294989797272532396353526129579843235684637152 345739524997773676335199617713172339112545921938879611397139277776719925557274823326784372
7575799939599423535951292839 89824862291812545955517294266374865852692436996736863962
8465542745325539815663958673767764974922255833248 572146261637525549384552837831424883954797846568152758
2333111718817767985219666135958941383125328982474816677424572916232787698832336555451578734193239894 6988188582723585859142217167481161927335668949146698284918327428
249568865581266163154673137646443195526221884685623467258919364994385918782547125296792224157 2895975361514817416994268124118268492
53472758649881919781925245995357434333674958199168864963548 6937
831725419637839527517349241667114448828673692638438135246949375448316653898948156464735481744674 2414236975866345452679157583378
7631541115717 3444236789168495665647697191711257137863251431938575582373183
442211491871589271999379511563768759118696599618195142342659595357 41197185881829391287329784786
47777872462445785821466715993214711755642831926235852419762387181459231146954 731964328
89876 78338833589786
728774879968861963218787529845621475291445283511511347865726818234 443629535945517617722621227765131174277334963172753132573762324737
578975858329654893825 8471116238578555162111557522676323626893558157945151
7646222579117295433246576279895636217177856333 57655496792737626974123227478798827587571369961728941545955612643791464753856763418154
18978115535793373383339983282322218595522232913776261116131845634355111758424612193117221818298845 826663419285995194783113393747375391826462538442576
719714178987776887452673318212919956662387727339624784931553526544 23197256998238956915311827927714417418873499557379296213732779242
959241563297585343251165433267723575575536773192882522336492889755394841321521489463144527466527 93677752519336763483913
67642164562831748183772769861767733359651532915822237621188559537418765983328947233741523582489 1733161292759812
24164963776271582214859641986393571 61713746185618822976173475833153866642191996684772777942246421891128131684455161659935549639375549
54235473361737893697235436344787 95135989684576389745
693819245413977918713812676477348549526971598681346885913678151733138659524893666 8564642295231147638958545
599146357 97497157276552225539497737
16688482194464518842696375428259124888436342844424591217491867382734692883381882898451162986 13873867153252852766161931757673435989311135551779911725447589843
94946419 61139622581919644811613
1153373491248361389374671689235657696313722695575359832262173561152515 138593138512384533798655237619751894774676346528943275647953649158425386382647644225533356773879
33426438786582463743218358183436974784154283818249665399236858 6753897566312348458738544663
7665779483847325737625997954424267512227524943964518469676532652384323553563865387 186986361855164478794728655739216355314392237984882343946594756594435848962539725783554
9275279687151614995428596248569336768586327596514989594867655229543198636615351692962886877468197984 75532586221226391986566214794433583797668935526967715385
366676413859363218262364561549413244864336484612743 52399241249658112119
6723351519692733697258773438474913 4165898187421627969
6946176142314711641195349 63936859628896543793922994534723692921371886361818444596471586116534339192974998188
512412119971231249879633425373434528 352554769417279325562894964534415592
25873176791436991977375281316433648454776258222455953558581373787631944995378833388229445329687 1779197351225346731935531661155734663627922189818663645438944267887142171552876525988844384292
35312853558912332937851234325117655944719786987163133915299176675488751451352234345238154 854334
547515163463426555 34861726254483452381241968587736239612266755642951673538763628
3367592313599396425663653728748153522975685328271624825338825 118111924122622135112644494833711759498454345561194749219372733
875618394586544424511247846852798689 63954523587829948275913461
996546165698447794334564124395381589731159549159595 62273949831484277664122823787567441679474437612146248
56663722779927144539184365373599893359674717772962687313967485956731156348445767432779 43991783339933782128273786691784646936436
41422 6739946188487269899193748886573625979149573167534551743466991759984969829265131517382193165932947926
27871816938395822848221893377513959 8168792587384594611166521288578363662884522559538417944941145882732472787765
8142394552772753913165573377416797722939272791811245749226472 4188841254628956388283521366919927
2316548864846934387573119374869824428844877843313117116479129929678251515398364673914757 775353729543432737862811164557749976947623423514749941731634992947282659417
4613229212456329297815558953887765925675257878892926328484113294277698681917545549411556759815311 8568131998757624565275278366628117596853436494828421765819781
742363812923523414241465263875579521346711489363383722821969712 8948713266225251586583177293883811928438215361
83781532254612716432823526559298973957 2254161741466733
1919617335878352622154927745966332887426882722654335998968762157543885841518388281399769743 135392585826375829381948766723765719291643296
945696731367429854182726837142 831144664781753927126275441196233147826236764782224886245551241134114
472816142479566123442 5444268916637337732226212122477535796214492596875
368861913636379998674366842543234792392681834319496384 7964525263771831
5592712287788271466481175788259535369825692555246863448717896896242442481577169798461628 231411312
19731354847941958799215444389894615428743171477737821221659221368932819459563 87639914226443452168664631464347495751565991587263331253235417237793949399327479829298559249
2831515989612945733221426572642968 9143511338566
923712817 252411596934738658813636862945168785465593352857184235597527737527348133771669372
4812263849489538712465829296382896587476578931989418617133117639275683869 779417
1183881456947776343794894937945659765332 4231747866382374499838773464517475225756398954196285824662661358143617
93429127877594894587138969263271781157 277254197561429
4452986288733154435117815632381898383778744729858913482637324823299733562914825 873315
595443993 955183483397823745449947842971575375397814721971966172264756193472476
7915546825623562527773884 232892556323
55334768498663551716368299826667121194663617864163935637769138226272144746669977367896511862362 595933161265288849378916844956148587289933478364663977998894679235775653546531
415888734955924665982634133251697728863711362877 3462763673725217515174369575597334529926423243486269987321227344333816648711528644779
5586287759213856931455796919966528558771227416356931692382214558434575 771879132137264946951913717517614748775243122156477239332589127164
32977399192257127917275815936726597195116289999126998975867814597419884874 8985831493721273614918779193627571
25275866283113163781149681581514662259762723679848865 3673543853341398668724997243224878343881561843711869145397988978822311
5138655661366724577391335448995761367837347685536223398335241812697642935192478585535277551662776354 3324137864879781386774787298378571972212585585399948374417921452299515
6228155524717946837285521255524622858944714242264817533886878655495487 3813315375364362393434597478311298
7226695525484181698627312227235326 175363164266654648794867911593913347963128278353177114
914727425615789778895672981298194877517199986452584273747574372 2678416956335815751562418
1 26718975371893517462595664563544462781229166789443116678384387562335344965668446528348926656
994823463982734743231846897 2965182487334851968493461378918468549611884996576254938775412682134612463818498261451854769332532
8787661617834142514845677785248899296223169488636283196356316499683642617196856 3882425431876
58976792919172569249548997875967479919857228752182689546868856439 349542231138485311236881472797715125453821461224793
4848395935222911846392413 631129893
28259921121627854296872373869451 177321787373527651914183666716774931
623656868364338436738564298374114778346345899794375756569646623564684421841218323785691696233599555 162114126791343659596431189667
8259783953843529393753329379298369646988835359471316355731153586584873718 1
79163395545371223379193433897426354521248 16527944617229348413674996625756266184239772856171178938411383996143993791964466355855458
486 199949979449327358642
4651159382153915965638454292265543156264 839465731798914793452925777259468639435664975764723813438262998554799624562
67776419769933261615393982546611142 539961124733163982942417785713351612284854939598
66676369337686198566114743818722355728135553368266343685972792454721 14724486512982651398113557413629696225469955665911
713125181557875945564869351821983649538146836734172172831626446184434934115638845962165497 297859888
125173765451368419186715916278643637698725929893755557582482113331552732111486651536778 7975477983472463848886696538693968895497
5972443274763113167854732584881946 74391832729917783984848569839321214
216873767785722679542844828428824726384258494737219293192544383788266855732636382 96519116413998249833849384457132426248271459716492657
5974938996935241678159699156835 373936941814431113261444238934667249983939
575227621256654464425758935892759723292397319389518334327539691436838434432 86828866645678151138213941392639253544
9268797432725341953332129865978574843556393136321386494366446273343916672941358599479953115866483548 434513246131452631538298955
8665537375195453765648212198316869383126224791681563946175 934927656497896842153621983634112747637671475145171596461451344276775597621518746533299189298118455
598864135692692155239621622538 992249854784725278649383195248347252524828199937951352424582499868895491364668
36796464869513134112711169994697884532 39897357577137677348329719768116136865591692965127137148615298436817
6139845843659166533188695988751137711439322771685458445373528622859474967942777 6769138
2142455996128773762827975261862379797687789537245886129459174352952531988678118314339295221 4662571479542387485815374164364493564999154853332768278863195431658481
338122968821692277573411722222851376182166284137815636782153133 1747938366897271268166492897353675953867885643237
6 6
11291116829199224971154274151868892967676856581868657493421346357416443514265631556251 5824855372395316276991523463533836413513784292143835228488121391718627546626857314965587245124837447
46313296881225117872276218672591996139768214446885345673115229764 1667883558598123851349215177446451215526519992168126872741146231433814967564633
226273431837249195852372225374313913432566368963446764689118577244 271291369713166621919337621886319454871876484594461483495625531441
42419676161585691877423532229214736615335837956 9914118948515656733869164799291423532731634345327371543298367829
39388229211983898152264954331598572116344261886942997598122894248643141658532991924389481574229 85784748385699856392634615957982737549335888319936423713683741215416758669619459429427152796413975
637274876326535969849 293783127321354272261355213665668954693923
1736535167986887193221277318458848989 33871459637839528182486584668992943638391729892748338188333588579421417967644636262112633683783
976334539113287638233795 14396317448646512776446985442271476433543436513854656835639889462
49265843721624252631818223846742883234657 41911636426213288228112887458831815237154624599386
972273889782873315337667781782863291414929643812868188 34282278111217247172438467891817836756318435
761338357556184526899913752151143711543883229875943332931486548326841118179227696268875685 344131687167779862297816989148883497752449774343
535867269266186834646811224979 73678545992943454838449822861851874417479121254927354626821381598348322772947833722944
2241885436567974947362514615137562878 6961963119164851743379534842752153655914185171148268972552775
557992926638432 86728228947569982992858142745622372
86888358889145784536578189418616553425411654658952272286886599829787918817192428536971795319415 31162187988239876923299799187687192483155735479885572339674569
178689664414681679718356231158651433258466793845422281121779 5144318894785553614791974768659993268178284275235442239666487417638927533
126474733774698151854323262368855851331964254811534 11476856222748473322849863427944647855922833595328232916666326665497379778514653
785225467675441315592866485668917724761894322 193111374983751498384673995172735548429885578536597879175965419766967942392634784337899776
694761721528475283895781741337748623487587717758 984934722824
933489742358473245663369228271786957898164275488668773528266764493477214865772 9469374733819181658922925759797647299679557119891759832326292612413926264216723
8246965818414859693861 779393156612835828467522246114634775673775592257469989597652787115
38968636531937114664583712348211239749984687621433342783859519635739827295968654456341 324781571892464836838112916268538238978527116977552611444516958
78588354215413494612578347798794816344596524613626 282655112
912228276818 884489343356754654354867626675749347286362178951152983414265156361712362282823
136978644178897721962463161859646529348651917182927123791517196447885 5728356131497167596738379821881555552524522156583617757233552826266329879887187655
378994655882844152331825585956476454645 99512258889734243487463613573114763865824927223724719981
491116621977892837271 711916817297511854777654859167846185777141898495852
997 685718757616592331229961179385114769884319861879166793151188831824881492822137389324732
44234166327118522217351948271615885548343356878972878923814912282 3668126
59 44748318198743345869675883913953382565885922159616373146878222294168585498297463599679521532355
55318481638687455 33922562319569376858822855761936315791354527672978251391617352317624435719
58384273647136965255212956795374343182549959846538468137854678 5868
3188195382495242417573263742337463 938628955917829364664654728352666574122974447957381
64128615741363979839188594717376579456784484456967639278132776451858371573575198773 7578569545823184641973937268952512181759963429372366125362284392
279715946297765967784262239252493766567247697849842822731887826495158 4854359696117442173424235334389449687
21355817841115512162638426339933945519 673747138582921623584731342189919938483196442145936679245871978623313394477668157
834376229289327644317266128551432531553316197777496182246219682786893827696283822271478 219951133989529878246616872665895283468452828579298965
