944
585155617998767564199159874994752764759746 2353442762111767731186933553166938622557751842547715494766
63756437727285688199223546229939494654727816693455282582851255282562268821213673957544 7898431146382727377326627296791469215781871196234256186743618138518533728389
7578697529838349211869494239663797 43534815975828673264336668173235689495142894428158833154487134113731557277874444636522
579646993476349649181944128 251557627479584438669422735496998886784124182656355531186132952637438321
9236242777151262 1981423
8277339686865753464788449975569 74842563693889991256746968488641713393834248135878566171258
691379693249472167595587994638876217224428953232484232172863369573669165629826595617878977225745 855611963628241933992987533573748687861159256259
593877645233975968874945561252889248264847767826347525918942415919828344366 13488
69955653769713126192281195122959884499562358529552242543436953226839814 47267138999968387646867289538762391548661186911766789628158468473666472634773513786652497682368
183729853359487255195439583276177574225548895477724316857965548727685519267731151716769936372 6
811528941887793654499225146265825836648413577994834269853185316269926975461272588897742971188441729 64624875138837328836195297553766364825648523428897164537378894375979457397135168764371258
9457552271673276562495627352423211711216471261197194284995626273383917362248523 49928453
113311643752162698824826619923718158156786729513116548642 99116837515372821125161356773212545985181175355997937861475699962239235787575636
17818631273917292845371473858494696249783417322 66686648357941841325812192737169486497457712137787174247711621996867139169967587889324654
19265859698762286441454518736487198934473859924239716186623381114518121792758636789215621786 7544278733217176961125691514
939795389635254234125481528238155865276856163614789374171226899577289594145 3398882197337664223938136726345377625667625247262761773699982752958927674872298398941158562
89952141948737249946324727454716342642381747174528652878932738622141959624361724761785732873917 8272276624665639685722241359587617832671885726743324165
37966978866688539867362434429128833385163414429637222133 56415447284571178456138327316458396478437691595357289998
2127879989278436935965238637852797172528677 975441793975
589114953621817241248378713951388722117629317883162612447113389839 7123365494686
186868748348797417313365426565728485486922261764755725 117193517766945333451443597624688625731345982233936461143293365162819325187452223
14198749476126744141335454723322184487396221817479759122252847838 464812133912472756269654819558472544
23522388283123853587616417429818737582541697836739186818 8385266443467775526857545895692528772
13179686 99788529851146
144971779862967396389675229116438433693833135363281841431254643387881544 22946136439342576291987756292881471977221825488351288829481926842459196339929
23781311794127297219359343 8648265388513954144816631285914163
29769421386891429213563725148465859637493333413115524128329292629191124634 252356
69235935825775966757613377132479339717965314236266551421469487714787991891946362958297179 737533748792683288859593698368524443596743468249294835983578834728991299581465748
95653193336381432487172335639982437422957364347434972478332632149461321226167948697956176184 6837184566272663588
266368243353941129753475993577 257224313879948267449549337917655813846454413744984389775465
43282572723477439979891538496287248248268135596 6417555383475537658165616151784325623994889398178659312218714295478283155667671
563217939179255569163686749141516878 1818956335459777592584768443978431668466795783385377265
16957963763368581435544139734653289743598924239672434578716 65646696296587585443517725272471841599842811
2664626545553812233394198344568976 6256868738829
592658131128386494321542994866458779226789478815484771 977626122156823499596891956154135842314629857431472649553549536141435872212
1 4493643418314125568922
8188671282787 2283871778344
9385469966191771613323728999545638311293595865837819439923155668226928977341499335625774254639 18238
93548741183137751734926224229169847229821588839526189118144767395217317361681513385194448566 363251114123132178931669177975764574476875472246176865659936381163
663134433326863761164736763673193285344445146557218546653862 75139691977183249117962156352688593991339687642643956363735854611524741845242121764779842787
539787561914418433212394311764893751946168912433 629559986876652239328534283523192871175951498246243987454387188331165766732277283921212878
22556244231862295221238168953946596491914423419779327476835396438651 311296
36724338315187981643469468577619262977 221195626
155831998982559813768384163597733989875186816598535421 1697893394914353337789475691916745887575985
3273866667347781363861666911642549735343253497624774729422946963617374714912534129435585 73564373541154996116135443874426258674194891781649265364628236397383327
33541692 276474584498285288878987447119566983558315222763173675777868157827915679416459626455358645943
336657661427289556956711991913269853597392498437265812328315821926614889534322762375748897 71126939987444352161887849858212227559432634873368916197754952418542634869615487
149189642555938827 3413757737113883348419876932472775185765
66392852799719588282648775445133741746487965664379436644212631314532864559472663 63371266469141751838674737348581658799369159948537317
96359191586689989961288245923658888891414291255454597853594834291564768247841177555 11981912345286974
85132639431921898323438677969326252 888676728139996441291497493693882134817437984417917553487653
452722367213319285712182677666521122924111534313282613662474675584872 2998534648986632953869724996678466955185941132261315751917964148781899511961851136988632786629451462
17347386136773631411998237637994971799744183942424815565345381 4325751597879922879497996455996148366284949625689271184728867414587744527186619566761678783
86761653346 243567547
147754385228372942861863248279567957488583294321545743577916647471679637 71899371665514131891223121924966225433438157534
315919345926418268537179735 71425761983849948955621839719773537598367951493295545379625158966787374914924168187583952457
8763628973776919875519323376935528244229581566751494471769687397 25184949951421793
5582853125756742286724839167212732441 394
14137973355358582596917987941839217899684911372637817632599597256345934627821833445659 85718762633741558226136693885551343455587888768375226155348617
643511 426432977645347277194236913837289232497459849324
89188821273727852331844759773733 5143332984289969543612987215166527315966
114442537231533696733486219467415919 798581344196143912928385782749845338513561822955
19938555768255332314921 98724732139493854513836623783124359684813347
313172193661664232614139 1994589138894
32452891219442674848 3541
7766431723 944711549792674944189275332289832143411167293811
1398856692811945549888473448379695686776329117932157351733689915524939873893346468676334312946 264
75969328727912349197247431267625263579813154677595977624143457329955669957497824651227 292983433377412283183
2955242892853758591292523372728361491937247271168933666652262 5318377281192128213
3129776929558881436689842874625352816894235659798715195237399874593968778111935495819345655833 41418882246286555751669375581594846178
14549696216 5257153829
142742987646894684694967729 793648599872654368737674765261912
1882 4923779186132554951378
539244693754798 2221744832821229226424899799466299825845449395236938662761862
94318931313654189941972451967887528472487985 731389416647267887975645944142192419812445
126762567582585426334599947887278127268731998471454496334182358138322947217681646957849582642926 9191847854555477881594369183653592697893287495856641863188139142315796631682371345629
32817569347187117669112854 415794428938835736786437681716881368321476725555354155558892836
46188459642222953694736433797361 8459925369544854654422827266844789788191969825164848
787495511466446714952323524415347368546773748169124 7561817614
382446869462483789192459952674142537276968718271665372587746213799977237212458651954929684231333222 346147237122373544847554246567775997189292518544724215659838896431452964342719
5348188871 94881874297843699869483843896853513395831941989325176691471318815169459483293
2249631465 1155541353455216523242783535876612969
4633826836392691999783942643728727488 511463337721573247655122727524184177763247997196555189597876132663216623998182945437522964
589979834622595796258564782511227384872499998861 157637295745423384873542754118631165396834855733445469452867751415476534272285371141595796
35731332411888731245121398258251514939599838634464296256359157 154936417814327889838477864536491557937988987148962924718438777595118243128
895138188718874336923741526775668393139864895474658752172226877155257473119722989921639 36994848316475562362148969764911677278933643451759493417622119291791735922232181361314998917821
7158313457767 1617243394389784649963
95172122379775451974789545619575731745453181882724718963852 67525199775552537678773369574473567528
31492872244481393735758918289921713116378512982967418758956222311199893337489558822788191 688336639495358798671919359451649115288957733933323737535
926565446884587282167939773832659172179896676211914267645998855 241164964616764221437339149265522
642273517291846152986165437648359649749921553694844711251133888243715386772845333511 97475379523573456792831959233781155492534263819976
39228448255262889622472629641384386549136488363556819133339196939378389959762833694888325 597181896232911251656615172897773321323858867135638178968175427913753546469214348
1911664971561489722255633861878348854851865744761892525118451113138373154758772143353152135815 42788347874727682122735618544515121558626151819763123721217529786499267266596376957286389391
6174326489727495351742394 665693
7494366797477741594681753563869513972651418658624628549937281717176799748164666916215156 59389749861252572365963283931
392971581374281416841 3837269232839795433884998984929798484933227934369378899851951631314644484618457753383
4824366892729287611323963657719528712164473618251375493844772114156543786 9897178944629252299796713342339488972512781528741
983788412176216258694938536882 49314153786183619958844498612647246742634554827479869685883512327187319
5793471151863811942737644872 8
76547646316 596
34754732648363898774765616249348898488276163452597645939721919433743425128 24856393651461432871823864619661675437756488494988171274631268
494345828913995195153529624233773476976179145894111692322565191344595136595589727812975333 327925929466357725977481717661137864927286562353948428246321399252464313588432473543862427114759
146551231267665 3417624799898465761392916217857329575128563548
958288396264239553231395 8383673686763549171162126696748774352849828275952947426366733748799872591361136513
273919758686392574897237118245378428818311884258184588691413594452378247581 7593571975856174296538474297526115455385154338498343329298213436581588627469665712663221477166
92277464149565379162973435893318442854476435365 169246962882916265126584945195153887122368625171937759871823877729678683547248377943357
1855194922672164596965924422922 8436925659988864847216673717372
72452924982948761284353674186385452515879219516533511738737316254815646718987323149688 85677835366212441773163923884271864335155361823625421
1659 8475381556938814728394475457598495177634459384738148545925263927156193522838243118
8387162454928853488487381211176224627 223368591685578
474659864629571975822594537161124166821163858888833335673237 6199978676727428314863541756247596569837195947
685357814951151998615172384297884646797396339437383465495992311262 16
844 281834618577224559248925858126446178934619398555476226
662474987997227153569358514339441694146653141386728731669 87735383542711782169617878542763
88399796895 72636528192445669754771353464661384289888696684766117567576117495822792547629
447533232655867848784467489346921488388744174 1558839197346156565943722
54683264731584931993576857653396494798271429886858939 9287577323469623527486675174213459921717768531315165519451632165876595339571539836596
678185643769761431813785393534352122746623248562711781276655413577998153839622996816335 12265552993437225898853886692663837
487463511282814619994 285518825589
87254284695738472658416236224387495287917548699215875297 8836553247687933567712925734966265
76438595118381859 8296921954821981222341773475922865626435584712845338882484688531817287981969993232878663313717682
74779294789677729567345291995756763675723842447826964835625149683679576735148 55267399479413798436632389979374416373873742273237381533942
8774592721356235722 383149733674613287569994398785735655417822122298128217865294616265426277583439236441286638
85843681986929 9278733671214676378926196155451922581626633845261545998557487215
48872527427655859678664477168786612 5357868641552283386793442589995783
648266171931968885153774858781243995425187325156849457495395 1563942976483479265796114949246571629995738153675624439686792432742711879774
3555786572445329218379344652488358342 8942872234634637815651212459129195122844139616899
78244177543889238667733448157252332954213281879313881155882858631263427327894555 9691549837449685744455862181441199876163881169
4656992815437988144 55591638932644192481484748453364436211546545153345135
45421647463846 2196763259952189259427195417
376238988254442541488387281961686644547745118932678383493496657579778775258755358385913843398979833 4827788
64123632973737714423276 56373256656134331228166536323569147
4562527824856468928816894874126393628816537 74779352272899326143816928556
6348759 897844442351485528997992724386969314427552184833118546378
821454442351515789 377968394473662686579233511751444129215123554454427259139514478869266464494894148
5679246683583381767179559354 858952937329789696593898779425876128941955574117693996213717263813
3495991162134622148277678818328923919594644528767482125994282695862138248964944937924299723491397 68572274148887946735387797953985616239774
298881184445868123498162483383995761693197857 79382375591784844713449
8 5182135227941211527738761211755499129569439524955133475795198236483463
166 2649717631548244989996811353354946565957761995733858824563323767449729311191753372266484635521347259
976625576591129752662895157146865655317 142946362924197957459841447554252927994722287512183526636748945257789838131789843886685
5893581141974723614217322117624749376 377568821717671283
492513236489 92328963949238332647746651792565747668416264536119273883447367199562846313797591
42546772191878696513582213274 8424453198452239581659187239714719958528418973
439389911679774861 6
56117576623494422551752489575751163553399976479185 7147557494144931435736667298684986749411777533513542792441534945263912432169552554269543173
1576 488624558341939729814876725983963937839825192624459385147245214448294919766367252676981
1926919175173 9241923118424616479492593353633866148832614143932698178359828587619
4926535191388393711 51828911756737978615168545733648431716164478115688757246875322139312231773544314538122249749486
7492835883514465631791717913395126732314618465153869467452298137895386324171124852563 6721486372231243755484463979511855455914628996438281882791161285184474
933231769527527153912 9132546179847881176868278718987155
39323525854562729948216269321788171932626733834755316837638575258469662761418338254 913473242676267146215379847657458863495236
46934767813255396887397217244241 949957168314897968587658989943492892278566489453244378278187112
74475185152295961362589552212827993269282345619341886733541378621649411984273676469435 2478223554932988968223211347744216884862984299314695
669865924558588482667213123148854397574894398144669326542912391686313828715413861 5747326697422729477323512962334856414
37999263749116375776893539488499376377433 5249827641728778292811488345225181611782757897163183436977147555244185157575
21398817115732614282532452477811419643685194786319384727494639 7119126329419465948443
2 6255518117163926889658923342545551786685276329713372276378764836846281575265158458813134191239254459
45713137348571457271237961 9595997218532875536868771173175675842368913945628984
66954637843 482461384422171778621678839
4783577398962481823451755887887151238673936129712585434436838586377993573948557773927299724814 721231328966456826862749342727565318758931839332593859415213464
348626383122562774228575487151338869113774518867812595249351568645123265878923737463475137587 5619
7944651664944542956942472283 965749121528313192425665892672276586
455129678265731576 74225814585267877534894281974352814649988621916
3133324331238443492781741885768821846976999218323928696621382679386564115741189398846425 36381459963732876923323888
535934286851277992387258333561777377129961734659134515677914431 83943327626963995563564384835935292511389213749742729759487495757744212857249921618633183226
389477413175237223875342555599581934969955347767422522795994713487598514937317418829155 3744535222374226567875131256656654456659375795588258351
5474482445677934252391714795557739481236137249787195253739827366836761758452 6194591192784763845317977182979158418492844931134128421496849268
717763683834657645492644246695699157 872271652824761983428915123885424233972889388962512562939936926313495423258754381827321852991437678
3345262646339991949474676429494 35479382445376932738675369752377488793149237771475838954166845433725828279871243775892753
12937411582746161179789185984492166341578351477872773813 9897973669879912493776245168752923792156747452743173323315842168523317473861154577488917
415699974544754875128149648871387327 32667399174698276196318837247169385836935156821622294651619566666584985
56873256672164666624 459473931324243452125678452259821648941958655463261552977317426616667534557858983863461324323819942
5221 55845831513413577898772869258791321
974855758398475724852434453378915883287518168653393181334159365334895539 46529278751573394155259618989543684831856136312361412258931813121682474499
99624359933524968135727553935465219744167838117772252448694817247581953555 739577211534342521266182367271826587991821975117416826514936473322
618343169733218833635251311145327333392579138535485843326435168489937812762913923241 13179948676719823
524282777532172143159756941798 784424631335981281239548346356275466238176682119358118776757245523984725688563112
568487594 922362276271159148842344356587262395333391621358717973915772976961512354
4232394562379691294615871574523684576914117644965774438475842883688672744671913862519 65731821259348726876722399221981
429676389767484425459221867222492744818954782937665393 8685614992916384167198226619958512866239658651498524329924378741735946873771513687953829556697672643
4962366884823154471355871919439784488833621686825994779126266161 7359838682653162347991956536897529673647637552912848487612368598273446579816
3662666163955313331682557543413441729158467471393569 8474
85776165553647717794897915558373427941111492756894751989517526158811489845184571648675 882969511587311124681984344373868772924852119347714392947721158736597325798215
92186663119668622552292551929912164236853167324 485496169637261882718889847893325565696968857211472
9558165722388427 849773559436774985952438753441115773
838257527429197934268465576563266442534621 57453987249672272
343366459738585786555988939947888242757 86561787
8484324862241919871891655499295421385545583975784662497639617 881618199322421693389377768995147494549717995824169235459779185347385799294397892947836874
82876721499692413177622154978241237631626557158859389369897175236263555461 8117
9366614933466142314722434733416131478952877937351557723868 38821383
381715789133731754537828277785216233 71985574352873
95873975 3
71989931113777683 4
2837764814945383591172415887143171497653565266117467583818 66219668681256138784794482618577187123679252556747997439253187326677663651827462
359828967727613634541772853696655474257668633226189867368319972545522641241955511927256431992 65586165951211667491538562752868968497229764938586135
8176592899293341345649538496716321533 2187354745695695959225333277671915281733396723829827879
363392122959487244995885155673432 997639895625876712676548975896749167375387372774938943526735687846438149299455522437785
73727796694271269757592861464135477583272485351695773318978833115893262494998776 79957654697476367829913997276328243711171674328447
174886167261924637339433638673886321335395975713155184733465785 62615955721691366956853823837536534145173559612653897473998346724989893894166862979182654524621121
3344486872288138628144717691718374988167 32125698539592229186994215846917636427793879259246519889989996485156
88733843523641742119861325881138695337 8284281857656276778666761399591283895482762477112654159496672483519559811548238882966312423
28835854773118487674116575431685889729718979878826 2725954578661966574912781659327967561266546154787739966673523859322511689255654948179799627736917514
832778957891524366 6111159922748999479943793158513673915137558962
7424761671776842942828697949499228548161386318 515633961988957364557461921571998676118995998956772325713157828186
336849197664799825755231144531165 845794488621298699316132764938116512586558176826723635879857438363138
411964729687173493164121969523768762439636633185122855822645516299 738558522287198693346537396999584125111885184216882336
94341155656178218766546258614577872893846919545771987875223157347423117265 2378512
6264268884395465658697473835487572437426999476286811789953147521786957759997355 287818477473489
4327735396778248952885614642357531753393637123978536375131283394755 9974387274249328457227876158
9489577996625 75551213611911185814888988745694583352655416895569322575142313641296788455941769265562784
574885381438277317334146548581 68746454415512727554545541239778911411536712386466571191121346137273829653525222916937768
84622225343869684 57457655454769745218752759638457954516
2818647153775618883 582521243688693685759467398611826363545498
993537979684478543286244413957591778988235 937756453167323332351976649462971283463214256361486971996512198433715481139832887621583418375
75238294855755213754248888246782464581125514591874642463546969774114349582 4553172469284123754522176514119857736819889411333758844465124228684621
551853394599643818 87959924684976148981765915741151442459113227698761767511959938243664923988674825761279814442647
3522233691652976285295914612986233541664216182434168229749458896753794245751644169869 93161317182959936
153475351875669341915349915914291529251233837532 711871439856473348
84491296655982826265272184987868125462423794121773714168815881813962869641235 79715264381145447579286381633581186853387632792731914554612534193396285
7612325339943812365999375585766 46377232653636718464117814383
772667285598556915 98793487249638197245926612256274622755195172189735268987671649827291969234713953456621533
2928436935155561385442233546816465259392726464497918649687199183174769261919647651548669755866 65
88257834 84
4561555956773525364434428172336337432 1878361996643749629357441439659551186431227
98683447764877291242958896651323874133853183416937182442588972 114731612855812395471428732724462695414198382272643234572558873928999823552227517492156164
193631761511852271326544197683149549699468431738371831 31328
537759546899513159533195967 484611433476217629296813571968427911982
33335712322371359913332937839283811413983257366681169599 7719982756519814674558467482679979492264242715914951273892463661825617
694254199375972861682895195321947763592846381381249495239572397391571299611768166966399338 276352514731149
34542253115894114321985473135963 93726887236692171979662476657313571886614641654185183894447739572463798672672452533473791
3791694779154315649 2531233784747226768545817433816895
2217955375743157696864764691796958272581869697245713987489284894722688592223 114183127
3299443 427629943969524
88614 91247297211125871267595376948141816992635445457774813482172663489151182141923997979
8271714694384349758857283529335754924226133 357223443442836825153497462558327714164179
348378464399654152836821781438659385466483947577288129644247 7359333185769242731454959137438793449694266549861123965245929753432452245999874
6593667674923853857443715292365856812174463833861861777897948737676399344826216485246885986583 162969377917985215178572441519
5274742923866 35717227795713414721691518164957996871233772684539746582596127738772719
361122892344627513634462398552498892171653622817666881569637342678434472433966827821465236266727665 541122399965456
979819556649341693326795832639518514165415744955175948739471813168157 898449
658745816819269537161718675 96289691891193563
39677213582295952163374582153891828654264913634747854882436398947674168113178571229336362313 87127672313559955371
85 342423623995627772739428357951133792552584894382857417199773828538648935
223294561269915331595978739963 644936893
599773969328467684237311596518667421771991531354648857614717835365115974313427746763394663275 685256687859327955712991521474614362432382783881993445847434255916
59444154119786442859626613681484846857161 8512539277979938762283181487
235324998559941956983337777724122239686242434358352418427642 494917631689541556415474538477696668922779853816719494738
61257252 91624994563146318722
65825672 4217938824
2556158881611955598275973749 2474737739278575814396984567848894951775635472358381123518248942251476962432
94642175582827627413661198356893636886 92563513729376188813378398363838795684285945732342258364274171578632186511735115361144
155993887848652696792586452394192768359976523458559464682479759514841253374541776373 7581591583139159597
5742339111796225149862212187312528584413742716957953231226898325537148295685245144615772988 561945785777342426271253377434578672459937179293221958124638
86 617899448472977827868929527467811722963854878824
77861598728423148552433754658919782285831754129457362393677215617669391298582542117817814391769267 13651671425848115165254377691276892841471124395422735223116738567273816942685751287
7391729975268764581614471421285384658633175282322432567718929816 31352
32126493721359495938214943774829936851628983276376298223462982191183298961781659356 683669311671685298178496756989953953895753824818412222674359234157694837888827
711293152881123668819531322637641 81989317897949938112739822384222549475996493564599427469254934
35735932177598997246371337786986 9746129984624197188569838696437
54588259275533611862841411421132635166496 27884755563948928121246162144154413345181447621739822158378288
119144553934927 897925113332631983894557634
8 3274598797265736964124155579367867624
2285942375113152378986878579767855812331371955138463784425147199796287 149768273274
3286241956787 1858795585899624299839174756479444421253522455422619144423856193895163
536747861829797 2554919818139682
67858748222914237862117921272557276952332256251315226747733291627757875962177246 758526615973928223542979554579786356692884262189146424818142376849126
52 721236194323895355875638973634131825611494647
8755895534675219956949596733816 6331242862161715641349785157951498829571112896417
647342293922413861434692668365451427873463 781558618166594632579555871384599771226137161532428559743283
982453687568396516654594749348674333366368358684741356395417174 35597612563846556437644396834211242748588613256973995478648481849337492
572367445473494854133 47517699722799746873754674152976249527575987365969773491753981973568897255769
355741387325153765313643327569519725739522436435929317645927665867163 33712851141983834
67584994289528771819516724873 937355721124865325784527293138457417298596365257444162651412626646917379
51142643626287717781439159453971281121359952399516137725 79411
93463554259919848 8165536754725678242128835869344674593141844165874568
83866319663125173582634851534316972177721335413958895839 6192288327583591571
25585991739953743847132433448346235668558989925556257 45672226795142165198362556
15295942459688876728179699496383463391369484381314448747521872551168172716783 92423159925447573761386463377
6368288285921573269557 763373612679358585242167228231557824822285776958277591927157493664238463719854
985 7229479474177712662
5772487881337424186348378916521971886978783862781962552613248462811147187466563177651469173 37857565716573272694417461774914928452978996985494
89429856938179742817398339678183799111465971631556 572466519369371925425386315333112535931842555155739389448382443653453125561428581477639728582817
416357376858355431343528443612529228512691918856362791784394718 6194565732351977471349284524885811871154376836113695269566222678
11447987748778398234245288448254727153861447691759274762548351934226955779926378571695 2329392849736426998553741643673241584295828564936732388965156284
2687345859454822896898682223165453169789974991345671276862957 9745866285935218528462393
235288962859977963624875289791988884694 933515724467738327171537986273624379338226138348618797619
797264947141853478297618611195475996213523231648239196492638659525288 471324644682198371435972849382125778423817277153668278437245894534182786929486453227345
689438781946713115 783429658426142
89675831639127872738588869342861 9678313176918434625141323352169145872592381713399554184136261989443398461865595117221345479342369
4118157642951318656187424536655999825415649992893987724337867823895965274886 744863822624229691153355887459766874145587737896989394955985238821994314969546
69937132127415749486659588127621813998232 8733379972767637247338569922536829686919942217146922797994432438911297456778715776
195478858668814173278588526818593789823956774169688251776777844967375187287129183962125777 985881325983713642957645955558997336999734317162664822379374356469279531562298542798587238123317955
415982525674683722971346319696 873582152489415514255189594311953645677482574414511345775313
155955134223691 43436866829543792777841748718758274812182952661
816362569256912391214341524134119235281697672639 351131
878272698817236356645572939728113864341149695751876716414572726733718243624125632233284624858755 1248334867175673429543126539836561938726295649591525679577462927296283278212
6686 9957843513821951791278253786234624868619845532926
77824596812988986853577434323172649848182233492626292379624829954372536111513263182572944417115 839528819422936629631774515473132428758544925521237988788114257458648195
4729663283818516231528515216188 4672342111675991418125891197248143858844398474316513711234541179367
973324914313381829562538876763672697323517139662242393662886341661539785321176277289355841192741 1881641155983283475919997964313572158422838949174776491186249684463998888417764
798962435399256651134511626435879991126773959272659647892 45216642332517344374572794
19243525762758995816463111657857541651784429753481189277 2996792492218279816446667625768236289416298537132434753314436325927811983941
26542239149869611854253281762456517653351256749287334333173 8689411134488322
7855178369964381224878328831 63384384696755662671189251769897335566647454152378522986475921238875233761369618197442535612
152794746953617343984742879742893884 96537653667239585747
14571726444862694116273236287664294981445446957681864293115173541389831424622714786954772 729993891557963216578744993567416231443473341996483799223478564945629766131463242539313728846192628
24165263627958517627827854587587471218678394691472617369974416811925289784249971888334 7823299437391288796
635789931339437536354574432854851532739266416255693796275374625892577412228272682525181 94661574859556777366961378179861468471863351642626696131274352234645
12276423917593 32674542561781253127133171
55491346566314835139483728743298187521744 3512352714258337656328166542954113763
718228673578527116554768371786636247237991413299975913415274869624214429322396299185 77378966442148116329876511289624312591592363959563937484674
9415827897551246153994467174349684661786464 97274936579447394769676516293465736255445923958728354617151839539168529
946934162427284429274631844217637469637564786149391546851226622117517977434823117263379383118788379 8292983183842931855495162645831189258964427723268336598384492472348337997142415417253224863
87297911269556553332564587872719855666533426897392289961189798766 5852824178119556422325538633592264661162484368528971129523
31852138144856764614858154977697752672625967749885914 786957
288157838143 6288256
4292574888167388325442722431963474866536181883679115481657357767878517881 492233163325313758726675735
77 13912699924625646919266239117546696861738678865
62271521427694744856196864441841199851627441758952728866782494151578972311544649759187527 7641672778896877187116693138951846386864884677918324391899649224817442928
915895643166 3351875949192194838217511223388711783673757211567614155541226
513165299111491782812915984564779542864467343948511894312814 2576124179538825261692821461116697678652
391526226689117613656477521562758 99184237964735651418934196685876571996553493255218215461594756568
721668396136129356236319518417267899687668895493141455523 461827449871356971692187212939122797181839421575728644799417376539457412
33242223774224792727855554581555597775226935623691238436491142911587961582173335531551214165975 8374758272692827853133885219785262698555852912623285535992787821227286147
36917979626234134763975894182563326512881793844126961285243967828137716952553961834613569 6544369947263511233657138363587725931949281841516671
4651725924 36652584232585285868875888682565393292299437997549211161329821
214674325188696541497919788183453681869569578231649346493 3619459557846489734261414657277552542845173823179276491355884583265893134283253423514852711869199294
8433896854192149568952954679769333165 84372776117648519839235475675264731522369652814
982749827798364474522889383635578242334178952462513292695141768384145917616476393 874324842379648242151377967416446277895298561644198126471789246849966487163735421216646135661459
1971841894868284797594596285854872634197953232218814976911588578939752825688633554646945485868233315 42575719662831789829577713865855934164998788595829512
389218167247756133547538626185515459977439766 14776973294757427176488723858542199383683813
2614895376317312461768339346266138693522212349782274791476347334771374 47392424269653314933959217117868941143861627479951375632227772798285333844986
6835898161638777655496 246497786923329953193883365972748379247574532364544
21548669541538134329 5278749284455159256314413193649551115623751122332891
2437344737245634476551752689187588764761167133817662925889773535719927548 8782432721792239499391529431897154632443646222693487855496124655352297258592189582463642643537393
65472568154727817449221725333747996128627788928532629656418672881416588573643949672898176 3721483656539416975546918893113524749714359992348746952359396242579937371372814671529184326668626162
92152711787851888748924213 21562215431216937877492327367449
234624118431366545882135399547933 6476641263444336576721828438259262395737838713845787881415452796177368461849593898227674573
43179318959936667686372721825164512475571335448583874683883766378616 669737139298156252141736357128212
26681581572916674999222949914592163886 33628596645128941749174741448799831377752
7253582 16418928535669161882462369887331
83168583542595566199188392684795911625775559861866814881961273818 88512569637144664439327185
182291751711352799 832863451578487921139659846846712672121363894555716445649571146649269778297245
234245238235542295783871455757463413256598367548886541341457159492165455196241938 41527538385175173322698246522969
9331132648791587769446766353615742821365819773586553441382977336959861482631119 858746974939656469358137462633697286599446265366785969553416475772749584692847268257213321741321
7534468132721217381644894714355573192356527926512774691278414183354832276715 46962383282353669972
582138618375569922118275638 31684597217716283563735424844292845432544659984785687
85648999251647391868733946764 625459386862587259142349
524574145489378689415551731753218738945714166932433754719764848584664282 5326
78949272365795149823211824249349151926648883748338913897538444 58837294876817494612671552365381366
4381741248572391558641859465448 613296736761513847242168167836887147716358345472467237554443214
866176338121955226845596694116198 3225242514566195221471411334668322814588349499897655699587189585738
16217938144266488268631933193148196184545333793634689148385986352685 227614845744657968157488
657296552218818742812312 1898578528477514193772977937845499415555271776651749674342377933
9614757439315 6986257973167766897633
973934924784276192994843197153356679661765858579 594
9668662589219812529139155282589778285675129726113 725148775463688653938234927475
75744986718563369 75251459314934565792166744726176333352728319488323885558357156493559572521524764158573188544
952864692362726642286768777679958765954521679543828262732619658395649971 93459745421995755666584963
7114597493539622196395356135311284527825656 9126848414593746584629761725296536499343836469393992
794735159137777611658117914983514354756772296629819159446 188578989
4677684499162892321673928626745379 757126759786752174854217145329876666444913271633
5493445259198316844651364542237839279579694367175951825954 898582125891311242758166141719989391924745953223444866757347471364864518
6531 327991334217495943451912833737931426253763
538435139759931376278913584592325121552767555769839193373812215 1728489392268659851452297521436468991694
651919169767175524951891579234151581496621781894717268 3646548336477874329222823799449139938662143269519915448286665945759473184814338612
26913897832734741187777913851464718759999753536495163584 8537844118472664736155427648224221481429364714534793834698
7249237317211193542881511997632243844275812579167378312232636715695737 661
36281595668158191118296541568683994446424642575562331547522225231716782294228424164214775 381554615163889997285652325956958589951779183397398314958789
43414965145758168421342622267184195277675197987934987 2595779191884424812289525266883486259818352259648213354348129756338561151357467144938433282711
669773229599497 67312576934121659668817376877577448865362653541517496391699
544886652645176531325568649267869816648515 1766169175668932946829726886472617824874762222283652824673629232847495585812622463427567277
196344955428988385725785639411972349178235447771359354467478913296672 5616794736471171126
54589136194123683743621388511789368496528456474495764413229834758463863 845112932
5412826664124987784476745138723662845382583188422 194142719455194176935379675138637991
38645256859881975542781556222663241664642491245519758471747285676836117129337632456 5212755195637531457164537174372695721375784
799721373346774845888576484524668517899582491116541776768556854858958955656781 7341984796292594876914884374486277889833
98835878633637468139768165421572437 76574417123617189346996886223826351491264734548782832281643896151123151228712814687695241393877538
2231667738164644356335756413978832314325399928274381224485735947627 649466172984243964193617947688986495515796855998771586357694135336317513269382
16993777984977173123973566484595779658888795461162673467657653916315571328238787486668 11247
95533587637176597785344159924823932124522855516184886945844885634883482916939718772 8983581831813327277516437751954172276318611774169236187189455594824113358
47157617897673448177161651 42122514573558286356475246
32676442111563261824636713616815925354329435367711952341733539833891732436356831558195 2353733712965335228171949343567211686957291731655685441545447997228462694114189144585981126
73819664694464593849812234245931358728637779775978215398533221113687699522295436236389182361 55928655671945631188285853492681422473874367999493439464113694421626316341
6936987635351337344229257856183 316111313277415492457817643664735151835972717233288467373772763248182548594492355817713177898869
888274991963517924486241792282517252241119757858127337828935994851715117642798 34749774174365334511
9595675317342653334464242289668285987238663427948284 267472855565459528514742626528255712881613236167199814817773328539993111918479962893143626647183436
887552154962374919113796298678555513919963182219184738988281 4518387791216218437718279661347779442991436635231956655274538471799949946639323
356731183696746743451685392252126783619813558151846879957444174158785349826323554956262157965433 5431521475789582472593728132213718456789246788886995163297391928948843
1928718846752179724418197211 17422412941163657195417815157562539135651748
695338752169913825364231152964792 43861677969293836156212461528856971947249525621358396396478
96568691536255639165978 977633996255162265738
691146839363421693778467675554685211882758279174426641835564638845387694892629123626447871774 5631562738699336777
55272621645112424388648762176645414696321947681943964244458411453285267919394926366124929411639153 5895687113841314648822567764882
8669457118 133352733435913127657676528528478725644845464272568759262475584472381
621554214268736422447313625559651357922149239797832794883422352141973 444469226769137311141947145987
5157746722197428258 57437875344448296183675651264411728653912139298425823241387437656
8883972784268555998152417529518412526981939342625587819339733542991219888123974699292319 273788351552576911863829933589
865947533694531592545432161342967882673 2479867613877444119533
974994446457376771311684827353859113954816869787132291262787365221929264642826297889168792863424275 72425283415681378742912625745
23142498185792 516156622527496981496149823782277
38361571484889665766626693166364454151692676654828297161959552179138511 146165492244388793411931
63483432198957436352755684761894445542 13215679655389338988689152543149389668145557567826571966236353312723638587335796423
1366987174547173199575462953379459493775473686261273337347193564644851848488511561739788616472944179 7718544939147357558487232273958842651266973355142326453677292483
5965396586198153937 773941777771375482148133
358842163235339549 289137725698171976411785587974748457968449589232828643775543162662965973938
47859569721793117 35388681849792385675685114
845848636426845896718419546772261453625673611699175488138992574596591576751875987129457548282357 1291655231788471897878621236314492811494316949113459949
1498957653769333523763644525231462648742934598873537165884132463761891317282453454766117573 43827141867498727641744942944335978637681793632247245
94874416821694926157122431417139522815237317953163943659615337172739488613499459253526368 578765149528542812995533838286972
276485764886767837927696936312121745511 969692822294415136496878682252914637639192911779847429556775557894364758869268152728188443
53943432454971787155882923341932791131782748255332747669471632741242838593614676346 455124574
781327869246553342385232377465746249674548465199732591414597116 515952868839788657469556376342153199192743266232787182615777912859747424272588732265145533312357
48 22914354833933297253762766152848838976398569883521248161836827924454264166725397173583568284444
622243612557499415443181267683423371549335961235966922864461115293596369 959654415
525817763484166193466636819558119798956443191159785181944485384246429 995327834439196968663725
38994491537517689 1598844681351991358534268597171213288369935699259929591975185
6648344366867954487587558521179347831623738762224412173416216943714539133615676739313592727738551646 698574
267439 77231298911896925481366383128925345266183945996297118749325645582888146696374887
84314 999364211998443988
117316177646548615188163336925525653165132639865196655924577928423359633958578987953761152541 683114278447816949636213435166548778627759516892858125126594482792938143516371364294
5151367378941755923414235348856247613415442915829293242156461861183862514517213799613429594351358 9293692127877455628149748512676654249576311778413
4783892529877589311871423478 514126484899264448326135496178456534494882327172679745612992188826822846
2883 2556626254815127567779653944822595784155512559881363179177579543938638747274348735759867768
5472322771915481837297491719373966159256882686891581657289293565562365697559235712352284659288814 53732886711275222993957943343454355443
3431537464 453923831521948862847395288378171773145963317928555366
224835655392586553537147583961919147713291891636241656126699868254611372736 78697756698379557774543283199988229693974154492313682
7691678533649251 68468728745889962582
289 444198961619436527252419651742926451234758
5979246382897939632658242328126623422977842234411652254488544185 85577635997814665287
7579372964871463195728421965368683948975461 2997868117732816325835751812231657119728926295173911534297
546465389838432665694353 932852462781142155138625897163271698732147966318
3253365143758943761895176688872794144995386632145361521472163714277785832728348567172 724
5392521629298212595548792814535354478178592785777 881923535984328696946988155791987656838239499931139947111728457
7739917748797278849596473666393332139328387567965995 457789985579997551887199678342282546896966162153765832338269967
2333826951827379572731337236561659187243287719687652833932786917885 29544442197441853266324871437536714412491139
768142939827584124665228676798439898128634559948889275739789352235718218784859245359635 7398551787744119189193217921843667
6948419794765484372257 7784662455769357465493795233973179371334919258432611524875787249441766651543
52682193766944194122888497687257321511429469957233736341793741657319193282167777 49
6649945276486191656456339574142156676753679597396836638488966128871536686466154661216617973683 16528113923635181176674643544715268775626821359289738258233885541258619834467862648448458222
4853916323 6648986668692358984665818597261896438553444255692123625618942817942124629626511635955365639976
338513968994493611718962936677 481385152845525139141625874393816547746724474854922493155392133
95981135356553 24238176962936152246926155353594612948434125946773932
23411 26455891117993257568712444662923953144631517326872266123999124
613323462316282947982882342819363467597155348892248965222593474671286726283483 83938297248578163615155292952112195948264476796825462314311575
824335456568842724873438668772938875298519725554148149418457454718982835687315277 1146332631954427247411989
1318639666846211722254358773897635949428922791248836827372175129136623835822 873228
643859 948764918969879999463781568541995865
384777857423247286618858788266115352492641928249683724399992949672286567 93613216934124922219737413799134685317352182257282954925962941947954456648843529914475134651
174336275348676674115354566494589627563561183864555123989125586436272115453565496686732564364829656 572758243954584378295381517928588395848131371783685217661123363291942262349826598346195419413718171
2358314173689887844548477124284332354525265451669988678451151898171489745731 49981
8494858796399673729726122368188728354856551634285944617178984243223797262 4127764998668923994312979342553575165816744668498197137649147286557589282977195335578
2938893414921211674111464876487312739 13144351117842492326119971229988862183634216187653545692394291542622458316755637613313984947
117594327139112936232773899381456299231323527353335441292 1762332926898282149988873698495834741488872225761538731588324589995477349639478542753
459349824652119157779782118358552754892 44826256616557768779273621744389215136868212
31989194 6477212678636514755525
424822496367443835868157177285616848369688633362894 5469938345386668643798194611143435
659358744811978226466654543724267452171273523568 4538682468281124485713363367622967656156225997162481951192622713658
65277482834144371995116722967823433574426587439977565856231714933457984112732718525873758729672538 5571216423579563644941393949323887794123617844841387
3231194228933874815772113855434165568319629688494229973465951625535 21931662849254423315147823331167628487517777223
9467626122868585992669563447238623318899422421661818778224755287318854291914 664
6595679674925136838678768218299822591229889374878576771934118289499677478128328576697221239666 8382998932266434
1191953125147999695143224753231 3699157676555661682897975333541588312951413298291643
74487665766596629543492919664947546754466 86549256861394369179794753564978229814331384187684552651385941673969964995
3348392791998565822242141895888524967288545991799786988246845561727797591536111447363991225 46724574671881325932181616712128588888718378518
21696269116725358461459572213886719861463722543568314855127773474826584457919623473172529 3841847479471929113886924791919621979771693873111846486474818
232593563661338975175859879913474645755266793982699715615483148132945722992757362321274659134528 21151977713438896
63516745474387461374764234447 911238147362952726263892825526525255497365389373562414266793799841442243276672235518423614415
2929 12727641515881187377891829863325651987574388682716296536152758457
99882476134529341632476129926156753716455126363243495962449736422442868358345963482855 14986124413988291486938771
8596923428292 622522181579744
49479483153981949382864929977977957238153571732833539822958129566156578 9343423815862419492235282688483773211
81689271672479322941872464122765379 433456658115367446991963239437923152967492527299565459682539
94287332767939272393878444685531985717519947749214128959478227989751452137846769722574283135451956 34665698245892636858287914135173733173897726739737633217462189672242788896671341461926562123836
936465971281331995768296327983377865936776243647724894667868258533122 38747648864282148497812453435
4964489158756673218668484675 19813683698351241
71515356996619269161738949788896256491632213885681882129956999626 49565935872425833418936431865
272657934973593765757634912422111275984436814756342849494572 1683499968666726538271519584631881569316526959545852966699359173782
38188749448319451458191357647755877951273959978 43949485533451466294766675453795855824193472
392966379132222978793621615771842799756172677374225 99682512415546529929845447174953153725
63595565582854824478219413732241389739472835 1549993554276892645615714382278478288793568275262871597
87435949892399319415819682395665238229355243785564487646872313887369337184141852984694995168479777 1733336926434
987778456182147976578684847631516356515894919273381718517356438638228236521966686895826485 4112743382897898371281195254831694335388199329672391594912233614837969276251258861215556362
644284831789495169152511874583656111379796 14614156791567638923797278641623138575163421374943219621344742171438596954
6951659961627614129433824631968382948115597962143881764536347918 864959511534612965439123669725174379838234982722
349549334174597288916 2134618855939577196296265185273983197967437361376469845618763187997621592346159328749635
63993184142217964282481478488948666355 9525228627474832193455726261429921164931461656482795652
9453413433718745382599894378424994772184515952722137461361953482523922381454438 87473773149247159434827783889775758181
1812245337173959983788689557464763176563438557374366485529899959549956593489222578181264761234475 485135247396197868674976977756469724896961459769258694469738375785896941141329436582937778651459282
5937544848151268814334415891642835784129648375437574485546571221233989 1895179934999359629436342
8876678765688672748582961893555383957419146621994651178483979278418274557181967146716 284385849211792269965715167816939283538174197564483363779999
262863638875855349248258347933423879716224479516157631683874829454733585748894269948598 4258617271442357728376468412152139875898723796893851185236
281179699229534913297972729418989 86342897497684554357282312759122859925489726387873413669354477
898474526134 7625131897181859952171211845528421297634556297686199999445819617236
771413743843393 54456216524282452269679376341211578
5179773153184483774325227159576646411474325184197253764532919254175 7889912356357292978836777827928236753973163993234586
12152631623434564996229242569536674326577786295711121614741522583843833572 7251918663431334913579538399743694764356395151671
999954898894399128779886376699381876885271725271 13487783168895498369683584317832919773193374629254346438373782213685727657738735476281739177465596
9359494826594719196971553348195111937379213794838984758143782886868248999557275333454162424742 439172943756376367574762761692316297739262376887228979824581553449358361153434521763389
55435922781643512549139 59773517317943511618648317276556176723765
426647853971858 697845777585976377491253983892327226132829141272815813745272299617111973988478919585873872244525782
8741437312986258528817581188298382377464897545265462379258399772953734438413899918116477511 396465187757748671233342277268977291999372811
97867465169458324817147455714487841292254425572435949 56685716346282555437632194118
62688596534583943441724246519472745843639472712687592233 783917356334361739887986339613256226785336122695638
96 975398574861189889366466932993291383553259471913249941322533148396258264766221
16246386797561347153427544446852969838582579374126127776371514624599647958 8138442715878966
72976627695218946283568841325191948881585554268339638653298928 183937
823783698622387546 1319221559674295887394998957146
554444167431586965224893959165993356486476861274226661792731957577213366445693897421369851438832 939863122528687361823899298681197815872597861667372463
58651717725586852419171986831819644944864763176194547226678763354755591643375727556679743564422271 287435483536825797584556826537664346231161936561586535843715633942811956528256
812293499612252154892112631475826539486199684823566349488946353 4864473599413799965117672
67327142478385254169425866713146744786555121141784 84988544934796892561553966354374787592253
99237649638455235 2345712393654218117525448917549978165553628968864213331335493549762243623451592
524432965182282962881551935124284398632525417459899594857752637361191 2891
9745328548491594798281156521122294532774883583859597689296251619198136589873833661837334198474 819953923519344261252963967929565948868538615997373384696425273126656671
86 337719497881198475592775431233467444654869717184444463
399198828369537846892231271512173547659751822468619828439816631713431527 11352533742855182975615851691721521617927231433713444727
8712889145442781 5696419717
798725651253417823445631783772456435648284699938235948621563964613688197665 2263569758652975863698899956339851249255289591275
359949128357699625151 94621112121873647353994225693343528552225135899575644476894556773375874876526419955653841322114
9633977455174765965666733299577613931416357224379497638983 43286151125171424622671811145378271524162524614643548445614945598623818
3251952867843413692 413283643914557717225723688985968911819174765661911675733854674979195194259476456
953197369215493913319568979878397582183882 391842377389445857162776436823518162131338229253849878
52285816683533615863172143464471133649736579198259659681545391199211212963629767777259186738 28852792282215875749975368869326529196683827857376144113184794577355321625538
3887795178622281658425989959897599275113953243412725828723929347 36691854329811381232993811663486822279877962287392149825469938539875
8954459912153766255175161211 857866686256656319799969939579155374873189874125978893312217729232389859839632472353
169369271532893926877175519552298544329416941944 32735583828552774368744431595649721519378198924259989796246127241911474179647735727476877954751
995295444748964215496159678179216312528471143999938862187356726922817175287869787759563476281854 16516899119121134318146174276772694475385189116394468538565774131486567493339823551842937515753
72634649737145932682165743613536979331242793325 361429758765958785954813251961118394538293115249481466826629324997638
971583136363964711939586726288159997228279558442714357362865455334823914336538217156284615111975365 93247992168613112281
6 81352335365
584319734378325295961227611483983291831727261729661974848962857289 4162198794849949672548379493527591488449525826922734593428
159461785535656432 237294832646685699593113882
3887749748823289569442842817 2
87153977178652818831162357511764351521 44243226286315884451847615127279398347833567
38474155351586945372399987572236985649963412681546171432627528647921287887 7668345998668827883921328459885224354885956511732745489958541518347291665236378218321527415
22218624934811829254965871743899873143259527373184723732398345749471345525942649988272595 779421
8362485141892476798776662731999251965 637888349716547616469587892254467281279486865795399329882862723
341129961621492337461782896386665495274763184666243341358478164488535 83358782741928865851895844282957118922737168933665779571251798458421311431261733694238321
2283316893336293568613781816573913873459598261925929968691878245665 12633558553325484447646632653716427151185432
3748961882411173584832527421259 3356722819553715865
6847866385944414612648735163171366734858274521268631888413936163183562298 97656212
3315564794 412628644964458219854425714148279546581375595274428844614674984664856974278
26962526671135232595793756984437627654913472991556731328327612937252789 79942981766141574153865215664379166443717392
2237245613425 846168119264548115399988426289916936278121647122462
6362144 4736147715465475655226757611788138897961556885246688521537149729549
79314293296813852772313234233624324115769227355953326683 894534622836835729212948352729347
921662314 5554883268814297413274247458234169436714628743465212677
33148767422857544293138983385728455532422337872823393155781659738266321831855879 177469531128145693114236167348488647342278985826844674271584792468738234131544448139224436269623
8613236119676271345517966328271678612675 4353286726286868222589
666578413758768494231976691479499215762729576859486172473134543847 838628641766942215966571146776693328714493972457557
62561915828629173898966338129638923464797189161 96161348187586192622768798851851213959839368522559694768334489737327399439757248779
4885266575557881947524 96157824433676662524969442717942713653846151262
888748868943961691843683783377968848256981 5648932866287868495718645733838737441193449
1 94754692949227539895298493591679418529482
25 383948183521336972376299548177261171229
624651859724817958548575624947673172497771441427245818489133553529353959199267389949 6385561769779391522124618628581579143294523464653643119156299129255789473
235899774888975262836389797711616486767357647927777756137277538753459139 98976957475496459275617821129576516535983844758917342369431319333132688821956388284349979
925885 4599464858692175421215193313791474615265557899848893953
392299596228641812242311626349579219372399597226786135164939264949813394536193241599298694 516435183299352857549247225715834936828996179814
5388423981146419577987311134264 442295125397378217752832632753839594379937229989279844611685686653654756558411
278661152398829487329497452851336 3557672311259638193424622969652229936298194658337589587881183155274718791
6239843813662168 161968995267325951747136561995227939212397264245392186741558532566652398418377447939814888
7584658959683158836627541328461992371599717621259197678144878321854712239319681369173488471442454755 217869177552569649455346977788721761946445521434526246112956882627983413696367815
5772618395126563579733873567285353643642337953371 795127669616924821927233845197377442271655992138814
3547776899823323135954585217527694111281511321225944829987619778862445163695395735237264883165495363 77144526745367242978831342721438734253928442987139843128698673613747584444224241129654
668222464193566346469946728895822968558922226596636161183285884961672857275618499419 68993196291165481966179176753625753931467622197548451891936554179423384
62386168691194424413148593935685923691172843968292789844 2915514428389234815112947446258149721431533611217489769
8921494961474733194734676685245485415122294875663 926417613186984879668658913517495561457677
54379979771622341815484388444235561725717 729212295785296365291547347719466797456236947737342813158578
584299634143411864976133192786 72618525974618766455755456212745837123353
244662947169335822 6575299619253521691141492
678836188726586687224632812498359552748 3532535386771262367115419342345524958626433556217335543816738357772775
61811522418659276288325368275888763824728972744447793213134415214297631371493 5881123714294997845269373134767168686693837742859396957831694884237253828329269137
128686968926537278186333527724194549317218321358977188911941767195674847418186461784832117994993869 661155579348917948845928733967245344813593329
176152981815323565177118484 887975229299556191616921474169956765743581292144
76567158658493584785524752818643437779947284962488525226591368363 6853482986868389349289212725938472257474877492511775184235853815388581355252518317751193
827779233249258243682576531737496439794923344474469193 592972381
6252678241517375571 6433726663263438244348794666331267279495468923697439385
8557413968754576765115527333442793496779116549847196195488127334882229597889 42392517856159648545898678546534482894267435595143857843933735829812955658245136817586
878134162697921784787266846495738511552724789638698564825468815995 641651687229795656327554996113888259447486455673245246653926426855794757114843
5846871662936198481796224836287219886682665675418342473565553518 79576187915223269461868196455981
462743291975872935564254113585318348638618282969499562617645392397114561762493156255239591 788749489649757368183827433561678559593633541
8519593279442625747438931925199556917459288142891284742368769492564374751261712292496529878984 486738354722314989351446986679967778975317149674
595355719514515642926858586878691872622824885233118 6284938795495225612
789621133647657411488286416369789712174975359853562888531551681361299717461676943476575462493147 31668419561472672586312396357621377974613
438463886398858594553414239258151356974393287836152925972316973198379148894383743542562884982516261 9693623838526677479623971799291741737811499886382388
36226674747925981813338834299624955367857351887229435626591133996 29485
6881977196698655528999576423396932913715231991569677889237 66779973196965279964619234485644774532238316789815422437
1238449653873546155939998 91288729652151615193391133
325386317838768236573482763495143399735396 611129362981652653
763429574931846411879621313739 31364651855769974349654449857429966856
4486182685275628388 28817892546478617412343888233249322457467571
71914118228858819377148386142669112631524875927539779315232629848929325 58125311993164638784634145751939553944711215845311668485793351167428139781
646458133442363544582436714838532826295354895495811 185596782834954724156
454634381866112125162196845111723443478547368158172541379378535527993595 1594649738691465359563177676834784442849921
791888383527135489348629114738886279815655 822796532148164474387726935249
71789496994 44283623267794346554646332633282952249
3726656893734176573266538286759661563143435267438861169959293825165479136351314882684292313 645456534631243447234734563891442122467183476751513266859914
97611856852427857348442331256491473811466885584879265398895787927294 45848515361817622819458325223119614624821986258287268414764539583986923935631826748
321 4578374442513318988878178344299448
35457974464876525784899244393791913626121614233 1266837859236183697327138426
65528591881674521687991152766294861361481673368967493137586915545915394641873628999 378283439435166741299292157272116281986844656432371457583751759366161624951767677929445526785313
728827189958363643822438228848441969224925 44747849765549545858483151557419257239481145532113648211875185277
7671599694262978327761226496225354 1229543442791425
7173144 792275461529171683869481739377749636323927893873474645841577756859137565589534691857181878614
753455934919128242 89825967558
211388815582167533846154825728461435533487241222462683 3127898497395539585537484382135211451277391
635269675785138576428617394697125369459642919998314 989353238115541232153848835676398554914425438467449991263927586
82254864373984649537424655189329155253129466754185947996932684217529221217626758323 428964582714241972385433963434732522941834873
51759551996693686474649366261729866858214634249351498935544742 35685642748391
159554663179568623387 3666852162156969634433744348851229923933153629912493883627585568328283798531446387243653
57264777394183629383821384311248525738638968119678818119388147473923668364784858839744886 2586428565295478939918597958395812525755955133555439224846528438
6392592435736931951948967127192312537754761552378362643834293591 58129168326462916581632864844718787552866488719698543199278774243
73148783277587914246428869454 56579
3919993363538532126874837318273643616375879436216531951 163387771782368138964831262958493
964158271 347535729848769171492158441835524819582465549975345238235
716549611266951187286551917731192753435957593756277615278674251399125332422747816449194451517 855656196952398624681178522136295413169847358926674161762834913726619328781598621338397371194868192
56748373244324836428798788217287227651428438 85219377783256987793598268768346888792918135792565148256619823469
49 91763954194825987254532246591467658138576998383385172397738343884289642583388367
7768388713638792757259814797516262628822411945342333 973756378543342314924669327891653927457752331388824
71899371112211 26974878513657975627586868714266387373451869722329882991431
85867988279183735236 5668365184254182694465752231367434415497917878294937516932288449542363596933987652344874
974752252185319669213393798677294681152424578822 35446779823288829553236187875834855717663834
9667286223928313871343743369229751128 291
937999218217295512529217628424523291755187221835791358447773989641658612774897973959338494914281347 752313147417197386532269567118712411913
38324638467477643397977536151411491786489236315198877811 179979752879329413942986613752276978574285783611589765246731574499
731412197 9213917778429212521569465394371643665199517443319439231415579875742314285959
158785799468154981 54873892245286492684445168344482642716585382629551894849112949647265525783632154969998384497535837
6933765382335547588456568231973216318592296253126296653264633159776986746992564219739664447622 6332714424691897564765185151
3239987327658163827894195173746281755 2846496791712693587547516722731388294947489381755849263414482535528189648772533148
811464972278196483286232827275683365422132536689169962968679347292385153286538314 89728544156832141633376229281633285766978589296365979116456
458552379726167458323787 9637953348195111781241844465518352534664346218
472164582691762824675 554779561993966212
6489838384944451221589697398 164833797
898226845329269195632293355851 9853557841217478224625947187738934631971777245533878463791391759375994554595171689438361816775585556
459453918471846239672686844142488157 244648328721232372275318389292573645397697751271
1128459 2791337295244682644472929391175286627482341332551941775114327172512989167384165293
4271291 64376
39366347326871656393154169436658359381295233473944581785351493663369819663613627749124453631775 158743454852476834885598339178939433
81218436739138899681743691116823975518372951942286629137423838598462189589139 8651785247975494552387169688195772724469172545978334759322958368124755
511155366255725793635783257637245622825915345961713517581474664613779989 8435989311141214385839996551685899429543276574
968911838796441511583797671194517162983677182122 99376879555533
7211225217494287247221642969742591663 2432118155856122814118891315588
359 2832799777515799899727794845844913119131394531258157827611636478649377714563252
494726235722382732198425766441926598982155777297784738 68636536346565541484537677249888854453412685933477283377342499864963936229955
619564611536487593412522976472378833918779231457228676447351393296727376661775378 1318142354156167288264431861662641949984636683771996624896323875258721
547186231698338448883664956312562288341341867136328162312785534175224846529658444694221 624213868963776412894355943231441589374517
258298561354422329 5727698563141523634296873876737498277986751819611837369
66159541546281358624661412758436941146257544775579825336659183 956118813364735343936346
1233959812853615349642784993387186752741845963649441343646821519389939668555541614264413614354 521332758814889991973276733348743
12626938952333717959581693874587965895998214798151352478525554718541644179882967535621151846541 5418745358749384571974714534698181575199678554589991349112775525943223962
9694142913747556283316127325518285614854162833 83914742298468557771511759253361558365459187117341567632351416817479234356422236323832833999558
53494177374833857916865675581516968378283294954258858 885155412499451
1528897652749658856782371562656971612893487961863 84462813415411122875
8173548398715683815864148966315448865519745824548459827921447193856 617392653818619774424252478582687933514738349195358717
814648352593654339858462492997565742556685934725541837966776522172 692629568197391334811954482377551784517868916111
53274 979134
624953179862812598389641317933737915357488471481677948569715662773846827417393789548 611619248678491231585464888569518818422529924968621272646414531676648297341852733679
241245156285341449623261697472826523391994868 47522119918497688377873177665751975479139171383367529696977848645211271719
7432112188949792461179547515513968 9547338
24513632885972436226429678483133163175333328635361931559997589758256741218233 25127763474963392
3599953591842166 451397312471947218425728931776584794225149143
227252268 1432395722765379517729222619617615851849191397972638621346888454
89975841588113279558644277484989437591811253596311549421194152378325659947897567437817916525622 848977974725227175218223882194196977452646547296
3647344366423615873572795727347235467843541312771254734929285681375837842366736753618149993276687 3847792651126381845999328393217888338875987561648975559261659211829352178636799378
3151846352824374736388749369333536614975781667889437355223315921239 32134221718788881128461355446846545238484157132863388175336532
9328574617155822532888889982613248839657112787165944463423 962377571752258437
764387113 4444193975686621471342445651
493466444587496168613766973926927116525695336646714634871 9337434616291258143138315971963136724132633999776564794552678192848349616152553886
56366939634511413657327 4153569978295389986972438548292
657166913726 5584653764
235471841217988374119711926523755773119881371552981567396478273127728961142861241 284826917
47776821479 18161167243792291374452435868487
1869422372659236248715165 6219756134831597279775821894966679473247837891347566873
3255725948337446449854877988228432286533953254563635238983132264728466588848432691 2746778994147491673987173555574366157848549281933891893746
897856279765143291644917872739195951243346375 66557834216154592535281511466699528149831986713721758362656719132446841113814127612853689817
7148249336691563218643746425929347868664775839698411481569195738772426474727446458829287663558 887514122569996495981698523768624912794819233623478246
41571788672449 764788228718849626977149489
4147445542611596442579568513337171735691374168497 81975876846337522481457557892663312718676519583727392127276813335657119
98792788877674587179315699477411216383631776613746228853855568521988462435378643283 8541674762673745845128333584665851668124719714466963849457334299237184165
53284264412479755947162153731697 39551885677198896952623724159269936736887259351694532391565212262916837883711311641
5811721347545438587445138 36212391378488715919312873319886436171411486824191228591
3378162826314236382571748752751812545242428421673887833623983553561282651174529253472588821 482148638848878124696997794655971833221826237
5953457618148631215175213437898714779827159728391669 756437516875511624216222158568424219215234521114779
982693139684394397 3958669826748483292394354788888343133957821128746
9616885953259924383145 484584846213
6546 476993391775643982821846766425928432441393
1949654677117623136437269143329511339572471367889276651936665569187594983722417 23895293
5118566872449199198328988574733282363 654271936253941735324
7 661861684341263946997817943927454934457465796219
439682739321647879283691731974591355498577257998761 2987562235266749553439996
88336141958939364366346881348812542544553846545432433685 6691761484222328178761692316572
71164131177879572142216991289797728924 51119879312455139255974182343847465646943198854515747
783277262394459915867629656574849833572919694981555916953477 593865579793154772372997474998737748388486172714123733353463257295336522242
4133182862139954546354966214655159117 1994894668369816279
8155775356512 36999917553826474979569128111988565459663225821275899478749463553484393487
9764553689168 49516997781187598982293392571812753559865111831596148598811736513826
81522263711954548959722758246599743443175246687 212447649494615315569553419162141411968863992177926521548449329574691573181468355461285748988447
387616246238663294193152387171797958678929683173649243916855916832828136758396198929644424185685 513713558
46944432783815791264528 485538254667951534147827125581918346928485819546327853595469859389369
25948976518256655155717976287248814784812592195523669581431384717516864351867896 48145364955344534242873382513282879612257216547586413437742853
4551315156658926219173 2695338335132663944653935644787717434483437613276733665385383762
687166278916972737426625592997472613567731949833 438348564343799
4385262262413238599183686593255167114827393114637346894239622124627571798249182185682519172558362 451896942363953658411169399553617279629595133746379598591875717
955843557283548417448984374128124255151155334 473428125718443165382134595692799756989725516244887585364433645596826884666375673916
41362523827589531168887725539346539522314 356115292751934833612529929742514565852564987325244427171281251
67411559523864863262784126258537934158546936751355533891117462237321247722 16165874428876862871593614617842743355848125125549592451687631783346178786273566819483619
24289645228 11532884975317117114546544215997268971769589987691526849816
426357518855194444641684978177876854688818761774576638549629155899199691582617491737 9681483151884292546171913952336944
838142427112392687962699386868729195857626879268461748854874613148253835558875523776472 7585595689862663117336765343534616667653781545875462999351368917525879793326476922247812145865
7621288128972131758617746817399849465376 268716277932456315598639557481
794579341966818118215471171368341854175991353173815533656714416488631118438338279162846358193341 89826768913898338419533778819783118424785783984723798924883371625796841538111161388542964458522778
37824613498524294243 434823562623866416716866522936841863547428492584636427223
9721328544251498653488 192214647512645723874246516263
81278262598737763134 21117595932671888725633355279691195945154944
46164117238999845141316727895748758137 992354
78931526837765497297634117734486191956256493574777693176984725198952619238885 3972529136574
51827871539845355962343418369669963982566 98294439381241732466931745115967762385479953862283692419334765355448623585512
46 92366148953673616867396618868829413875328997758422426387245811976421479285736448748
4554576556217477782467184665352963368837529638344941144178334617324563215541785 175421845739291942716212723997189895969385664421165786924543275843638879372173412169
41895724448671639821614896841166448548 998436186994363721852477286383124597439513849299297891981758972963488646472
188489393898115827479388958125919354296937 251647788353354558185137
168869225182575195 2543134498772183447639786764533839562843858556999446258825528197613193678452783454188992666139
58721554977971772966447887326669454487484468492932941334126513321574486531235627785 75739335653989784327168354924837112896888461366261276715515815167648686676288431436815738386
566575726332 68317587149141227359912664282253113392586272473592642331727369759349921958647167
3423517881225254916642173663886177524328 66
739965898739581 4564394681593614769212643261989251879724735472
74989488862527 352729827533425725293133651325375744423531415571996187521236518322317271251535499192225173819628538
84414232961611577321482 295664548346585758366695622525293138871951146617142143839248496441322953819378463
7891673734444212 38991
398565877231769436837834556125947343533 599614669898767234371499621759115277919987646295764258326365573
3612149922838124539772564248834293 51228734645833428748463297561951257224631872558466615252886949121
8547458635755827133844647325197392194962797472426162752451528596953527791894931 84969736436636578251366671248768137945619592166617163851299296214334474
13671249968352268888 9891985769791492632
45879475337355899178671364557579893856927648553937523413628345833 33481326771723661993127317565193162653264679987136463847969182858213628422413739127736714962
5875325235127151528583586324668499374 8838352896356838845715271959132347667911633968533514824181468188867548468675469637162479767
8968479467333716216124176841493999198472847692188893749541443993447521962937653434962 1388247523617166957418542281211865661259693462366452139137859256498474677728951256634413
5258364341172687249854522371357 4451243647688384876599783224996957434272968585568527532196552479811648157745278156645719134119376837
973777845319989696753261874521351514239183719 28838925389458713753834365642973786456547766269262442744
6658153411936261928438851739326745395 58267451164636232656595186566158237674417963773245153152597
6631563358845132523264244594111862414211396119241973122299983398317682523527544198525273 36883829547529345327441198673897267393131216137289319662575513748347211539925298626328412
4919459167393312791319248186526941311916456619721153959157244979751865274711 42551
15962555354262451119329622891247355539391922946457371 49529822515557371373
7926454675867428948137752763665331373419666449236359567675 74541696319119219133224933421462191237415196441
51736399551215292894432558796449432959527941996249483 6258884176
44123653759524826224356155659621326859853686298365411158869 83618294291231432599226955448486291614454268394411491558
87288585545515179541998175118448456355898735944475528734323966455821596412534675979 57563494972284179667224417124733325421361892424458934944459266474935799393511889314
612287283131385462242352239166857633334263476345762894151 335588634952213211716657694651
1888973433337 852349252757648835543132748924675189517683959329884493676352622173435
628943975 12355723859132952251545873258883673686967921886451429192786955998146998632995992427469
319735642922451889527721741618794557562616879597472849884581431561225291611929 939529594795445
26148744833919139414399246767318 95482637775727689646447961318259516291463268452969334912953592322981274263338
17384158373619849644667439238577359543658924429221254989644669518527637453656 6377826861328589262672383527783397623631928839328237381415575636734698814858775982351542852364739
49152429437329791528919379958 963651268332153833894873251188983312926671999238988597416666113245152272824782827321632229855
791869186383473147337457853718943864643186975987916896889 48
321933177179686133673657435618444119314845794344653762159877414981352626748928488259336 355123169678523461959711478287384867372759396415929
257935654643246432775323598964363375947769275468597371965468671554791259815832914 9452596173861296565835438835832
241594257369681117262353219145744 433756674521913972582387971245914471543285919787958854679179922457
779383819269471986953694838188953 66324251363
7 68
2952152123886792243984644467812765 67973694923546669354798795274289
2915139475795486937814374239912276812463129266475951986895718281967198457962633461846816565695972271 1138589228614655672947655358668282
723519633579314493263472599249561214386693952337541267285 16629618142251172931764841257444257675861613917373781275285634673812
63284998596526232856168153149939888557413228543314493797398318615853884231178711 638195955476371412997272462386649447168866697977393
763588575927 522917432642323863555
4244147738946399413455347253784124886145344915419953187848346351 385274922195472253926231947428335748948
481713414447558721551731376597537117747381841376469246915544475711328691 231725227792787518832399396693172895272911965644537228467613514494119931245741417246617973146
128948559125595347365311378941728823995636293465217497566121228135745831598386467622641 6271859335735261747612845937838365724767278739788299781479621743657651941737621533114112
653835364637438125396224445196321349621 82279673791794292535661481845337974465266859723662
2492719595912419972556 693281547832994825854937399977418162142693822847689533
5577536512272341521796576746719175569452512282 8362473491121645991975855846587293665864677674725656597772537932951475712
756183646252632112 337424444896423357859968866131373486341267
2817794591395371784427184791738558419679793567789686778144993567683819476992895176377893782329718539 718388525886132467536353385637556766426135242339822687247543799658178148947618767
695956661639372448268216286976183643 69581794994572387926497336359192572877181734216529297499188843
5978952572913181719987276313991111763777826861966442774552789456766655617384916627712612 476813218273572812737236811
777975652589426772666328158817414714492653966255237357569635646865328664586562 53356175685674216682797594483125962211941217827772769681458423484263156688629437371117
765724671122294124286664163514684328816379357693176546922151188132668543329 179928987
1341345787829758698585732694366416747997562791691413446887881931558 1116789186986524729885499237279377871311523328186373983753384368551737592156744876548998997485
2948323912495436664543327888742621714121849675683381463393725885463639 74374845131871955243146766573199986536555934735426552737575594156623352171522279592875
9789 21327581671319753847764168598535662531297415788966699348168145318314613193812227941662849732848246
68616929787313589699726354992485595514466536 3366964524239451935173492364594422149349222464858233312
4639521824973389749452411393626729613756791793814273517768277127264628845626817376555694959153345 1367788955173679958483328751
943768246 5724522318836239984549357846917682593428792631252147983247372345567112934314141773882385333878165319
595324849351833594379372956112545199391821957275749923 7847565741798631258563494317761695443362832943198511974434217693
2888516816688747944291886249818313197439164418595 813514784487929645
56415932676128527659857665942365635 77823695
81141776318767911436262888688939629494636234593195644788999426561338171582959314 6258571463746828921197686272371749438799486344161162159133998669293999578375465888841175485
25393663241822636948275751454392361346732479998293453674637889198182283717124572171868995595 16149195333426776719988199531826789574526466589744466886
85633767396536339845941489622257115245526241659295194451675949794556 458233411681531167654624228389378185625
47518518515116213798183463453497126172678288759157329352326 8374496541132231233185444169514613732742453772244926557975
6813627179868577869219257695177328425675274 1858574355671345156255472294486138355441694478672794256782161
35694116692821569999 7642334256317319256941229555155154259
9768675584854377264397953192 1767392887317872297246888818528194598131715929371733345988
351261847284911823658999946971567182444259695921636821268921842684343128635 744112837353567315681753338887617633693569989148687511764191164265412428358729857851911792
4652469817692566225397664485693635434467643711176788666688822878898852 84387573
86964843751232758192258244742622769523646811597751449869313315151863233 4557622
13189467358849857694449149893788154347839644669593726437827617812732425857 5884985831975912151186227927596187815612362193322174418963286177478468472847
234132795495336454925963621461335822895527593217856748248186786188578947524779487995163747834 863161684944535
649329417872972558875534328 87312955645636216333984512
9342686611897233934992956778185798565446323596662828911696292696815917947183641217113437271594437 44392749555381911349293241254786673141384272829757438628653641
19255542329 22749
88268584949728246179327721938181386585397458929376722765216625952992377 93544998
5387498874373359133198196692871533583283845312111651366667349693 2941629442742
992937859276515115576184375953 249944684635495132363347772855381251564332179181342
1138187364833485698247821876792184234987193196936252966483891 566778579432676991226398
537813259 24591231546186394494236226163521873266813333293538831423126272744697462748952729437
827879798572497184954651623538672982457982429233448868437 2487795881341648784288122875465948353211
95878584172986649765853837233832125 9832299215239934222355454345928441322625151932718312612969658
815985261787 6469477129973673247386556945633937688933
9915436946632842141362562917568333142368248944117698331157 29661
868363295341418775677724427521261992574 15198963899646537577949327799472876364444
89262612539593858442691497659721666946927566144769649939487515 434728259235659
9553144868529342214455284249328368242264983167126743343765373633191677221596966117473259467 867854352113334747125338497
8419516257353789292678619591434427818841321164634358771482268267623376 841128999911764172898961461454922829941115216694192224474868911
224462974191737233461264584967665359471585434841521793173857 318182689661112998819931155637647216918966452428131763492
234627119762412468151963551654983473458268299477954827568235493397212682158895618245385918827498 4614717198943954321179412132756375811885164641568
55564623241983789787231114136481629635736316893343231544587181351234815968299841 188389255923688481766698325739273679496623858
6951433716723445643959651481352679697691353977235514287621314445927288452533446343736364936938 637567396268213514699727782
91481779356283176632672494944937338245189621164897564169 96314334994
92113321689267684419878573814969637147968144693669579326685551395934992712721658557854 47639591855439725282482136442767512758162313955176912337939788487449315562678517
795241989411428364978591461297142 74948368116797752757573832834438767418254144685725469611736813279484966599522618827188697796829226
2333513318463449759115868 9939354457599741277828745795634311289336217943468499553665971
1552474344492112824475116993668536448714126916839832631285239829 42967661642894941351724341695468738281513
481989981194462541353894484866881446871174634617326488428394467638744346267615481613959223926787261 56693248371574575141675357311636455658325895553268658795835531515674162758361138953516217496
17455238273925449 648214661735971
9546573243977966115439723138882293937358582477676125159155137695642245412538946951197233794518726469 4739
22836 613375439377545657138331344888844359225231415856631
63 67115471791828644346467926161978324883469689292211859398695698364
5115733599269844663213199478338674 19388946171286
93589218576892871666736432732643328136544 92158289311822188785516967668273476838477221727912471425461893
79641582733786672997199341479995926635286299 471286147562693541525986621736566275657399554354557645979657354283914392984247548869294
1564376 161223546166186937587185948728212884426512672447743226
692184647462138955299466246256935558362344499534166973874238152223181234173887963475 66962377939232377585581919847892258656279627795356358741165774142733887772647
725641916568598587787997111245736524687512 11446945994123859219782319494411853688974111574555
6669443558533533148913689787437347626231656188833336575995866842155145695337593389824972724 4611497878377459571195188495749482395991376498251543543319318
8364343 48424242884338819495114677947297281
763123518839551298329486798799758877278651461513949847431473 2768899559414953913224424364126263916816338348887999485671
17142344835 7398649731594376677173658146782873191681942326868481683755947
946199564636263935793886219116661545581635644673738641533236464228426393224925547741735689167 229626886681733861746284894531676984988742473119296177421
2483889562657964559275311564365689389663811522871 9739382691662944941959439755875676
273294528211218528181279787857734426291618467471338666145481626769416374195599519384872126888 416668277679732754313599386299599527916187756524775829
2189441726712595823 6453987787871483394353275481194967745711155286528432474122691882813843821353441574779
95348754661618799371433613 527633739718185
76852354874922849183314325389836571974315543542486251949631517276712481735634664477744976854213 78284469328767478221452481176815878541542489
1175773533529678535663638933712299111911 7751894283711
878632423732614529761587861943586862824843461335254 9492113987795844449194512731921351271115373981556564656362752528238111449425661189166691538481915
5111943134131529488292629618569793929639288668558195 3528722425123374584563712532173814587692394931757221677475714279
479163199243132587 3628844668682478352855693539333344894163897526396314664437139827925167171
11921279292 923684262
35486383559677875628897338452595457782169712451453373542293245316119185831133658938323472556 12316946172861666887939367499956
485225684321354663838915773379186479263156274336585548291468586125352812621846437195343 36644426952734393148187866834625932261139977968
21728794977394999714626488172259411828565717814633976673274225991335115825174387132227 548666327528246412672134213445495961665951855463468793963523
9744597687348951176754875211613792377 5476569621776735744134777241
4456423993442265966121173884444562572935779816425615585299647762496972187 1787368
9387932681578818484616745154455857433793387376616783388776671392348953332462231275151784 35774884434588
2727219247219865355825277626173526613991279493822797111 861861461656841795517729873956618477934228641747426882935941532883766921138715655891
958861864337396139475623978815194712 31212781754617483159961312666957421369992552173997927546391829698537869638799233217655844175
5574313558299171152362571895229496378519851416636377733353187633553655489641398 2527796961191193126153849527962633126939443363294826976172239325266
89978394482432584648 3159179138186497447894372275965685185927882219582355686354426176971
4662379195538766421379767939383 9517773189849817984851828839681262984195439549853978722479163851249748611761837322337979
944666267137517726677779735727317138 555192323741769297256426559222386284732628713976256654315556518823233571
427123617943751 364966285
26915152287285249429161861958199253191816198736962563895177773663558899 358611356
61528197351885112937 868576264648672663135416712139543976656643951991818895129774359927738336599181677
4455338134259956685763558868661889818459366197675676684625376263589729247587925836349857391291876 64992251817497339311492694661
62 51719868577337336838546553853
1747718619624167167543553475627574142933566897162972543183451683623772 38967242251529263326824532886562495183518854785172137872413788613413158456537193165
26687922879692132633975469237368578173885425855996927246484562844273372575387392239 76187892699187136382146541128174563669675551122969413
329213191292457311148238 7258128632269481
882627599841187261227386439467162839978678895438926277925867134969975871878638989377761 4712549348588467123122335715276498946757831626225519699987113838883742659155
58489587767743284432863598539779163586514166632268888111795148153699315672328936582829628465755989 7851582734646268687181922577259249755196142139471867643127177627169315191226133261529281
299417798772993846461991619712157796922325992143787834499572163523252156828795746358971861433 21413285675882842882169935456957419567591764298
228757712379436836427259365325487664712182737235835152858989792651471718233496421599842811259456 2991
719 45498328
31227969636157476381529173146876119823 41234564315357379576735
378363331616919792695338336173291675966835395321493717885226128984643319195214 31797973969183168
4 474196367837784372581268297432734735646283154722934384816698257413448689
38787361876237 45183177925784
8672264332516778449448652936419474254238655 2774349812213148846128577583461923577786149445623334298393735141828946476348254476179367388
941455644377355776114719611797879287847757624681195847179868417413117145449755623685593878654537793 144284332946488
5834643619237354484643972993553179276925951389932 31
723467748 246679643271599612267776911933271992289248329574657832151649377162287318328332732272725395138541128
775655474357385594446293796561394983535422123765216656115499744987589555531359939776511 424996563359959717515847852561515144442829536377927726592781
116184915638 185965559114793883283885
4776725864155799358993238862383888258562568321635553234825948847 169425186872392693463778922262917662594
17782493684916933138427224943855453463417819563295626773679634541298428965784938515343443 83457862626371933227675
3281529983236479921277 7167688838415921431542932714915752632161568972597786891269828634754641983273718228788
243453255595752754236235287294188859673312778858447 55421443899363942175916367159124595156947786237585894592573931645392369593644537986875268
3212976291118451947255129956342456972975921816786187 868
6285812 78712466716732359279786849749384779394174149828
29399787791151788741917991532674895676231681842998516957 636135791665724187258779143739299512115192619493712853846425223684528986945443526643633982
4438658533899524685237494864615928789 31472451488419313547989885384184471889774
75787669311783155849224316592124635664175788124364 6839692837634481359998599933563251454889
7636666479178738321654881486266717382661949322284635785797892439817674485 637152362722131794862212386711769683122747537672469621139936341838881115411643956624324463
123399232787383282949559254246519527573194877977 599472568742472773335143885489218927883459312447899886222711
8819771746747269153976329889595 798433853147283262846147624194219462934663
17627 9279612617325613434329762633395149544488732983167685519183363577799218123974895979591
33866267123757724673154428327647822527497615572886722649332 535877972436766144787679812934772996545915373917
9138943893447331948914538851628943947153819786172715342711844889688822138598265 182623411567541515965474747546593232127769115548752282646977292227783119144535568782
44979787859789973638913687986333871328544987676474715822736432186436738351676989 1694
89 931397141515283225
919543933486189259898855555865572717932453846167533949348342684719 77382991312225541587956171743969462374671488856453759534925586551486217495486215517465737161762
165346179675239265634692 325838945367892291293684871625733252976314312586797947346271325728567116752468885472
4283985713225111856757789948931275587999783787371557367131849616439734636873796582835543 632592467186645438496122966779896235398377764355321554678953732268283966478242388372886733
696327228441499182525329468571717856111874285514734544555195 96727492128831757367357961942899674779515666949
58565481731245 77352948261316795881789859798954916257186134148559871912776666712677919178828675638432794
71142174374782317181977178685763498428796853496763893425883478 91418719533447
3979987335624111615181653738464426296148821266791877518826255166486528512495527915619314 1148298
6149972289388385526978757516475884556487897415868854 75672934177339852438278389442648421388313757811556576151215935587235483855119225712
154626515364686336393183164884232857278 8329688188459874548748228989214737285499325216383524999
6552469614218869284884312674949971411446677492919461591319625429994633523611 516489264855393345287
18935335191783988 49762353285984355178461824589533486126172762
76615566469881627412452941796495261492183617896649999752135434624674159783966112627 57533113467143882488177252977616927747663738899463311295466327946
3214279691577161 144696399753
759837593373482286671514267529215565768643288331733631281483518494444736918342929831282815 892976763886652
192594264749583953167684257728558863998283 7276564492878363526765881138183873534697434813223623267776413
35918889584169763364977995278834959575143418146994669235494459319538234 77543745
859938685 5924188469724531187748445786857
362243429349579433172923137892873 85973436533343
53348735628856933421585987581975238185149243561344756325176949196756447451 145159918676366554793882529813927521436
1971317758918289818261119427193874 8752544935185394662188951752593921439117118835767973442532
4365654768259896838344941218259979413493793539456511236734252811911357371595216627146285594577539412 7462312482426461613
921935471843123596125789522562617817615662 43754914125716239852859553323734713549886784797881537821252948316145619364469657159267
76485352979186364481482879721981356595815997471842972567586233544297422829 83912728579269383142
45361625795947812795318486278857849855575447676971484266257733136694712775 231797162881874456894279965869739266353724549263914694999316853957942331726818733696924238926784
18367185342359568973838836731576 72349817129589998267325399945987
79935641747131579563 396687311156483236951
49517132373726682796584179879213453 3537871464434354185358666869781576124153411971287134748381366451166317892383952
415 47384787169923715439397544119832881246247
9927317124955655598641725631928542894555456879421214312183569847537964682659745936774768598 27776254617248345586618877793125667564317194994918737
442475178 918717624691372496918286189149311565381549667913989826289629339747664914752813832
475712243424845739674264944678594672363545626525262518947952711629 68366619341612552612248483397655191599796
27631292156383435686198264768255854265112731999286857 71859525129276123124879918637363665471735372877518848988892158624215
14229131135426249348279415817333778974814328928964 9723257
64892575322881278523948885144 541881523789875181652254554745767735771414776617138269113946734545
6451233849 453717116561285487849711927226961997399244577826415631493619669529879794225359842728
982421141295343452834321281188377341199834628487345259165442397217564613945454475164956399791964973 7885812187144672
63623173747637612226297518672971184476926234629668379144769286513965745775927934128 949477256249235956799289157411439352
7628193633918477394388454291786546895418315959321734922989156485797464 19143396922589827777728294233126754577167334665891
317383363716614712115191784683555763643946667948178 2345577167691547511568754663928
18665595487355999675243282484488435476782756556936823821158512392919765374891835 322754122817814592811581616471228371334948212
5131437626 22254171716534375511731513846146189837314411665238315169386882793711737132749675
