593
9541584939771612588716219681843154615837423587147776951175815156318758686134359763256993891 4726484935344322476632242719938867841
6889149927632452417162864439398971967443153266368432632922158992791898885744 5888762627517533976925664537435873842472
941828988821971729257769696934196982347413941915197252716327316724834419361311565764 546
334694126345557654611382314893942782862978546669788965316816211693532683726441713154627 16362743316539819687929489823
9566752897741474291447988695279455891876764646736867273114444667742 7731944723
7479869156154497534697464574552146668597255264836 263974436334145258445455994278164332738
3477313168297192934463874 83987757827212783477997432915585746114125372129249425639689351999
943787591319414113957434874436555152315971728554686819744132537782443673184579176 64676127428916276833126813689343134422356961936
123763832171748427222969858397685635 833852523894351548156623113898347481454873198776978614594468599817
5795283229212979259159432 466
25676749146523591728716998542777949257867341893981935874123296695445833723328888234 47961152998269342751
5196579366173649441721651912324864634293234611727868 4484357745984271786779515899932
7727381421394343892759348362391299579 111798927533967
2624645512374986371279753188 5557526992188869226216473659216148992141761289873712362
8374421196726988366639586162496475417934784889743146255233846946473328938128465232168916553798 3656856316839488865436822423293178955117451126921657483725865736
483821518916256435912771389481673115212176147 6152288229878268322259295152148675387928319522924664
577414493169367339742352554742153312635789588355636 813847338883125483581486534584755381234364659474728354476837688228288987298675342351253159595367
6595472551156385222925224673793533297636779418943531114 8944123769987438922578
673329584438898267575528854273128452312419196236444911885348432591947549139557625972265745 934787614
6966739587 147986641431382126221766426518397569875233292268442614395194
9484352834298688449996799458292766425789 25895588772855792351974466587763682888924733395648629152359814337245283454739567
5799387123422864814711748918234443351328754681155463561213791388234939415991812228996624997 973414622439515323129571416
83 165411735
9794933976659567114935635354293438327415892179543772876416284427173858244 444881455
59712294413659376391371948695819557825141694998957328374951559134479811444611 84384738939329774739158943963944322436661295275835818157219322843549968
4374217465792738548657978647563731822443836656572 673311939665636469959187764784267739421228489823375543682377212493127833136197342
3248495973149839451212656541817537483817451921774532957 724426191262744712637729423
511612395793412597496694125497395621993963346673737694731551974966115 55291444885428999822623
2263643862627519315768243886629561936618536279381995522389942769218597577489189813113532596359364178 962816781363689792234879453421175539752386128545921545315131122926665835281
16945 775946945282238654154489629246499199867469581657366737618956655897626691949321137
911863852257915898496273294688258374159614134782924746415444478825891184987176555213346 386356234848991513283394517118554921655229375164638649763822936161686
18475491371954714853371625972444924178569744281382162328846255978187765523992962542474545735 6368954381934994152556264741754278
97565446495531598637671777299845488276871981391 574665537142151868726776453411144749995245466836998677348952582763
5946325186854968582286949999259757352961887646613228854621884928874624421286383 22543557758927354952747723722286273292226351684141218415577452153788927833235224218365817526139274
73951189525594697699248214861186761642361174626117331623 3279835572718527368581417111989868114869322489718234912215942639923383697866496717222112671973
899626472928633528165246334548767559763813595346753356511587112348198756693984 6214182713136
48215366298373151911369 416513251826932
63286287196427 91527918244445342186857985931794417452514974636897825596296814729457587425717366611632
781679428297141431514479245943751237569 953251515658411547
24882929821977131259371683852 7131916474435526722613934143422663111268144563557436357
5796323428724575666 387741369591227225392112852289583292431596179223245913764565688223286994736994962561158929216
921413688235578819233254557676436365879283225419459259195951 6767774264677441738776759789427143329673223532217351299251268733513582871736435594313546772
917863684894151139375649895272 769582515387627567473573576327227639814925762696174167131713226544715528
687743911576882442151153 426862852361592992682918475824565121213947775
61579776272357 282358778545444174147831487652467386674512443781468638294829417219265288324554147458431863
5387134656917686768514457891772836888653794138287368915912552 4353845956465234773953664931169795631437223298586695
7389757193989468421293354524621619681364476672293743846497714665712862127681 8686295143
2169823942581935181285496937349594412331112658149488916588981194 159977348858538462689835152535756145395153978452857649982443929523297753
429367575331888894973294273755314352275329841337624697784214225 28613819553639385166494692532929838816984
76492465326312758367785254915925826891753926514341118892491637433293228132724898454 55982612173772312971
241316642943747315471573543791712264151518353155479255295947635535967511671313 3846347655424248137148662829666396945826515658294164612859862736317136483923455189664
382134393544153768171697176978538834561781563 12
62763269191968245884914353761391194457499176427595981639334814779128759747 763585866639524332438295645436622455769834889759446121811184694886949765742367
682554654441279953164415962684311191612126145356722662618695475766319421863949769342239959473 812339146299
28612525917623986925361143914578138576951575671444444796399199418391688422 591726769616194388173488355684825359934738428538546334267635
237674857273979456499188686471146553311513675398648611299455868647 95794469565931626597428969922319682833593715183957518554
435238196262786539821644378215775 6261215325297129149812325824112955155571686353123883219387488456711598217
9675499 934873569399362
831378 7187213
21835958585797142942515512957316151251342536165413 658332783259962415155755554635699231278254728647975135515
95319517786799143355561478538657328383971719375137352178974761992 495481961831673555855327138769185519646866443167189822531195389429299873466334843
413665554517779956916232449647956743417341271736873795527438441778664814649975878584932385489487749 5619185886912379162554477849447837658654561674777774219673497167293286383687835186387475817
76367614256923386582215414972624332628389333436277611539397555 4814565937182624777478361941923285444421265369986313982193588834449411479367672975
9517339398487563361479968446859239251459539632911557667313753437 8551
189221139447912561889552875342855197839382545134532989721141 726832775812112148183127868571613969616942378666683651157225587998626619168448874357768921334131235
6157789866938193845932711397383478139839747 625321644145143541871495936987
25678313 519145519
8496885838911581884591391 81849729125456887553622368582746463424689193673865452811693891637149183176659677
527777248687281995394566628476161963498554475573264466 79727759922534798818749891387358277734663223
2818716417718868347561849152784687451875918218 6775323322123287614991418429612738941
12673768699155794299634227553214314636843879298792569426181988354316 79354741489662692533429476655616427876964
979775776582368478649 91972952112778824899524495
3558693992386518371874427142956952183744156586257561457164898473994944812589298844 798184222338427626167667299528585853568685228315196446468661579635439711949263121
1 65148329813898212128699936472355518449344249
9861529669526959193885157687116149834671645374347 88249357666735471769
8155129443527494295555611141771173191919914416439494 163144677766532972158378616776372279641386
593887898589725715625921519686 255781127484676
1457865769886929324683427632892722112762862581182719489353333 21385596798751282748697221828419732998234115157179159694225284513139141177722939693318759986
73252671 34289416573599987597246499139851696482615456628
135284574624 71744997716151
11664716813752583582755129887837457474156875681464468778581112871967245683 6561545631719464391782564238228157728456939372712714238123289592612936994686724437524447237
84671166573874652544397131248393972499158997657355598436863333278574932 55153567364868221444142386982654728829285652783361925
14932815589884145149287155577 698275621526495264517126754796762279698129198161695373163534479218778898251831999385513764779346
943751366658166452862616684742139833716194612948974 8693488131638259539348422639961597535294845125541814511934111184177421
5228618244767622727827178858215516181 566298759
4662341875533812732313449916613636648795548986877617876462394468535473163995546643579463215844972 53774227379428
55189664 2468113869212588218937868329666416697567828268895539657976921428419552537467227564837953979175517884
254196742772688978634134879874525715543628684999424335334885919388322878722321439599894336 94352
133167846571711318849825754548648981247231637976568374941525548542163757234817325172833878 546255947887955512931711144285475729799943275738793871
835927725164364445632487634427367158347383791425154671158221679211758 777361933953728592332984216511321919594793631523532167978443681982457645212295666326336
632836977981866813959366245298425613962788887371621257 6288954575742
248933693257214194294581892315537623717855 56136336851685292
7618281635987799678358627771593121722871632387325755595362819517479351522161163182681214397542 42345644966848456915333879239742572188221398211429859225492556545644897982
976697943165844694266826413313585671228 4473637436252862353492
333166772795929265169371744771515476889423264795439825962821816142817921683479211399241792 57644516516985
521351623244 88973253594948126781176918828412369885149
39726852949379721692213479496398772184415611125245947819745289386283781623959953371356732 7333771698629884242654968536587
826847722323421611876221479538939954863389437489673791158346694354214685 195111812627995241262644858427955157
6955175 7326689364263679453383463699553323888187621315881458236553262522173731181669643577436683264238
79694826697119597959591 68337778479432192146567295561321491268576688236597962135
267981553328513971837534248777595284961893358372119 81232762541455926117564157546558645447392138427184973251781
24589379975516475612698228918613223 51234279322215982365498394679171714
378188419618963464624757469343185576354248251866256817713674892753912861278264715711335736 752968341492956538131248
789383128893475423992334421291133348894887998575838783957131316856417963159972562 8374668778713374661888411315679637579619841315659754165383145222193465963376722442296
8441937353222984978641477461595617731255286552674874963939978338795842148552156357469182559 1768976889968773111662768814937626266597998789515637773958119117818241788471616699873969591612135613
534815741341396117229286288396434986526141975111453554872471577477526148718936575 4955369295379212746862613467372769937728926166116767498686631668944867632221
4126727544898449748945265968782875644354656262193985539721824397931 738479745846523296585384539673945131633995373749482991759526757579592562264979563789
679 12353821443618413235523166122226441439143445521551672335371166668357875193453355991418356651941
1654833875797447955245749634733792517976955887124641446787157168717279689617364 1968766873563628573137737351983932243567775484795218486869166219542489625687581664275
3482292314653859522135811364192856175792175779285 19346191476697648289654312354413495915251484983888529649575542958431523948161243
93319454388256598387614367415375634356191263534764218391429531248419229748727833786648215337 486315967547196357268196737413921831889144955138394849244111
78825671849861356643692639476343616991692789361294128514226741523122786371455326184378883485564217 532462327753729495689871555713732811862114835
74386395655667434771222944255783857883917734157286976179827415735 5587796388413499465476237335775433737241231492523451754862191763356741927178725
3729395273363948495765184787812817717584595337435183 844582975158659354155417633882772651887899584752223682388465411197797784551
79795684295135257571354419321586339838824651856143768495266684844216685172378514 61736937674164715526282787285737947545438798441479182162274524745838329531163652728282
8413945683988794553595 65828652
133213287312565271943943538782668631118918913352742484821 58445979161231513497968915938658396237179746218592795991
961325541236817339383463969194118936375215693163451611662656665589882968312853536234151 6365992168334548869237954239266477385591217133278237648587951541
45441916363991855686986782114442114916994683292744871977587769938539 3222277822425541336394191856769745153862285691668656879271719821
711195136421293355557682511967117169827996118283972288962689553522656834253476569 161576666551299685392766
3252299441693914 4423
4164679152233477977758469932623936559845628965154577898368698 445839385772722811385453793489897826511482171784294188822581697558
389353983131919393525192942675199113746781913145865822642343 24639479453766789754913294273436578368881674371
285254747283582381228939424823786985632719697237515939 6945854196567447395324776645315359722462448719339934465852956893922528652259185292416635688
667461172987321642119343996571955122124549137249611297479763422487112854247286 672676216479824763978423657356398
915672921785962759744311192 29539925359269629
7615166134837524863397847231222413782185226925551396841819426651132 24
938515234 2254119167882615228434251959
328 59282477649893535
1371999762978713235496622858826542999157194888156181242228912556426879337864 61588796884866979
429614695129663373877124219179141 51717915476317526645162623989142841823952225733577442
38 88677774981891182156143418234576314692
26157261167549168197582257 8922695785213898247865936128158267794748559919434226279349688712927528
2766164331333876384818232566 2695129354763997172781886144693351329975995293193976487576946597191
28392761693234366886171211217578724191977533991 143995
9824287976 7768476284168922577395558146211362729816843414981533245882678642514436967985913562883769519
77539944534145845183957622594437 541556828769167984525487426215235532266158362856479548462
3 9498932534522726751424216197938148462818117686949767127519685854225772472442228171367978572
19797668329852376925361118853581912515362169647887961437535162533746499174251468794812433761366 294469532846464857586995679543414287251626749113244873663699321927
89739754314878678496 2948921676823587181369649887881124758945541742291511188
614364279184981881367454489 5978117899756737558622859977436585963339575341696237459999233622912353737757866245883253345553712
862282972395488898719183388652384878118893497924513698 9259286323173544922317822367583577253214749
55243776167638513766169312398554688929654488164463924877968249676 625241594523963131762688222767267322227377921578792333357519596318917248379377689797537
58338268356469342827964369886449795844976716456345786131555193992171134643242929793293249885 44481145257266896
691184542223683578792534517934618575541511831855492744242141713956386993647355331978933269929146373 855467344489718999492624146653684213391335189518381823876911517927923296247778581
88132133167691412553347915197974825692122944252942936 71148774477911289736223891731824977938274731322512346321891665236888677483518793865449542652
4551892319653986336976479542358848254591791845473738468377941121291849957116722762647752244641754 999349713959791399996354119249636521987132776279632327859175155529
284793632534716796134992218 319
8263666258475775656728575391641565 9253615181157459661245384887175349643429198353554888572493229782671294138554727758794
894514197847884897637482451499822579147354919 6932857352
761776774428449486672861198388643263373992611719584772452149299674756397298381277756225613612946 4349725964629576917141837666791256531891197151864644919968483674953512155635712927446253618
43522728219783598158532886499 14295654346639172432621541142738339635481372366246569716727
27446398688728131133272385533687 65361215321565364158972498993464135422
1229976966282194711542524767789668964887381 66256458347339
7761978542824384697661475596414726224322491373483621369686322151828841 4832977114643695427479
13871276416542715635927781563633718528397822929891541877235981153165988346632571586853932436564951 4951153593977352155438391113564
3781885 474
529591516657413138789732123883673482399797313457176818117863361264745947458947121326445475467 261142413947736946569938969386382849946229189588824656168511964257364822
4628687718784764971379213278294914425354832912257 139313618534125839275988697679491511313799874384323897512139476699354945699524993273296365843926885
37316492748931581972 55292385577133475259924683785731171937491357631597
3822542148827195862533889625945757659873115324149818184278628881957284385449413 4577883395322225432571438687381151883861328868559926188257672753979591286642479235355918551
349912928968995894586138871612558118614777155765439752172 28348236554756152865255521628399933261134279184796369998234727979718964875553945386355653298
25113 7427292885712281449158616915487541521642121923625882352812172877535734693439791585324
445376662254639585254188774423879213436386721276356692247235943123246748122 347895811723272864964874883513245642755878935755766841251776994665863985182353115513887325
9923799888476536466128299 4465841868979874677926242142375394585628763357585487428883377149498787563718611
176542571179375171324562652395169625874 43144282296644918
64884461164 4371132672993772329792456
62136642476971352183592997838824134493214747947942562284167797142616255236728456427556854 8937267349621716798225677889243752377268841393784691441932787
9439 14317228295577627477489622974561997679331585979662339694276692173373246753377196291247765942
9721749675377563685138751672578598647856392213141495218135948325758954861637718514855277 598922377797761896988747146655481557135129852753298851881361946531911164558498813191921961772957974
746138628523482644224966918585324564472382626846314894771 1317553475831231439611452953612265693139879842273936388444378514584655638487
778281156522432967464316957389257344971254311876261844516133944715527723128933691591966156459 68125483734991335143787365261276199812358744458827843237468598
4413681623774982233391463478789948896266116842433195167256882833 73362851813587652297234437332576319911597531693437143839345693279255739
44868864848343433415662455199811468614812763166338522842268674285599984 362256549497469156662551346861358658971753858984153395712964946282961843395732991146965539
6544769687744739488253454125411157781135361693283331913299534 595763426949839473699682194993841331538155822
5492127881955288693846159577513734621145736941925617286462687389197172551849782571197913347717838985 1266726687728821565631283991668385153596831869615463119126374
795423365863221762349449263392911153375349394624185891493573872582543 6471
315446277365985798192372253748987354121241753729789453454215771232 42168743696462824572714457974577554173748964929122175469594348293771494527462114162111218
3551897527369 19676111
585445387542781772227256983985364994762943513646475566537512596567749947754466281 4587317697469968198152862752515851235338149673563355661
15434 611492237924349996497
257445148329396516172822347483 92822939996231699745529886315716696927472416842894517433323865836515212362679131
85789595764775386397725324979215239689416529332 111995
113567373898389175172489138846453442476755776318497925 4174536617945852449611942736343859761757583695451568527888931313
5482436522983392241255498176565 9451594987399413442183976781513761
12792753657261726821428457246698472295388374485313216381429782531419958247367185185563 5467838766329693231933462529685925476
9466358811951596639759598819746611652194129 2897836662632931617396565356465597216429146873255638515743245412219133371461927682576522
547727838393879946452965564488936498228765396634354338236988593766664322168229567283 347957885741458793995396472768261655368935518511376839355
14451772734882573857251662221229297854411291695775149973522927712562 879835737742247289231389853163559657893485247331525346767575223557941756121534131951641298844576681
919623981722323917916267977161725438627458469992271378 54428796334758367517698234261596385194292492458988152754218435
141939163621982362 885677631644643363
54612595633892252696884932895196443776487487899261878849329 33266575499978871
79674917139566886745537633895751798734333857124597971597125376413321468128523948 1334976562776629956294185345832234329589438512187682837462413997937132949377151858434
1615627163985984811353338764357421788861697152661726 23642481248864555885132126178
82253786956894579196226967982825677965461278696837389731247311173252947299 28248474413988371455992363732644669572349667198
3227356498178738942 2371885763192872258863183897898416417563862679779446213735469382196
341554594546928627728986824384432543797849 551394236291173316411735913764664617946932855522336697749242346236438167933314785246
1795287988121777249999678265494731882744678397475496212976565273827477567144548756975129783923994 65252598945928311975362597
85756456491659148789335747691348547241 39885292353752683297687586953447959878337955219642942212972958969935918
77439568828972387983435463282145648472499519425671691698383513532158562972729631335 615379518886729745126888637969135285313565436352594737123529993666796641988
73628431 843232764293931796358735179956584579714433143857827172359172
13248314 91871434495427293282632942323383893744433165798942877555673264941429
8466178772426127362184873644515223589117835542579447514397843241585191 626688731575982177737876599124687517768518817975532549148858216667134928915886649169864
3 46195626949553127992496238883311671534288897459424756577556763652331936933454
6226994823479318421581791697576371573661555898958663254297961779715885214314819 11217912335222863183484823353188732275198849635141375477121942661234145426
2151332478321447764118349165357941466967113483953373924573363434465593528498974925349871724876 5245143615527275538
911268518691871519446743279931191937216153714298812442912655 448257579752359598444387645943931265692872939699187552114
9659291762427262877653586946622758119977893311588575361641116117438673433461996 68649624475772229335558996864868137215949534766163243859674438967569746
742476377321744782389594213458292365684268547 6938435771735313995381773143829176363935746683969711
443889338431 46595842752
39872189829431167134989118994161888895197432594178551832511761199235445842 36479878738845891712569424475561385393838319281143849372174377331143
681386524717663366834423843195517156556337264181886254357 34898775496794715199324173199962378912223513495217816985148392236224759266157487531458289994
8165265375838461343721921542323 9267664918737267133527947799666157524422862156711347572664
2318923754315727 5
56736189879642353739949843618745134344341252142476864284178522779625959823765549919 45412655622843547228598812819244273491964174433947678429938866148469159595915712721586134
4341381722376666292497769165543418477186 184927797622777984497236334686213173469666975191112738854573785791394956648895538
3819668531595757964674158351344329484838615468918471461 387652738712841439254667776792832928333416223462641455733675764987
976117267993433727414316571611473665487 3236819766417429294565117575941955456685395832495363939585127689
96969921148334 226213673524294651294941863572882353823557845318184763119434248516171467833728436557
25979617511325415466148491299463322617558987665882676665368684752112223147637 289637779536955877193145644132599692768
2236238163156423354435739927 679958
86998233636632374114454387119922654663143971188742818367241746636918428635315198 487411794945438985435633929678863437279
978725282347424418323489747 1563177364382586916934423418928955558118114
2789839762634674931171942998981944946824463428554452572862321397999649164285531587933972597154 889463522475822648759658856166773333944356
4416589591854726262515821379612683132535941435 13546685798592766145526739425371749847417871856219643365424456135762785574
6926681517175569877281775358734371411916766299546233 5774691844791519759
394113779773493298725844646679399247581947673149244 2922481272656126921766897
3581357291398519519444824595753257747977264218868627323346447683552582378327963258331867425147 91622259151773837327476823446422768455249986
563228213578431991888885488493129329657729391 8298696719631715418872355877855982542435625983417267426965749479842383182671559794743913
6726297651241187866332872 33199449335489611845173292618944538
455689118326918631297674327953116677741673918748618244665496963839436 776468867548166594998166722648794913657782243932134645151472252411174677596897591659274
752623916134266975389962999221 35777914432476851372646913
264426372314978619241526591958736 3329759189475735966888156367131513421195142
276862 4193569894344364521279659845728524479764687426614536515
837835618813123988882288672892277961339236525282255261964125 852881228611587231827321149193254991273285435863
73715667 5535198611248286655621388753928418367467121226744138997969736369
26744775574433577317141567156412314116458356636711516783976851488779 28
8593729687415128279298835194574558138751632748755933153544589156234927416462636367647133681443426 619984291622923676211528666771551397926737853656598884282175
8881715769341857664461729366613221928646917418961169941734446941127575 32467933283554727389791214884
174297977563759866286749 951186114119584234371846693
5856555646569751362539825665592361675879919636935576 68996332272162283184692519872119493
8652587681532365821769876599677326237351656611971547171572792449242456249866323847138619544 88172839986746181661511181968575749391751
11212483833862955635757671456783671976638252895668271255746211228566933926529917 32
1161872954748379131665822411668258555728658637998268588893534944197 228539973529865939995862391415765
8276563376989381528426486919833256352446 71943381949497837148412744316472577352638821775762776557495682746545929545233834117992
7287222673726837875368575623483345474488317184312316887869591729989831931935 21661776843898687733525232513519458791763177688198756136862285112626556353784814415467949745
8151725243564169434889434922865812674418131783217598499385796146413356738815338 4885187249348173232862645243621788286986485927
581897145537999796679375896458849965736178131327367144942554378878299662398315744845459229576363 65594431758991882263617834954395242848183374563311729313392699218231529894
6167875285429 19462182335424552751931471
93324375891852985131496519586786625331961472559375491793312878572575629557 768796746357796318271148629136351532718148374744311162327388166478495279481841978376429328385
6165615923462799243175 369177882428383514791646981818235789994976749326324279471824786416854433446344899337487
6615643377726187248468792638251629632423475994184886553695585734239779715722156377 275335542842779118315342976332888
693956791259424357983 72713491826
2191 8852881425162254254751123446484531288313519376799222835317346869971971
83483429842264799539166372753679485639567538775132256545711254918763664566972921735619217466657458 4987482656442759876111141789315369925127216846573143445655391298127332442399543217
795689667973432648972161514897963541433884488889625562632615244687794924782182545214193333493 9957874452216978765759839256998685455732882111376979395544814265696514688634455676391471693513437
2617232867 19811
3336781335473 48725211432619413675245153639521892541737173
946 63851242714887315395474133482368836256258696567559
4381646638342982386968885992717 283469439691312293944415242716
933728173456921449371615325498949558529946616567824948 79
855559562658917137442153978879848228543287439948592767498716937274288616378627142683268772947712 67656693333
5448771681221151691938815478127 7845694
241921953473166151159817969634628247143367587 861967254189844798
34642565567652964851397 93263435516962752179678894478377335654263699478928572536251843539283324931366253336849682475
542312569444551773297397179942923 68859373432142549643125926715135959175311424264338
6872543582633314669649976491151247134682831578477671647871 95239111948747115346549475631652
2331723357334345971241464743861 5458652533739179847299325431472776265526677431561247552785396656684643437697664883159418387986
6955921794421513611994286996983639893822987448 1113179818244733761765648657681996574539266495796159622459363831328778881
6726785227782185138978728525476847922733475126223781376254111153959555 4763377376313315422943218638846371657546533241115428886534819139568624382528
8285443392462475499682927552382516497389239418555532476133712346423131775189569121321518 3456116238681927938242611476388549716391651196161649844884335433573381375994746643458
79787464559134854958368335561737755125216561616465474594328 352319568151159576831841857558819156941848277935612941331154952861175962266888697536595286368827829
58569789932694319952749265634258721386733911734891753 337764692282276128981859263672746159977826692853875766213642392598
918188988865943466738499431954973894774571937541673577546684295143351585892 12946662729314
664597843218975127129416316621832531356853772771283156681344232862711625113572197417679168325859 654764289171972598133891117353521567949659627781535543473394555446736152443287637351591168374
4146148385664622594773391496367435726477567877742478999898786442111465241761972247215439688862 495549262425612145195884566969546327648461654746256581618963178584496963952845294
676794189154715969368214548337867238569 7617777751545184251196984852944378399445757372755861899618257195
1197899638799697 65417416718438
958181 12246219555138522857937255
84729589657481667914879851954284739355564645422643973637288498546327358818145713586819581923489795 2351289332822851211655143339166338694962467858533441
271153167274494394563811949778538584785 61
173874229863638962394543742316853592239751328642999813614814153927528325163917865372295981197487 83959331433643651826415649166826927948682316468936889131664744753654782189159124218358535
9921332729934418848418497218783655443297663233438583614161891837996238873665889177573413213949988 1934379183581558752898948172693519647691792343686
91566718395712776622638429912614482732447978165159327259337891975646563216254684 88596464874473461445823586394711824343717193329331647114173973183
35757713669328925942876182783835867539715836722576118279192172456644454 5154754953522591524624571332189141177111111842977128764383848372672126961213461756785478
59278243441356672344267327426429245754154282524985697511811477 221849756647491542155229659133461162676657599523467499792128814985745755197448226294
2743454188395824299658951856361536291 666513992584646386333296513663996293646176115877233345413517856588464757
97831668 5541177467426337181783398698654726279115428591833132996381573716591469442381616757772136284479873537
586125649645861435996982 992375532333566886461679328331
5223145876822496552421918664449598119464328935248989695421187757854436671536514875344493141576 812463298949973885885644991259654868186921688181824493843449394711387318767636464441686925637218194
28241851348797223767455935276558936922746 5851367447229999842882622516633827873624323521619182758548366242911585449217439552654
8512553776535559575436581 978991412594975384441377428131481481951792884891985331383189562639431437242852314784146677927
1152318359535379292382225838865136326656939122794228657312992354995387437287918483326276926425 9
3774871482138948639211588171237964991716487829 528554815651152447926962396437983264782167217684112824674
788934942849933884588 9669722773419454735589563527921499647312
46915258658758 23194548289925173991927648637971125668712958787786679614892639291516538592128636352158
787211493559594344677 3686165425138588636411874598512227916289456426984265951949629986148199252579437491535472781
6257714298278252713522193898345493791374472173418934429 127397754766596543382253449232326517829233473982189418626551249681384371154
1437415447471768152228881725816115778668447525197817235711859179173414767886536 47185723841294333361112
87324721 24113121646149495534856946696678193742611444937567566955785364942688
5475312632863664178474545872935487589756882 2835844644713667618947445863715685957189763349288858254969775764142936165
74166684965977757364514 292365712793438651396
2622911614213392485 32347945689225747362966969491531341264956791325455633493
34626131745221887152188591951132612728374622889522689699976638173769454773823827374 468719339282581472991453915721872613914433916121523866471623248763992979796462845876257961258697779
91268133518372182932476498874 86664443552113259749871277733634329647183753175253384471811675621715867719
645881945125 9276318415181876745313191776318891876574969648997977
82799868863141329434513468734314672527995412419451 88451889413879189745113838155315538
1219 75964614486973887724755327382797181238329868698735187111251814
76888632358684476899473888724844575935444621264 2978742331758629155363891855581447446421274186886247321632414889746787679346743443
1781479243787489525 9338936621497223144246515265
92125794733757432692273 3748895112468328739
3547626377821828298828199466699319994978599691443181989899487862218 4939788352842278225755547767392196971322
178829152149818971476917723933339165797193431393477822639926 46244983821474697119152
35993774719788 8349212789422613841174621
4612369555921475148224576683323897382861988956242687273532771988 355893981614279861492321963944761637147931829552943
72137265496864722687987732826537 45271777582222499665659186537392894669
647241753574764162466194471775238229976533886585754397716811495329155335726914722899912 917568489
7212216328986528798839727526 79944684391248632486458396585656124211144894856492141
767325849279235191 5843268477243472227576971579592213736617144687255511589363831185424386464573363895776976437879228215
3827911581535512229372852881943861747775851698519158213717423227547143171988768 4182761769696955114162667598422566174216245857552769522811976844782826719953983533685763128881197
9291625289272274833234587437665823381895857385879721743651673764881884744612716941676861 83975866288449747578786148196475247326934278492113445542866266253152558835336677733238815
84324547218235569453258877255336317274677443719997869931888186797353451763844396634995297 261399158328122662572185646373671761235337434843442462461391714
8473684243649816184 24496973927387772942299176754246136194711485469979324484278166323
4285447 47542761921985579349238799221852372149974119574325131398829
54662685623712991234612762586315641447919189314291649799815239893773416263938596354 162384283391315317459357387477446277146114989268327
542541197888524176816983265718352742 36768858884677753457214249287687116261849533721873717864669833177163193488718649512658348286682
73397727472843228566645946919437399936485775773553255911171391 7919166733335369371619524356246793
44887793381191983194577165 2296398642339332794695183934723935312854575496123
4821529137675466495464565184483343355214472337527255254637854424719144928738527212992458843 4493358674711458694318183975553631
64686985892682323427445423693369592176479987497165278476861316213976493413 3753924682759797297392753739142551155224338437528167668574724838693
354569465 269736713881832395688953647754659479395268264255957454913715832539697292274345517
14636265125215377839893838672175989996657813183237122 98672118567975713471937511194549494
9214529577 881472734564125278289321218928766963637742282846533119784723221115381426377751987194258266
45676372131258 1257754566466511825212
895768336734515543371399284311565749644439261463651489141791963887672879 3526883237521182333276979364489144668177136953435924545345825
4459913783919416578611753633964564725698466187458514896638948151946258188547383556 94522666967261113726243969298561928655139369139824756355146687578355218684547876464957
61 16753489383347662522319334378381511225145818418642348486764156791876651773218345113492738543765496
423824332199739699933291686264229632941752893381662244664237658565529227684337457685475521649321121 963262284284794259258354772128
421768942274157567773444865324792337 2444583383218846197833311871921569585314644563742512156683349574352184167545471967477722373416276195
4361632689196519541498329519271753955442172682388455896196726681729788 48547893819451832879558745447759386594657757763721851544644233339159262434118376694725983579186
172123856629422564636812674328467252716321844951574479679531734978628657838699179369 8857225134431318533198385836266926188742822912887966892667
443744474773273525262435111415764324271 198195793529824254765284734484419257597177495956378493221777199929597339233573311241768353969236162
7224318722345633771978786698286471861698782246426 93994799518499814553
918562135331286 44549149864228448857497978863988
6222548648722466216595569325374656 69792662318857719817632772637955929383519629
5439994675892 72531425942815457577523874593675112853266532999399374641725179
97658922598992128637761712712455942566144794523418162297397 77265438522386549686158237858172659958744447921614116
9443852595686978979296541264746566867337319128137693656416688839737332164376696777844245232 8863812542371714715264544615468811458222129892785667324498
9949192 86339629762572324528967742271117459876948235211183939814464821765587154
36233736398334123717674335169326974189872685997431899252853984844979382574512711728816369 135851528871627598
5878826244775416676389197 4854825157874682781281979287644915433362266647929344219341581966475921691592955
4338227477388179897559819269136814926296457479721153551222164171712 2511419876794572942393795847296766456325574718389245528
115648489762427625446387941284616743787878145624331377 4947895417943852292539319617127213322172244511137633773751
1976794718662268784773516114311852278425133247522351264838813491949 8277535617937518388844
436295591241665761124619752947627748363668959722123681378772381287919575 3237913856156582129518351958834722226285656986442892162941824
9523173825555229146215651852349745432786193344426197 5684258197862744738463756648289218487295127474713128479173447544973
7426365481581718455791914477886328123165477153417943322 62414816335248169
746427297325927323896111377851493 48378668325752162484755215813114993491779454364563363387814338433552
2279232615 256
8534313382884779146522786524524248321189927 69194283248164976931486422642771513897345853154751792729261
3725178914683986552659883368725113234241347439669378196368593112684395622234362 3386237297328836567128268561
58423599535733262991177329271249 31426
6375214576515783838453513244234249236167149176632155655893776485368 8782998136831946678319919564619332441886352155316
366543829547336925768673739574798983384257151366329565773613722788967745499 6622816772611443541361593312312838821192884679594464513177354881862267978437146887547242
43689693821935422182819223795453552861491178383892662541763947 61952716424962228
266636292952971563725141757777866384 496634651892319569373883816985243845344796965847753534945283762899852998999514546942456115846616
52822322127545916798221833183326277682236429189765695724979817 2325236454833251967744
88646426457598917138461661961444724916477599891335189367364311887423637443793842343916256668879185 155791719479752691963659461855851871264
156643768623599439886799135169788487768484173715529438763368616163228269 2584788553538126756384742
7416611972953752456849617135192192165664655244831753427741436841264533749622284785925222656988132 477952739895727674553419772943484442
2248654319538864483288983343726335723834416222172929591715893693433985438 656357524541171259843831575534575263614722859472559
343 6132913128789512282615838437636563949197653721182151619
9449249378877311558455557164447794585244563513338498767541543532 2537859491866753597928822785853787339865559839917253145616147866678777398751892331692274
492848352825582848285733883281841833295984 267537259898674864915446461395787632183439587253924911565254669794717375781
82386162672 89853625773669433171455791666993937341928527335546372361366
649912751331945176663789118722949536475164114833559487768259618884812719264795169685672217736351355 2563529276838546891715
933875866223587114257466811119414481188867651917415296 972487771628819564174318521566621349338974362964926593557389
25681672337212434497581222868785914784227452341793891 88826116753691718382574112624529321
45143289758957497998188592677336 6424674174579237
26877393459658338129687773862 79285656369717784392993143872685241914192859
7314949358912193866922227369958923993367532777583369398335275878572688674136419 62316949633815253348391512173138529494326938744551697638379145593143383713242
3688926284149259619215391489731239667499997265273763241263765525764335 515597352262959893986488296526
62729343273912512989514281168979713255333414251582928278296667365685978794 136173629
22971 67656747394766376674312165854533373612336157968565967581224524212441529115657161511288
54546189436135958555922929219453589547 341863771684659349158677942738339247
9721878827886261394242948153778662747194241959729232 222
398526512467287281735275717 2566329949635345261324481635461241392443369643716869844116777181353889368713379494785576652
44826964523412377255621693547769557117952168159421134721961321675938188 8652
59138923642628741346852572112246612174532537546 7433484925886213766165912334264933941532274192933253839879921755893367573335245
454239932326873455968619 124438684
22776634122216971741277521263457912898756283963189123113927245572622 93424474719428796798718856
1851796321889 85719559146711927111366637
585579712827265379133891967696188494423895825768894174248671594 467128
412221654579378158348677619496918368553893597482855 283941593717721731112976269481213123382942215768924258555596233332551858
1439349474165672995123737547713379177774179987361 171465137613427
647587352672481587749144923117918625214984511124521361971258991351187223699144159624869 734515854495958788238269552322613528866264116733388255944113545282485294147
73265425466861714164819526978121147386184427714811768533134433921878551216862568268422982159 2917634825216123154211664439757835669657145439286281248837288728462624121384496844855661241285284
9149132537217695566943252843388516116336996225191653344551636421156 3244261492282618212917295995291721854944646313397
771721154563587738552748667234737732377195393134193521167573644833168286986716736632211479574 45913291314776668571499276382162556814284787699169
33888 16883239298543283964497316797287113549638296666352514
7852632636951125742215468188867433483725446424956828341 17688916658157988113881532587351121423643819951256825143562927336969548375872995274192
926938132381129724754473648944591514 89596881
755972478547491737387112318122345717294417 7519395111481218786942638999641525164346596531785248418465712616695371477846396562937136222449423
25461592557466812972429582883972773278987567396778849553722 73957581842894969686183893765119957684691854637575659239396172792476641749227993279
5993813616466662242573736298475785499295861976234973541781314563111626335738 653
244737468526748759519977233463392714269264961357973772158929376388828219619245527126337427785 3199913877664266722467344555829459968775
54411994346317837664393757931119359145526248355768975766861412697259881285375674864 45732274144514797571983739114923797631115374498182996842749338935994559348873885738616898825984349
85317252542 75
947554374931962273676946138149626257664312216463298227594163 5818413823196231551944127262473395241681294227176728158556246554754121111
9525652436431638965828359765 4975512692471712527892973812276
7121759613787417776624983853997466382912643147141397364259 678375222888863834866465458486681912889465952753925455721299732473848336248776859725
126257579839214387837159293884155349112179253834377793417676669327 17426931955782549917866262227754157616161672814812428814917892561189119878466789
1886135867637538847456487719286166672123171382756172685374287896178 7248849418986179756967553868371957437843424462771713769233452
71665467543259967134921364793993933645171297145346428342762395313252961391369819366713 69959769744811645448776837371665142791563864966
3612228992726594877287736659754396152473327 716784373597495679252147
16118 851886939516381686422747529951916417695354895353287399321489447121144224679743862229873254933587246
691833565726769134433416 8139925672563757879822977648999549796151693679253141477
7778781925921375919583516 46324216
5535783697142375982415197513293422243385174231361 82245114349336475286412534926829546232921381523814793466915924536132343932627423467475785
9436156724978954293549355553335897843519956422457229772172946 243524282166483433495916699115375548658812451258631215492568546249111825463655386139228177
15536819244191228836755369836636772977547356727649598258892937813597977363528246614 83458282537736783997418233262181458214218266987129295716876426
57842876534326293579633542911134849568418183156167281962 3525752472448967445999644964463568871649276326783327222748431816922185533
33654635562786335667324267196167125288232484448592584361446267989928 327436791861623465859138861431646532293347362429231249699911591
4937244711748827842873295124925849876784284517951543536882812591142767 651
7531366358856485769338828894568 18891869692
81867467133412552936435444159535744415348731838436596 635311711624735147283583215346428599447762571667323273
1148455193175399422227558655135598216826645322883995955153936772476277433428688327248 2382992925569776254788499465673521478165769766118352983869311513728667228892481661422498126635
4684374784179 3286824544842479743638273213293887712692319568521985955166319845252271631914542763457
278381 9592417768183136183131729996813616982225996
417937485661894584571933353121686223112526 439681135369742548154582821699395372557229169297322621137916149
838514453591282619137999988457214745325682516552221215972866923859785635118932584674192361496642 49922552624937257436125642587713797333691333837746294633127447627628256185753727951183814761976893
745662391793749638735542194211273394541892225111766125751 721838381
369669463378899261241598211795563854236435937134845774955658478853181275 894916391622649974535314524871253981491942489477138723261946883717252724299623297242952397
33977352975976564559583289718177894743233523818148273568632367315529 7525218814342725699284814473114199864828511629376371285336296875844
826881255989283491469222838827682511611632954697 16633698828738689231887889157225616214555221221612764469
716342132171711845993966114426589274316865992791612316357653375217219434759537497446714917919768516 3191936383346414164814652245413455371997757957628953323975273772117
253156223367293931371673445973491877669724142612468168675443611174478354738334216447 3298212934996632318617856638757689
8792495956955963725569181244416886832266459447851958727 7563272954797658887682845858714286688
2223476359933852391778936144454965394186396992565965 42468286714591524923966373743483197918315631343549488255782278564754
84665154717831322261726612637276381597689 8233625279452242652454753359458471221622965897837393681119862912296383344323921932477829111
76375183362195419947415 667133872473841347591512492394947226672955661412449953749259454528
27561243523773882453512933171472625525288496 1163494833747267596782858552824536899153167727656312316717627696
1895585834664648458783674755311153921919335725718281824279384 5574796443974253149979399316323567974177386145526758445466211136878528
7195212188692718872986174534869595212477994549932546 1153155323499572219745469464447765133728893459761534
419899983861173792423196247462186551942142 82358412777463411253676679145389514539596149557492887941482581835621881627471444699297
9957322171423546679998117834258778166818863629 679575216757739828424
571269866851327534812259241193996567234178658182995396985183917122793862246929 632935424299389625737583826583834532327595
846547266342777794333856632191698467622695342 7257439436163
233226738516847258939588753391667735277594851976441487224327888774563543894216475988 797933364535896727743273971743459
587161797548899358785244772963843728674881411915893216383236991936331616438874471169731616718265336 648633859356569
237642349242691599934296145591726931786945358716263197616498561984 8149771768884626699643
928197512435622492519295276874 6257298
1499 3364147683566192283968341642634317189676247
911696426217128159737787567313979655734681971535381319853241538126 24982179691428332
66428849516388881441653567189862161439449217149153636339599553171 8762474398482935924396594615772189814
51774 2532878169618317691554892342863
9661198935549225 2197519748675419149851541598514545853223164712525659177524893131375978811
32563 85731585961873522263945932585
981618435819362144167748687232331342938938368512987161663336718672918733956877 5618533323985777485752944355597453529435538275399918658227759557897248636292
76159149275282312688495541161922 4391976624821822254511936394979296837266895693933471942723619554924911237
723298924614277658547316162243514387313626575763714584953924441745757159913642856854663919443152 937163376784383863992133155418855737312645525862992651
121544799747345266484995788627351627729665597432 56818284289889443974141862913923763845735249469284615412419114
59844757412131963197473945333277534556283634428662 86549586737676332557755367629438399357734166149794647447818959
314232172543734664969379387619559488525314165356898842557612841514352261259235596 9426194245317493531217699672747
737275779149633423654647491324876873298393991657997538146742 52689225647183942784757865
8 7575565758457789655
3229616845229192865264618 122211186838142932555857385454669613157349386752867263445778471526299138112874794936
43438718853938269994373844237586787132986736588166319 812677684376852126179714775339538121844946634
9938543567234197965275163649297586818974827367273849313111475978278934761325447 44153275527643113231444771141447434883699586584135327692
161514811971799215654455 32887817276497314
53838671162312647391854179323513517676291616132376615826626864264225612499986176656449682574147914 482137888479953691669969351129217317338647534762838882549864286337364
9 2654535699892346682556224729369643292677661954927415969949466588643218786699953111
469895684947312216792894 1274715382435924647542972411
437642313229944877367241286354163647358618517636469811393444159724953518621975118 518731722198152146493896138194262696239278672641677272581481688
1898665797427957484729384282182518431371347343734961875326255569254458952739649937886846 98879323783233531912419631129864367993665916182124759738741574713796
2526726391329595468948265172492512144242775129888436 51114643361784582394814673
4438511215133734159123556912476882967578638328375152126139193124786926 36472495991964313394234495282156318932372829
412278425436846 65648629766973754581564185129186146939738413574558136894287378563448123913217621621269193748
9185137743182525429685825986982672527168999891545381522698363133586916574556217674 65134313969224442378248534673239851736478484836
19545425971566925498182411433379869417365566363837736568 247947634286341123381985818737867399935899
83682313122972967545999522698269937573532171686277965758117541432631379569236681551622649 58468141666712969936767947126479441597321144946838869751726293375445956537237495818839253517138495
2538787264746675963636718165538957919479575141158538447553561487394655615165445974347 63249245261952175168
13537874867556319968269423234625271693944395464394869788198715775614 381811314258725259817558811597784231681583666565785532811985342576
5487352468173961683472656861668433498343317531 846743379617631925881
1266447456594624215493319728824494979445689226243438576393343515789733 2641351594614618312322187661333161816913395581441884299981118527289185669895655885247348145
886253636362964119385357833323295991644623164662494232178485827696756662464 6764285762582712825
3265536692365 56742165428377244614758586727485547729
43926627969679376266199796125999894958141453862347382249513168871964844671 12831463639823524353799376589284196647959777684985392342226977627283116973413
3417356689498877922328871364468364624582191454313 9449376551794445835118485598121453553884536917131167843891943537713227
72753951948586889643654725437275172361887117497358331867176423243971126456252449968193184 12947136521317921135837353292187338232816149353994654828796467924233272121
97398726567576189332364868516323262922824884788318257779196536754 56168481237162864113374598613669751974879959717217264852993285
138354 679518772466257371829681563154554834722
39484362473 1637536836439451698563
98351967855766583583675941137313786563454286911761824889626746916892983672933198 537574553199154149212224431557292527139577958985659155329172844128599695268952719523463333653
576955199813425894773863856456882665463957361494843144238731154357949455452799 85693156274
885813862479247143153 2476273777
296154535367159537 782422336312869798396194762721943648885161679455557545237543
634596693526697164944253772726499524689354394162647394868164144396162333477583161897373878 8347725142798626296422711949234236294758721
37874273436416218644849977174396529561173465967357641698511842126 752189382393999157421164642738998718149525567366769983618329848119825115731474618
374715168573778488763233618795294693325822139419497687912244213616536176595195683471245712878439 7737688576539818486289422
641172395272463617738175242 97464965421615177564
37524629423992537357446129155153284924916189774292922877224532239629255335 2235841725
97235365544429731178674329 5653688739961818738837666317895891658872918531982139936149548916829
25756152498331876392923361566638241692973971 43277349771586486332546441371589729698
8741187441865628758671758471794152368275426399226383247758528562841111377966867179537115 65271435127636386552976641768979466624935256785929147591982
78198814125322389194359584527253866196253397927846675691 39911738399552979928792173496891436645727459741
35447932935245381453217212478792314481293863965293794952841148185426 5152
571994287341916219114245459233636865854914267498314332589661 27265959163981917194379811537412682143815846569687958357974627641887717173684763229
37732277945212734265945611797259616718793181 447194817182398244439598913213926743722226934838867483262
459329516629296823617291557894858117194674247535796569994917117675951219369648984261643 424881224935112686273458524322514289447289493396431438988141469625253583379258337322279925395
8156829591665192393987858644685774239177885132595578333787 4454639451962519382352297234912138743748488593896791745298961
82348197919994243561574498882536674911234124237197964773383413197463765891182441 737678753253253142374892411638294145978381986359926243
4345778244 284839119111123227197724415421458261416626422324974926654592578717432668822524267
899528846756929122615581684 219771542389793991838919382144611688499942996417836187789244572691292531213647
9888117329758546747546157681997971728597411893 129877162821624686859154991899933853152959928153436845449879978888367215
4828585392824665837591423244193642294785653473974 6554163483836347117442664265419457724726793854739464
78152948732 26179462824289797244887354453
111566466248816716269544199456261 236799717638513566768212485368617347176298731176537726632245557551632467194827433589979
2 617138983384
545419759721139112924667698925252574 1397946452636675494319873799975479544729843217593777926387533679276111135434427626728959
1983647546651725239122917277791594253 28876979982251472276724811942247483415756649759817216564395977461
7174595212224194515874516293463571971626242123176646656863592247842894781116913 2273198957738196698878587521639665581
4754125922786186 152683376
825686653971356 694978939642284477545117588453662344446663369736867112594229649183319538222955837144356512298666241
5241593137562983657597455514322623539871988949587798329355957 293297555378912646455353719553461424742434828862235
16182721454151252548865699734982534418791593259626 1277735259696241849831791276629594
8933224572236357876359711296137873287218548899747614653294196236781275569255856236 5762486984687373889
68231581426623857381283579122264284367743261988417 9388445972483765624322862876825155565585931761431174988826219244717446134173674176881412
9967916635843747863871445197964469116396798629921387337884912563511379579579 931153729458157327175683286671178869238459697215537245268
77647597382611438979378977585 9329463138663349793128975117583721455877799833579954
339329629 48738615375228432489233741
4939246777946537325864723692212718 863895797
97863632486515784434521393 93274671655679874668827235525362799337172571891732829125874924844561964416
78151161479768962788915492144251223233 86155212636521627996148812847516217219
4148944872742366319945927678781294634698867858 6399348851257975446676722686294148811929352368795699173215625648515933519626173
17786233475319258443 9794941566768712416518236437412893739131318832
1951162149257395677122886843799211724913489553255639584918382945582778193617163968663 1677965743428713449312377186752595933327562
277325357461911628743118395713937759423938663346915652447892686455247333967923299614167342419 169348368924325661111854795369616161177967123476227
3812194994498439828461593361599756 33433998313834654697198659878325345554997111777321294256532237551561647345917921193578552114
6811473256757989885953768321218563865652747839845574191598565642255182195 13355258849765473349616676295491815761788239649842512925327196545895426125322655496749676151
4464121322663241669 5246987771266953987391543841136725763
74739624148434775115317715439977378713794299687787877969388239179787252974886574166 1747384977339157364697837953637758743128294
85947673985932488321338977549414224651996636426965 52265199252137791769
5761571327575787896429235985734163861115943324414454628998646992935934643355 2933848952698652964324489729361681511414382697456492442749959772316697
636171832489377749 782417984319296494247268637393389316217122747235992
69362996554326396282585958172667787438189925856259796573285 47
2915287824447451172745747528254939196171 67172789676
456275983979333476519894278966 157761474333764228876252872488529767415768313789484753427958986526163668577214235127
124349 596542662328696938946467767661117635949591954945561865446618163436175466448945968611821331182163823
358763689814885565346331893283868489485573795285739374935972883311558897524 97167215772958896474723
25162493948889852333 1689476628813937317953943319995575854499289411789939679194575345387934639341672518983641469978
767462683961499336 14679511855651926851219591934739225591844148636987458291678912264197
519587 23418183126618891526696526942786
69796735256723156921776732126137371657853848649214551937796788226498117713194658596822 947645815573132345174472377549768753859323455443857555255388596356389514226771337781544682532
475448728823145319698442816476228163777 665699266113331764431562929117881239926393131439875486827915819814617367453976
4189997254925945187267 27716926871288742431236353977588922335726539774897558214556734356467785
5837243574746888853253139786252152671147 56796499321934
6251283959224211748896942799823949634 9942465166674865253926433
569486795734479299928261117495111617958688593477453591367766168952999856764136974 916155522773581465318816912559612287675629642392983429342621856174451929222375
498756518832919969137312483784136635883191466792341964 64695164565494622157157171165576586435781597316276675332621839448
898291858229476761991335681363863246631985724 6537686367351677973865727286861884225828242166219548
684438224266397375 3788579285827699223958897926427991657578745121
86638134239183384487773 37634852
8548227214957431156315464779919862558295758916323963364843498 67445376781578896153485144356
19344477972954124927995579679474162272355 573377213827923
65798823818185741859221156979641185572477673583534598465849928697341369186 18128641175494381847684247714945393765
534959726537981761725954887568899143397983174355812438353315312883847788476131196 475647745993357
825628868221652832317875899921491412266546433718347785368245588838149861761382698256995593 3113553616714526113576556931838558993291
639728472893322699363172331643387 7
3881111111687669574836231962692999987671896393199724267 4432666334718864167254
9445519756992444585756678262931537721961354691983715755994 329197732626655661219155736175125229451892267836118
21774939114367221384444861975935375236452129951143158377825182441396494188948583 52396635952641228913574591898867
6652483864568792852791517731497195573543658436521619152616522256 73182941111497541968392656459618
9366973699378747941432797993 6584121982451896174768256336
2513623162484741889391324491156963533728953835368559132991386791573216738696791784717 16432788485473939566589466389934481664964333346926254637547773992797425588285
962594955933192957486848976228926127453122711135548187897524245246329942399318499434437 654542979783317223134961248215442178874598762815272735893776786365611186887282138943964988281
8253952561233261458349251391743928667534475171992891892741 8664911932163969363
41138412879146 649923613942318392494155158118933127379422892987156479557977128827124732664276872786123
28617542852991313898283833168343655689851175961759361519292426931397968 44642678998196939619827142251
48597854969794356814311388334124688693455429887339477393132814 25274955824681878411216547811286497591
475 792
85163171953993996 53293787311931768183322868399927162376875239344613594671461374981
58 391917294742153936564668388634612584441626546137928576129299597316126292736464896784277627756868738
9 1835899694
9545494523413997515741741939617878571213613 164512335988119968752247575626825847122442861463337943966745753979542598626836639
391261921867492733271159373955655235 98481643514143428518865748127792212911568627434927377647739753437452178185775355
59523652589251958592288491524725767163396639 9634363468728443382986777585563826959226352136568825432686446913814343442545224557776345119973453
5152285942888186582274455331267468353417967742643384 14582771877869616983918847241488796586959421384254427349279391257773825454895795
324982672778462819586226733778488828341966686885617133367996143656637752712112 434426563849
96876936331552225938973284 987294884587681335459478878933335253911543911692
8838881567169421724 743594194229619615275713982631994757313694648966648963278794561658383839329827568473
7472411115174146652171536694634445226598552175 7835595741271432677785527379299724519291374497389648
11922421475548979361631324547356876229957933611858459234653268256 3
