959
7783435838312837561943979285964867941252421862945566 49838591748976359348812931598112949786854352263859516588923661323963881797138285197837413535929576
88371259812323113133837813929116995236194721531168889643523 66287659428722761669
8259279557367932164775381696973116996772718644986213252183621923875637145312653473551331 4883956331266677382971778563195628
65343931357399357747386973458912782318361812126862379782872758333 9117281984813877588716117567223432899124177
691648534317271422866227854521846442957243746265486 94923639862187336139587688954215263233649676631214839779182761649913514657338371
8251347335828796981886578329879653893655932564828 6251379135281775557147436878791516889996697231257756
2617985851212649778556993838481615639974316544181267322242937717939194659454 721453718353946793475885784673953644961313684199354829814958841548
455788183733172513711587 319467356286262955
354725247519899233117979893644147146972999519896484439 15629642816251945642799159857797471218485236231
954724619769916411484375964531244984388113737269126231696246 363415289525353356554444696641224282752667147664468344952371414436156
92663553987913667177678428747777293663481687969568554385465789245699486713926831758683 61215955932757255778114675
5797163934812751994481553273482426967436854166695716189654844533854824 83263294157971936471128524
7918221429481374876558157375365779429359139256611549561438159613662177859249235 728185235127867831255186494489145854794957464191131649394897349621649243262256663964
59293268286439719634942757226767367155669368774652167975691458885524299841 847668122173834226771813618881879844353844
23513412346997578564354161647 33532343919579166852638673745754219529828838723163896
7165979845639248167453212141928487164672992656962874499853824654711292526787571388 666549184877373656696591456229289817587354123188322982483523816921678816942286
313475765243621372 54187613833972325221362437616967631275725763534776543648136651593395561294282723384181
9621892644935649387932557565263988987927848194947889758 887836323437735415498381816899329412651759466774146428838739142673463814633441997125413239724597
611955969 497391196552477594962575997417123415978937292731398479498355
33718441779318425477987753954747547911868472873768852289312947687326926263458192413 138879472372761417256931359
22286144263966461958849112159 319
19398813451543239196858831167331521993662261675755559899123375974324527239 32352553859564858645548524358394431591328548666469
351192925443679371214924749152434185767897177524241245672212759998891851852194854984 725126289538597772582569668623379474234672473115639
826233153669149756288317723517968981296526361848797984398275847292194286646684 912726339155868325917657883587258835244853961281276216754349122541373288867
329313196621314271159924813484777741468374549548294524682394889234333595888525175159292129485469 9226474626
42887637949643251762698226373936535569869997143718851599357969729236855565824575558 9938138363449224774693636295418916713
663793188465617728572527921332 646537
7248678737656772688575133359536649149458578532 4852488686511831922397241594855438339178485476528885332769487161384846853914522362311823914
344646196834862652835612459677348 174629837172187337417935223337883826659121986451493521397837891816923452164811224225364638236
24537 6864
7482719329129588619535353869961849538216458838267718121775674742762258278936818416889523 65811621118948742351131679
24749687285295897534552348644732647848295496676392448591517681579394159821977399458941976953813422 91861622323213216219581219837448
82987239131997759275285537783157219561298 88811
8929563878354429786 53486622645752512329213933542754473383264442622611732655167348429177831538246822612
5828134781885189463236577756919171114735633342983 281888466182735435237439592431425714638993662485864938776
91678653538115323339656789713735376848459317851387462739136 55573335369972378336943542958818151183125539
948813522522343366969483296868 2443414781811988242318985433246857846532115525118889811451763722251659
235763928834815716712551949957838799357328438417271948264612586384327548975165554872644737932413598 495545469129543747826281369815758911927527588294961193427995
9851691778455 253
2728798575157744558687411577666782912652598775181889743965723933275417319 9819597
11821914944394588725128736379878677429224768866212263597242829775526571875 25799911512818635383485297786555256692735554575347763638755179185432214474143963654472972
518141137538365889858788187512272248893862224146919326117493621875273843 39829531
5146671453473136219591355 29288161251189748
4676694431147683421758532386538189788733 153733491348584417238982623931533783595199696232153732443844483672
3195342913 95347156563957544538267475646282588734636514622242621426196892724397353467166826276116896376
86855826787975499875747356432167 4983138878437788368453363471766
74372662684926166689438647669662294187945642268958141378915685322999595737171324739 7793682284
8193886827449493813271924114712523563481413772198113535 5514986157954397491348953455752938557467631896562448545647263
16541115415471886469653799371621557513913449147667192 2
538648645189967211832869149937211935699624318866175937573572 75385828346
59579819221285779233126637125791142866939833617268765965369234 879174252786799289215212669283115712132
8144534 293547229288
4451777814298717542411982783525178282467775328146 4551792142293896988393
1222541176513932696378977583624579929752581739312712261484636259813495191 8165222321672272828147651765896362599165896398916615849472269548618349641535855
8599835276325678332131894799854827294494194424889333113945472139966973433693943329986262543225692964 42143122724794553318657734354931493432312946693787353858678547327288917816846534171435866644
6728419355 6446882953537667863784964774291944979379544545221561719746455743162552876449
863691334992222222786323858736784544844 84388264252
895617877672731475175442 8938189697457914227328132747465854792749171692952887839643526266247363225824216943461579787928141
48424689165891946533737769612772743596361274142 558169539123684613384615729121853717763174837316764642611646794525
8697822537943739438326293613118366664175614328 9957638435573975236858181294949863893324314182323667592746924722785948456573235913439447267968
4459 27165643182723
44623267721481756887651157196183299386646376186298178164943724152987363486343 254455684876871115137678659427772562197211851984374353482789873166261185598399974561269345786716
2946312325976111748348634941352315367167875638421136842966648836334363 2282558629535173733794784741717685968882516838433392858586334186618
4122312674961333548513151686663377681765865674342822343776569553712253298283835 175165617982684538939492461938972972432962948521816222937446825415898449159848385125266
7765616191747536484114543199233872649576 47188468682692255623329357271
327318336686449182427118642815328759735943755413495553942823176253324271366828355277576548 6551382946479191538648334716633626718344287225756554367
797662926149136272194875513761294389633163138348813275612688195412241331792 438132813933716978954599747357154274731363398839381529812912
41767717125173151696173544483125223939325671194569 933326228192836759785627169593127332361357815887
978548219675274768387852874652323466178368868458 6413335177221486762675447262157235381411683333121
267378514736566771459467299987 43749546721483462797273659799531196818699186931612161315379556175516795118849228733718724
64536654192432813778371837428562984381478524987127655859984453119785129889 4627
4554877982792823181277882825525854752832115847532748189656548339872366926 9898443437
61417672995 7853379165937383246343687713957571335445317411499815658587152681521486331276699
465434841838991519481687313573953133161822644226226464654 248262554119142326461813664196992484476714214
8652334724263116495243497395397612726842295919927495358844376858375694474659954 928876179195
9229551162918615266232586573869825254494667476972489118765864941755235111197718265942 27512483996696966787933193399672958722
757354115629229193267 9538297349295355151944343488371774791233925289579132215987491461645861495397971298295728473
45187222679474947174246484523929163813111942732342 11467676281175378221341253686628292972825191438373394577
2492752484115132887782491275128924271478581481631833869871641853646951964 3188226
2 6881141816891492178495
5214688162434692631675686971696456112 635347484571342715838799553716592556285493865518543492733314416434435734945747
84955873737196539895893972517133812678791873633598622713249394479678291491 334631849344823218691612721877218242581313688357579
677663131966426985982424771339928595786574189498889796146 6628643621851547133991152386786223834646229
1449545671465768462839287512564692374584763821775973268638255784633971125454695229769 8627364627873971379256837915
1226821764631711556999169661516196676473628558 32464671858914186349638811293273776189466126944578566351388814389291111713596783446179413573656
134 4665611872644378167621477752913719866427599241636448612971737569869737
2677 365115722772291531423647691487699657326572116985787
396691 199582375935438866556529452239581946242381751733
3368974211636318639311565138112127648566491252852563522 136884996424667359
57253662151421224167516948636232817183918385967891382644228332314791554192148818493196562 371584761763481151429738253792838739826872947433627121314332985929439826117895568727346378
42462149256731726844713 665292842569449762482214337257173
296389 1
131267 69898
841533488955773294393994889618666482971851887274551668699881585535 396579943142111711162245844482946582725793959145437454371268455789785628559637166197742817
872791137552869943556353733776725673188224446878464484416536173559 33229775862843574937818646916515651751954674778948168331819944118673256551146
167515424621421188112933984435853712649211322567981821656153219418749544899767242782515512 1469219838548798822192384828499615951
446845577747137692314722352626447825151463643722373169292288 84761338992172911238928659
729981668234 39326315933837992651252595247115964626323766328266697567976347393127389591
289416425832829368545488186143 56336885261396243775723498978365728544135528645931782168371523139427
63642969684469 899724911986943127198761442275153423218239719496574258569996681
917987177935468971339331359772441344934512697 4356947991697923883332815992772836394677893855913516866616584776892366571512637326595423397
4141856135947944 635782835967325673951773512821125384944158776144861232267418811868956897
273619884649736144339996628586733735658847369499537374653 5831949945423597526847623529946196228918222241333519551413793346891629913496978942247833
962871448279412833444592672314754721314665368573856789816522654125638994112655869633 492327775378646714295279575355622118958853893177655876528
8928394642877751463629954714967643375236917992174968999497344399478541196 45735454527943825448829457442437638186238127318612117528694888613348164625361562353569235369139257
643958817286323529993829288622233511794546175482123947379 54277442834583256689124132492991987952183191656587423414735833255173372917926489338973723
729989152673256828 8825531125195422829323362393712953571538985484
79695727197624758511227288943962785586292441432784333712896349654167938423329293173452683 276376534293732594471768338393
139556747469115928335462318554 41927336354181441157436
4683197866384297762818626585698 9875681243644279317542323977489
536276465852689696179427225571921988294256539337548656194188314949424882 873344242185155365516656482983447711968313265215445611721943146
32882 15143359184483291684572231176693732846299544978316881859772561255349
81227956614776915938 5278597389355459697496622943837789419261719723572424589375348925922334965499483449611964
69148595557167756768966 8377386817256971191155795
1514615 63953166575546381761913482485496
45771711253764735397538745721118329678823 3759659382627951336599261338118752173487514756334677849642
61366267872835555167591812888245344766139492173855679773785851786425714829283 418366
95994813248792838415375864217836916227227885523992961613147731428888276 4519298837443215955538756527924489737176583337825324439298962464735298444492814
274872998777564389518198 15613272445731192
662398126977272576778111779375893856273143486187687539883758155619658312617293797 816684491188273492759226958951821454287647265145794343
1584 41443872235146429424264154432451438352384931245783114184282876973
83664553745721535198121526163837234299842234427816963384768426267896382374433454877854812545 56148888211452186533599724455925667265863779481149346257148948
2192477249152474697893646934177788492258854147393644925661161991518482925348946348146 9146156657124245675767239617824248397572213421242623891945674923614383755325642
351949179798591886459911758135917854918634426667 6126968544858225343253
4218127561311286316533767773731171235551353262299377675287951226129914689257342929412372552678397 6199999634256886289572268581237484966535399362947148565678889917989323374953982321355997262
5125573948434153795915993929738991973294726271576312295274516351948134 3851383746222624678141623881377546891994851
315214656997463157554393317914443655925167717177188752922967184 92395148824632379853882797654644621223294
3492846795483382194934238872665979829922254 5
63151297255391149191226178311377 625167395751944833251511813785779129456438624184699293541774614884176595741685557771235722
775363971529 46567163268916266232
65369999225534735521165119877414317324467548434344289561273856682681479348113358 1557871299439883413692963
539667763949177858499493784618 11
7143567543872838865169288466661334992512554148222114342797 265828953885756219678239796992787275264342591465194579332237758676
3575811154267671598788618976125378263699633439163175682572168347191689762564428196698251472 591621538454575193711557851897845382522147555937614
194575157339118182 384398386533988497977464287441548931574593694175992893375343893598718421352863549161865371642258
719269796312793599321778341931245459181562431825131428924 52374519956734553965675761796944874146241989521187959115984287976899224915
69673741553652831494764957851486993744757 87568819358819716283268391
43626669593746315913774861797982974 533139614273
94 259569198619
5197349254952266493238958 68626423797921887255254625944216878694
714197237191863438659 518191933587952529687287631129284145148688851
496489989261619184181626966751371978922448423425843347917792987354189677835718195173 73689453
798 3915246439533538424873336186786893542168943718359376858996339377593182879487
363297619456189264943124275838482362969741217253388863923242345859472832134985478112235845527373 7531746511779916663654673874
289559428649896911414815 2242277489522883626989514194282333158
34352657677489864132928295487997487 3533942144876253469797144793539552227374785741514811338
3557354487741949158485743947824373895 5695498136596273
8563361443126913133642 184131881894812742316511234734199311131923481331
3229362228691863271282521266937395353147281616931 5
527137658938757127896312929495996394385911328582677821 3179373864639968841517663927243827181245115312356552232898
8434271388895635495321189262144885896729269785 722848789357352182254831489355946282914392879274975782265979546767186297
351613746145198367994116779316495 1322947755778149895128
8266997996662521743519819474653133157746236665628593919352 94148439165323541358217183138799768666325789675135693447133879125855455228892498549834972
25627811212366437581981835944238772 21684343469622346566864
419546779231358482115955736 85889531835157593392427483925731971818982738184927655183838333175633575377538657731949
6139555858727325454751238549839566263319469 6643598525467617682649356662152541982814652157826783232611547637472956961767
43853963928737556337469354796879315498949765234914317298773886518657595986445365475211434634579 9769819398767286184896763338617671898831441243935844397148569841172479455537
784184926615 821151534244169137727519916473
5933876373186932372432634489547165897267114218 225332115828484969263523882322313
3578996329788929276755157578551688157861544541823246951189 8934831496999631188725259224721199331291163156158918669879
542556385823596433891713178967835427126919997588891976436763 47422525372373932816185729623511341496567661792924368317836927352638472721168
3499887467766856172 879273725233596795346445789698632144863399374191383895895193631579148
6669193495484124323267377583978244588814784942278296228783742873472697433688644 2571768824914473661469821229489499
36918955429827582337615395543459623392359899951177874749494531221168814719793856958 1811432119268821859453293317698
389912327157 8833362234322984518766721171937879985971881847
916258157778379858285323337872332253817888786961895224982414377982474339745915756281359753 84245255729971142355945621655671653
5884733558977724569845973459477938866622775881259815752487626334543835 8778585754913444
22313831949196378966585949647112495 229618283685784132566356761813791784184952333959938933814274574145486895618424963911984548715747192
16349812478175391924613348827368929 336445527825193458
496439455144715818484543976967763735651498478236124921158717 9199755546221963479856938575312512345228413828139992848194147581
365594664534854197369492175354873159675226865355591215874668753257265428628 19196573676246478659437213
865948116896861859891263131822827144679467181612946 2458349617775438
6 74721733281761
563316744372468748 9323777368643564553934566312998766224612127869539212335585199363922865116884319
544775393143567631432392488844139472487563675763965258488235811162647757592 3613766681788682235542587119
922318853664823981581739418957659549162786481887258198671562565511256456612 871117238372961888968244992373437346535859291157261574377823847771983575363333751346787145355871496
483217826568298789766121 212
8584421583181297519362482651933944618419137613946 7371378425578242867491142759114542712344821325726289758
64535249524588739339662476757424932 976452744928743942649899185337837657918655991267613996855617215
46733493173378361778591 31238118626138136289571231162938761648828617442116
4466857923491212756596286728862444936599915487828484468574837169973256563734 9515659521955597596579794428957556757466895478837432579628825985894288578638452579
9614381797899212255598833291417999452694182563494961691456717469129746395175 26812618843182
97462637577218684932 887795725288419247521783293166399174271495791199219817959349533934
376796646952367591441159275341373439514639748489243783159848965574783927951 585248272
2844865661683431695478919559745255 432155772174415693119845774953631189363
9143363716682884485154948943995211727157689377888498 795356381445131746954
9475832672791763441312625391257321135583139821621915555326899324754552665792715744884348695956423947 5859831335576794925977386941352584448793234852714658333434653
8922364576624895514425287588163432448547726494916453365254614343591451656244359 652372855694979917732491298355
3276212174572564524129 965733711249846817727877198659268888127229685416345698825992985464
6466136978181499137762411646165291465999571616683477382277858769617514371462673563 786519847195867986332542932815542938
92314584611269567263493136725437789858218583955154721861 14139989958724721883528954885542978896183241662299648493999287631681958331764478248138246399837295
815476443385379242257 52213512466861
66133886221 61915317524794129198743773976888733659435959415786528287342486274935348945284451813
266435927441184389216791868948853427755615195941999638312351 52
8421447744773 9898871466515453836796
9276 313698249161937549554492646821386893715569
97828687269976541692531536213396531517883844196995655872324988533 488974952929622463749389712319156833773438838924416743932564294384376932974
9758814561159466779255562479511892268421251743374856974655528638319368283791915658 1866825242435415
9929281271121382143838718124 11466
6819468245449592978963671416897943752927141935688268367568458382599917427 2215153843259648927547691766542919221593184842919
434417626537822918575722217161881725657664496769112133582115524666456313768192116375179867896342283 37453911413575667482185678415634219851177416297
9235182281341324361199288464793537311815683227137121517 731948612973594986269939597773873987821635218226564583963779659555772929
183413438856515681673873427334975589398372761251717319767154141129383363291913351159997613348694 4987731918412287999586511344572
99432768444873144491697383895197868696482151343398219383324555786717159654274427544798494 8766815863497644795486984614857746951868978219823321484
62442494711585135913175759546322785 453629923243245435844573386638834389661296643987295337175723955393
1611578431613674265691358652968821827547236412652982712681674468141214227284778773718637631194915 667121282974183876651933232275525626854811562115997469553827323552
6418278 7
34742884785526835967653883373556375259792632345693585985485 153376886343437611961245123228249374139156683181934924593664469356951831663948953671
424833194174963288896197324998292896983668273785594821696817348323341957527635217252521 47862458574563746872916433313267198573637513949529398974761861464616411235
714386624665656939822463254993921492425853953394986876871568 85892843516221457737296243286795426269
2 368313911614173557437657562942599645799415378187884425184265765499316863858882237641858823999769
1797681333895511492473826177991699487458677347739994543224264561531743951 33278965917993566179793835196865129
45123499849218441554316653142982163 141952423588425185617757565176396333325537486844369237
44249126572963949295653732524164287718 72375531554143157572236559687628932662267432465
311688317691767618142325334627346451694221629118951498431871136536613594131318394 433271835198136327921823684491272327683285658297849917772112997972291545
94555729723417117595315592921491678887562758173494646763492218566894266912289978 1924177213938638129991115198492471114953734
8471187844737332212228193152929568345426459936595922193172582886286859952371696 85486612755949811951674613448447291337
8525439 3351
2998739776589223599637156189223282971632549789596781713688759618441245576821382765845429 5147242942432162997884572745197365341588286134684855317288985248738466393319249984354934
221343351955987773961789568368766115735162992764214374794621746649729912943784 79217426597482776484444814676376517423
3169225721667564613417383816143835654193984689464412264189343351 94581221566554323367715476164
44717747 2616776
421858398752134857123422212617843364665367561345464349172 19376948862461612854378867248796456933568867
928323978236852 111684425874329657432471354343346481129544193623298987933775457224737751366382
9576929491833454147649269284892886853978938673481534499844677966463836151894437875429563971351733977 495831464775688455592289946411766448587692542781276845
28342744534834136881265973883719823565166837669268183727675912257 8439357438557
6593345335169954294551189234365712571529984299552331471695464466935193879337243688346724578 5837999131221277174424782476481654155244582795351529
4922597481386342272879495452246759 7195536987865843388666693274138135
951288987434813768287699555132397694529389198328521444384115925 865797716218177444216123229719683752793935527137317438111146765553667245663143393
8513218832997546393949647519126545795931738469487853856483174383267241 15548155596364941668655418395985946562455399282173628159
1769224297549451454394258847194864185118945164327276 21893464417961774883636
8936195576854562231631485319695399219236189139424246771861 1
68457612978132996384228699 99167147795
1942524822859821797156656216448361453823498274251516 8643347628475685518638647861983251456233291519512
29226949961532668241212756972149958176988358766255 237445757917817424357382833151612528732754792483615967981249334273325661165
5471338732155798146883621474517625766137346497987462593596832974628227 9447252624112824822168128285577378284928211981953429245282996
3122483167253252914978856238 113786771931539396226757856883437173268654
141 7697981725267148176365422244414776472865898598584129742394198928763116551234771781471669699
9399947449547759 116612463844598628333382585364951456384
6594188654538389879469469857615614925371844121755 68779917738641761167614594482465418386
7134143952779877538561694541419971513883219451123842428743531355685397 8372224426467864478134888241514
64793241657276397457795547673735782227598827155981235733116469296127235518932366391559554512134 18292656921815478911591855152183123116218576335
939151337819397829536441378898869539585645254176922665862352215184214639938911538121 9699477813125298445336122497431353278783515388
56499212971969162163695498937132712226536532716651191817541362451788337794695291 537189617142899698816327981479
39425586597137634351148611958854214958256732241549156598648476 755418864271753184843889275298795657742393792783596846
592319378129676489135941687779198149924263476155477339486612523187229424 527365284787836246119316484482563628545463161525191
2613491492368653985792311732654587125345923821129312764 46599572499487127458873661999544621937653791116443111916686554488672941
179454141223115 269981651436444114763118964115375987
32919673975866758843672323668687469754474898661378633116161332428724599716994491167528812 221
867657298656687663597227324736945791324188771128136968536164835637 9158276482219568387275589195697164715997427712621195859
7495242112795997634296828663872718173514129133613685293834327862459564193648979535883 47776691146322551947233572
87237729226149449235152824613321564688997954127 4635822134367331188262387265674468698917422659
23993 4315567958188883
25678615788966485546318597467574778295153747871558142132556427 9586665
11949486337274932557944644811756229759142787292415264254463482295566464255282952741181173236 524757188552
82659326311472197 252877269271672
46399388898227633531966516161287599434983884267944844115645229432466132595517293428345 51322418938646467189188687724583398163298513446278833933532985
8756427629884141579445171814386195867833259765132676646194285478469158941335824695263232119392841461 24969314497831488731947711679459149387824748772117927891712692155225347671121736789367878968311
349 1772848244275521931251668545111332971756983653431235
1813861421789332983377275119371729745554688535821312366859684896251468327285421295332831177 36787741948671983331616894879439656144221587611214448679993812795952987793869893
65845775927721999749292127625446487224342325973659547295947587821393619776924974675274473 3432437159171919922481959783185225878348342461312
462461177329259274423774358369331794496291559618217937157156921487553163418881 517658296974622929472359592993718815584533287986119227883791611699812119
8886529948878773787486354 896389331
885913844122863132545437132776429745862386187414827513 78928413869451749275962756247818826293
855 18211614521626533293772
7588243 8859275517317583844382416676572774982342
1179998 9174472548546354292779367687
4597369397121633478548657288565924 35444327281971216633169288269989
48214955532492654182878923527726957754826884258956686848182816965634 762229113219
337838374179353312 958145113497231954761882727339588789216614566741231299121885331534884554
21434761267112228226317827863892271319199627391 299527261618128332
6395532647591139184764868 3946698218612323343118298491529332841967437744971923418944219543941191779231396
884488217674173387539728969193827319215464872917185857572343281 45799353381685429936923954382796682186694716847654368526683845348654412581618123367512381292573
595927277294199172 351955917141757512646997237918278248927619
648 1693382544581479
246483845872684148167529585721816554238129389879669947549266771234357781118492793673 539171289124
2389896753796431786882 5184234576128429926617545691415149183946226811268228131629399777691941871
57542543336526316457787438169893 6528473863491126274146491658791157733441499511539554152969645
44928653431897391212713141722877224559699458678412127775767755119592219364975492599673 28892791136292274538365815363185849159874892547219158
8398288867 598969188966388972355748975235338713855655733644988818422676486129718
34154312216652666379659259828798956148634899128679884751453565 65346285446739358239
48692993538347779152416921 858577827197847264813626835845339755789389198516654295387769245935658499328292436489739
674525687693529169947923427868561127723648288193868957 93525298183818388821313716192654434456561392165329384243824611926432789729162953
9259525835938462 7537163436728828281641895831981591164876461561588117
587291969845662982463672418275828355326711727238773446355633361257623411857334364474523759293274 77992683991867515997436121461663375561373
66611363285891114864228142194957189857 4634481284374128689178682351761464669381325917784858371759436963586171
143771215464512774965565749255914735824315299966 71269295147798624921216262418493189625274655981843396664339
3611531174315222367763945771665582679516797322243758718856871199449476 134746628844767665528928797777671519325834793113934311814135411239637751
9851529627539452857425851152112226645813614179776557 777411996953354712
399532533131589337713358387293735 792276817492427187194667848847122465514
74219171281838565296951925332894653443456144997932189443938475123589454881 18997242142757887358199
1469285783629998896142299748423572629662212825441542575599653654835995993599694194 165792688623562983975976942883599848634744245141929945438443583983
14334717855449663294196529223643474881973225556387669873467258784 21683246677165865
2382625893657154411264616622632494692339918811919 781152378398717938659831887135559341728326625944651524472298181812
2515268618587 5334461374775456913197985979588131925386351695591293
8 8771
855242143678427321716293 473172274186237347676727833
7871526231473285964396918788876189277951892127196437853229147655268 93873251263943437196694538575399269943471534711652374566441445978311696171724
4478816959881848166529262954 3125611
779544647357122688289998824415973414169294622121192724174823 78965298368495775761791869998582743198231872697345
4118383632 961533637467837755667392162756434777632579724877875853714835361325862
75163631415694764936814289914844243395226936417911221449482633944779959774747814351 65734729995832754986463772567993884432723858718943657764523959421971964694696413991259
4812559239211626127377539926798 261895985626813562
2438312611166464416912842357511877728432344753 2255947648155658361255276939876655213597193688843985213427819464432155929863916411956398648356234622
9558587842 81191182774311349373457225852197569998966747526752862676874353895122175624696833732541797352545926
7183121989579557459146941946242679 781431751273484157481746794378198178745473219243691342327695254327354256511812294
3985826728216277851346564263417977865863628655288385574792128429528878664 82686534347288198977461317254133
28431272172348858515 3191522783159398161445349916653381467422611933186676823331212784756765744256181473168671814
771112948975663689378285217889777369426874481252644237855568693339763942378336126315649 84842972374
9715512323139166686461458475731157737258845743395564793522611356852 852929317517422367997438168789
829975494767534553759816587826159188952633 1762559567279334131481685434187889558
8479764636 47161433133819529569545418922785553293933
77881 171614627326617651865967259143563864648
2528338713982865269759178136513888379525198353532637497959797799 589833192829448512513516551
65676454862473471737493993875697922475743337615974847116929 273983389433148992
548742211984813568316615674737593943912531211815652698133454987585765673147517299673971746368615653 984
547783313326925296845829634157132758529258199923769624364434567288846763 7717741884716243554342731123369296821879535945636766227283898512714149155
37356415319756875914464 59881599244486
924734151649114566 28766235635177717125
9694847358898124788975876315 676183953254472555317894593376231319476752774343499814659153986483451784563296541971591373535884945
26141587573491434142673174892248279863118783192281 397536421723413177968795634367386484971661721325649539116
99389552188648931333458529985856375 57732534149174691949642779235244371134
4476361762974722361259453933626968 49814565423468828826323198913139
89251987725395185373116946662951732878299342869661464843643 5472678754369321468786594857599113855
38914481424443818691117959642867678555245851626 667124988714211183789531569422328851226327697474735354766362551
197458572937384265518736642359574412234343942993465181153218 8833339153164414135478361833678473749565678799631374342714417992542597
6654144846522515917888437895811412 541835965
62341623923216319594 34382115577171281384133584552334992144384219122919838174584689999321431879
37777469721257631175933751517 71311414518987894769137893961856353869
156347611586416339492144633 81465138433347
3484732511551814816351834744836821673928714543816954915161993568 88765738685
471 654631938622259764213675267526332787136352876628725654238495232977
7976885848744437 98933795816275399116645412229653499896251644747775335845368489517832436946
77673979678361583112862282876 96464619363592838686668754778428942378767673575958631152847846277384964586593
72168261922456241171913252932874624455937435378712882724815575688796 72885539953769893868253573531255783863398811615614696
3625495658785727378451417349991243548732275255747988321124625765742798135616671155557711785134 49
776877414977181838399937763486792292481811268334728937951789959171958591154313 477396194117
37 62837543529971649228688151
767448536932537113788159893318154311812594888633528577676 3476412326435369293771877169772
6458817385379744137394518175 893145487849533
8252399 4969955961
81775613532994198915651561641119679284896 291691754531271933263625385714582973292178932798386261929941841721432734333144856277761752756655
2462367866716287875712152168479712218886959927851763665811868393311884423822947959556835 9847134647874543297422627679938776863395389
349623221365925157484961568648913216483518599 2631473715774653949925772746936878
2927483943433 27927243488734683217412513684344894438244379267428113944554
4835417186469824247826141789 7874641729871229243545774994174812377677286131845656775
74432983657331945678475968378739491181281151427342849681131729688953238452752712832 4249549334533437179898786848524
478838615419292734223326781465341756948435991514127381144986 712218276994289454896673615668174799364873954283755773117224819423898161253386839961824169487877418
47364851779966454572485677388881618368255363917736234418824346913528289 731443843697743885144184386981713452452572586173613986756144338151917
89994833399331721268616238786645492358474272 7472235124185443368
3531243594471479925921616283817885488528877347559265317637548212344661179184595839 39443487685285924644764513929663939377856869226852878869117
82935 73983751664577956443797821223948481872
6748445119674218134843467466394862181863747586477117124174847955182982411732523892326 9782364689574142946257579279878765393456722214883499473964591485769831
5727416944733531779394154633967756996646127292859754959937718815248471621171 72233615898261889867335672438579929331
4211121579 3317473476985955814262943695
52681181665775464645547123298516976728858834 64984118617998238953728752529849473594953514394245476369479346428932615599668729188
811754853478786694661124825968794816326815564872553233717977949885539843349348653742743631713315762 515498781253416925253899759693
514325757649937 16744836694776279571128
7558729383942555674373873 234696977895879477366963196184671224314723542363479185585984114873149914622775956485971
766319949529844178548664198899592622399789282559255629717847755775157926 32597524426381229747241811
676279936732616187132295692353871116812535 98224536855589483135751527634232984991155894862741184747336437446793441236562424322828182152323
154423971969996658383547477193374684452213626174656147324784281613737464917597511117376246578664 337454952869597153567616237223655514655398269686682
79259328544972512288829 6482656833432397514264883821593475158494185562173339481271436326296935815152151168556759447
611319231555544553435578737969733668875 46118243145186718552592115137512255321523495
4821847158154616456512928928737854847356925518 3115756159437116688381418869574887766343291125173825564165
5581452441389232375616722767394544728626847212273769151466218414421213573947694594156385 2846477293348542382549839477144647345663437573267333518832479992247485753723591459188618116
1661625783157743371 424831398366817688849937745
9437583617843746661696749337517183155198895472378127438269613161581717615968779316127269 528134382
792663679158829871172764745524135842469785877396238344914457448976188219492392911418665348225152667 5975486288849446144964532331858961295415942694
578356879171488635233358949197686961489457382726818349628857959731612136 878991943547484289146532332288128765261461344924879291543973839336174567258968151866554
687691442642393226979647371413242728425482875517676243774395796795938534 361396413238439844887686786136762561478319364932631732883249111236776
5535984814726294463546 11425734277852676111413711689235887176645881172714967135697387
8677765314171 46392683422664586343218497525166817789762636248386366487914968826279512554789453189479236649
3717513 59826635688546428127278122988559524591639648397484697588324769893835
49997596864925299322638563546777824287266223248771637475111277 147256628259342981754635779666686849199328769971836874183558118247238292891998471164757464
43546 723259361685591329897753177386317274787524138583519698878871
175344247177417314666567336727365216728228629491157635718929174117299 28477595877457722621771246894448973929326378534362486239315597119929822834217597481163
59112488544851647748287542617395643686254647196622544597127424232886666618541142743222725188124 597348635635228724624593379748248327759648881517618288171484247135227753584938849862455312
7194895151955513616499725619692569289536671447372869775569137353221698242 28436534266824
883827219942827899714932847629743 11261529242
56856166484792368368 726436344679727679565183495
18428988886192186497128984985377771 574949779182751951816928359536542357123899497615445393817443387248992124791599671621126976293357
737563454851333396768915257282336164394634562 9695545484578233424494393135176213333831495852721963934591771672776887968243246512241754744414928
654138434559692732167878787687933559958359165463196627 1375385237367266182875221755961492138816565371343265793521997235296632864725135478958419
47229757871598765889636843442246268447294315785757718913697979926598152539227685377499211 59397179566221291942844767228345585595192365388175284576466999573863527453866797756428392235
6491256372945827914182 6775648471181584
958954359992196432728515 8636224437558815173729319475975839659649327823871513866676564858938336246685262951265141641965251
616994978869182171673748494557241597225943625546241784248441915196493135217929192912634145368337 58351234246872897921127888131181365798
212872593711985513675935765369523415527568293541662689527589 848446245467597239228678591823676257147987627719291527358599785822692755688139942246977614712
819186212518622648632563918322396774333845345929445388412585445 1444516287784
8272118479432666586351922923766717594678827287498648553131242618499486257714296722626444823565144 3447923388546531896244279338
814952861159488495339467342761669948698689434356918498677262484741161899596983468192 4545598129832922333995713352757189458346562159724738787774425281698747831817368969676826
96597295448433245339745 7173395955713486735291189614198648517736299281948675818668667282828359567697253456861589252
98519695214917564827378312495199149914261893526698519949234675978 325989515289974534126553329227296893183221947
899337463698239169726789846385668516843435272817635368885591413588492248649555517283 783639629534226288238495526671614756156978162281633762291827769354961382482158747
1658456356457294619912512973897629445915489852211389 97217288258316237377361634718618663355512624335
573128958839456535754 729736952665326792181149312245254388618918138978
76256853453574378964955836118115657654321669417698819584425484436943468411187 5976792284161399663595452214193366866887776262723984991578977575549441689
36992572642519217317287 69751133991234138745934713813688953152398396223546299558296646847687257
318958713184261684194 7768763642498698912326917316853238894493783268693561164874553787
63169 47885127962782254949274589268961349867138218988954923766993131221833717921578364919199129454
457112435898253556649494385154579143434411822129828953981177 493832664781918949376314725831123431475212668538164823266923
2539152396421531673145431319183434513 56
73193689475174435877141365392666169392322285448351452295967611 92536335863636729153554963686364823459384825961139752629911938812632611
9278473635225352235945477176935961428711 3775311518437672929575413281444657553191781
44269 2838125245997994575322859569164922429816921514322971611684813139
65279983433253824664987238125655598752643943944139611156782297244648341914866559924323419415 9839661638376153523766828625261888258182749724655877569
3986939764315443498382787325791382237918178188321112 347649247152126634212759756836582265489695629434482962134512938
67272878688729368 3939734845538424231375975639862498379474437732771426144558764699354642886673128711887796517718
62587684453393689631712964616112115433251238684373 92519426153499126511416594966988229431725441725842159252246355854885389768524542
47674 11211966817593588173459341469716199769475925964359583594679693649675361431145
637961548745216797375879828416173673242161246399528111475628614 2118259399628282682574978892586811825498695
3 8592694145335178639339166573765991778625677766978167919934585831928477629841965983754283813867
9544889267997121257221818568215367478882124965253639533248697278434522917 218663616549517894122729384432758739482335932386491437776622181624537857566956576
35648762327152149583973198716834625947617842872265738 76272522683322922433683296245751248118823265963251
25418313484374 42871389247893425348686812
9 337426246893637912544718313485398375172956997334277713389727859251753875642
368517859252948347855591551797144266739817936123856994662224513447689686176833513564684998782555 358268715617385556457244922366267873741986758853292415224278687218825294655758448754564124
142479399835713368388939236557683961324441296492535475947489331944552868339589 8991952433622949
79419142258918287222634239337895525266221641 673655464279425
49857418749468868666667229 819463868238654368848896517875393841342462589837357886334898
53499715593472472613635341192582287538289159554351921763243748314414869715985 37153343649156641691138199647138961796132477562672744324677
926134641693544885845292496162 261353181713419226318564184115597627878999928478144321637127246171152128957223635914628924125849834
18836952631 51136717541497983293887494414669
7622239597551 5721893
78442354247363781174933278612864857465261786218114519839317 2591496752278624153393548578293619899813585538623388412839763827453249829942327538544618441655371
28225875647374519613 27118388439959835429733912414347559755151474853414187871192217
1776232244371795166 526777239548718799421
918 6751987797886485826461364155565447224275793577952183196785549773824652678997977932286377254
7959752354 65449569621949486
8321687961478559118983513769457332742324272582753329891 87765495232961397625719489292133767198387424154869136216677726929318217976136581323436434
48961631643832897 75878611338
2682537 365643624592726497283473632133253944548484833
16779413266822222565127611894988268894131942123472781851861222479717397112432325932819372848381 23923166899599184473721746235632712499855197892145
2831875697345854944577824468233538 8951656667346166611195499998229323256762649
26674999342545 7613284931382754918151656276675259733472583539926893822628534969
67491218735748998162813492872812524957285445182719196189188 1945154139
44189341729846696377925756793868194851793689927 74216297637516357532478956566131625738224577345316935679238931423781136824187833671851379848
5632348648436252 38844549578249557435117272962781386878852436662835749334968524
234684377644149127767493517 216927277156167387611697716427539848491844624983566231149
472124867931314899844473365888357297246397188483889738141521953997698 57842522872865686528425987666978916697395271761216448578968769864253463588754
315924584393532138537536616 48854534574152612157637585284613267792915275715791297887264124576264
938742679378164917438567482662875487693667671465866218644184697475854677339699788622597284 53229546556111164698325612697414328224791
125516351335419521 77512
62155145621761191639746882134435846943 8181188216858812215618381133662136339866917328883472326134142264186568241943377
944628384336921159143361873958192195218196855157116851217653581543149123331585995691838159768992835 4689697729543778828521268985242639264815199
4892273611824642865235843368619455427923668714598187325871337647426767717467422515718831325 544629868637688659926768382497763
36 522265556624367178878435173734149542442982832395762264818755282
44 44323865424545859168454321991837161414694683846435861919455841367894797761862793819416958678
8653965862521221732615689232391446241397668635324467432592497325812945987294562813271863423779357133 72355476988557466627976347761622183857877279979222768253821134232841217653916718197
2683934719696271715643914114574669514445565513455887832476356858411 5915543235367256734411663668576863749533972249179863891577596821441781276154842367557
25628119566679516834237263 46
76338386537334854969777879599159962167911162972627137961294682769693947272468137213857612 831184119
4985254138456295923784452162555845141345335951385424671359243 28357599336
5778386376367861738557387794651792961877193716382947659957334459773499674 781293763361349284761241378177582658528643
7673436885668748312565788672876214927254232219256413677477865873742333315292117789848268418251589142 247627843867967533537226839645146365737922494547514543639199537337736965186999754463
7 9518914496843799466833948895291698353
1594191 9337292833834996767677589984172913598529824611339131165377954526434
91959755449953453682628828473297254496659452215361561329823374635712488745614244449656796617655412 995887613692289376814894185698282214715532834987893229185721665687
56222124211248146656677969773323634289676 151647899954935757681914346389196874774141937724599872
333462837986711957924 97476219591425996255127854188578874385795619472851598255691963229694896321
17484286475153119936 517622457994445997282684113996299359237754839915394469797518611775767374425712
6522727696422995458291666994971494361553137868365575695325124643364974435849948737671349242315536 57565579953655935875349551656978469473139292786721252971748781147188614675815355446511524369
975654435448287595671572384147664163517963692163155544182627618153841372666529984952919337778183225 1676634
2545429 7714559352645573182616284213939238525482956988745843929428121959958282711897258696736932642516357668
56443396 9325461681596165744121844543376865666132837354916787915151331
888481958743277643498426648718422456372817746586884296758724414458268137462232475749511685563457364 2993125951449569449393941569599437
2842953732685773318492489372676234414887571699929738771561158691 354939665843424576261653772245994186699722986
71413375656349424417973997322894696867 13
233335327495715655575733387793612544248957219 79889579522982219528
314295883528744651312386164618977764147763287631479711765628876619676245785486615885353541299547 164295485567672756724264897428327486558941278782285556522577535
7791942 317438427342142339263786473561963695148138941
517977442496727179318233999813172925 838169315779819355762248255843286475864971486336467
7965227489176357914668319594971731389852219184669963277125712136593165689 577897169654371194685794392344547494954197419166238831529344147
55323874117862295169456337963896347445123566771 98268992797624299668675362176584694883581539448
2354952521714726632113528647 8845799522332673659778393458292221232369152235348684918747713918213
44539627725184389187661212159591557287924271794665637398559637264811112 1169966338939478116932329825877389
634155588712164389538711911556623536 66366596929255267345722562741382
6715232826639548989 2515581947753921598763323645965354215876493238634556322618551574
96222693952842787571241281983179214231561223848182 595532614853556699238375577
2847 68737623772112664832
1524653165548413151572224597634316276549 7786882196497757334367427516371983893663139898864675696763523514196373485843488659874186151566192
752591 6484918213986527277872993951285376177877891634942111872647
96 39398368784315958971977313684256756245492938855977611924868275733189716835
96571253764799857788588851448871192472771625337755392159223645438523765431532 17125611138131116348534232755439289935488465456629657312717362812193127918
664272994712923151545457137928834999216286867998619839665787 55797915671118491795164185233733731128991348688679432491117876987
45391 9881931676347565729867276293921435368441162
9441174 666712775559996632245872417127434663946445268652966263688443629277225155
7875173936143499465 519123667168814138744
132455828967298957232683886732554489181547465628951267416328173 431639
89782727367369253746969628567599433357173791293595847274966137441288238583197334966539486 9529388623399456371
7947 2956173928218143314922617897774952433117929628292139792265217514884422
828923269586843533543889235642872485418742726464446629413375731473599634418651887445 91323494398387635845994528335767686223374577465897211484445669219338
24918233642684749499347519386 788286835834657424929986769973967764763436
61926916652133967853795794462 828273936811
193156741828795714797361188335621818457129411517632946154537853539782393945485763869711287498352983 95817833959592212341891111769431867172596417249249949743816715583914593657925937527121957563
79284774269794221256222716 762998366144771848592954286399154965992546364817734974278744995698896819
781469168917287381358812334717173746321657544217969714568615171329169629396432624614462727 66995162949592542679228153285672993521539256295
18219259249666755334529617995543 978941216549272828617657989235526959574783739513586452
34899315958321159679632638783945636333443173674213716191126381781278619933928368217951689457845 6774324753817883144394826778441344473363182622772383551854844144558868436824538991451576
7544177341169335848537695578526537 9678676766658671958774294319559268839437
45857825474412926634949 983898394935638283145352462883835534
2362123699464686572781486821872962289122427178625762614372415311 2568595714853966111989299222527436416452623562921599355981738
9799582522248923762176667863331379895899165518396223896865436368974754136888829 9145434191887564339311257178119258249384871
2874234367485779591272661155654956115886329694969172874545163827557778366738871551373413 755144838789751445549766756398415296772646466256941759179348497339674948694185285
9586264558856875948199161525598449241663123385251 25455543616
855335225 99214168182732915291645337921972867155697
5552674952259797455174278 5967969451295339115338113188383497647428316189978741679954542448531735154995965179471478466
1495858231252269221552776834312 59437991659639495493356437845919998597773699817694859713217252334674794391
183599569999184612896274626426864549829312764925445 7265865858212268883476282735826861115916623447
8582339281261 8153496761124554
259446757983216149777763143188393594923464693888721768285245176285685976228575894 77891114465313156327945759925515237291
567598293995287184843611658773996392288 2173545449342558273842757935378164797354459198462782737498218217329923915
538177993856481299148816869495 699335765717934787326858
382471999575161527814721658454528971247477464116326246297914999715387939349 5861149393118114391812659373848587965895416795534832595443757463733763926244
3863422681411155686495125858678636615727136363147517313863443133413 12318414926497144439426748794955919864656673727157273393156
98798667245346278 27426283453179448554362543735927429737416569
991469713656683367311674625946465782643 4221667416971755867882486945321148832384483823361718883971187889358741267
65695596755178747219952885665886 388714952388345324386716284388251689745169656557261289292727195297291
87448174589711999132923914973345138515716231593538882969386777846722868892261 563145153822
462998827586397426692813426499554575361418365955379821 693792542414886259525748186123998216
7372315575 45211997957233735948729372836829995552196334224355721223652773313353496318242186368
733287779892579939166712374194588214651941696872382968653225446376851243589 766528251943724973989131632468278556258978219281548424228433822928617749574193542486923116483891623
2285835212815517321796795326422453857219535463986846 2891344255318682172581875893716546883176811159426917
496454487272223767733168722814656329871768748553762193281594135182286688732223765516555724928 5414543615745115695821718815384256426421273557585
2614567686199651696512463944988149143613851961418176 9235184628791152538962535798568933349761557631776292271396453342684259677751975
37686263236114118715172392853697529922934835456257758578656692485599 76596311683341495799798451242463386967496811164795847776233
736873786955886761361271964753428578946912496972439636495192786155686998734 9358169946823366488459814491123949448163445
72969169652265246269598644316246476972726791435689324135664783252236181869219252564846476932267 1364431323212835726829452484185886585642137721498527587254
56158843476744268391385281983626 331172981595525542225572569548762389314817682421
6178243589552314658518748782589454266915538132144823881939385543323814232875327849 2366281392829978792818134786176116387162784173166214672394762747776
3 7353644439939168814676813268419321127163533
228795989942372829119573661852 11956329386372557747781383648986461828193643226134977
455271368588232215488239764399645 925554829813793534999727777656736519149574819645518917724452168238247
53338534161832124657157794587486491893 225537671169522916631448428329518856734411677533872862557895
337499881338428966449989129498718785275888 2696595946172174494552865932823936316618331475888134129989321
36565746455 46683
7186999449713247299935681438512354335856188328375274946143442756511947264128143845728257882426862 59674264977719355528353173648
89366198545369496133415432772847598787634112548763862214987 2946619174674823149852136458245225834412227678137457227751494911315323733952254553
5429733575569132854628424735 45113236324759443479286444474159756764857421911978336584678738991973373733672526938383362
1786159195812159617519781169436562545892173565331 871683367837976471381419533581755811967794561
53259286158779294323519629728825114733463 95448
89827592538727165627163686396332391122662321982748413251783115 89474867851
4558547276434369771847165885892825431397146555675877149893985 81525114992394625859294234583618581932134418719633335769264621543439476
1965996156537798734672341339453715766891861994292268321873856296965162894434767 327217289545344871125283263435761726
487144394347132565825324295635839435968156913948 655632776243262394857358999149786262668366231165647726269652845499799181927923862472183
5363371513465211479113716225434996754319927932592 97367712681169398341936938799373474486652211676969478229951571421399597664129434676562962161359441
458153 956643258593674598571452394519673252466794645967732382485882215682675759685859
21481897984897739588762438486229271551523622214877866963769748921945613121 9248237737222267183337138872917927943824485431774119361151278553697645254637
93162547786539716278278438177831767774 67874464349885945495581112561189866831448
567428996932226818533771613755137833718714279674238933915558385271 9362184272254586258658988861927285329962447519976829272277583658423212312925894423925529683678
64936486552968737132515143132117693228859546481252482741685887651432633788891674475715654 1469475977133715545513128268729278192547933977754638987579856216214144
22978448221891679867183181531566354362731969138261692391267694722878716935121158881181461875118682 512754191337458996182934
8557354442233841536331596393332223822969827978941879924289763364349356953662721248876978429268 62979138673516687853665352531146
43356758167427385469944514332129868586386229515644889893581825758694967562351 4432335215534813323491467159697862327221328
6282877629455784915522433714613683897975923716677321915472254351353487842849329483474247321 5939799563237374243944552628422841763169614745148426998965238899938
15866282284336829 4853811722252766687374398836727877257911618957855272798417746511
4479737316611122389654341566618775791819953854319 92223359538329239377334418767646748498137574289546666
1248 966226265752257189
38435326432245126766892717533813452349976115533922624135266881986346749367116594918 46571465317762773169775775586412
2816271156459974681948313288888311141276973825331419611229719383664765918851 5577512994577317185337749743664513221954129124663967535784257716946267482152543178573284278
655643583312945267717856837125488581988181672215244572526 6579262982837412637873613673492887195462255489999388465348
861872151299747818393843655159339188724646868 7948534893163891136125799827389563651
94382477226911399674894714542766975562758223156 1993697751211197933671715565873
384928468126164282569589437862767454967423846585638525112874577942521 8777758967586843286123482967653465684
46396624926262653119371278987823473152411286479388754856575782113433573757 169812258262161836853864493717488473673258431268324912131341215566457468511684444341342847568871
573738261746488581437731536974997241199218185936723293868697783362693414612 62356
14246225134463132468898493193395332853313313 42495379677366863863294179476224925386357388547579181175859551826897391344765179619657225
53233352223437779448868263924929945898841682424235329255915641536935424227147387539636273 1734523434849725353223299945277991275512717577466691
62744883658745261988452374835316 66491243483348323782949311477456836863559962542863882685577
52212614636792188762179294938786465379427873936231752786593919596478 7522
47882 543211137647733145976481879575112249379819364141798958468665184376
85216443843332287913973967238111383729746676392386697632 176724844852943635264731416918161823553236469644515963121478318441189984195944847543
47661111812978364924799574281147263253245555112372575323391147185648181 3987442963636694588127297963828149476877773
42738395976313898531156645441479713367156978219183 692425712955212312624833718453226699898811397328219795684412915953673448576125535
825996 13232715953552799354332647432583415111956778236764741321367821121926144952673
462936292215653453794218385282721496824167631992746891825735938738 198
9548 147965785135846671465693512993196889264733543376446657538629777133326687482596984539483147846487461
667327849894656186112178556971818427292926674893565311466448495542 977384211659117885321459377342791951497871922215133
872 87185699426698438952517165758732
2 589779783313288212134922485525395218155645476344876113515258935243
63652411914697821368383698519481317489692445295858715969172 24662366653273392198313471568772413573348214481658778452974
219622621697631945288389818292322681227789288765187933 727929312529496322
672358179396568378188 4929
96377822453861313571488693554518112783589288713133919587131552721533924261518265923138834146483521 693441242
87768377299418476224674236695581969369 175575619871321159121516883364183586748728388841529599697955844756213515892578562
995182934 74416819945245
61924737564238324485348229781742 44499617124248
626257881317498194537744581367956729912152539321178526739451222765246844128775 1295468448433669922965671246386381394
13949663447889874362997897122533344 6497236553336895854578
2382428437235414315694754951556127853456466323381164483439562361869436299916 68526954262464555353273116976118682255741195334566621792681769743914241565129269
926633676712925973891428188637687813854538984376545469222269793847887934287 21191996669936166456786699523597135224637264369
6823113976569166271813223122122185436929546316624216 24
3816135836462771498897 765914475936832745453325554428529197657398221612748168632425935258574922
8593686939677474981561918 3317653564396243594649426847434451429282731267969851685669478936311867464639458139738
26892555254525684316346379115981918 56623918881278584862594177918615638667958984716586883652396942874665298243
25479313329374947154473257232663585145221965198121 5254945465954386
82477476349782187936642551514119834214428947476 779875873966974286996612832642197355321811158676
8311622 57524434446478
7488731593212133956995774317 1542679767569
16398331423426561 658319731322645225122315894199178419979687419843131896266152762873645
16135199236437531181842125344527594454168855716219129 3843197481512684888251137769
753299137455636854943819765931167321144644 8351431867148185661234
72965 19697368495595357976345854
466971925467728417923722815477651431625235111551776425451927449854885374932141656576913 3789996982223177291196937875133131927175464992399233955371
3456979216243338618688939753479595964127936357 92924
752993926373941955 2521842968214892122411144496651
42186823322641332529 2765689653538798715645829376454317697865265116635633968814276527976842516663882664
65177296733112932358298235676766351287485525629125173246749 6
99765658176888661235495647155634778632339726829871347527584275483832288964 92378227695362474916375442383812343716883828853111238613849315212314921264837241
4348211933549829329895891142998349247 919927846368186482569836349639458619164329357669362514139118
3216436534513695334237888753917587644725626241224489821 7962313329212592997388619497151494268766263288512
23292953527974432973227687287352279653825274735561911666474978475615163976933864187257 979877817746666389982887778779369391727741659624676391226679
38251458557138437872475853932976916271777292934458765379 2196581313635625663781194252229897669269143136415166715939676325962769197637122364
5581816788519676852389739128383838712268563483834552739257884916215141849593751923723268793392745 64228149173786796674674936268979971898847753924772268986364559593839893475276242
9252557939727189521321986 822692351889673488877238
656431757281367128 353314854677283658621963897365194557695477354351134253887864778121759156815711197
7342129247887191417 81852398183571967
21275119783522593371318696388949476115964121987648 3876413849392353726347343881947892655813312987878529445685336867
898613191469514952563217336274726646468616197115351129638138733 273446777228682739228765879693178195323999146884185968535813
771537 99282271518331864773729975212916621429274287494148928773547717728419996
2 581112454881223138276856643487871185284636422867678145232695866144875251836589983295867943394942
1489757316619673754845476883832995537729363278841166724779258146149421672267787677621 8212699583882936662993488167753265816986754591412938621383886347953853861
1691576155936181519474851785327961521244336538156 54553323585592262
9755796944897713 7515791322813291
5368 32893753179617439481753214871174272673592511549671347896744544216588547136221262614224
553874525714741365747173111565975458582548553652122317645728929218889999421263832329244144415871 4679448187843886493953844435683754488899825887459865812863578339995555274377165318696785243
8136429116616574132339431774247 21678
6643851243933445943231657534251958434216581696936881271322289253829885252642211 4873
2747665486225185755932252313541892497951349845986767133552818637567861685475962 26179362221971676418
32343855576794328194832816435383477612852959781576232477684529371867 7773229542249845146773112631359419142371612683
726195183761756959426437528182527 7598974444415135563167575696249161665585937659497
14949687288787483789241322 524811663925635386792271447582182669144457844171541781191317582851165731437119427661219
91948229188263935693215688888451722277335969337777697171455529834393458861525349 1121
43125643385111784715411432315554979124218558642977416481757775 68699358652447742694839561752986
474691553928315916326733121775446696661712617142498138439533885265366891659265572291 38979821564485265145363576287927174334259744866947
2797633441714944318312214196586623312534738 9586648945931387855758821773744453554678225883433226628351245761731244269
987213481893965596124668812735973158892933859797127365787437988327795474538487889732257189 38581933384586713313489439236114658699856769622159318123848676551385419
53562261728783429264461771419322963973989887252617685355591587199 45271532936518846726953536877868479624798919777612
881811719726831367349587225656416353834545868815417798265379615249776477842 337315159168684428484356697886158527658617754953318518439547833542596879338
6328948674944326953672764551495811724885328 52166338463484663293968467319636944838679338912267564539124276323857
13376718 58416217586666645341
64926533356199442722 8795452929487191446784718446189463464441282952395292584645151
95875275615566719826933926947744654249264665967815139938985368882942983957373616 372895949363716545153492486748529519459659568481341
9268194 1614447554119431531686484677756237294781
271886767536525173212685422815691131531196924398962163719967582997771613976 874861889578854952575376751128279293155912569273
9687861776334315241175577386766578783942975867881235483516743795 5711421185515743197246397145743423778915136427213316711553
56739633758 7132679451728123392895347849486845639987493861331829425856345937588987313487442112558421695757532
915363123742274438878368941138736331946585514353464322 4239723491951928828492466915223541738932728742537636358
994 3458181758998499448664666261156
7727819785411391825 24699874163243692165475668748339392832559151198383871551251995656935883388522139535
6226178473853747315193211674287688564 75188838167296819248475922634588228283285898
9851823485696356667233 948563191558249155263129658594
296798716 9726398225394172174
11541 393651897281547115254151
5369956163824724328127415694466831313729649669986168667232279666147856982597486443957 1227684614593419855338348372628584119863829647555494789127931538236148269927764585335353486996946853
14555892743332163246995154828197299644387 2787537944227528175195981288333774159515433733725436346875839927648948
7511242897385664753951585126624974737433791251812241341935 1886442387364826547732485944487472639632754642176469748466587768619795
272227639739634789235 41362696535364377217839781626667322929426379253492851237826477589718484283186238585993857
3614374593985582257312862136139248483449456267982199462997321175137449999964196451582836236781443153 296191773798463621991439486748158
78384758257118485416934874251388453641769224736913547245365735862925868 69178649
453375728963671453664979917151938488752879421533442297522546444469829275885851228855645416877 65438239898234327662
693439624693177782929999623921811262181862552634328795948873654847175145587374586824 52444632454398
912115893696652188895265821732315111258 453442781276618595656471129192816952
163576393178113544816246635 7552738476862968236116482814195342448733787395394726736645792797339184
23747389774479329344441633118625191656493639376892684235945696255235581393 371128693456676621851289799116441935896746979659414667545138313681911977413212982219
7933762551619933151574435848368714145523133796791216263338982642 8829662911615586712395756879
316988158469652538211394888564474648563715786662696 623967135651333954236616235252336
586873558844465239937988491618845212543579689143979 4276786882653475832212218276375696827157922241338614392736577
82919819724964175235877292811816413757549935382482648283517625186386363349227 77745263717819931798939654227433612225828483636217186747
863274941166492259832691516139339784995648411489377229673844973213548116715657523257145192518613 9356288196996247346278417982761255969584784959781744895528318532581
6342937713468189868792221716569616668576252132548879842489826734 5475598426643356195824571266596429566638356947526746994953783239949731783227753794568
4699172 98372217535885981236568436456856165
986713276659489621182563681815613853415339931185962713831371574541 28594
3335241918356755575573745141233662279318521 3656636743743531112438187128259867192848163316428537388871827199258881794129772943122876657346567
86476546289858491 4537755882513621883314271632763661626
89125814285747675996573448113952283 224314188239666862714378179619974936561822112145361824931165767151
7178644976236118554372217642223353422334169273 7846597297171228331288965734887516252884322499124286727425793772
82622347255369 86947321677468312333
56812667778459716674127824726685397592698 69698273568831388248182823
71616776849599567151159 59172283187946277386247
7859293386466148765916924952591943462188344476569148 421279113648919628839875654985987317
89359124272752475677122347517 23693853895824124115637796786937192271214879
448299964969488154979676223822415276916127629274 12493826313528141549811122
59645598912718296812955847843139292218396267974128 5938633874689193973417289624965554537723997699117332176869113346595685876226718496372144
9366796578816578916232429875885591386369569738 878323635479757222188361
1755464797 7527435517693328856121993
32225724154216927562492714968729599316727343746836 73656819971162136589223713479492159552889754796243457354133382586926466642816
29777692444472476555635745976527722477669242689149646676271985594777 86426757385243373915992762254941829237473574613173136762142791987724588227688121696233316868
2944381982921231486296174828713447698281 97525929497735577254495818166798227395
82 192952256117679586869752261
8676289952 126973189
3943682938469299283989169743915691727925148348977248526512466 5589644747974196119628884552943758455122849546136248589946762
6196415533647331145316928317593289147742817675785957281271 73936461189
781439496793812276482469316181569714673752 33145496347846816645822915384122548617356654285264567358697825599149649236893758963773887427
55566771549373584932749 3125217413459681114622932662261793852142443776998521746682412148337
14564485384541 936881357444896722947897134892616893155388535264594969534964458999569585269742136966867226265813
8131182443794156882653152515531689554289796232148722572857396647311127497295754644295833746264823979 141765292416256971117175142947662968448846354185347257373327525871411425195745
7491132171433598591535642882619593581171665643864675988956435 7738847646447696831656719946118197
146451539864343 56966187621171877128596924
24422215217321711191491385349618621195257651256781543558868332382142585526761425475 566521518644424744554573964119849555516685879271
64544818837961471461229172265726878665237496841496744173823179 41869829874697789265692267383184828239353623477837976967769147965383369321341
5349356498471259178315531541144418735775 1913115414188438587267623937188797131989353511822312869634116994719566178223564267
797 9258329261592689479226359442998654836785577896
62299788169114335922173248614549712567227132769286418486843382534354577286727895991249928739967446 958313715895672239942
8924465965637256 35154382765494494141493194945798947185942694524142235396986543396888414996172646
34721637442433425643729496935483766632334241275666 57144428392634825255497
64848 31
26544215368447881176221522595954119642 3344923926
7982335154217671815372457749153888761133888673264175 51782545
72488576721238951544762531392438342638 335182935293956545475827411114419823373376168236248521275631617399651994398189446747
34855454735792984641626254191274959961494845725 12323847942983939
291668 4799691661649486619536747831792489624935583218669133115547689815358291248
18475546 56249661728827529489777231451685271821515474869
265915855428977154336359424327299164791985371 4565588858336287369518494939178389677477541444968659595864385997791612625643453897
34793292381169818653895713 8194998867253223749621111766242297267274
6252939336586959963174521942323338599129 917829491744145613664194288779923118979227482185956478913
71375377177638221 219562439726444629857463798163355812248858537881493399654396369322222115129
869296 8967179565886435583737722542676149
778938765552198646433891936732662168111998532827891776936789943548457884 234129383888921758273444656513714183355443549591546934585381998735533156346264788
189185896168888528985 85915961417
6783983228895929267593685 19759354524481172827666842538885271575984138786417958348438196595387921563434
69878631292849775134451289546815752697583734392682934515881157639 3298996748786253614369275
415894442385846837324878414891578135362291747342721681234698697669563467247579716583194791191 2874288717659438457235751944593819211637788136667674537747241789172985891991774339
3592215584266 2196947452616786544638999247989378934769124278413297239935854325336674775936691211535777525864584
224388394637295438155334633318367463619861915959522827634175164529278742939562 25273948914593412869726745994
95893498568656384312899658591829395939641421632257668753564934557414777687388399524977 478562392928158928987827173835534369355572197189328231485527661883917675598939541
462745514311718958125378346686446678552771617848845137852881867 871716876276894276231448815476131456
7433347321787142452494147522458969954775663865862275844111322371593912127722988634666426322218882182 644952735959731152994876228939644742236671139859962
16219697576481992363114749347734165738563687815425174115192596742663341394394513668121851 8982651474817639582816486683539447729129612577887221334718641614451243696445555631741
9938526716767993897379833 13194355167157797378898899836812122798933283342298363142962867798472162384349248863423427
2114 11949256446923267516731665142119475587151683432627628768919536431241213687616189591563349824652291
9898981749693152754948242993811567673635728371 964183289191782594157533312918
949566 293447456226639394362377242896397438162992787791731289872789827255465482962854115131
538393953386488284416317938118685863339891 258614871893763148441959233973642571
95125482926637449736723285246853979293753767565398317 7913611691433421723216232698678482133614193155316939
5992869523849119232373917266757661272459417254488353245479457149966532775482756 92967218496734768413891299739569915352462561198298858111832945279534929199974667551
76345667151924483588213312444782524314829859478972643 2638979539126681313622788712628735327495671189811357145819197388187783345649794436711435446419731176
61579783237455871187219869262271431 5838936
12592663816318444688948495574516534389282582391765911836652287195817158751 3
29693185621263826222717 55556948886435539537494794
179357841697119287258269717662466 1164284922258636699331454794469681448273713426159828897447
9522248118581729681843963919462396646749182364819844283 2915845631286487135856536974734919884936345314914592635454238834255361122423976944799466856597531792
33348859877558614622527792276331929518118126495319755853684566591 655975784375436819914358912
4733563295831946516784748459425697796259463132169699848239689116191663963822 3368745886995872281858525434373935318631438
768988422793498353424363296185766698 129511943815611541514245357391885822312891198944214254926136422474635136459115132525742676857
95579879854831189789942967193273 71435911785774454294759596912751129687215557
294134396454629132443416542854988825622817717726246933777643583586667659541333338739775254155441394 449663214258537919795765149324496995922744234162131365776989893437515481
4523273241119444 77825663769369227262428739798258319
61765193639737462998731856259132649613785572419891117942463834647791681191 51261271182352449421748969187218643214114653821273742887853351888358589328225715
34872679254779171539343331658635 44897298474194376697271144457934613125256139914688436895888143982618623983256846467768915958248973
6583985721129597135249885336866 152715482
566163926655955467853993193599844435937646833653164952649581424713698469411256597321697847967 5486511124158866739579488143643987884362973
34987171247344857948519178 23383398144578535461292429963754982166355425381939
3988558999745282851844322421752971443818178796416192491814346666368917414626936674792198697 37399757795969326572243923136439492678135336712923929787947929752483
893161168275213727594841971196481395348491165126435732964 8254
9984571877891767996653756921293463272985731616499 3151977235427815692916483311541171818893193963499195758996181962264
1197751188933767622377164862131872494939769712891381 458781314594623
4984238582646812915653593464385445455813856379548578852844844521269298397551139154875832787877692 79858791925236339994338727475879566
63959295365496321248526427377821343269873961344858672553668183195171714299148891733948813 3657571691
12993816474598153223668779238983791992344945977446267245984 17763199312289128175167973
4473674142427289998243719425966844439724777325335576244981394244796751714 6147882881972942797879666116491317671463714574437494352962799844729364156758383976961124111
762181927815764551179431555848276322783611485899673635337 871382588738898973535489413892819
43181959625675689848373763726881253367624116948719382563321352 357965271217113213946113544276786551992975719162685777337979264
446541932595314993137214548148518886738436999118421328513529823221872 52754415644493278568131455742591138863489
57982117331273 776529974777526233845568645844369354629385953271973156223682573651966883893
12745446714589451288319131215144568828392557 4948
83628594461875944843338196352265829122996 42293147319442991677332655529823666533777241948899452514567143539463562133782992446441499146
321746371473473352223723314666278435899845678836899647739294742133784919232236558122647426793 4831684283363155169541939639133554934372792925534846383642491228733219
9677244927986384129957449 143743884171377264591763443732252627883183126281779498444361146639538921
4322595752446364432997332111113269571887224526 765
539762326782478572564512573146548956962685175832176153492944 6358965445162751825656
533256583938539356426558267295658762668331213 1117815139624547346989479735
97373789992 77491581564834756542197435877724962186787842483133236983489329
54757 7899542828432998865968165329251931234491682439614831615768523541826466322358864157556432792898
699364959894998182953614852542 617499633526974172985911871372561475392135674547354936272977187596641614848
583622212 11499611396185648925564111389788889717177736227536755268821231198599292941642173278619419852365388
315547573691487827693938212613616735844713484944672169984991933239684453454979363559854528146935821 23513871123132184977367997563784
321139744259939233844844382355133938423235411358855597168757237263 9718835714363411735374136
91542522798159536835121749226142975133273586928728425458258973953754694257877389566136178447343 7858916258165135681679789547563336947827282419761338624154861928
16382623924795872419519236963168387758876669321639656 33476845751625859329878384374998576
16185554534824244139115951948798652768761959342386511228615534569474115273 35265312223545367929268399498
9825872255696312339223213995529234497749358795256538597358475562999983161391165926324967942421 69324299242274821659966328393324542
1935185852886411466297616618921118956373746392562531583542496855831339929736846773 211
3854592 35
17357573552646164429843169612411361693317746557297519716428933 41936635797834479761686756718845234
17885491874494315499943293324941174534158557125884791492 787246626531299676133112536662748299797332213556846
4199982975915945498949 6
54965586136918622464221522413766335311866593342654742263228931361889694834668739276969 82729493555626818277855727495876263759581716879673969265981454155474661164239566239214836752528
2912784366166782515226966935318296841752 33
3873119155871484865232951116196376539639712319574578683116182431537765989577863833 2994372371531783591242728713528973197634291299951549535784851516659998538223196219639559553975658461
76968919398499595929765586939223368216222781129244 45752371284816786389864425131737447985642425813261717492344
7458298951884926433696193749396178427629827862953969597751212 59464148435898
464421142451432893666912612584128128728426994777685282644786641389397286729999 716294314393662431683534778672324673978714989283565
46959 4211284373125188185722423618325634431372176992835198113394357978856733514711636916525
47323636744269724954516962277189889591589481591555689473162 246796992985791936222681151821389166667124662411113996177
6364635532665194889382431244859987226132 99869667391647475277889783885756797925285689
1757462489171592 6781842568267482779594458589651697923749766733818718691583931416
55 37913755842268161767975347995233862851898924464341149536215452544833528
35825534598616938914479923458644728535972296261286499875595345866252114287968865961346 47129564943523545913465696354247
91624539391526528744269477694318379144 456285411391773747715481151244629465557961159518767943569673947866725549
665748195996424665748219642352131478582243973939262625193396476617354986 7448315949677477692279433932242592998911367483216355966577715
224385973439913639586152118773686648767544239946437 5664981486481543544995168665237825386289275346619192836865532984323335968698159282795527312
945682931316612466121868414218824221259946366646668664273978345684 869555455225614245496163688118634691
49219748116896518851333612489543783134478739212665424299485577111443221697 31137687552247613596782994466271984888498393365485422247311178231725375652997769211414993743213378
1781862619378427699675398155578491132145576677466341627 489558917641686869677969412462689139932
162233316661739374926154448296529314532868183734639345133968532525378294182534632 7719421183836749
18786148854755 42268382555641121618661768793362262431
2466552798468457331555929556 7467687347479877941186714314
63879273351381872257812196229486481421188498241626619528399 8617294468256817994169599586413244948717253
589859415421938341269 4185656614919313547231971782166937931438842842365222717177861366275942145
173321516889272636 161348815115435765263524339311554763798132553558394699436157263643649511
7442592583331714943643318362986639654558856219743 5311265527217923698183856448647568477552261633516995745134298418237244845322248
48914339814358549545478362 99238552858124619967443348175237849636497859151235664525988732573619523528457982373941168377389114
779958217149 1853169947819123225239526914891197618662565294224488811724547544
18326345665157723 44577564456626233693759829729415761898192153487873559591145436
7824426394599776229518752932444339 26592919124432272269827152935131183417926432726316769132746443944625693388549278742899
66449497415772284768788846226784342 4
3318296728593258342692356292791218789579522684731571341436465527626652923828999432745 173456146495384358257891399915668211797644474115159445113983738236331637556
127966324474517453931 63952482223316343171418274724983272
743427974427415661613959462215156775813 134595266223634624236
65554416543467433595985 89491649367722733224289466
95767548958 195764257293495964387751313725594813831776897638121496656959856354688716349554711213649437742578793
99398497826663754968424698497111141643377299393351369972223786196371141245562529937277526232 9
193545174234931441224777716219792581 54275
2858243163564121812824515468986497417946778844711834683653247137318861215655944982421736742275 3994696385539574937731955483311196176468972158477827796637845747913
3772849558853889781513 584553183259298912747579327931456118598439776561218483322
43289361581288263715771823192575135534954365592313179232 234737237929465824874366717265141666748619179854364727136165794843111
8767998377647612469679645432221656431773 381363742582495195837845423384743183541297925683859683812519
43582857326898519875 58553946386617142431487742628878
296113146895594983969989893486699593962672926928961216635728822129829179862257 993198757115893566845166364469865192325958448792887316639411232683418979898
831622238457127277821869179496638852975163511819643692254435569819587894879617867593991396951477576 94563342485873187162936984522498416283655576584496295
31389624232794479672828633998814763198681562845698839998 288598219885477
2155795815691119957111967 27251253477433971321328878954969212826
981783852325152429596452639526835419384 65127
21549429441271941636366675248449965954 8959717355371592411323799749817769793374832449588883146545724135452853518998479528691542865366918419
6882435153381383286214942713699566253224528258564173545216853198836681896811 23649247166727134914127118194646158584654916128353141863818
65856687913696148561929 6298485193767559218855798275772759527595138889838843756367887427775176636187923288465146
47167414831172339333144871292227341338363684 7961314957844737141422488294949323492112856691548153
886323499418496993424272871378 42654339673983451565935711299189444565294212935219971939212513933147687743324776496345431
1249793114885995152411874926 515736821636188837156344111712257113776397481929418627342397738194648568848174158527786
547481476857894226829494235937652297156975722513379372586642735 137756894534883832298159529416224622697534564695756728
28 116878996129498525988284386249493424
82139557589195252246822184354145399892978191778963352944895 2623218122911758948997635567677514122362784481195281111622252983495222227714332326364
2255267846867558792158891949755857824457953465325351246918247485118568596 4789871654437977
5664556971782167238871483344674233212679187899511453899783772163891538715492433435988866 71694471827769776786223197528442353545313335665781964817431494784
77846491441231144179942454371914939949252814519719485878249721432792125984 476751147356172467887525323721943391199669
394917793561629756136468865439614252376748 7429617818277
975261866174344319685311189337764 414954221139679173288771924312859733668494312672734915549611358464666363949273918752775877622883
63248481657138529258448328796896553699781868432174968316 31945277731943518352583663877518214624737837629
2255276126436497978614966598912728452788712434719112256822414167824752926771714 5681558756174949368767311842
441837626185214851447 32
72439195861961734368672496597527563568395247488529849959827743651787717945995431628289 1923975
74785518184818127 25437289435375196975486936851317953837372462753469227587984626647213277471972551953152
2238295162226359643821356661762865897 9152777617351215654492889983
3549766745364512814431299347323224866151948167522529872278789378135858755947161 4336259635437791583644984242817148493274311911978456462379636173842168539944
38782199146149525365169974141958293992637539822329116887 9276638578523842117317187
2968372619532625978187233211265 251888257849482796954394981629829149632361162227798741621495347375255558928253931558593
57612834374258797 71616547285153318
754133623421793143837677753695676973 784293952879727483515159625755783773386341664328924692973641366476
4775433845744234324111789422465452354755 92267689417775997562629927692911729718614867768682851769788398864498671169714897525738
25456727442392483231222734852771339519393226 875222751984271557741843896994586684541679784562914989434
119554988451147357695776819194459243741669185518467651653284499699386974236 9
438265129948663649287843572156326664316657739164426438749654 56536944653317823435927844139396294263797271818937342166429586227748771896572573976669857785
318979499635178744563486342569924771912422685 383
232515266774635827985562482961785994245962465845991877517279882483895 9277463869978149155199168829912819
26526883968596887622985174956751473346957961886182281492633871663642653658688 66659924474
115419619756374828918925164593995354719194469973365412341867579868125579563147263 175649
924328553333162274752227639 4713718528623734131575469462544813622731318466412432722873141483233833876776333898848
844981 3385727726336531926816485835911832763694167313422431189739526693956755973612723523961782342
13477715519169358915315783218371618858142 898211827939757913595456665786814376783594435572774266692694
489377272267837964997279634355669425545876139218221342154594497172586515 7885463277338744536644349296312257678156428882221895282112368964
4621818256191719163754 51932456887774769182858692843456381719518287882
55452655855472884441871787372288898951256754799247355992345782583559279729476 835813937856233217634438928
1853986748338677851942423917734651497132194568736975931316293735341586146765162195797774911 4999579222172174946457515763123199585194574243471616194192658385158498349852944
458776396431751596677432673678928646833456683381374599599254395 2683144521384414288362164331127547864374143876924516165981883434257537816925429521944
863691727747796978251281 2371363647821684617618652575715869891192945229772511595126182951813878762532864
3167152194267967486219949119187117822325341615126723965116994875855295888585169185622972677 763726754596297188227286333697159498763189484547426478
521871411293219578 51795157123859915951213583766399979644637636
381333 5355753521979956177164722531496221374261199518599897618353627113259295
8 368426977469123498361284563798148426198458498558818118549797175766765988413351927486921342
492913713358942621961296275119181831124788241757667833 966223831713146819612385445562298289239811264953893436418464495646387628142783365
2357551193162733677961138838284941 511865565512873343
29194337296772788957374 742647781832626792867814267476297293851397351983845177712198733765581168219765379
22464217958885214623927955794817426654562948659243732973684268464 3485
514398359597196221569673648266 8991913779375226565632254977
68566273299949145585564696839291877997438964648245567767546445654529438844568493629366327211254 67882796628162566353589323416649982388972116129147419413848888615785692915912968453225979446144455
42582143258225396761244165752544841532461597937747947227842992353346529671551948231622825442 75989352292572395819413655718784536
893725692332358485979698998554 251276279452245932292642598229374215387559435477393
48145927236164653294496212 95185431698927712265259347648686918229796416496775831865675868173317468362597815628725514
354163521754454848717982453715634614221725682988334116439572464189379667648367 5145953664556861532337315245841454323353791888
76925131241687712816786271612369783421389369477916136536429168471543669662432333839443746376 38622175165818897778354478253563738485978579197512677196161668412683352123989727726985766715
86712935991557374926795685211658267785557577755276149 815621358647423916972149417861696561199794285
7823264198393815241817143322716871273433665388523932143672122396739215 614872122989362256763
5734776711388849586112773821437951645192338973139516825219495713426288416379763459 6883587864269192323258838
2184919619111771739237455337564689995915416825729564331698383393829997936987 44999627536329888473992455629773749589898134746759719582153439245468642755492748777413332353397157
1271241582774399193765367141336339718688217888359928943 667541699119625362222214269755549669795458222494962728822753289537445164938225285741599142881
4363351635422117839555982675487134613743468613691574 678777362249495853635623
744837895751393439188263324518858985973878491623 45928832428669291629165119348446197534134372368945184848332731311
327593713563263875324441378922889519953681431294821252251576221524452594931133488278367288544981 2696397129277126
3932384142613861492513943989969348826891248721915851269984186873661675 917618299398578329371692882419647362368669999725688316561689
6781826273725934185137852 322749176221111537878228672685135824745491
922943228644841152754375274579937284522672392274649361715845554465436 4786211144924529791972473946888936925821735888738982733
9935618788264979616562798711714751461745478785961344514 595548595676741542864713957664922791628417526379364
445786972477997269438697325981 4985895581157637142585957351669343564577238782954276558971
99397851539279377974672967735721144711969393687917511556173272862165819717237324895172645835 498778677527763773351218771437982256493935949517462224715578778
52268828775989336738525511549716965465343348189627792971772815188 5619266325652826254151911617339668898812744669278429276341625134935589577882484
9493911957776569312864772441386255559957713774 916617218283897139389999937953518917657991965269
227389115566664748649893969724991178811543775361586214822 8876199387455432977945527936113516235326751872511184269662293246112187554513541389323192547642112
37947477393864632664699424299 3743165574
198382698296381313877764245171511672234222961677632192913463754888354312676285416818885 615644967156212246652932658587397561533753919887784916319954851122479166481792475218969741452528
7277952441171656555597542178741551815211529163782163125381 774998671982685839342322132686574932774532875724129582163889242141693756434699384216288946371
5639849516633639325523784454471385132991133123847385918847849422814319715 2975566222547558166934544933
981411919319646825391111443813876694287616432427389866193933686378218912562822428486823 3451871
3394115658457965575928531983916957219957878586647575311155896893817584969286536232961444845175152595 357845559727318375422346819198546839348
83825918759573716583384276672663376 9537666954942365553687929353927756839979548562561153225799455837253799448451
1824637131666893469794989556444787372888149458211985282457851657785 898479955797832469673724124257914938389127448948443467651539346121513252184616418165327881
27853695696295618223589413674455192229545914866339275934417672288113885459176334768275449718644144 9293
4465379 181279717615255175353979345
136871417752722794 875966681529685268849858554151417389932
35862576164 137797756824591853656834964332248167651536
9557249274721994142244634122398855345785216647 2651341194465
2319645682954221832111677118557485281676675673172719469551497723484922369186461419171852674659638988 969784459224411263489792124461458299573744327658
4181376556385513722968891346718987927215373478988579116796252312149 867919698386689475596399183369159785622265159154345194441692921322831171
53625326936847629661866629391889495293 33413194988519391653528777
191243874692454847399776 154839836638818757829399168399221696779928462195876979767476191
9545197373594946731647317259344294561885471431932942162291241223 115541525198359533371
7161434395953493487345935661912289447638674164228674715188 741724663847618124443541895473349953736366643
26819466869444747291688363934515461261123684125632723 9964959552528382846848294682988382539885876878511246125297783175989326766366
712169385967759658516213596853536537824537824754221739519852847712779264478 933587339185213136485617417261118863143361738
14874 37175284941736839831921317721172629468294451716988641942437441389216812177875457855597
375837933538889 16567454157824334214436169121211967878736477854996331
239526724339811326152317 38536614393399142797159164335178912689864459735674578216683189594168
99846751837586948644845287433421775436345383124971394559294439662181275568633646345169468289455922 8299786873812767447819364912642398416378284823896686928547
6413396725975669255763282118167375329917711137942124629887868346 7964187328185824573158891577439228567127122984327474344228216699138523815343
6454114683223 612286611132417277953289353463248261986758267533864323735421494691995421665841793668958635512
872997178948533313622162135457841779995751997191558578146624563764351768797437854768912625679393 4976481
64921548619781988833184147771118151481634313996124165676141289859175153192133936122464742275649 724746719752757288316136182225868751738
5371986853756796542898743413 195585866496
2718457515625119973 358894467996534948417668169824918749779774416329538981555237278992161939359833317262234456783445341
771797253 996796658612891582771333761153397348725675145941318955937346767
99299366139769247864536299464852517525333499857351233273616824437751815638627387653214844836 77263329753811124851886488643348999286814
93651917455771182298577148759826282442179598755933835331326714261979434358722173797363771 2412899683927838836658137261965234
727591146586837232412317595438571767392447122887199454556686976689211456812782 192768595922436874917226114429985979353914429889944591876948893843551
854944819768642 49399683933522618737337599457274
3897174836769382394611637223815199353843181264766378943448537172 429676396223261214847261147819444436
911882846956461347244576955739351982262265716815854919834869375238171173844 82946235991513372794753877334117122545848251
9821923619538986493468765966987698 766192237335178273334933351971197173438124491251916112736826665442746435735497425661793878791721
265318248513831321644359367985846469389234651417535292441161273791567234876976431672286597228938 5425912484688963768275423186264288977857716325813345358747971429196736337
888345974448962516999925496881228999359515577834436888672259119123579644937997266 71363321379842161191417412594221547175964152558212595312329124465513193382563297858124797716
1 442585186791442777916794731995841543555351932333945914925121952955824446795798912158631113
8346646458811745466845958439925825756 9146542
141982899555723687593462926522 42449576752247894667223665621168592762799782495136875124742764354335825585395598673231956
76888548972968157947227529775578833951477726912534379715626921577239882576865657 4949322948921161936283635712
59564663146584351227788936458725179781571858 4556145334514431834296373117216271386239435261721353538837455151277194227396456819768443239249
9285995237884423932167976525817673769479551817845436393531854841581796423242597123442276719187922635 3533511534176487458986642475467658426715839218887425711146332716531733162
766997832361628773166142321855456847636777481584723 3749282954935668645863659826556611148141379675198142397683981236221783826229873583924853722295921
617856544835661436927726241244931645331 9547597283445193861273943583112848695772111444589359571
359994688787759854492775524 859185792223724628533961434558171575988683575271721647227844464554
