771
5744481178326141924986721799115645 96421253579139282677958428988676
477427134191169735816619324378573966119471141245386769598271517465762664817953316576687523861247 28
38482482586461379362854625558885417975944182187 7745968
5421187117713941123729248793634781865641919751295192131586114277287466339323748419256111945142231926 2418452879218617235798618386565237685
81821627337779783864628282456144379816272725586779699493571899 45719895647137
795618972767894 34715512735175192912816426
673117853958195511917667159418686696412872135323266365699525379548529728371195733627 544
7185976 68838234596971773763991848875973894562569835947963898279784684362528411415341536792935887
851638812536369793947664636684457 5246315844355979893797613934351576299348118932328428828262879482696641597444496
223982 1324257458154955172439821718948942295926271915945962155294743891381841544519339336314996513
18862745645861 6944227879439897186218636516414641857839918595369498558528731458838
723 3764851111
11196955 626145542637228124528267369333399816223371461856475255187759598736128
67342616311688537726876346714376977315999224551814564362469775584747233474 24984279155411692828937643822575927756693948652471664629976877964
4283921467235571239393682 55833211614165584575729928314239612697357197333611248493757839349
584732912699845437791881367839943257732171472953498211965969687772 6415281813
1977 7144795769283716697621421159698877323561143117384262581995628217972186271386899
8172584564519867768917817254817171559214662695277233176392699836527397477349148679856596591789881 63224937632297
23988344569796364968371693445633148947385786 632826925824992262833475139733689342768552223785626149211726893444389756151681
4125936622663922887754521462848349912919871952215989418975815574744529162443176552 5157117653
279786384783552642157315198141792574966785596813997345415371659389474158168245316 648429645672641732685243327254369279725699
8634823591719577981271522397761 166728288628214537
632893693178641726487521493832963166983781959393916471925888526493748576739918522817963 2687288515821746139136414845291391253783189233877879991582
82411283 571112191784133244459523251984323688456718588938
8996321332399491331361536592745683935866 48771314183374212768565927874495889874849215253888
7359633219728954633845226349148468311534858825 15683897175542984772765913834177647272554514569766989634416693521564352858355
69949464923441868949323924624184217579143219822897447894875152197526585522524642866941292 815144221784246779154258627743492889128711265
5358 82346276852396843148476766836149857323851686673932477987435114264454656188188574711452485446853
947114959117793761 785
2 8781872953381994321622199874541126476957393138681922153173645273
72276848347752357694289582334486 24269154454995975779747
31148513474618914164239471682425896877481686913678253816674331764334 7425
14386319725524313834913556517 747478385431381978282237356899357355783453174561844674281176
264658566249459167887867534612127728617512196 7524751621996297914871612332215364224638186827
5346616185319136463564856168821391788154956529887469229943748897554456285739866965761 573594287147252364384452331184842627572812219813531969722871622383674999132125714982921216422
555925323299941425886562657144273464985793482818 93762822685273892879
2554148682987397826472768617918836729391311173697366774132559849321929449658239861 557535428178484992666482684673734156429743227764243738139623919414714777214811
478 367156189747666726588539143423148318796262311592346454517581
398633923611472264624526868396728137 44232985
13221622295583999837715958241 527782473911144618295775631
2741291484147841873742935632434546677363739582549161318153153414421418714782336375 164645167357477933991612276227625435933912853669
1277441126799256214332924349968422789924469988513481427556 16227286588343745
671522698699223882638179321962463957787379969142473518117238217221572584555 731448427255577894743387775728898123696978
9716417955127434869536385341751254412556188377991136228357311 332474199447377545978574829153693232886573167699376362359584329416215959458926195275885498146239948
758434953449453398421979419 717157485251748164546256211637656445393524847675638533228784355218991571777529
2513395588824643497766647839844747664528196172 7788594179339341459325559542721767331632693565365735298439234928969184864461762375747763544755
69541688 618971166295619795846521
53726255282481585982943251479691462713147521197279527927634952542748998158148497487738649364 126375735983498869494331118768545169
527119938299286219628656661493761422628619831442655977359595767713916156518627591629226388712168187 25
9185745599558334643168654391816979725523571278888677212699791876484487536921651326112484268118659465 26239988219147965598
28659948362139223593352457696382353664587698313354362713239118841513 6273797956378185345361219214939959393496855557829288498725274945676392663752569
9129446944949598452 73149811916186376633678994569373779937862186443813749154794214552768665614724227622389439867948626
24114693451177851394321241884966622725158663214745 136277352187335773395344222696912857
97994895116538933296917576758376395799474367168876164888612943438219523218743399634945 973143826453548954426777281344858298177493578573
53463 27337722332644163587657175523481114634328292549696785383959356797619
381566427666725261677232299528783491163323147599 1975463744648168411453752569812594999531942718258962786311778874889212926325
4785983292648922552641178292377411573677463456782896378578736367959261 531571252
3555995927725697673998417 3356961456966984234567
724588475344945964862821538845626651122956783485617613149186 24238152727983555951722282714753423335269
3819341396343525877649753273655768684945184682924948849258322414458883685286593397536494545493425173 4898896652573925819447384294854932161759255615
319523751767478943178364411946557413165369238412794312 15143618196566733111197899514246744857133795783495885586646229786465789736492842
992254154446546975339737141172524711958216 481968532542197541425272968251956832959657265872294756727983751856681555935471697
287113977755253645212857193867532238246412137674572575477626492287678266253449283939962383 556285871137916343665453147561528415319953988
596946947995375159412987886439133335392489557835418825717564622973795593574453431736638249274 469436334776563573499153584859533926132235455259185212133717926
5645182584789292395741862384972813438495 6538653924267156554175226529767173127326887257963336196977
289158139852288416 6493846854519524277464364465474945433653195981275561625668313646838388862711337848729396741
51877383386944743685872248967227117354274173251695979588322723528184491264538454 28592555293993693
4827346412397151236846767898677854272285522729837123718752896429983539113785684765432965299317248 7522
523649858675472265321114991528373824791263254428941227568213966199143451179457777427286228691525 635656958937
7241985442792363212973618817336857474 58826818621324286
6614527563953778 77443761862372516
889185144266187793914419958677469138319369 5426492838882835295383665158984212215345873443857245585918963671697559475397714
3749778111838877153617711967589976683471883887356758674878877662245549 952435157531976179814967831915989754471785
286824482661953643253956621755987796467251454197694285721664825233926666819663259376356732498 8763741948199299977247596385828754747872944991695813151385679295948543743545868394863
2655274993972572368841947549624847317622846519574462381387 8436771115358147995225531183747455326665748174863548264356827749938796427127216668195831964687573
461813493919878944684119818868634559537891681525382726439656656874585 91362821479488811421878479797854362945258245224286341792839371
567449771672759968 33553349772487838
71255747569557959914568771113918766 7195929441747584911478332373789582
377156834837489454452469914325 8781832852357846582149862329658555214761339519453226616
31213174595758465453947437388934528183749475751423491577599194549577139685 6638198558956382279415455394417454991314263
38359312192221 363988964923865554485
9197464818245884272865359741515263549113539618751769941577283623381326135921938574548737164533146575 22856939578445133871733187133845543533295689415269424446899126355141111973489583529
74718281278895699826522119349775722365368316 81824621223738493983155849
5783828565763647221577984641 11982241173449664625368
962598372994922373885584582323266653115678391767475665471399196993493 78399
841286815378151912452989536389232533368985632346112526915859541537125354745415467 41141812614753144
5365386741144194897999872626424956567696963253315422376 844439969389731659525155483
42242353439927296847388915443613158414298798629325485852 388218272799114399997559
87876492696957922914812 172
93315546985938618854526435711 17415314383269
22942821292478766184797765669457827525424417727632469147795594471795126 81479549577851868629679341554997333546786322812188387348286638
94563732831367596133379472 63438893245728142885353328298636189563641619323267318
5299717816967395937846759268832131929923586456843263869765216 513639875971192481
422439247852 68748145331211575877213
5294295738556678787422966866964842728123945 592822192512746317617846521464536414567986757775888764
679121792315756226174999268144 24523599869655
4167468456685215715647899659365273241129483515798511431687322866995245348 6945213354829296536868955137281751327687749319943229965353635143845249632874126779876722
313849228297856671881951629723429322245 381345631111
73473873828941326911257893689477768923 2188167183523416981863376891122848454735367742622873376777491
6632237912439741969555612863541848384576675776339539684 7295932254
23686119738315264294376148 945997473644464872852667949411912668825971591429968767985357252772831118539141388883
8865456973437365 529384734918997859272773482332554674681443697255485882729959645724198416633542356445338147937
1288462437755777 99683541624644241664467119764536566118545651
3735975152694 14436166946361362179659322161232442592
7493156851542542559432848528295139372222739998392251793217625425552991422535169592399 82196226983573934194459841416444523
9882488 64
3566591382313783968578411287198675559882467148774335 29454948
28675431444696479674372318832567518417345576584751654858841 2368415874284279875153972767326866412956986882196818195814651786446989814137
1934471747 512256149325943667619189698692633252428627781617554368133122196526692314927852996299173
26473128276 915641835737311177468551246668724777886276265476293437212932486647868515992687395686895241943
752849916286599593818271512322717941265884618918889371176353797489976856245195474385883459176848 2893392581237872649435648387262916543212944474813574
813726394961478149215663299864138574835214729374488 71915141166566216283498889373252788631172477247625269851683133675997787995649551983
7389266878655232424297362281176478415993145493966896718 59141
784987858192486864583836873862554671941479947192919759 1783711699552543593183365999362833427988862169764519239398736
12522775353893629476727243583424721914117398566254454854593846117835239949 851313
4535587733947279187153768372928327184384588311398919785295931687158493818162191412893382151917265577 728812
96874349644667446453668767434942516856655764485517596328843167282664484456739648448869578541 2
126957751762518211695263282972844125637963373268981249688385627862378682731499 9142173891577457358541839855792261427871582767676795449861985721364797627231134754587984946
2659322454383514345362583426 1349815235315546433495278
8631311748844457989657544364646677239528572735237144213449496531 349295
4746792817846231786676783973494563 8267671559997536565986476716185611
65478257412875754567 5771274699432913795419234285
144398992824381623354921528637937586282114682532541949357332913751671453136893 356127749451184428819326751671535261921815679931755719862878429971949177529843171228
12562537652851661754133868623277926712854233568791826833577384234449295883 3717528881754697384232221543464399529452346211611527311747458414622895911697924126179545443846629188
48362536862922379363536872927869326171195327373165418228723121678326187817323395488992542423 12881169533
43413876553461596767426874137138181819611779274347 543438456235928
451891734811272 1382495974445164855496245143457124959172442331265624215125594268533798996
38991152869278537 9456197664315972729524444946175747255698929789431756831253933757778272693692416972724559961876
42239297128369266655 939686215573373369427618328494841
466578838313685585379231351696394129133199555492292668518745629697 85995715881424975164762848287323494371911669317268635327859321763623942975971741834643169421641816
3446383858355818 53633115498225953268285
86271222763 987755816789267948982884153911399815174121167137211748612563998423
4799994933625945666139 1322298963919439472649877225464115685
397226211672534972187225634491217544293329363 7531525573543899551911688896117514189848537
4363966219112279675557821977 4999991769281541363249656192
76658919857518419132116855783399283171632649291 2557942898259967277348468646911
69357546727696971531249356961251115918353593362 618348927173894879
78 2274198526
44328434985283722133231914655227722985997676481187999449959397574618122345963942762942235 5582988199361841462586251273419358422748559929147774215669678543927613195366951359
5953295921187533355866422491557994449159227389451756314845275285329643 61454262836891486961944473467832463862192368813987
2322632232873161613297725 5395468311947544883858655786271629868871
614278466557875619453875818915657373237918185124184248562643398199578519169183546594883919833138627 7956826723334948484418169964768738951186786968178941921267777411879581581918432699936992
511638816679264478938965549851632 766376757915389486739457742783774458456671312336926664142375
886614373143115241516618531396376613143247241844826332868123936765816336353182246236326957898616192 256915166653873771867478876
4148553493755741746228775735462863899891831431589499962828699668841393563666973 9959116234536695322116794994225
62997939315919488867842435317469785425 172318423191856859413873841781945717663866494931388746
928218685889797624739149575 243693633975699599243342618
3437255249619812521944561717117156833355217398951132987593979753238237357691557737 76526546441566262691645781892876595216881318346
83382278914 9375475765675896776763432259421678378317381347976775241449898584558479
8822971876982558562851637936436554826963332464 84627262148511272378521346647
93457728685481961884165383462672515566172663546787345196127847884886962465985758631729481854592523 4375149259464919295388419491159196888243197256764184
166714369314683833652345248587516252149511818222149789888611625999 64514514384271414841997959733
1975258 8718235288988993428967299888582571143999211147922973633787659677238942913379487
611493616561753292634836667269136185627341474652735535726251779869148594149495 41751832348962995755834712739994892527
46858834131 7939459824294189
52371255944112295472187817585162175354228226149976591784676816145313689624198841433636983616116123 691
691141536484741199867168245785977655662744161482 416312965677417262411464667818751399566479715166429597
4898494453937191937327758846483532141675854 581647151814662127311762425841775556517567274981862346816241243818131918856626324783726831241967
4282337113137982688641266119174818147961472956187 57543397561667
63298974446288925546265527498877492547845276796295183633332149 78454625599812378
23125178184376647668577761781482874643719172676947595164652865562563987 381624525429782448299121269732
18954918615493414924741797861759 2739241232649389482668559599328142826836744372273
85886126853147421374662782236377312967546338 974939373832713151611374325566822292549188994313262814965266625298617131114943926994473
183934312484393687145691469664993865623843621294228399183538262444857535676993489189191978972 2766818261329188773564749272123596793275658259171496916346554844913943978563483848188439
474431964675757546777212328333726543483625647289 7473743
997449471663357462568357357611242 34696599847793499437699566965173328
6 1388365435383782815118655436861515593319998374198925189597173321626385968735692273439968515718131994
1676854345722681316287866735164324666873975431325123649162 52847184527236598216583132411526961759877372912258691179996738
5539 653774299363483655972574857
666846288486521688119 3511898937579984737659816699536458236638536
46181473849766951781266471695816174855611743752971488883152368972626266287973835864872976436 429159816817715328643467237358346127153298172252952734763695646872742254277939457444411723874897364
3981579822677998458886897412377539551498947313269381478269 334147389761493338378255463387298689
652331285824198546638242222174568381471187915449153779324954 95789632838257975943546792424598358625
731221536698 31923966394595621658214887962852222772752224
54918897519749939169829658811581576355963327721162372359918159295896176257268233228247897946847 72415387262475978536335261251875
831279425434779164888886825435755772439595271864775154372161465956564492854593796131366824119 553391144442199534414949888444126514435635167574962572124146944
83425686628452649168669751157646513851443198933861622594915567929 812626246656891442771243495
176284584469825457784372929 6781799446744734151827522721155213912316971972618665982152898882495646689
1727482161591189147435276575393 1433482391534623744912634291
77699389219855538239527563579153495565532454363273986657971 2796355614247869497611682531885425756669841792316147513269671765481641
99783581253395564713549965552492445188643136813277153157644269145428186565812552793934178581 8124738379584516668372577844957757693779781196221141466435911275
363481495199197317 1442664927816353371291856
7578495454393192448819472777476788463133768133371488428284145345191884532441186119192333797328417148 74933874549534876372487341314
16917218926393479914142766337515922 14924288212383858188213629467746692777786543665788653959457
857649547941383437584499156271845187469136332843867744651864792889474 439965643565884137531665474245352489619661586841
2947369344578383974672 545796626227874483161972955849
47916186659627748658812972734763228943725578316761534286263217217563368 83411813695214296859982453779337563
34261 1646964133937968277433553417986858659323826738473287118679597
488852927524646249763856953847614945985438443728 98354144556689337138422511785942886676624383247137846167
751217696973732161991758823891951727922577675598771191885395836819531713219427182253711 8
68345172438487322117615287716138371 26786
74975224334479564 99662611721717775133111892942479836856678484333
558514713747513534918998249462232758168278227833435286945131399389 398631556699351731635473
452751184262753241521271149246227275362684647579191837554834769 32689321671
767569149737466773358433263675466 6368765316732247369854227827643586994245288142
4462981624214219461874929442576468884457682539318781575589719447359923948855 58961544149274667266862525533777324467916291768236655618784598663769285352841252419465835156222373
7497135339217893376558898246271128873537732588911824247882888653567383522741917888 66413464754141183951443339633238672957938696165451445119656288584454967149
76732212151114586927362418276883157522844659121142455928466513532726697 29419643643987696393475949562262391651765317863499693279757277685
1568223887643973295594717778332318 51356298418426767193375
652349189787 542
91955615523458348157746132462169173885186144118929717158299858316734433719567256938 18348421594771594134859773631596834717313
33635542524296748 8475497259283856712461456854625426219923782176931752955656277981469538577167482271631743782597
141586671863449268 221936235236156497839436747463568239326938771372949943531378666414755433
3574473 231639115998855913644613742126818729583267935597357
4435383 46742257588783355743931967584168776736
69998224534934947339642534515442532268978631265865595938314197836234 691776373963449651152163515786
2682588473395896292832154614377984321694517663539532512436738593799654881576959879613816669 62594424815728251893437566381748211847346897795982649279276884868654814379118768967366726
8713923896338616361778889938316931171152832 8788985869686554127397618429825114317285937
9 11624455174689278561923428219926998596957589496933157355253538385488728535
279864654955 91937326882821317274673423741743123119238975832133529873533966451717311678852812837482995593477571
3496169982863257783257 919266533645896978191546711433955935891315167623912128615389
6482796441315169199697156782452551799451237353387163587659829269564479663219213188455 469377333238463313533794434637149298385879555214575444872
39236557269834172592691572667 58716666277836728615969299865339376495326315398832887338111538619267613
65728558729649446434549869652776264562162993864233695125896619588862264911323581 6992895
2819941849269694542751433716142391857689144883162 17117287354296325921326253559729883279557336523296171283862795137318769211962155376967
2121944964815763763292168841614329816517792854845747655477934137361843871777394972843282 1869874848477222151981789864259399827548815318422
43133483428749948481519168562998 48838216189262124687364416743499314613849311545973
7578529627637816697218923175464687752251982417992861138229674982469137726688737676474972633286889226 77345714991887822953175713195617863427881445254945666157278268265421265849539768757342987232
853848737329984328192186197472364672352819737548462959543427266621769119 49458745
672183789664557833323783125529722476595962574735 6962619833839714654996452276325285359995386927985319588622925719281976616141559995824377163112
15925495946485943366642512423955381156 4878825458771933885728432172372662671976223579294441276547
3285615553764837639177652385 641285691162251916783429685192888615166387536493624277992443463314
788979265971736789746735822324686396794 41596277379512614292239246241769711636463261821878451567592
726633438879613761847357736865162886429999569472516579145725 212432921864875176372995881443646768
6966527964863789564645347391447119428421 458592958632141641354313258141
4748131276988484832996639483829526145935761774932652591777547931764627462928192836126566754477894 19645859186181318286638413745361915778297464767263639472828236
275454843532619658173898429189414554551 571548594788434267167876643343623581659649973498794638959539243565268
285391671597146344373577796463664216787598631698482431 59344628685162436467334135672867462999159898631513932253784281674616518345391769514463658689138
13694993388999489597196671841688475828258859175832941641 1238953224241443999721589635988269362969454493613355229322868
6274276268681226559998288727223233777485818424197623343567441856845411822694688 5659467653882977431448287558933961599412364661241754912948255589
1247875164813119328134 6329831634361384466179232419192867731973387224183171474253258566677859644191697897895741773
8135887647618251688694995743 762949921477535463536426437286232777537285285774362211
37167154845952299863545 7688144355961957542352711775386584632645665154557286566697675821885675661253729
3581577231231499773343374395513896141728678638 2794859183546674879889114483528785783794212818412985438759
6564775946413655 927481711495776
3469948728381674413941827726767746699377486566714978631235555213546467679669143222633 6376286695896478
76772976182932324742394146245956788147195552886716951467471834668566552688 154525861879951982236343511131165299581611978355614
28114855751613481825798129175199757495198477531481618492995558357784644586262197653275756 31
625264439748 38649636674494383648592377416618293947227284976367267727311918647531277746478514259898678733574983
165253457 7754814269594657449363258745133599998379317467536849386739448698967154572141423659676462
691723575797449573969835747994397376561 3754782516929963323777841599941519788987528
26779659783314 561
9599555392992693447276843685979 292355435439945575269489496271431833512451234
63297821614794487742176727966724646918725276396334654533794936825627922126363678585987942156629718 62429753838914
199152215935867332 95959157238
85626887246325762866945856775 45519351136883992848989465385558767437937623563535766763526612774
5293123878724615 59424865457566913636717427457757
874782117267698683399247881137311975512251559582 9434233652776141249469251874423942827
678365489457544336594267435765729597618844395653775 8
82165473433435736966991521543475 72955156874849644589684833996521876359247658579354385352382711738227563322453386
71932428412468769895 27566957
9891434622167649339435112735213838844262339865292932939861723819553 89613727682533532847143784529511112596287237399485294929168491696987766426
44633412715368 735223478621477245
6364489734197924 4847611159289367146967464672
5157511725656844 61273582535566238365314291354478831651359
95237999439913813999944248484241961588546439585828296 1318812844633889241317224323639749923373942645168681476812856458828178214612649
911744174398585542555432885279119728981627252127327322355846128458937176841889987736762528358 15914
2512569557442946734482715718323194749837214659494995122734537977227259922555896496585664448 693611745162617728
769219492799767224664134687832695913351783385124 363385
22541666637482786557932988655193651462148 58885898952464673291358313789499259627783372269255533841495673957657376297252688972222277757829732
2698963915523677723814932514341529811246367 8138297159583197244766735941326319713511693249168865616315698141749821877511722534243137532
6633437851638122872841 8393569916586312477749827234185253676677348916455391849342458283718738432327452861
1495595987328421444464366618365633568849935582677536268454124655 513252166621672813361736181312817854934
89495818167197861528829547434677239562811692335922749189375429 194297185463753348457788852868559829195417624715454282244
499211365482196196472583577448629872683412223284637158375687214922985472262375892922791654223 8236753917792438213454559245353516263852999718967214
7484592242317867497969269884734 851222616718
4474851764465273129388 81237342678324886935213162464199919848261486672783987146686715964512485145541347966183717
84582653623296 736116
21279732921312471979596352954743875646155867493355679583143459783399189591718749695862383565993 673779265195793269541185851768559325637281514181218332286613822945763716431325292497832264121
22872683951577621624578873915344557385153133332523769831161894655185762229331847367759539 494938817137619837983247466552724124442812214425746386994821369
481664577937483456544526663 75634342196568493284444119953115
977867145632958788176659 821359741432397
281558179672955213636889432364937492111155277219313536388618 215927142934621979772758661976216532138448114915251531322978548924886548578751352717
89 86323562955692748151921214282713877216939395129663932163283765557926138474215436184
73577335626497726716757235484321153919726484336284 99943658456133335927681785187544654489131198286836196
652336343176353475737949846272822513923293241137762573868842519466 8592723754362462162583211811387915473345562413168225527688574245219661869438
966492526269573183856511294521527167343323129223335431647791929479251767 861319532754289382197939385166583768
6516 18671264765497128463188813959963233523335777
58436561268823123147929319671428217234194555872524734115133599826612 2575819676899583719413453589557731194668652422419989663836314686752184371584241554568531883968
535952625527654289687326681154728689423615448976517583 14135354331361835291721849865422136945974475859124961329964665356775563965127792
2363691927527438647862787112217838145395974538946492126313748869771219545647838 634385745268779237264321411818571674636779534346466679483979195
3699477721394967191339432642 89321929875521249319434192311349493661237337588264271854943747
4128367948356683927486444711369638614487 5438924741563893997137542415481897145579341878349679568885265311782
3196193275137446319736479489564331 7456727453256515814399813315642628987683534414893292428339793797289862429326519196393745812
9398269777537347421999829293698727 816662785821314914668319161591734953
4191276198372 5273363
612493812541885283627721153466476611747998319122839874363137642659621399969766 9429553595553464
736979776455487385548111466278696548322681868651489717857826166877844232695232377773449462246 494787182525453911722856925137676253317869226773213629819449
98875974353661 7485828993157261716772937578697155829865592375237556262976143
94728651553148739997774424175384318847 28214568769567539813197331397838831953564311927583549259743193341925554932
7369268761679984519843483313375232634 3129249773755422688759186632365453884392313452193331857273674183
9374849742566266458875328454289 87955966623598739514969497715128869124455412224252499517598851979947867
5151652419131643919436624737671595777226482967877615191111415242242615214937127 8612973
2463862695339 29581497844756962552147223395349399423746648942292196669245432657831918524
544421412658962661679234251436356517785854564647277672538428762558498 4252669815552715435
431827455777864517994848681882682195 6617555158441164931778246268515
792797663949183346254666483926399918977942266719265746362278557 6797151851662614345648569957564645211137457
3385395593734993389982749 18559924741928455963137231
345768139876368616531327898657393556362188291 961336222869894894615272667866
277278228631877262112124528871847565335289723557383943277595659 7468
2834813344396134425594564 97627169992129554235162624239237212
6665671544857595286824795495743544589637175738782137122333969176693253132298468233757995771512 652162225244941361381414617323884916937996259291
3777768677349237656 15247232861766696148639886856648741733365831665566995378961297165167923452934184316921949534217358
68624961667178839339145556178771652215128335482423537187789931991 69563762355771479
2486291142943447798352613 68385764922364891984817488979859915441952
128433519623939938946162135472143892425695436267512 8332976345766457242472219388646146852677745661396723211224164476576777251145514264261261
799261517219697353715843428391674787316996794568422659944444742286967853229923316511551119825162 9379183283813444154585139858324494297427915915525842816279825932388471755368819674869
615647221779559416329157586444374893258284957996988348761595214179466883764 792137664356768368544527537266914242642162971586371647673453638429413856172791854
33728272116795244682353737719146892192162226352464997294836618556716221262385728752196219887131439 3321876483791376117825741874167296234745833939838579424448937131454778285636583
3479518383124938463677464291423937155617746254584576916288247427976294256141366594 6999798
3451919279435497981791142653153192492686 174428794564332376492768355684376
9377 15513866477415948933245666557965838386958155
329253681327228316917571378811365126947189272438279912323185293717111224534869458 15878641147282487938638282672757563529795348662321
266145731413384164826197968156861945832978712338471431151421873199311816897471359 11119981369598366451868
348813415579895187567675377264368995522773543341387654159344951 21814712795283181853
39673389278336411767185156359228717625647693839341427678533885876893937918 2281745839212351888479433179554143747751551155425871767662452
191762252142648138878331313811293698352942653179859 924919
948858126 112
6811378849254383474466836732676635937116721136594439364341 6544865891253772197191762535388627292295743933483881683615961857693832
285789736613566589573794397254854591483884875468112957768544217439544 4743139391
758962565957373663851389187892494 33718287794721782829819546544947815597477418
9883358967395455982313 56121264163935752393198152599992751478644448167
714565169743 7472182194792288824981365717681174838872327116686678432433618412622757359925557523934
49436476979944942624229992169852795981562268149733583441419776426824541887465387957941521355 1219432999427478564739762917855551415945144836459596931381767815411926969958421246994474927628318469
2134937318173517211686432666712919734724954553452488971655686846351793635967417 1746261842357588221939826589956753
567998455853391223956918598333429653 734424519724151389256482582611892685746312226621471259611898635926765259214
14561 8536239872
852332777262451886977279769992738696827478491586689465219 2861289133739699447564696446364323845182521367399798247556841461525711634195425622997818131136689984
49415574896664637931142752161913713621856472584 97725383579271762732195353576971859592659484251263847742238395546738715432463272
4937697416758827313438593129714931397299627372229643739617 754959986695243618135461333249116831112
4543666266768566716442832589825638584125 15685173492122691467991875921875
183543591916786156881265111489386787965288735861961873 882944338496296715758527479438437392687465393435
498794958316668811872158829944197459972275414457 87851744612387364636468
62916887968711656694144222723472123516659169186597865855941791625747566686143112634 756978648112367777978195986199778715153296465657985519975648541864982228
54 859833721623192454474587495862443629221767
51799384585233119447663338731757141788582132863886144355953682188857342741 4958441185573867361693319991563573887112184619323858676599956298733147638237626864
81966756151586137482843937359446311764391728415611183864322184391714 8965485716373979856494268439616785192663538929791395875647176976855373
6235229551837247161192162683651765544422998139643735944382945593137827359568517411168349614426988264 3672734436533555169657173517793562519966438339311163264439527363156383789314354
2626558272114943458333116479482614566943522872539988639281721328922755 644337579853488481516877623954837793811271366288831791627994345
29345651652546778 72624515
946831493533973363725266838561131 6694943276692789195337497631551939434448439992693522655756151527152182516179224843677324935493
18 243848723124121181843839
3977793418745538858371113919857636464869389688322571155226776172331456824151612557148 48782447684838745923753842
5632442743826629528116453896 684747
441137525141284821371134179211858367328586382537 4654233635139661555352732487899686331521549351923986283899946174391191474736
974129368915494365493355276951243982759732681124595751672243588746849187215869421279797 19865
67246782269872355963364494558532238136528363799312639413763471665116981562493287 32377482323682359639159161992354938991693376755481998721227384127853716726725338
7417911924242752454646341843299781998528459958485714339155571756136169728234513553446715 699722717378962644584235147613344
511189979734746223395553197437497167597921814886748 8143251781711842545279855748456334355
6688417456729118 1891987414266687174
183117423442846494288418417768284978243978766332567895595242151929144469564 9192631455315111843573329399949126939345448459221198474296391654914776745816875462251658767576669
81729167336874539991936 79527827769143681535663932797144492132344549535323154873826
19854129518635179393295388139235124951243 4261586
682769211149158 573244345346585918974773783966192748736
22346755323969787731296527591439926199159495936257 6284567793443
57741535116 6163139364632997
67458121216567473973496824956924171792211349321966 497457763299678871445788112234899778312759453561983539
78588874423357787259287653 29485532825384547113598247143
73884619435752863155681549289237927267986787221122155142479 8928485985329628585531534733147445339
8428673586861773342248413925594192766966529758748832526669573659143153232979531178326248738538782 627352753915225319476858121387
5298223332 48779472723649363994613931421349392824344643963583638925865
864499199285718643219868358698953589318317734161358991277195831863942175 692471317961
7313852286928461589655362549158856754 74748768287216281732556659912515411324349445354217235796
31724958661215853474411617617926956859113824291675 67339164567599229478143423733974827649
35454461253434419646457268378884839946191389699214839928268879671339923479524553632116936 4116188186362769479451111985664953131623123479826439222699451241949729546919943785936524
49376572614862612348849852787229938248984974959514299162324126 9393943418847732735715728992128496441338246727664118767865649725744411967234196482255897995
21677387495797977465941675761421393494229788713921319399919232133466852 68423624984211139562175788396968989434
74388789612167326133351665172594131118746492494976758442877294145481 577779874485968248269594421496211435311414281893175796352742358637794679959296458641418412825
589571675342995578126528864866875635437982528825655526439396298746121 7797329739141455
344886888983251867668216733227423831733715149662796585628362181346753 63769158177857462796196953
5545329596211239345484935518791481533613 882478949814494836674397
13195372922682585265766831414283948824963893411594447461773735 65937526
22568944857566987452626191 6781414227749972545795238944744441161476146944599446468632265434372246211
784384382452584363497228581861562975188545111584154966624675945975338436785114129376737131249 58839279927942511477623641634
5785641468934693847933525976715123893612313297796443197425332971624832 87988413749932727
3277321547972665481761674815896637885416589894143872 6997326389688181578561935249972484864924778481144331984454413592458167721123964868715719
154898712926779173 2918193685216782474751266374181212871911881157714644799935177729453644
43895893381253391368332833862825892556111459148978692127929371539111257684265548665244161 559174889688658223292146884861174813284927293513557635537479247764778527671634638731641775
2685648153368563976123572635889942273235114646211744 87762367532
2832148952288435741994894316511942372294541588248815971631144564693824216381512769 713823857288537917157723187927941415831618549566
5145187284686351291619 59756423674861358216672728614572229681974746
92443247726138633429375647963939648764614149249375788573397284623228133129948589 4777232396996938345369872769476781586654143211921668589957795515372623135
5959313851996764246829611736388677848938124822187432728734316991644898412622111 94836157426936663319149467427894949475
1356191475754387747916788136578556561974853282 217555329555547935723152594
363127 4424418273289
556313896975975531732454 5192725867246149194741549151897974918
65297643184477531111396367568684711993298935642975319752 6548566764546171648713713634267
7324553446767542474166916623864946596898281576193 7261679445131835579448432412546334645785125938312313456918116886362757629616222777698733399516
896558614643174843 7188598675961251921873815419816678416954487676138497233
46 9634757155355671575365271472471848945347542
6576947 391985989377962278258387313144
85566825974295834889723632924472329473461327338276882367483173311858679698696476352 87876594324598846
349565561412252151628998122392932234227577454 57399744684
6221384784542886246937648197951764228814 64315774229814571396783599436973586121354375728229349167326485699881
8469426576734324 4298185322512923669863236154479797471796558298187376392
333814162683828125636262414183875289535976 358883178541985888679
452128288289958112919137154834316 7717861597891695972297385
584166247282416365 78468734441193665777175716679241312444619148269373227953266331129343473875993692325982
184954549582213298989545211517787872988267761892192358241 114643551955356431876231756522953561387329582691466973893
75261147975463115227923287593843225427497365456434975995 656553862421248873559177656329977573796346452672962772829865289172219
82411655971232436391977796387391387118611692692536561142679759388995984284255623871892272681 746694765565315275653476967255993791699232256228866359
32384351448824 1679424977883242484148375385315132852933814393167576649145761838418936367247161211784551319
42481718579843 11867568234284739241129194749615264189874121511441161319288587789939567857251979754756416
29769851193999935217242 86516149886926942942119953721934557319279214
18 22833249852584753774261764483531949489
718715152432269971122366288736814694582764686375912821279448387714112846149474488146255659839 13373686745985879959125
67839551485793469386571644956574223987846417782924962613463422124387721597819142537161748986212 62348662898867988874373218585622513468367319757155444443244
29414128729836289589247277955958161721313586714727863567685298478813186943947953295 17923516262621374179431184525392711885471195918993493395433218671781791518883445921
8566611694363741243842984515329799588216356362826798524244789247 6446581226494587917841976824528893263288749561326134177877787559783884338569846852819491
7648835546949226978713911132986 782667486129744835988599716172837436472741466712423773185519283176243419
4796672338829665718111188152874869139793442193572593228154 73222937848269246544573584118177558534654824
8349866679 192774323881551561911428937966682688276685536184145397642171588629913136752592238183
544611653867169957699767738667754768727428544779852488626749723392352633758976244248764216372 5
2314722813183434 62269256282338
62483524679727664526316992648515776474 789428349987258988527685271449775636841496384397774395224382766918694597683384983963962979372
6263969211525517339497631352989776 627838244873252763536394479932158515552134
4574227165438931737637779599558367395249363636299123169598561229859 1242716299769859165614193559959392382342157435279584348857313327832441669864757878549794
51611918324967273925233872893777216873 4353792369877822457421355935655952196424485663578941335164254
95932177913392266978747476463529669559324134368349223667268 828497864768636457649795321379781952881544334239635323241313347794526
79236 8294617823268346775545461915446539349575355239534434
451425244879437984814721625253534984143 66319131919693456215953758298811145998421
7515628395475172552557349788443916434192645581432614186421719771281195579661224188818846 463114719165548172573138326322711928531782477363251
9111933862997571789916672797942925411151999185587436195982722569618619241972179395368259115191 34383126758133351982912635395979467747881133713784531293922264145483469
68752827455691474956461635533451354771948368284354773776999411477576959595345628591869282 7219692511336467128794619
286449231418217542832781748784942975366527817922626519 1998819564688415962476693997421872949325559397392415954333655472921
5119741873118272748433682915447 45641565418792612187158959759671289723941
457557945582344795531166197836237 483893249959653549784161644329929813761279
7263211421421891519631522882796891495375435967895375447685911 5773194
429221813117467261412564173368938389884486275553835735288747115626731473793 637192748175969817311167467184766549114498155187823855243132629397373545894212363295385
66417586447932557 51575879483375929551822752891
3232738739565198283166862995638975446559192946183425617699611 8217364169416754968537865594672952497349847737445672498354129591
1 5613965359258
689477555756783547326981347562357923799416 17676282511318178189915748995437352377317389228589491828636
2521 841875353
9426686643141623861832197689161664467764513952487474271191174884752655 4763125749811343351515972355181616928791
9784518273875572354758382645427971181431771553234817526264133953682134542628 376817
316492245995159 2759479779128758524853219777444476714
4644612731467938515934828583392853328773383631376266935788852745394115621795933741883639365121 436817539834
65377685131 7998334885315433961485967132216238632819519965
5132 671175869272424583151628656292216511627531215
258714557136636754885481476376197943211 6336
6269562869536858 12988422955669174771552951245846763419
847992249277821646255854873762374193439696127544962453921437814224665796874673396 9629113799259112113293913769664943
512973278 72736344874948943873725248488858399286974151653674522712726282475813
32454475334859848987655375996653942614568493291471634777521414459615531191712455274481 217425389362665111787613426854884542444752771168648293614417825333267623891876934785121332978339
52163765146554566575718865832346652681761 3662457327118982331647463317273467437996322
831716726414649829828135966569188228 419183778574262637444761884822682887922951941739418541589476615612643366283589642477153827222474
3217918784917991128996137964997266593661395343737625931 6586244433518548647969642411578585419512268436623558624894536493434917788
73156556858869768564991189163638823459397186342526838261783 981
13828693611911552199693775639544435829543825948724947279183694168411 27275259374328191518758364477787162722292562
14723816251594876945989156559684734177423999647576488578744485233 56813294774543315255842969597219681
31496591967665892221798598475688368187399197261313877788984342276213922747245739361941 36216862657
84472883177743133396644389949445419772168516694236773428671 87937553212484181518774919418271289629
923694841821612852744124114742755354457749636493487376217869398529751167945465677172924162926341817 771749426779671935323449531677485233433896354118237833444911259272
434822553415263894142632 9353732447219886564732539766877276878794594112777923492866981481991383863
762171917279498346276156466785675876238253242297657843549397321666559415263 53212743686974195276774165122332868221681544217729716521849228522834882366876613969
385215451425936424437255575181413174 2413913934578548964323443778723673983738852
57521255887558116619628642764993569962726318379 13325887435531923264327332378131386984393449578213972896288
188241659337451 231473818857568159233686621876638378115599823876473211586141289586975851571546827327727858738698
9737251416936273311564 512815615684571115896193937784718
8784257618298162843 581835683974958414753468396776476834115619117188758387169453325868775985195937
245867295286168894751259292668518369965141 148229271367621267129486875
88663891849187163938647658143588832171735995465591997 98963292663848163343535442315767273763461318668974967
16184936 255948119327333997878
36384381523567131285887976732246832519619625821548922893121347345931895 96388223774679849134842545823286271994898336642329964286836557148568212439418286125
1583398246145577953998242917698223164 1185549757444255638
72285528339261 2455627321858158156248266276389395143477945364173738177632925819696476348913829883778
242194846315998418762581156464839924677136938649256585839548252867661387169 9432242334298318575
15948654745354646489943638547693381536624292925543265858667865271715246644281843463379794319379284 4524349334213166354612162217434222796524238342346326775358296529939629887325875826
17885915724291692141578829364983514157147124753267947445251765368 14125149261656
36175292497338595412262364335689443727473611891723549745 63894229357717467175576585785654589963123669314281463218331963
8714972793128879693445891187393159395436957249474869882159 974939317339627718965282459871
34758529433655244887957541555824675196342496936956647649 68155355534627744922627629536927264294699839153672986659396164397591247625588497451269529967
533879943934733465 1269892135616572417994963
46722518896 527731338356924858877655672252167451238356936549497734426694294365416461279998278457356
6883169227748983192453146549635826 9338
29293582439991564361938532413757735929573838961754351511593 966973789521951935668152234663695577743264441435744373755997177
1639225573399769895 3732336414474488355574445776645512
517684573895589791736852536964233281 821845858724974974387533977438139565762451714443746823268717169284331211233
437615778428195647718392285299744978246542294445328863368726989451733713628342537643 3366825398812718559649492428546286844968
7236795177422289753195862233973975212128148843355435158653775743767587235464221135162 574536224918564212874965266242186295985776449634254491657792297786216172866455799776816
26422593255117931891618179949178925326212681956814338358889155676358717711661776978373369928796951 44699642575
575228175428815718528736359441819288256894658353 563664219446642565
14682562393347878126528446373283416868327116596437754691362948617414471126626556 375426441426648783922953388127666247354785851191348243251532431153655937129219795777425657153238
599749918796321742 488744691621639622513753891791114643691536736732839258154587263729472
4327456327681682642158 53346845777466626561654982788526935943556431858266269953942151673699296796982478829
85964297 9713943963612687742116687325123296245324418299927343624387611893277132693317192728579621338
7328169821453777269916999446128536515466435 84636282865856883854984516255447345642
53327757331188875179796698287912711835158152 752411288786671913753117168913552921479236659519859491527724178328694496155285
366655481418571782529362849685531691835499263541513732474 56739161675444389757981529389271613638872727237345
54844563924722633148795152762648357181252345239565 27289274947645617136859678665299941
25386317929715727838166983827439762298438129724643763894662957879216173117856 537824156411713685326491216874586272193893655826
5671732865264237782493182276645772512682898583443836699898158147274 3921798769616693891175226662241162833752
982217936628799233417975721674694187829716422575858836368 49499345219414365414162471439123889691356767833278934963542863151
82341879625388374418549586165977742586927818 51174593913423214694927293863263859685
1278 396821157392248793732855619551291543852655861993222556419788482424255957
1814588681761987173355184913491598535753496135 43148586445274166357489954991651285164166435447145233279314592826321263561319
278825356531784478578825841473374782674184288837454745145596959182184787221826778732518618 1533858273815981778813482664624443383928221723
855933574688496194256628916199391772794435533674685793 76226562
2721588563683615361 323473382238899469141387112327663869177783998735864774238
7218268176169759814896516483849561332864 82963461267145619937782553159165373716655438423615584338957583534511287775656563452
29162173287 5783336158632947496169322169287442152837852133813787298441
853116214958349836424686927992774292744569664749 57126388664712
46 277751849726712461424199748148579757443934212621
53389513385911845615838752486989998136383613721512725439296335571328464 12875166259583193887359
9289246575273483957591756735969161617438488411138774188793667724297796264525448418834793748955836663 45996155951317239567682137152141863423517455675332422634548872975518335482236335161
799921414859179211865578 4743485986919761172
141888218317717917465254967134485277633668173686957633127248488342725775163227 286459
71757965563766437463395566936596892892421622815912492173119359242737548123938937835221 48613313197647455226764324522282417771791362124768652191225727181839544539
8289672654896582621843355499843515753336839231352829778231744 25734994721845765713868259496483563998243488497331111385314332636124129615
39488612865539471349883286818812411591767248 1394471845936299232411851587522832781949656699844697764216645548961996723498973721543945298176
13622483493134113758131894765518974493521177979691 1956236838529712642
8272799944155989741753525779554733665283 4383625
1253159158252193433461819229535962228369791873691564 9889643385916268217138579623157323274
4375816695929684538521616589674827833442341489793734546114157997427425383385 887625898742561489833338199458413944289328754634273717368558967741295
2666 389861233797413783195991285396162837
19949368533 744995519
3432992354317656324398829578387 64955593
68866261488375539448156697899277115187483484657157931765645957871515576586834117597471589286935835 8889129739
66273441647415969952948566387433355153357338571455552677973789812462528616756 859543183988128589293547252488494666226439857232132371991373125123736838877
386531539943834557185921449755517315592485737978939835 99484396197178734347726733118113541135723885994623546392991685875875735724523487679728236
9967968115666917717973657218793692697615684268489836686359455384979945513 25339379515363375733
7128725968265523689438 391485983684126581261686464785224423691432821316877941439898894333169714853742889
73976982314476716122615566953967733358618555874459838236755246853789576569885511649233357512153 615592379216783448611446711342985818819442158417545927252973774497
38597983315686397842365959753768429593499736772862523729175153298324557116525715989939495 2162331412711791778884866532644724569733232397332376265451424592186871262
5311533689894418564732164111815775211261339763656849293914118326557 115682733877871713793323342885753464391879754298795723383697311692269618487226533
18279622 95338495224477222125391599983544846744938
5616951 3
239872667634787841471861299736677598816639943161135992331325937 824429212931949566417271463879273636422268719766469224248
6537792748824421925645692952585862211851281579792628553 355144515537228529377961897834331428374379623825336397
85215155859193285636475373693772179733636876775375 1982868926353157874443796151588489229776476534643974589969938753794256851337732668673269535479261
6448213898953299432446769212918944628411315343487153777 9221395279854295212851728357472889345118522889551318855695426929893765735259411622943517616564535
6933159123281364285975527744349784628844391135779942121 5615827276111242929197919572364657537728352531945714844664768345382385163
791254713473653331855217256665556252965527254692281857943951896891656117568556 7491432469521158682416373954423543692484712724868736487794593687473879626295684779818647
4124114469631879 86985
374851799378356462336157932926255784279963523473629631324425923227813144921465637985117157426 3415956721466578763
6316791383845441161195252879268648725293999885 8243347829943545639119591134579564378572584757791327424249743337885827172383759946346999533246148926
652651731982829961432516556846 2934754799252743726132641456185185736858538593172914654645343722859862714366573697164984379787664158
56231 321997623512619949587297169784869735645797857656464934547167245754681975564
67171117275845729422937665468556584171853865125836418556529717859191856622275788485337144 328766857
8312533193899961554169143667958386953663 886257465456478477882921352756578914796175453111174973335118878229835859892427911425162233219243
6466186561253528873 614179795134837385941116223719597976112451874813457386739414967735374852149559979641519
93469654479147358585177328633135285292486146914943624594154724453587173263 525944673339683926263581225151866
5272241855994694773119856815995322195699575852863132946836744928449445199669638755721767373 21951611146713861355751987919667
3277983385228584873872225645251866 8545582112259219419726392712889926443222217516189593
88174 3559943722921854133371418678212835562769
7972221417826252462592368125318732 158538746414762728532571765257973931784579933617319195
585155149575799222484718817731793914199414223335472132241497737939389298735 8429456376559844392653225654519576787685289236962556222166136499
287159378783969585 462375798991659164748491776353163525
1424 1627166
225796798629437369343 83789335581426183342927518988129922636514387792627924127853158
78419129 3335457156873997182312241353277946255336669286538569493417776565131128633848919
9547969756529437755812956137842563945778583665341899527212539897333591117752534152237527367 3471672884
8569164619365874284547851436721545342285817632689515223868857883 6411868941136354728827886852639721532953725844966129762424419923737478843
13285468599459598865252968729698934159493959189578157194229931322864838 523778537226653589272973
5599888247597166647674 2723856114714452653569964766733186944546399396438183678
15884395939891312311694564516862774428669169546799485967821293917572248187318946945762221678 8325555614417925131872495597822521845369575899425481744354349899527572695659129899132989525635673378
2957647423238 5735777524522644728939246467698563418284585653654687326452255446912211
735794937613768447446463511579677344276478895231631681265647941683418465913491226545 4866248739756824473184218721621238612598369944976845397977372617634993886876876696273273473194513561
427 651865811555763962669846495475567846552533312241927834478663783138879256953798852459376257
19957585887846279433717968471388385694457224471872 5642618861763725676281973895681752
8642547837311871349345945277482721451436662116 5132832985875384595
2937865191154272691849563336658259316576813767544921622923349114677526 77153985355398183631
638175418887873137581677415747123946589693111227875894834239 8229292
121816679557396112954715143414675587447383467113533114846565589891113539 883592431221714641
12489733747115935897689319875481947223761142444452129994 359965351823758569692446437725561734426354979391916155573921611638353845
51173836817842952624758553336612188157827878822471479847 32955119812499259791479747454311914655748586187937253671164788698496478773
267732419448373176954278482673136158728 9493927772438871124449417346851198836837746941879468242741873465933877434833538544
7117366437621227477716877314329813577213232727468361146152748588683 3769337854381265481766874732573923246377528616967752712927823125248694884684913844277451334349148571
716943479 655383951998466824971962144757222256694741165977847955288463141359212526392624
869128955937224247246 465716278557111633126686239267571263
679521311177428852477163792117598477454982646921982548753 57
199286 5986394893744837526493725876132
961778522 664132322785963
299374252436536817159283772229947786465361359434217646933167757763786499338194746785955366754 654311266153773863145189557887835884921386553466327592411
8767791514581821181669395 9876953533418656171953377369184768571893262364424
991389271275784124929356622229535976911112799 8286694852533858563819678462835219491475738672127552585859285544947669452147
4 6674431354921442699988881132951847433125714359682654195169722213373729823539622762
98442579327713963993934885696267963768274278973 9581658378455922277928382924314938453747618
74688876329845766191147969116315134298898653163919728411333193574438136856 821595262933639946671594967853888
334624479478129793171882294298638673438195742249845517348523532719235453312413561181311178211367 54136157
315319693585345456878149747341325424496738417357652441661264755847799554578575928398185138731 84572371188915539581349516984188897459351874259125627523652385595727432567668317
3468976521447913741436419584481267186522349237973757633223926937689125579934393 29616942919759697723332679399218336657195975683756387859346481936371263186562446616
4521657565957565335345295484822341369 437255382861742423
297712397946494447662723 412112788397269593796577385763475768392879714148828984294138887
397668674366264753931219528868928626395463433929424819374712589182837884664244585315578977 4925568165533292552275982618295649345655636693889619562164
6286673877315164675668919335566244396943442593711393418852512328316351865384 2738311373932334927623581972267445774981535294213169616171722598
578871 55696166696222455751236213298137468276113491955529711894835236375258
269597862358143646424874815373484636238763525628372896537663521986769 626677842241186848136687875667216174478579914297561443633275273953681428999156499844944212877485
5986347791529421354127497115752463556562913695145815848128727493448759 269114517898277467743679839951595221691985648798746444465374377969684127853971263855839989853988661
56269491328326369287466986328434582722678993662354126972532 86951128269543157537458895779671
865342626357688837211167353372716713735156616 4637783933517654562537836
8 771
38565544642374759155445733251442476999355719732694295336934847998113611 8934549651834812159919969379156765896388768874886178847534656516926825644
27723718513623437821252225553498862185878524864528895634473329645695796972472449512 47118771247486738731824435
831753856258858837387129919465528514562137636 738832419529949675191248215869583336841484172887922993277
928566651148735614629988445519847114174545873875 936911831425399478618531766197135339764372867
9135161417839829726834672334722161855543647614518526462177 95589699894244838731568897536179853148685764733815837952554
663383184378854652844468537682267999262485162759541311894594521969359381241357123349 92721597944371936628465392199564368965234978555425413613231822348485519556957911658155384917442
9948712865613138781357843359516752256955117241944984232989962874528821366457817 5556673165132253173758587677891422896419985994249716512299994275234786186985741855317356865424539127
92 13185885318256746533187522788625472681115968221128699897555
66 1295139625365293618926937451153176575513759663541582817631151156456726585265
419161176715582317339945994515195386914843448482662849243971 6241548283858575356468715741253433199965553544317953682371393929434417965384422924834463888878584759
67589721867457684595889272742 2715677292459686945562719699379727386272945613
63337596977633722993947935944143122963189547645467575 29676513655562242113563874947592667183946231822925888746655128257765868154814263254852272418
73176135415561146581796726991911942431211173781526748633768867595699368699454 125437744319477443127541717776327
739529 429521838754187246121649513391697375382574361332332188138144
9197 8369151966384244426239452682669937672883671666925294974274538971
511161594419787331569922295779734831253551448466975323158113628812363456473326491649239214294 2424574968512616234718491738832977938155192773713618156635258537211247268
6876269697446143315791226149385265694748 5316775232957731587793667864364273528357917343213795378423924467692594851532759367147247456461718
381518646541199725564786338681129958857 2186818768729146368361
492638468875786219562857821912723981431799184789967139342727615854141898825 545939916415736836838314263943863136616971494989656631785141145347539342333182149581479937
7651577498992535568149929994711378563293129789345926285988675537194439951784551317775399365117998 661649615459468477859292838314932868151154947192415757173812
548886283357159338398827427716917718657456559369852854624216985936342 2291878795716884795866172477653626454795231343533442379764443543927816247182221823539998244629
257623621644645987179171249636823624445677669956741657943813643287341 14994635794
2157171554 64821297
5194485949847231937554222868587881526996726137113 65466177331646232175211
7682426352368914814788549271272541774736469215736363556257845794465634874441 8537343364696381477966819424587171289636347757821257131324738433422
161521232498798369578364692878341643498771694548967667689584476 45135442463359172548537685138334458463779
759125748149117354196487235 774334492428529546951421545865786545591469249934828
916793266198819866818985731267297513157656516453781 99413668819295868688568939127748251538319635919168262572563959745128892168
43243659299676534316646727762146895476919142 678666158793343547948596537937451283273
92236699448772898325717758882734539913291 13434424378882836482586853
2862398965971392339962381 4782546934944564175166263158794569599134872733742832352547396776
99272931279648265499739 64728512886176893797
92721253983937695554595664757759262482539186252229336136854317865516728422878629157734269653842986 458765718945411468942427579412356869689538574946129
195946228814981353793588571394 79268531186532722
69265141927627546 4176585442378342517444857766583762346239348679
5244813669535143253688669629271783474793122539632966523695719424358738996 155168664628
9761849256111772417537367 3423434823657864893859353938853456526587345446946227622815821535148862929773678343617484921425
75886655738 645669843892853277638789144827967576268856151944284726954887256436
41535793483324987561527659424355216318437138565589 1449449942341283281991594494912249562743147866144621335678
663748895578553747626778472563763182548442916318979576983372879386293251114926293381598189598 8
54578549865446169532843184793313419433132455584285196684556926 62537845558725554573126518441169455325664515335314
118 4122357443765852799314827623716956432133656342937489828231177215179854632521869443596344463852864
8624887424919653314993632 4866974972454687887949692476627949941281924238393366847798998
815292748731694411884448928938698 92456128191229627629117398426716648355115874375424
92442947133374211716144917824813262 9895174382756128213395196472
84418186599422716296977927574436838154173719488817735831387176483612459769273472533 23187479265592223582256584656631577879412893494
454953181758634277195581877549811918146299249868577469228456163627784125494423 86134166482187261186768
462874667965664137411113712 2619
333171734265125522967816639957752557396248467 25428411761319332892786151457867738713552265618433281719313
2189451871938835836133657211567373942215152 5577817383881999982634282231786483929349853932759782324696716727392461313625521872393
65354531229455964642632318528938576671643548427413563967953587421 8423518186469224773349996626734929337918913688778892
915555557248535499713873193622282315158829683972874843194 2275426773264792371614597211431681546429176833518318651175622228998241347945432968743321
8168244663693574288434443439998987125828957871585689 358647986877375859484319611336185693166575274211882937512746331932234
2924433 355255349164484528821298564981925226475822452732161799569649159439927638937896967
81332833876922491726249542997798697931842371329984398576657129964734 5459878158574667371815956986843656
8544354931516213569148513758698138253529287713221768737278448432265959955968985549347919654 364348
152647598358356158248511277992558869497261312192747129159869956156159858587778 856972974956585465213772154629181925898432716129563633861173453
666438732418749936688116183397936519312797634978233597328821432827127857867378247597 8443244445614329872673415733689399613367
9967236493451882124439939277415291819951689441949933821 9946627911661152568923423799376143858357646976
31124632884542468551924186711727548766582635183714294524664553631947 536877159177297387527244267873481346489518712866856341391593321585435112864
474323319268446612324864191226488 62294787382275264949118972184327661421314792325933999996159233342494885646
32492483727568767757743319386378663828233262979989352421955849546554782131415926 549419445
7674451594424639959351222643162347556825551373731478872772936119781365517154757757769248955142592285 1133159287966821542
8543863659169497769213769482 1339122261134283233629
48333352318822514492245 55458772286116669274665785342116
6884797488548956546658167489192875412583384522352918579316323719 26941678596559518751993857385595833519649699368373543496176752196686282468689218154989892778
386744448842744949229258885323926691372745415799847789316675661796338859879814673554986 888778616248547729732499363549691411
295161467754656681233979261288311949193141358984259631682814159167935931158753 7147977516284583173962482494836792469364342364917854
818754711587353965383112826427525385813263584775145544155831963849119246528 361488144767996473526612418339612287685862754677789951428793684482582978
133391423991313976969645431194921255293732278557966245748354922381686762119935428472576443 6177576214544978328976517735562912569277585531121992829643321835463235778222732
952448533378997495753846571364247144677374476432833572428221934424 61425685622552875117319543189511717514843222813634968938653165624353495377349357683879544655893
28184326644794155919859398717439472459624835575572992984 9839392921174742771188353487764866449915613557994547195266
645918777414876336785739318933 45336956361745398953615
217125449285439659973 583495422268971597191778518
8392935113738445161994496624998639499166338597836259 424978889572628358399315955921398643217735943926519789229
2431373826142873677158243177747323655515248553933 125946742875525224152271
769918879258828595321313279688897548216333726851115992711714795827115743576315622557228837 75834376817
1458677 666786138131534521913223136447291151991837533359789333878354447861271857439
753194496116739336 5331257633756894697294765223
322887293851621657466149379848757451962557771328857256495758454 49456259581589668657376154264992544565641893938836474982142685664816895695881451391976671419341519
27836515155287711466816686221121195733358296374772451611352746474769815328546 7812439519288845378655272696619346631673463294937947578327168747315637841
586274284475339315141787658398195133238617236295 55826322134244747191248
6752584521185113232132486721991716553491364396563353475762423195776785977819575583569572992968356264 5166674419721928522537724422887
76524 33123574113813674426965871122772769417841633737479493561576647949632195257196318854358535
651761112547241629493494894898623512693251376394246867456748224891645184489288877619869274698338892 234286752963789586338154397839859298154948
8737676245934942697928387 7847137412772631763498341275686978519393946944694737258326128412762377679416138586853
243 263945698855
521457823121666439364185466582338659715193371759136439 9926783189847937771266393578819
979 7897688641732481375778483
52461981823888218944645875786634116239823213228425788239256282251497921528 42228234725362
551633588325143589737176842316296669299757618364354291131965121794813682242 817613814559843855685496343991944162122137614235623177156424
4753744974369287997949417139134829694246522567 74749332227143412867123372328623153999615889257595316649156637849491
52954623687752 1767437537244141399472414148438482844992199
45921472349824593969941373438858881194512447732 3151243671487197888912
285734629312129884 985113457347434892911467181712832487334257187638742
892 7661323
557988882364 156758713392364867628115483191455887724988892374238772672923265882
466414285445378758834724943588245258118482629347885874543445232726189137692412279138124156 9732447341341959862766222148345586741821739162645252913311737177132469814449258893389
91342994724585248932837152597717121939117766246292671321644145592 45858315216
73568 531568258159315497859851172638736871697655
315853478152842615 6944571659896438469163424874721552692121891
47938869321746172157854377469869193894511724457426 8731437173714217952385122673274746845294732462
6851496542651396774473837679326625638519725559 2792551261927841329649159846458462153827284549535968481369936894
556462235923297195629669563486819266174996596239594788846415681993761967322354945396893161 6186838
149625 17768381822437618935859812573827729266956
717155187442246229185344827997348114295465412977891972454221 255596499387198747479764951834736988741399
6885921237236385751995638259977976845547292975736923235 262959595191677862763774444576231378697
688832978785115 1561653497433294195784
9779296728821599937461618483454394361 558554137831738149361
48898562919859677512472587686845777276662192788936896957717312319456198272969657383542 6822552236533296799467675662594851725727884311843176477222877557858715317971674672638562546473378
5 77577937137874447972822889279854795822193617
54172739198365126586143325445583349574799742353814386459943437112376456747 3536296875574513259665669767155544821864159824266838377244784158523168598446354415264742537869292
567776523621877165176161517886496268275641642 86661874532235118
196576686236948739166768844248881794644 2644975793763918943542177423679487958282851978134913352677389647914955256662964331781517267716
3738195176745673178476399933468348257 96799394376959525757991218647429644
977556199427381333293174838344647857652469732889398383624172368775763958264947117132576319 1677516529
8413291 948983532963667399412417633516313499554217176683114438694621
455555348588992134366131266993427389973133216966632163849126615125674657498736228496592163 34566436284551431555461552948227539375951786116163533
465178121136453178531475345388148783812 917398918828662169
19425946912871364727 8765351157728654897841261376324783945
3 422716377928816863745747
41166881732851498645583446416872355598582662437186881266214824999726453569851 826764393445286755376164219335437744298
17593864388859 841433487693562773522657571867373321623745647518776986952494381648679786465482575
8468451943616839176516114638398556631539917977527272388149793147848487943 997551784728288998346732165769936624
342651749651756878698814631415255918334179443174243276222443675119333339869129541387593289423 312386961762477233586627329652314273962875964
31482295443295373364775571643148423468347443332168856874461454625486278 28214272229718853688456982743561239257422144453269
8355163134931694786149397427335774236994278291114145852576199 919359414478
931398751527286921914196744132878141317829498223595918414613496788497843926883667984238771594511761 6394272768691417958393856862446376
552218446554333288784438451692175857273965966378452657167189431647425594184856 71456661964544729726761473275494581252215123886264
81471 2466245598875114572965872456429174116173842957358681459377531581478362817377434249
2224594194287952683628446886129543634273112757453281745169584121645116626461874477595941595 8111322211431464665985881793226596991323316914424156612292816478232282928699287152475582812
69491735555374 354
643728 293344718264235766389898133962316998745479581486482956171376666956364262677
33594885373871418289379542294198662435437558561 51823453587226439858392653263143361375429631568637257791951556
681949866156 48634244199539144176342152171414962435798793419484963613693668
539738771727236291789787747521588215315136183895258 73658878546139551875188779696583265653323699188541833395597767864
2397726839941953533377997772986633169294931557736 81325867764315556296371381748719
8562946811673829899833716929618562277462885844549778959625533977521663192264411211223681629282799643 8747925991962961233
16485829517656337339841796654945932474713 196953554983697789568596761
9892 5384337529239662577
52161821623256437224295313852474664213881543791872672256466778 47573472329249976256112511487667118958934829129615599781296738921579432
485651283963669363166666238924556167239621638544558684471219739757716552665676719353265584116876 28835385145178462813768935272466789744345145948254347479
19479425438636787 111285274852287555381334696378372353151969314
49199168334723821571116383159295443732435 173
1377591272145997448124176524672198568464695664922196339766649 3943599623945845193516171455854629597835856432393555841764461429485658642777392161498
73868265652475463965356762468184764183923832482223344785895615897 25851729924743391876326436975574868676828393454
359397717264187372491 4446956535233282635959526517969688935945452566998995
77189666441592994187311745422776379572695656412914829952851877 67275182492228858241155935862479778934366571136389317245145928835381432889
28547167822539953763172771135149751482196582493178143488891281394182884277725562533 35895852986958788981627319128661152249923168855778311294927332447469355235676426994676262461
2 57629899642667851726829837616744
1137716595381799611574431158454534957966429597415185741589997674 74786772295835844428364839676
2733996178571184281911697348641915354439437554647411255115739 72475873875371341945493688565756821526136615312159887114855416296233884923989464231734388765549639
71528941795843681162919699626128984339612118233871918456929348585468687 123236912592296931592349
924621999178946311746766691492791345174755295822647183279 854816823127961733186453835563579566274177695
4574519538183988618546134411363349382256628463 768247747475235927766686288979913547354797
2816952995635449721187111741776742781338994434574 999976511891724212638996849665265537938268281647733963542375327596182177955237972865451228
89969515464447119146892292842978254334485879811511887394623934451829931437289894499263732415 265499518133284159463647438655958418173129312564411435965494394353172742847441
2512285148458 824628531399191459454968
383349418263325368989699194589844811259832786747921366149319329426797119977868715916436813754813847 998592747581862978991313932651347762938869355314481694631941912784975465491545351915
81414315516695581252154617986564534648139148612642828779988962748775927654178925123 18544421949937433551112579
99754946922749768396974479876928932516568341511776647423294637573518743518125 72734173185232972826558145622
9294826826969348927834116487918352478534214323939179675683814943253494464879571353751321148965364828 987777513486231783789368799261282712698872136538277
83898133523737494988429958335 452412476115878869214196583539114113785962528884685596957597538976795215986924922
38968984656579466648976 45725474161823967467185789749434978313347448262623251294234195224567259327617355463384621636973
761596586934924999375419754168286866915592287693672165273922856648 1955374222398855638292673
9824114796892242456892559824479822982383176986687833748338273486481 27399456685511754431599795164447769737235111351138
3191746285171677847721442498112388341612767211231956439342644576381471212473842 1166881471859
96132783636387533247136138969325496684373799594682611835648916171233752367236246336464491 8192748343162837823363864841767181823
393256812451346854749582137712796164873734983987362772 683119596526557337494388584651886138698281
2853483647895187938443314292461212542819868 937554831168818642438268624752825722561866695564837234451912677179498647449183545622544641973
773159 5473344627373248458865368156535654144441856341
51454147132862729168461655589676119236162514934877 66999816329126273
7644744549759821229358878562791155123871132581411431629984733887549181355867549126481116356435987 155857
244373786762941 3231518225217735375593665182574
19881283433 882968927336281797776
525927747643951239526794966124592924898447494976576361731549438638685218247 82493384519258354531686128344983551176664863963556167199864182156825969413995227339656
7939918421112789772825458695338424152645 7731814172338751412134312668353285497859633
9 24737277417228254746146716532142541184878756367433183958997211549759836653829
