228
8328279999534391636625822843878899183263615883733326981687219617391164131742482654959798887739 63657436477193192173466269333112441974
1343631234489753327126319337214727624383885819756493216 16863666154512612364418259816435849552364979654774918346
1571161733 743742224864316692353278446263223
768392223235913544455923554793325658489229722236516883366576261824481397296337217625982722527431 39713254154234121892669548781454914585391626252376329733898779175452644662638828714677418
211961479834186639579475924693848336472458521719217178 51625599456875983681659843287195352864823732983335575462278526247364445955938
716616734367 415629783879342851971343656239738845717754432
36939623773581 934782613853882494519541211231332311865666626911782157533369724719152913636741542
93317884472163875371856977684253986721117113417663998493519945 2818668393949187336792786311184237736635272232
465916678679385593242 5534483239148493912579255526296256898724551562891558289252929392569781494124455
418524976431926131191662932938871863559441838673789428662995942 6533744
915119594354243965916767615677889569161651813147785339311243667565624722155427 146898895713747557744292771322865353566194366119991824
2437643847179761671444636514773 274788789341833166354774987364382372842881526842753671628226662397582741357781533458925651378247
422293252638413813562337263189345116239239868411185912985475 871896
69613673462886313139339315719 9557262329513784229912536593461888894245464232289816313335698817822674237424863176418765
85766748558483585655968734212174975779511922742284419631627954453129473421686397652372684479532774 2142763983761997525429495222226567261988392552994882162828275472181444175957692516496896982639
74957232617367421438794732433257963673219362214735928664443338691233252242716 9954797365474352463878587658761326392
855275 97536353698811897666162
944879519582379594527354171387888696714693953526372142732 5182127468386598991216115518151584
4193211671975677436486 951159686959777513397854426368831295789977592174212156172666646355341621115162
65 8631766257565347415286413973853847643345954352976991544497848491435996799713634922581771745455257366
893837893574439989398865268476367939368189324121818636497925779 847
53551213617574428797558887779758946967447828643319349793378358689448679532142185584427522 552354348785
3767744525834289553477192519545222563714766123236829216214367961 65437732671214231229949618131383386389846837571622213867711642
2894397238488863681846927684876635582243384593497395426384877359319678 7243893374984
43187785458969927148553344193764369546943344 772532452138329231378877285538
8647475389 434923898121647531326686851161999137
39458465342156526296339919245243935949 79382338916565345426988832427112556622987822838912527825628768326934
6979988414782619717619364846168683991834427451761331383212 75114669651252117451398973469124728911983
3684 8
81174855236649191611141494557297912949161694194852821232292337916539124887589797882687777418213742 856881455828565358596486169669498826712618449411754342937673814923
51828236171859128662 846656945933466317412699438949189479446486865419499688325637816354876
459212741947112271945549586255883311778245963668 632154361353274775145618468782914397
44364396833855595495272139554178586662565727536781967221819282373992615782234255579241421144817136 827261572989297229835219459735441224476813372856289298267895
426563274281714299132868 612768667626346196771658929196161
194865395 46674393221517346367387263571197825636638465289317688933624449368656871888241996912965353257
213463181862654816579242585292417456438481967349 7546572888747561691414258691578283397198251437
5723396555794274 8395576274738156368578388452411344255319776226283753166565389
38155146292826766324725524273449691162177483936182914964226116561111882 323931117961545142393262925954
45717731248791479692135119186366147764458856184523359 5612541953756668179179917963445489558849558848278
9211753286889331163349422417674856659 23267363211288833937697214485827554819641915537387791919527188
77421 797791738482222364734689116458977713985488975342587733694476726878986149155153882587913721495
22876292491 2135781195773842395295968851381294669492655253843867644617367864793653
8825921443482741223627368148414159938 56295962556161862771114476969632182998646799671389128529
5552933344277399465516537218444331999154684526363389332556438864469546113611515952691597 72314627416932315718554854179936289548486553129539333964154179719125696593432432564
22179259698256697929233953233349579773362732783331367328575616782583521936779 5884419364678762773216622233112574521699276174626498183186215945235888417695466582
82699379636254458 5153493157459257727968857167695676155795397694247412138292254613233961725481252572689826
382978862511145237841491731224914638957219291332484118671679546346584913758124 5525438992941261497186579529594416943512782573137328996967133971625825391136536
37211336519495315275476611197 844873891949562132347933226678778346689298433846274416616276946134471552
161297397658458671556339833697198596527915186 8776314894734786338592884357867491292642345771965782429581793141884921
73419731417376536192653745242844114722957436591234979572948567584 689323573294243775961688337199222848784415343346142733193
21741678132355179672839375159834911664844979779978677174876885982899933941766784834693 453332462516192517433749177651658652675831615
41369795576799541275 778
5591232239236 995563169971847235297118326435993751423746865178711576333514248361261131279
525676165489133537932746184128835473174284466589749691237672782269469294913944357169189847 855655564149619522227541881382278349744486546764868166436363423655135711411774373967332
76336854252894412876567451259 79244844818942379789155572914398684124371877562821212
691612939827133167352122328159553839114948934971861 4976447516617874785593154128715571836614684239746534886477452731995
415466217678238866185656686136151 2816334375986616855123986541547331491213891648254172
3443767574589557435197878331267591566965672472223325324335131526719715583111246697394255 157985337663781661321262374896417263155448639627185891978464926635372635729739418543389165
751861715457976381471776884452386 744581342162223117162749416679325142382259296123
3284947375272116344465538922563897119787218424351948691445712121465833134129675786342 5438377883385832584238217476612889155939193695569526399922185368891945283151868112
971722 594147563791772915819719113
7961436364572822 2382795957492697963396737424897171318343945941196676146465679672675483666628618527546
7583486379211933198662594358264746588613432515645768383813361911993562148572889777468321472278236 57623457659998196158352554733718359227381877154119548532566863732341356685521767993459
183112415615818929986672499724682781199644175398298248924149268492476199782678 1
486548933915989564786317137634449739531789151393453879874487275734166513842257992521983344182679 846477951114274563425591145836892368842181549375972952749124271494
72768644974313121428486968753511641961416583771432277176771953184542277729 3936342618173342193897185
77837435814782932732525969395341193347742951333945126433445721897654366775532625732131965214846797 89139391345717492986473125522796474591574672985276965325853422399714
971781734855621497322 85293378576891863993772971959761552
3561436781859267337276954791264598181125195367415851133748794633655946354429942 2616523225
7264121783469872542684387798521835637213133539774 6133837291625222354811243761251119955498188129331712359423382877476833799497873693524449117269931272
555538796815571877874729456948366936982551277963651959767421647313768988537279 36122261
421388579816396161772254678222891853592454726698937878432431143543154522555197134968564 2661543112343352925244157215485388999791745311598625671646773391216777122268357
4273836676513926952828611458121482881548956399696855518173 84995
994 4322457623114486352734341913399482412873279811265656141589494426664566921
28913271 75
3528837833443138131841858542835547892947568523937533637958512692 618659397517352397624774797846961924968153972828569939846242354997539
99416583566215774485481423556119532379323919193163576769282381141542255139251 83
9938328561555726469975793878479352391758237451 853988233695296865856671353627578524217317438392533262237856364579667835816813
69879536536879951848227986446614232336854373493627433485687782194389191756261563436772728283513254 145328514718844958823
23871156373845272867286227323993969234165 88895131859352288168979143478476345883
24583183741423567838877475675797353994647263439828987367879517463 5351547791989364512915661394963287318416795336742
39256165124585665581193424472362252 6549892964312598141
499759945547869935753557232362798376551238513966189559856372 897757957955999788211283819718826696563848374964127789969588348387986716298
2523155587994786745947938126917996 618489917319456526351961122423159238144643797
58777867628985793368112933843888598847127265 929941946438519262241954265
53312842543137535932547644284437532692339664548197 4128843426113661713353758311858564871911954485441734435
77315821212566922791963981163952476448632155183145634952286687 9364984286431523423451514926757325238813114734774631756414493875469745347477186917434
68125652956421884249951475243954588337818377797673314382165178 856519277276614677833158495946
629161349399777317236283723546278557495 646672322495543829818264125797
419142429449346166129697555495944625862735574322714341673787977 12722416743636386966323452426927814222958621597849341756263714
343678198 794784727136581124366497322335112486164566627432441927791699411959745549
694485473919379747696719854183383884381678136978394582193898639646186263776589822751 59867531448759642484913368558829572129373353974188784441333259172235221
8895423282 357558152264884445432271324342
416535884443673248554869283883551774893471168782314276994161 4521559
92536578938744488986275391398133931731171511713623757882247231251418881652 67978833866628984673236786539392655152956316423145137781526311573438935
83173426493 795831674744223386523455472297785
1928768279693969734951557414561294816899658253724961813826483257575 5452981967662445992728583226578676317372587
598846477961715684835123218949564341963376728118966726316323254545999133274726496721226 8715554621123542325761423711384235739353739627481161112473345
627727832473349835551963364452417676171414 448635633464688481386317778643829847748262671675421881559646891481584371719996582462182693822999
63372748447786 52713287464496
619431291386819474375756963 458145352773539212254888983633318759285735
6995976115794269778 362198794682175425879823551939797197718945
954586342421469472944614631822216244437635266543694 67477758426596163559652681226824137963373696388228941234682266
426898856977716425878365232218913789259869535362714428147195791247194961761772322932751444356734843 1788727889588465178
71283 1384537112375551449438247753128122157735659459237791572461441624
39981824138412126596514198459757967493 6158665738849561887119875796175
8275392378893545165886637836277652168858226988841462915791128723775417662824289237 1787
941762 912388717127834914619742374784812781635931726252286465579332351227
15716 9595169492295764419471685519966133551964
35873856835289869672516388149556965823336815887241854179982372676 85353477247416762469438361615557997922937383131941985576316163936175926276137
4444653919823781817877681331649923712439327 55755226967825644775614779678896231238259577966572934676273788274458763354535936634741164898
12442577533169483266 89541461763139233542261767995564497119841931718682677932252327
27986384424838142382744873 11412694669961394359645745335818719842335388121766324264117733611777749486735878943225392738912273
721964117449646554521661577285 154165183176549441482756
419378419541432554371883886131115385 871999344649164419166812678853663747438163797887918567785653791917873125635954459181271919888714
87933731994552449834169349239232 27785488125879158936646217977861649734561996394119423786627887652215837
537672443922932123171728732187733129671457168766584169954991557676697454 4228955729118921527794676311777111836363143299946693
9451556173945953481 8375754739464656574435582211712863645764262292269791739829
636612313588444516286912447963724858457579625456412318382151952459726 312885864242763348163617269639586659291192937744275418115421618292924412259976472356636
934323832951454754749784569164818855677531256841993748436 639337929174196799919395878366237159174742354935384815734
985731111527422631828631628517199539658 3253633937357719888316673315495599678362823
151886585191587425992957379687189973442491972233863741237616 121957425229234714295193456243957278746385665285447236548459754727729224319969996746352934
1578527639599145546647629249736172721886847583835525427886 318365812628159784778944575438921326292983765625442615822467981
477562719398274488 4192334496265441558369559582933841962
894 1179
857965387162665392959973471132147675123672411564144694842 924693268792454981187956913158154727118251622321567
638399833391427163775142525626479884924955449534671 427947547818737899641257
51311551637138784482134228117943764215 32163868671819425821182196535147667617149835797177362258513169589562989854
71686128669615639562216585179337264392623 7459421257658267155537348225877923456248826459557286374142817896284113135366738
8123968982895922572673527622764638 244173786212279819486547255713743827
5516 872321945315196365925917176559314326746115397196647147737442989843263943535673191632882953782371564
463798927183163682879963752178554961129894868677813665319564597922 5742565813143333753477693878363985728764746864455326495156899399838
43419969573 65815244373413584654925248219732188599876521258814941535
98394488184946723129871844219732653779 4326947514484267364996784241812763418235289215
27952778698167334112413992136218928824887486872375941152825686672414379697 27783129688458763661461684439427172542799138526861453396147635878441822198687789158853258854348
572449186 32523242548163857221825278831348713385445215949418683872953928781721825912353322
5911577815748699529 4349548174937696759956441559353459456312617884722588114257327118
15229729911836879431556153367425881513968787226194 3167458528474875619179256643828382994781724831229178791812614237448581756
8587296128416639314456329622396652775 94417244382466619433845462961446891148174769616157949222417896751238297816181
749849771548966724866566915745924 7696672288754593971964733439862772863611456269132929212692781157
878873817651383182353561426874813761711149398992878434419816138381657895319996797849823 245374246681715814761327672527766231829851224
71586455816259215375731249884113821387159953982431375296958961219395659 3693843744758337
193686465892198766273532385687814497849699499971881573543 98
97333664946331 76328962974426187978546599519852849962855261693459294944531
23235613856314917753798943394355856665176355969827468 128673
75774431575759868181731622531895416124439642277168462 25359332778451825438852858222327766525164198333
62182551252 52
34623749985734383141715892318363567523574797653771822 61878476213812584889722555251314696696246713968343218646586151
571955842115228579669242643235272968927417694446151731857 84961356454674242677351332458491
7125236383518667596364575552391962973316158496339437875 9848244377473772185266412713779765256125135718411169555549735239766838475545618398835743239933743199
398715122511143672147344618126756926779121334511987652696369899711 224858
531216392193265157691935414372512 73947378897847358587943448625111693251179232686716845399277498134822521116842
339188998513595489476274315594129293622445928733654636172167933113732432186175542662125 1288539313884137426168164465949546811392189782491391232629269949986423265389522
96696781775671437685592813817991823299765295224826739678327895145794952229433 94875656691774874548369926439262254715245991565934764848617995473186722924755321325193675179226642
2781643866248924749373934283838353677 61847691162811715992625549545758476237396548
657958652511419995576645813513938864589416176698682589723994424886581749135524331587984848416843167 71687436142179653136485571675468735231871564621
11196437774411229175812928 7695652274571172447217115845953857545942985
439696173 799258311725833876454243481134984726788121395728847594321
5122433194129317459472881314752963911758986571428612383339334359181414992933497275 457943218312241712847284137826654816237884898266473547941232866637568455276862977541161177382
17435291221641529542366128568 48238361272375892436738813178588477854221412357412113839847
797926924797871917452852186228164589497864564511116895174365321476287228414514188159 39384751887541337277698193792
26656694886413986588731363336357314611217842199818664425139 928965963821662176574
552764892156513772262553169867251127638296958152375665698877454657718263675338 5322269329715293843958
516272597191347795787588619187175473158713466389329448961321666749347398917631381478593455 927699858937875241291264267368993434691765579654776491841897565
5527868237111665358911319635553355434 1617795999946861178323189237615524844762474671969595
86911 84829987131718389766
5947172149222562557625591192971954843786354243181972828341913291127751833656319678365221398 4181447251521169938951188876921539359337139867416961689134841368476672339
1244125172431539699734769222377489366298863167838984444171816381324889656797649226328269978982294397 9195514788334122459549886441929219
2467226621295676915463391468884284655544994724754814849742138 8226437372284813465471235433182849694883999275136876732915224712381117844921
58891339379 67525544192181761187984994644877224176974565228695261919
5413223781787281494418733499193116817742543313734 8376965
94336 37882955295762138467646189531652554656727482421239424491743615353422972116718838889877678235
4675136215684525965416781932875814487677445127163344575674726124636925321947925569692 1211887
557462495493537354839759486563793941353813968538822438468 8862164767122853272236161591313438297571787214784346
94435982863691739367324854261169647362346658871144218546 75572925225841394749866626531577
1825611752339215748888733841621275936744413694374251 8344496119734883168231
76247273499311158333149384234437614466288623671535292854599821746443613938574862271433681237725375 547279798
317145129859852683413422238497582691767282929954719865486874462662776777232 42524248722548526587
86716245883311657724795153133851846225558882686992 924691345421289478162928167691124893377
9985124484622 34956481369667484155391383195134957486627
992284212455628831834711 19241989699831776243
478345617168693435283672358682263592883783122458851118195618384687179688679628365449749698726 3255827738896318364888
38253356466885222322974783374868398787785 126789795495669169897242
55486684989644136928287558417175793238345395681446233818 66258935448195757978961191753165245178468339713294
838882956455829178385336858839897217832316738679596 5559542165686233456746829144543458973475142157877563528796
4178574254884944765837827977412496868829194948168414262196331514712295754781233 2441698594353238545812347291189834369848873855191485496441297433285742759219975
71319242944658111277385426416187113218427431223781983794497216357789434311618867986199826946 27829997688719957855218964675468736
28289224919971878798784146928449 2832172941912445237753671496
1967337723346229292654195462136517226311958 458171855882934879168634921554151631325385385215943176374245477647672462727
3 486934987718418969652773968456282661972945462433756
911115778155865263176637986774356872913654634626742584192527514499214817162222 161591513464565
21525753863654549453356177875332535693977 8859298615621136345722984568871349299
293265275595592554531224436876162227657576165435645453289296285211961 59152263158
225122825525386335825184132194218134226996491795377387189987464 9758292738282844377529731226637818213749221312596631737143358947379
45654434735892216562235148634518414334426795877772895816726387262 899367137
533869645216251663246545226326276693376381425483727965743769245632152981542753597439538421268 37959735199793288565841554646718379134192989752767528167253258168
13539594226898673932262222763264897875468983797284656736629851723632 435251383616366562931256367541151823934839293195643283749922351677994274638713373878
51231225964915252138191979621778595775617686481674462439952393892442192185126596651913676691 81776535255666389444611626495967189271648966295939386723362179728863115
192492918146951622723223932288569318861353973654 62168894247573511613276766999946396449218311817778827492
87275349279416967871214797751895725619635234685996936215332162112 924954485635612152181968999383282417465574117499192672191672315883341416197532144975983
8481987877546926144898838839 8849534253988541664495814
3419876111475741257228375225317142695483347675 9668887792549624789822172763653243243539379968186475281294255198777879266357278137657
89983921978779743264623417281137328465243441857677 7745221415465891747587787286351377321577798489731387556
73655694545362261747362653313851146339412 8158631955838956699373653
984571724951779452988249777289 67892562876553913329985574356321519132266355
23853694351247634895295887684592865536457161791527443762318439486364172567568149437864194331387635 99522657955878817
854586798126244195175896551757875364199954215116584584219652285 329357414352433665771319173479779147768689137148497125544875611
3389657796556646943741266769711819672458912617943665922314595748915258677898432 5568615992
34981586387152388166281951365117962746591481152172673656734283843645773612753184619 78867
6421442741782279 721327236631241277131493496138369563759448778
61514386966659653498985559816455135 723158419327448
56641643978128586827195461585597394356532922171836211438243664253891 59441737582918417687493431477138964
628413452923 949362355821957132793315273376977
21146197733274 6
1526632275761719 53239445662372167298371327699766287416862823426264249346286945546333744
153361764746627362246959986598567245641731472868175958398264496524276355484 2437131211417155933252177567644291736
7466291955269834731678473418361721896887155489841424231868445828 4992823425729223495966814594592925236431212927285364623487146
76884524418987312879538566177872679927439979933184814654355415588233452765947273637274753 7976268322
48822468521786966174455896474179865957638661696963212824 86271856
4476369167469724723362362187484712264 539663525768686625794745268493139844384645363229312622921454753844
677342725 4797757532327
3169937628745439375439 8221429988913575995282282979678548728358845981356438376
324647597846587959465897591929953559581422563 6183934828
777229445428922765971662787488149869378662277411421536277373686157151141944426763814563351452 782754666984216697663628679937948882336712132962737761893589913163554371647376543554684932
266897885145 99878948417992
4118514161923642785391737875958384492845624379674826461 2365698484336235876653923594134
271833643387539294832259538551251851596999773 68181872164168691451626752841651715387564567725424662276
526246643814313353469651914691493628657711928172 56588756374857853596191832195298428314
