243
6648758 9335151173253738515331777172459179542812837
298136697282281975482682241126635346742455284355994171678738257984427829915637819311978 9887286943395611558248728969993484719762
929485946292913624445344777361115714183491 627141948894569278572257678718
155749463533126844436949158984367479766695761387518 1684463627643799398415566823448788191134634835744618593136392717277549934691846412531977257311
28919224364198 4661498532568673426357712251
9697343141123541835925867643226129878282597122912156318655227165616198547341629191823495 665925241437322848947619916577815643641986114341133653984376
64611149936891745831644497922888319969796421154667842286118422224311985767485681653578115376 481
67226589896995337825192165843972461324954831139395851943441 467561534563138628961121992155471932744622313569428236629591763829111922913825
5961641667343216381597622452726898511761252936637627578379886696745471857963867715897559843 28992773317763181
99591227241486593445549346555516715826913978616322349763842132566513224977612762817498 2723669214145239278226922296351154369254412745798692949127483223157851318495138932435662614
359722213132778621965149526417439 155938359841551764377768937649365948
659 16862579741949682363623462614291337635877489788959364529371764961223847795987821214963974212973
17236976588344861275467959832314932839944212284849698431 2894896361425548843543655261678776691524272162136469527687174148664532292644386114
95522689 9785175362163453896233931541349411816894725455171563397478923
8628492876588569286722161157476428984682363743175818218947 278595961123193615222242517866915818871872938391223227179347367
92884687572466862184195669 36247786337
271663242661511211299852912141467113976144464452887976889875692757584597556 257868342334317945427132467891791396489189525315132794944258434224659439292776633342912778
771324347959124672387629332794795934765428458567816711158446832579389193 149
5545582793826546611892473254144441972367279887383446699951165973942937 42776674288729482749575654996151467918171973396738798768177369334657735435146913255
694717337316894139956286827288993389254 71
469989715442673275385167392487245654339841 162872325
29513633918219591948198 59918828525684277228493617382592474635145437432235621364388571979225754583924278
46977292972265951128566682953973676353 9425242265386359983
64353526227371176246834389471 63565114331295147853879591277967488
112676885824481854441195974987632819647932652587487947594245 733581653923846115971795396758335819134434119889666351324551764951869388395812167586393812
499471831238691742982832763665188763852865775712653822953737664152661532266332469941796 57186669879141468834462413443262
793332413732225816776999353294313174822542423775692751773264 1182896184723764265973324261214598588227469145411747163232658267176661236982189359278536
37158742781732178521781892257233945724487843114782971127391 9712145873923556323758264465576857784424596751648874186523166299857248122
13845792242745844461461145752397297923647968664211322644192334 81882591536773885319524188631156867822814189434326565649254417633211818981386197233534775815
11847832688798489711825632167329484773821641366469158439569638697612437748842879145498932583 1753369515238693715586272541963553638917642668
25782563259845564712822671686267136912273759574977564415638113422441568649117197643691 6445581721844756133476875395918267361283836164866116752299536574124668922
37924553797636894158522332945374395254884223395949965265151553881923 1286197548242588397586717622841974493545811188843549941749
213975192763927982291955285471928245 26464
929921686293135859398854766724326835515971267987245295349784583734852938199846749363838699671459 91883631791582595562
426394387567136288774264363859579712618929492555211541268472385233 86327564
114918287558228419897274581755556938792154457991624846122654712875623698 3
66838482249778419382386868632858562245229319324673366474791 53748663449432285666524396531948533869539674369559326716258633441165654719627166368
2945991913897656772582988815196169269481161629668586 1491559787169789482877673885676459521489951188623855783765331318387789853184681152549995663635832847
8621798386815289122729955818579221287361283161 67882479485734557111687242853684818
21821271548494764413524584393997743888432191148679434612226974 53623618717717613612854312581599233416111729384184
89833367853329935395947734555138956378886 1443572544789939412
43574 92134938622998433532429197471944
59953445426368225373729687512824823524637935639718894 812763982
126435387219787649732 7891776494461998847997833865197591229363848626911547144643686783592596296442679263
584298821289228272423991481258462 75253775786
111389196582 21466289418486548215224668926794558447393823245317833523194295843151899
8922881124792266228363253456961617422379492223134533953452899721119928561846172 99343912746687719633988529158196567924993483966647518897512341
2372212688712512134954511719263336293916329133868285962432458145727 52835316441545324346794113997856
1664417644335275278942166681634869222459693475537582466254411942381442444699373893513 224835786181429362966522923322468
5343974858499187683537863696438818 36495951163483716447158775447367747357916141658648949447523224528713328322191686187487133654427398
71862493321463826413821533313313918843158342644 27151946993871679736135474383897352846387232519823936889146717822257825
1151916454423683866712225837456 462464464448194287682
9613879339651473142775219692372658132953422168141283945575786259965 6519117196263948273486769566731828244724883414125968714524138881249251312832
5897429615773222522332277957719911454359131336474932 749317156356938
3523588997855667894873153896335176235646865891218494679498725726439271561364751 762834416334753368663225823619679116424361319564864934821891724314214961594132159
96548996444377615111654574816664555518447223668694676893563874147324696999771692955993 57183544242688246339678569491461192845749
65663425869172613931923111376211898172454 6976421141358738493791341511397148488669944472659186158119272981335955
727431232692972492877471161246461834339616451494411922331579697926282651193866213285973 6798831224145491451844671681835981347745269112987
41114378375427281892497511631676997486661154797 34338757284388671768831982381465986662577533435584257716793136729884773252
855468935789 18328183693147899444246928261798997762784383638682547746628252967519289746115687944
7265397745762352825 45112392746275541155689489568741349483424629863719613496314853429
168325959493665963881762693521542874396954161919218581968534586426918758494652684422199123 27773486545582342674331874674725115938647784
6669595324625487564858943488578995479276159694417937514395787291 26199256559368984268248482662186887173469972699463683179268661956621219713347398844731389496143
546445199124366645679996484495842214792512288186635178 799195977812779775927859745588446121279428946629145386897597395445942644589
29355562674847995217663743881753167894443487155256 19589771774586557337382619896417995456
8287929421795873928883249887396885978663785331436398424185634347377176231369128441 9276239879778238185525926441345898741121848736779666428148722582586
7212636912762787299162312629277684914932143379658965732222688511415975465492589997463547714253781719 377296529986165959648473436911499535691519888418765491811598275345831146232674378
1259825824418245692867396242155963429666876117486738669766372791141295736679938388143979667836 3231328929722871419888946565632249669594957544156427177518344
8974274872586759235823277628813837476929822276353499752585336 2636491869823414115645184542172216
548457488512239288762138651532325352926 246375628361992378333385244192569632758429528927646495396422685358742489729514153484213
327682 655636354211587717787591744
252134553979643544598261764974351999182553597315511637864953183421122931156352343153512 254322331892483146889844266277667953816159884428628369253659694567737435476732
49951299333679843433654478778643332483778298318421843199957941942846872577748771128457912 232876632562623638129568212237994335192764559343567955382498344777566812558238191
57581376923541 3112618829722512629998733461668912391863973196296395819
2788991672762821297321799 283121454998417627526594953681771133152269363393286979357628519992569695656642462166297477
74 81386855392699315491346591129933565988152495264862949844611253487766789627344134126516362292
349164341676613892523988585266762117353935868661132254237126619415882777975219373 81196716243259
4345524355594736221355623344889415283863996266818335592348572648762634595966198 91
4933663784459698251344363918244575361136835448576594163198562594395835641655836155988969851144 786157113
334925471795676477633499149666316879518883411812994544158995269142484367427313865 62343671946897784127133327587594362133938559288919491517515422443461763733622
63816168355382523171725 791426
57316522844287237621881918451874463325733873874464142442765543163 5935269792158852835285878649256679279431987576439763684889726832
8724644339518559437646654782651597357951273618765488899283932287872141337432 5378891971623599918493224946632579636535323788588561146
5655433425393916563698894639851997665711841174632499164172398162719868172394142869825866983985238612 6912629131476785461433782537413998422241515678787525
13334614571823674164431249781421165966356328922639159335988781942266897454968183365754154 499821468462127748424174983767124897127996736231943411878611274765384341719867188452826135112
61535238254122731271 3179387386265487993817716645346145693648136249696818694789252756293173188392731166462373379
1124519395438531357853983499 84927987225287381316258925529695296229687248342781
8275161141326743189686172312486733822669515745266327999419299491752686715265228489 2325347249315683381269554521457424886428299237621
941662365763783116284232265595822344896783547712226347996 51679988795732716956853754949611698151197973577487475984925778856747614616422437395764419418366
12185688437449475363212813442941934143446621931512584731785731929382873328978333927 959266951421867337875528359924771528628226356641965455541915147
38499217949853217993632484154489391287759283626689331584173619123357225375812312 513137271632418854924314214216139786138639245244276174476286683453211442512844899635313822872887664
716456912298719866947221759187481281 77826381887569444333312932634914378736879835462794741163938861942
946141329728495914538189786656471226572538385 18195546778427984173186634619373116311836994684968913353175841994368952544967873393687861399
31216635615768997847611937482992636335136667673999831114374656331983562793361599197 63964941154552688131382197656623787846982993863644616913753848713
73197 419862
7782219461438483923847849973772153235315 65195
127432473482187487893779363721649146431 5572843468492295163168856135636234816843913712951247545275577179982333497313
1689384159365888673276719333611337473281668413362854991616146185574182167444273934523962121 27869695376565638179836237339861492
27281373881452496839821177568585518859151377393791863 9888184237211712415893491324754154595548868366654867
89267933536166768416736451193639416872364988613593128895371165559846 35
78611166439563812824951717583944124395764345294544475965595899551742934824197947646 567669193444143341441267938121375769617222657
19896744213522527581613723268477435349187581874861377482913682488827347439662569384 912286735855489384666285643521357653211347414298347398928992366559233973983444862346637
86672567458547839741429861474642444861312231693892968425586159 68551721337921195458235919159964189682562233719427575617372423
988176584952776331817129373694566853974942361257315942322966122343522188736 2778972428289537418395946429778917175755
7326361869768915622963696153889292227746574324424172889451866632886946775874758627 5834
78879138114938434298789714552738665135896636785355572296334615636427 736187619235592661257642242222539682765771446834566561262828144953568874372393874254
1284643971197766363466124624911683817745722417133787 53786221723376671455954323567327698
4379283147981744227644373769 198938611474713734617478619139353572871511943562367964774748932444
4522628133993185139351528934198633733817362423335161287678712296683198343667757137319 3692158318432797569965154837966342647632215886936486
637425818629317347144497137366471867181594745959313272771856761838644661837 686883829547642272151473983243799935343413836991126819535992625899812126728186792637588139988973373
894853571562944339162386574866636788745634558488217153742614116659816859937923932367277 139796528525546338798291221371264
59193984671618366984979499171827914961828621532518497631332354728962762265474944668345 79676984236181489374392313299536527826217328484438755175262724174843924929582897649957759636745
912662787953132539543384542999135984777987934445582797447534147463599512767166129813452 6762891851934681676632973778331232598684963419692996128449681687547263216752346782
327477779397376228498935433339675 2388559563415464
193753927694646371587694 384891413269671578247525841
772932718 922674431153762298382123423847667953642217474452527276974716657195653218999873813545632263
56354997492927538423414345474744325472216242664599979924532173798521594289617449892894837627483591 28583821658845731169256859
9814629117365811754281643658827153781 2363865
989495278745869858689432854646 6814196279434791562223125449277498685636923959995743219948762875268376
391992672261338498822747183635482271228217662 8534235783575417515798938557197845
155738878218344198593378733444 696844
71227475533337478692852255884712855655724845417956352619297325123826137363284 8195713899625324965421432
191714571195587287289186972414898493496159751492396673985429899172825272415194157599525 85778749431655247395712299332149776392961781642772717762613353388271638962595919474431873335896633
3878312265291481376793422185496628534129753799 412646125296737412298531754139999987232667228714927729265457372244868418272247745589395242995
959955743235939797628435154111685738713359561691688791 4419167583972463773348
441999757841386627573718575293469747444824971683155398221226 878952718184529531798588151537124725482273377924597882554743548235283
83656558692741761111837758313241284269742397988975327541844593892313775681119739792 391691817529327835327568817225155658667116944114514963385659647257879531138439537851158
135825767763271736617998322438475136635876896381544 3895563766447641573976836534231515736
2966529532571472336213489614971616683 26289237115979519321877843655378645
715468811542578812149153844894777749148648938253495618283217768 43887254355864277644542114863386879893984484861417623775988751417426387139612
45443563336429516949176667232183987644661988826154454539649881777481536314155188391153572591868 7473683619356374111124114525934139753563599844314851437622417
467198559498787279657859437 1661924146765963822783
65225597759347157497746513777595931283318865867771742857337355141715535679484652636961775637583 1529494152619382922575153739816314339231176422623
932472292976874468935675141278337164968831248 7628673941352146253229131919719832426168486716248541774357
9886376424989741882393927676327819882586161881723 686
499479587427442173476221983636186365979146491481618656132668166677944847324 6452293517833243573454492325696158361455673861168426113811747489613718795934119811593374311561
2178711997994792672889313867 8523269244466311238344631119929523461646226374398719889467537287147687463595632579216646
11965158121763617279492726687544979 5989151674134719521295513
254476766322717612565244837497587257382511127959813269798563674465559658371963772 7751722465851422432472597946687163497589366575778168
83296198914585878545228465261117433874674986 784217641936848514211565217361564736613742846374489543291963666339773625258438
319755637433426512964566731453768885765641 1376136958628866837893265198777597614448885457182818238852465917863515172531163953217677537352454885
64662376347975649544777447119376966985594813398489338713854553856 97871293333493885462353
426842746495486962793456794264492753944613797715922377517786244739349995476757653342194352254 172162738456767594951669166279223435657697278959175625871156146413647523447669954951
14935991674196134967312197779486218156614115721731824456298933512159546454422996972998 61273273815
49786154891141745253416942214191623923954585529513974241799621445314172347959882982456749178567688 34878534487374741941
886867551345744389689313654779784611954463299312935174789436339728696482726296555846248625912 6657686911882131748589174219
684798482214561214889759533481534169499572345759743512992376677365149198445776318495938254115234987 1318944433889651789535152957658216574346472838359817782452839372121
9615268846851214543669973439411569897469312794523215385121914477556819551357967526925292644322183196 986642918783329388851119641583584673935272863
584225882575711647869363961884297722416352156547787643139121175 1539887324621472399771247154812538145744312931372534148457878959662227
254656777424893887338195997876881861196375254932921988294331345 114268391417172839958524674798997445883269546467757813457864578273557164213936116571496538686213
992787521726389564641584551799296685533417657227112518586292658941816714126437 95954844619115391743134815237
42399495571417563436924362946936664426858176547748528961557175963342243653787837119 49679688633929266855385489964541391619521526396788193124787351146
953281184628678268318836163932792944343399546717533544523337885141175961646578739516438286293231111 167415573874684682221963639696195987419533291227853225621439613739413423458921374
85888593463451627926654631624 842881579653648999569493813638687352951636983556475141858744735846747437782663527275241614
8969349131631369427 8975234747196582398212968141348725991858395883
412164612832179656177359685142 252991754779798741575936747991476823581492891294275193834171419446948461944739611547148322321998248
334169756118673376371945593 15219515655565192752657838559883981957166149446255481973113379512299151462964221267348195953
9718386641431354269 9239983574548837421274477489755887671114858367573166743625115244835132714986849
42841159239417491285666569883233512221355168972952655258363133325 759748393766418279963572524837575761894582
4832745322738366655192176896579824578511871239859345473227672494 126236658197581692248623456523642742
5581731247926232494532821219698267154681743246918518 14555617453298347531128999685912968341117534937615
521682343761372275537616214648889449998667613863377178146696747463836326385 446754361554738138358
481337684773929771229338161229586516142872765 24343
17536886475682288296966994248278356668619334238942943866292122994534 17521776956966466521739536199535532495968875121253178433818798682411957968537935553769768245763257
281979757867159822934448716318222715877914224786725469949817537388642537438627258961995999732489449 28777281588759629593993
114433921923391866618584917195882982436381254248976474493252944978184152965775589517 36722319339782921278
12174422894241291638185969771854 11756973513454648543493821115626576941497581866821729751984274612349485777257183486
4421684887125757368412856634911978554665519811 5213165557561654755265451143219556111266832192931528235333621758124333811225
18973118988445135528999818546737824755162253577952141837992182511993582944556928936 674865339934148194892311133748987466
722738326946315351777754542282511797814194298755883827195196189685262896146254731648 457352574962358956445784987416632783164362699628691984856682823863813268782
532218827764524715724419929441837484262894122382275187447 35478387584246921674735214298
64395514288421433212439623895169731772871294691 75528428281432567371659172978488515687433237799843182353932361317333476
838774696979487631154974189265441494411281598444558285461 295175266637812434572832583698682354559
344 194948185874331772949337984138879
78683539875347698 556838392337649832515235636468931911684878423959369742
3527864223674189923288465286456463927382566172899576941566532984 767324313811674918845584723413729675452231
48551824667267399641951381619691 78997836251972
844823772448465578698445982639268372422668 2822957849611474492653369835918364281425263754241841677413935495969326154823574446267453
236493559769493558736319773181734849496251795995199661526917468186743282776693572652996375287445 8549142687533848768812913281295547537714
74669188781497724 6896162379441851546693142362928963182174224765661596
994851667379122687537976676682844446694512633247199821154 58887855
883398482197864729988554592172444981997318188229397563142 219721288459516587286915227524947259638327578669112233551753687931842294318594538668
89235232118787195622844177471 412779119628531817785366125478
4141745311425271317472235578242753745682261683635432551 12114861773759975754992774447716891164438716555425391137992388642833817843754318563456286
454568379135679219774771417485 3688325522452239491922256829918582726577
639296891771733289785733713821188642969488146531613426466136575254917884965549 951769798318864798626368184179643833927174352811284653913281354982679753151816357283614761521
5252622254976462746846687954247539679715845574288286885529393 18557185591936713256759925958691833296527129933862846699149
22691335659656572916443357335931526264456851878966758726621341169994269814714683254357879 273631943712339995847968932149432116189738612295627422248731377269867837418242
9396741763213436817244649242215526769597824952117758 85627755397124345756327741531556492
63475322324136854739159993991496345366857156428834318249569495621113355659992394 946639163918628259943919124145225797259916146132854857239249693882155934294899198284361691351917
57683293251943367812638519126369977365951949247 898464898218116851861756824997757577616926344889428812996856239713534889478592626334932771724834
89464697758437643317848415268727126121328345598944899594228387463519158394788331373448367 63646334317459537941325261447495147519672339163485416692288712234832429125541331671772546941
97595981 5495596465177455718467424897363423927276473264521673294154599977446447545669
13619924133991258769495612685954236628656386824138983292665291581963533 532145951115479749184359925651826965384724582266917382687164719281275
15813464496169382356347571334913189853 46189158949756972337515359141378593245593596883233849236165863551696688596766465543546511616363
866294423565916 7826756862822343694192974177313147
38687498441214783 52771862934242276788
523452239923287468839571997647924533119346269322727232332376 15637439512435848915556387192972852827477157263918144928181595965382615987115152626881
189783795914911171321539419625576119662655377496586533271 2842123962
4751651162426637 669152665168544365333298147841562826887717637864192867985776491897821
688576277598525712934458624555785967728628817129423627676568334259912599236358 96985666953383934614525657755862246444248583744782368895185
934667943954426446361948588539663116414959593367577918941265775512629523511593 3454374215154538385255792424833113699973
26743958386627388641545121141559897326484365847144916533561974817543436424995477539493571541236 71773957488347911538524548627855444425942862398337289693638375411425238495335274445619453522999
446625291861448665678 8911629141231
7735473364864431961656128552873266317352261878152183647788729517994257683472627983228947794136 397841969512991313439187673741842514534275
8829 5583932758227182919639275631935622657595856194671654716396177221669648696291632499885655929546
7999923127722386961888273798628258873422128511939176132116183785137 8923889848485
6 61578112594378319415724183151699956842234487189512487151884251
82957842272372611167145321216924774488 4932862176131772868297438583452289579291115899866376536737832451983627
6979733983517658779869458913338595487123114338763395985147628873122211 897235337883633217434838861357157642245259869435178
9998768897 11814761799973919934244335611687843495468918892361571
7829494524523873134964462495936753927899936517746565592967269194244355993697946634164966675947426 97
46468371956258958482318135998182972416118799426278972338993243619678988531578994965 96196187314649726822844511126
26591347634569278267261726424712875984489688847113 74543
79536157229227161898566116 673531299526279426761466658855261874345369399943558461838877
1982514173972653872 583352247483537634766596198349425433222638997366311788297675313418287253162656291973154822
2131877115853749885124151 152549332224682744612381452192772259672212712739225963919429647427865588281649969849498819
91759734254911783996978686919427262554315453432979576141814495583 286166647246964476558851439959513389727472871873736587
31956271977871 59392381732812115453987398318696
3719561499593979564676653871738472418399941469365632397413 4919634474852424695543745232587988778753996111793127879281728474
6392557 2471636522927389186985677786342962688718557882169437179671673367471125
6854416861994852131489 993321174977339848326668785482362419689963316981254383957768
693525994786593969838819966891467342216627319767432683158368774 47543326324524265262436171757368653829112439111743884
4885426626111358671928841961799316548999915455266637968155334 68995146627996791598554258942928121773348189724328377188994162852623358951399389693466632
1957837893549899979932347 669483896612196822243929122127932697176584476835544877913869688446963197433383821627488914662433
572556786325799238533869311864743429331752487779322521494911582252945639599316524221793765486 85645184553319157138472365
19373495992325782765919759597193571964241882929261 94743115391918444957141952426145252356525248
7366875 615977235415464429481149951177974959999451488394993938918913
56963877258378448415989925424532573582396852465195 1936923539914287
4634736319638585777571123537954556492667832259212662285914598248867945722686589335 7243942378914225294266432654573677283
816931922372747817628848717719231488373316756465873 2132553293783284417679621443564358239
8488175942233465778258699247777797247162585721732623333215773987325873887556 79211485948257151186245459348256785565747
512554394348979911879419241947831536654796 25592188767664351969669539549722353298546432418763744288667671255454321898765
1648928623513213894438867 96597382968964287273652532624215643497455138842394596
241516725914159116666365413232848761693895824779667643953612289815628885178876632217 8918472468592561332515489569261812915438158383545355681567835812659949
62452436216161661931567648883253268775614333881955929254342764611433 9453659299994
147595871366325435166471936815736758697827 26435415552666571259581126381657428132589933429
8711267475 7926752846588527926971767838181
2598126377481656198188147282284467495824255618849394 391125389147494
6479928658645566664583692523174391671955295869687578391852819772874796485959 4745519636169461544171347444476474216338929365945982923447498767642877918721911435774
219836937644169882694761465156776843571334896287315 38764361794419121761385167745752517622458734998984284659331674
45193832357934335247222858788771523927355654598415142275118464771868766218327128 9114381395253699257832283228427482772413935835
8291999791693147141886643631554179746895487951618892637344973392517687797478925669 7935562
