868
39767775122992189755783936853711689912 916851642758129642125629529687257665279373829245663426885655248366246253514538694527642596525929
32835547569855779177435455525795884861843516628574875285 18276582397
15941452921 96369811
43716425749461269331234791921189836276261662 3855589946671655411677796458391993443273
829342436837 293468844764781714842536
39212523634572232514892326322879499531296914432136572155166852917598356925968661834111939434852 911912
35917125166426853198749824433382715282 393379496415252513145821888317467654425628351154391891573
38278634429154588431542998792676547883517212274536585449241532464754474318317447 451954332275513374
5965412519923699228616855 39885717
319296167375399424552744197797424754339638538842197578366476811885417356423 49551351687732544647779752612868421959486793884389216668624948429958159335884549755294681
836684258844153841626784858371544339371974487796356428 52862132445411269
3168397138242727427472181472994874577945474424423438326855584169 696837225625488156745376542334735679411241762998263858321861157629693165725
124717276947671291446199967696916756771211262754733639 894837977967825281228381821833412876621968856724267758785466128433639
66537352413231818 13784458955369917552762856455148264565675932812485345534797
247788632 387598527155543747917363
7945636331835749375587141771496863639749615489762111784184544777553462598477223 1447715775449677395522681842763311313725172751311241724786487881557951335786539992895115192141
58782652533667617 3
641224121545165581948286782914448879571988722881532287139657448129971394139 87364198275658225443861253281938322794686853143373218
951363672469564233235677673694759185278254345993136476279148258755262857841371 9968258181965721364681388433963541481946926584926
721373254868856414233916725269969828232293897974511713426137676151332 14891465941719593
96829588744935696994748948232418584 4532556864616185527712459382161871964448467674556318544833877172221433684622973749268956
464383165935951664464372752546752596626461948344278817625774471231495672 34294919285848296361225941126155492172366
72284211118371462543561942752291644172812917188479734293721799997417943795736131211674461361666756 166314391314897496527629626372761843469713554633791236392346942492979641427
87358 3176731183689262682764589
7258741 7519
274829217598478899463966724922212576149255261637426132391245646737781673722825942568641414534 922817735812
6985296987341131474 9581571628882772315659768527752963296913757771515739419
866487766554948925214752659 97453241533541635287813537627827433328999886953568686694521668138739347366319
876557 693831567717758317394791342324
6414373733633271587755727259376899995166917134527451163875912586377521576456447736481751567392329546 9656422355755982129135755552576411282237154955969557619551
4 535374445825612
3396724536219877497478478526337348761284762747281583599463 349194439926512223965344354137239434228388826561
953864116883677727593598661777492261368193 847636194382182945874958182763842647726618221598613248599386993428617199563552589666725
9188114913892626495299359648386122271115838349783315374234788155431261411322899571545917 6656554199981471525569374313262492543435787543811646953268463971442761458448417268587241221
188913212884877438 88137869764519184781328673799844877315514996157443
49 69944381548394953227292562462774113564325998593324743894941835372416155854696454651444973564247
73512431558498158726384592979641 855596321165179848618686563217254698615313186885699866236614344826768257859844161987564
784 243
1514173565313538958732499267797 57361145926121353545619272388999667
6828223892882184945281773 924122642274298499269352611587321482442
57348939388317857762929649522578314262481538297946345759818416848389742863469498462378671 126738884532357255622957622316299722788819526595965714624925542289836942176575877428434572527474346
56289988725 768686229972864566777587176484241587856184491726346573932128987317223779134913219177
63995195866541658799599672864312215397652248983872434331793238194783636337563746327551257789238366 11672447547177781817622684733944699323924764219675968
495153298331191479856612981323588948231954661261212318639338264396264897418447692634422282 41815348638669363758671715187122
7119512945379632554891951161121963933381635325419199171464155554866443947155672143522928941 1421163938894523547
764355411819456664925172222435373844234714 195691925894596522856284444863633
682144829 16952225387519972644463769455488242513733699117611777225494742
46712 3289517193684621572169637869339836784793116992777
37522475158416279549133552953865 9227263694762745
6922843719 98154846952586977
6153716159162128422592364319737141797 38553436296956323992429996352443884862913959169554218951137388728815266691635628236721
411698872217263315995354699617644183768947158672228991788343 551344521618
8167855624192492456799676613275136522767692779551418758753977 54686421373913127434675171536574723348342119135522373567314511283698564672357676516
489277141337895287987995858648865144387789654156635893134363223799 392824124458983194451742338611
25739179339847978931315558 21137293744351434353552498972668914843984151847756147781949689829982932188477165
96462346411837189561593775897493947185214472649578534826751 2374748851277674957386
2162188651672219542128553643492999474641 152858914988163988834937823912643682375541871284194325492727541231953655528368912837
513139682937186941328749199696952788459738834394746843419213728 51374934522
53587888649652577261256941332283237567243362218368317827125365239429164141415653379336337454552294 836812843693171524362565499
284337273235749616543933672157681863122512721 89548958176
331181377111969714158642162389371811438587327737 36176114947338885582761341965983455877699511785148454324271419639812267254148826487721332433276
55119596231445937396452532917 12663185351668671988735465388473885797314788343165816741291259356211344293772195966
972547549371334676379884954327757679 65644611166159229529589342247698918612833652933266537416462881337798368968347419112659945257545132
219765918394582345676459622678827239346518 949733835497979857442963473185991717185875219455312
518283744486214581368196526594892676811586532683848137786648915749772727943351673852896486713884 2794734827871516266752849225718913895128519296379776596829221521968984499238588813276541
618174846317846534547797923442227185146656487691899352454194476476779872 133729
35422146583816764327963461161 5872995712288236537834
662965353356176966331132652458826931314725392565481554375467927324157168446651532737 6489665421111713
936396196665524263585687819557693933599425461998913773 324562777295766999491871455851851345358474782364261418414618633359458124242465891822267371268866
2163787767252637755746532572745477845471778261617615977595224571694 16487799622712271249163697848966648447
38 34672565448934174414
2161196114 67168924651625853
2757458791249557439221271877534888891171873669615668715244947615616 2778351113783778287962499138995638157813129483845457512348551594834273295971519
1333972169516194889992733862757148238677694758342366415392848679818 9579661652461336863459516714777269769144564781471553265672532293933918571185146
85235418284999766472993742567329866961854636765757348382482 138434973444776822992219162469
8786162372646178884293825621992652225985122744614965536817384541326439674632499 816454521982732
5327252812821571112455978387567598723769726225954938932519168479614479728488465668495945 29381243566521874896439426936488571824725
5 9716463627553923315885179818875793734524882929564218513534174813227984352
9716936452426241388113995238419752436967458157842172689135876733383746471681937741884515 53912795614886563534561481762263916447789658668773772613993634413571181135731318488994
889367266 31795672284167556748878673566947143772186533142269832
2562751691682364551192893377421216554583126435477936774878693597425547229626378937929299958112843 282697624238586767739431752754549933386943383837398373144331626719286721344687653339871476574
43243476326433224794764875177695 348765663957529696465152311879946659125417824645786115474456657113234935816386762
678462294533598282932478968745445452462777772336292918221 276563988952844118658441833619798746528127966398628212564549648
1637285972771339554484386123993347927813738619853958226737214828556743628439514591277 2211616747164383871183489779588834396777961396994
866 155781865416426186329911329596649999862195467864816
9518927561677574173945224348632372178121274873986165351821799432861449966699186 8356826473752669372
6972189777967743554887431561658167189889314644297176415429 7367134381498448741231367316721787344991259245
85957946795784321859525846585847487354394787513694912466943 896733616
169232524297237799496847426651542475457377986539896142531 67738
39215352966553817 6788988515957761575365542938348383586198447654529972779294122896924927938447944472963215692333425296
34477825513478926661225283927794676 449678271558419252959327429666726731128452853251949954591837274151979463214
2877343236522821222663916124663288531252636221275996662985222797822295546793838941699817242 39982386947753115628223587853422282457447448565546184621415
6866186335857831212118625666198728234926315377462587452715646824 279193834516959318571
332155 64155281399921663812657394569567574213514352286832858379
88497935642715757157658327742462936719981163125259753727212356871842 4774542868213446878311835391271638894118383754559268149
42263257528543897735893667812281567173648619964712842178125791613143376126636275185554229245291 438629258134549175619221275418544329398336893614411826992678137845
3771591342996747936847291559693559477512363568789397917393893857594432957718146 72919832353652234354637161284129754485796847264517336736917
94462 919256225546763718691335551775396579181355737766887113848961162328523723
98192823359473796437358556213674121242564355244218589726767463891195275468159286869257 43931363779913718627556153
353566797741766544 46123536
6379844164189378676 7736515974562481573654334828738726162979536343633532965357364721234361164
2185613 463917695376346954314877519784613669688915996918646361913238879841258828
416574947142781883769478916375846337673787814296334954612135355591 76687417219494187167933342821853485438172419122149532623286457525214693
7573698189486227193598193722651219787417178137358666942547452 669216424919887635812255822914519637224755249777949189925548168326651622374897586696
727516786594219888349239954871895226525133329258263345439414421225921992 18579527328587196241335673117987157847785918787859469123811613
547862936142779231154971191913451489549918463181363115721454834 624978781869896623923582361622896312419349785555373385825215352279216689596883248727754994
397127948994168454673987936794 49547696974463848136355662865487581582118369228131696312451265434579126434484152489339343925926938
54161734532124498644595998438729347971474 441674198387531921
497628354396393187215229513191378826218964718666226938742838 418345849521734626259264224699647472488632451975961653158488457794191182341599548418123183531145
514573125948922948 578635751468863489967
3538998663485644567932513356254245875869418192529532635753824486722266 33796944515566665333168273492691821171814282554399611538685418
81966616393281895996473986799941594865175842997171435856174696577683469878437877173772351844682239 66188835364443244273456534235288487971495622853531585
858531983654513117224379119985662 375386113749363382782173634985141259594551844928269325697684247796859353352168293711
25132246832284681568841442843 91545685532668229814557952155482972298
819516224223498985722387825685448985399521251267435698687727 292172727635965814148659739378682681319491282232715758669
2449918317 68956343399364932163752245544611913985697243957557129442594165489
1566196558 483981446147153549558124486672858527653952923148524859545548783461394
87 7418179991859599156894765239
9 34425628987478954157676489434748898597815637443491957767351611564542583535513311457317646982737184
2642621186521631545325548675895917 297
7326459592423 4484113518864312291512791671946479773881341367136
5375235167885885154679646897171467734593384867213238893547581448355837991673819662 8836164515575898348329981414445737819143779226779122556218142176882297552919987521198113692319
188147726242589465129298578366461467188294795879549264145789982926969888379655729357358188 925727969729838661929551679869853154
819869714953165274672165635 42365197997843177534865174335181354848828866885483348425198348259
778697268379467355942756451592863395784986465511426283793494344527764537847375237 32292967344914638121742627295438211281333753361842566431461368963268476377945
428454527365867651749888699275712452591732713161117361167513173266648273758538259321836121 2284622753778267486354184532266589261171545862394966124633645338873614
6886461882441393873517753442435553361977322661462521524664368881214998859 89529769823856787175689283
5881969132529487618186351599572938846162271886471486748241872747583184879335325571299 853976619159895598865179199931839262521173149523148998237113
1338 234465995371544544617134428499138265131243133978768154261537
715494846792431938265415811524391591246245897916 28989741966623
4484753823684249736199 2414499761641576477342784311353868474475968391788983323539228996223545254819556558645249242
2519286939885164229568761548416325813819474655571533534163 9991387464733317794477964375289783445518512285363438289766531795263989511313524
2565722397488228143953431967242847271396993647695414191272955725 2841571671131147
31867572634775469846983162655491248557971171 868951558964257223199468342769517382591319135912938622817168729276256767963364784
877669558349516194797666728255539747481623846526347438497527471196191 38542135233639543557144621685533872135572587818859692497942694148887337599971
91382334586867692827925496126289 648977913646839264621942385587758738888133772791985
2435847338668961 555478684521748887876888821776548994385628725639448542628592168282787328121672776411945
9855164628114592754541184449147441658558318698818454539387499423445426232692716942979 832598723255378125617966697185391943464486169261929726447475769381598546185389472871668929797543153
168754884573475574855488498343969568126939982229543398899313876499538 56686167851646781823733799256481711374561128539145884113938
118884175926199915937856413353724175983562175482662811516543764466597754987171124728595132493236595 18181775119959753695839623987822545495458842586521698678138992131734627618239836592456335425761
8193536473 62393992883661853257387
652 7443593598274144488822969775319628624236259631295424137943457533388469
8731762858852719556723944839483359132453492646329438362545963786841516 9825593171592453599922892555316793542394179267359327966833217142495882
38133276334388399897644345185 43151731397626226663693185973513865986382
564493513739973725637995938182859832478256297296295464337952148 54697541249547832645317853976887813384934833837783696232189275133182146486189
447177952544363988963 47145321126517737479377378452721398875465783997794658866124644955361486476193781344666226113415783
39951134112764443519343293747 69544155186367731866891799774245427468467429387772783263721811171279221328
6918777415698294584421217116442714964836942836364492147941558554289418532 713588
8916579141389869511765313943519192925382744924 2658325998797167314961546168274498537957449452423678377583764311615557716548742794399
713332383556661486242923223218831829497548713484941 394524977215387627639683266471581592484464911461585889
264646766242637793218661997174743663442755573257166875991641549373155484381573311764691551677185 38882345227646818271748765847328597476298495179553351394
18683 6545138866387877175432
273127777789544117621614163634516416694182213928764289129243732479385 367812996962243936864628773542575575444938725258597871836338
24163961584283113334721419717844 24492632525144188378713776444315635669715676233936927248673333712388711312453858371517
363895854839126481378937154713674855168946793235657574 4162535321182266732582813
625331396926414321513114627929588944251337944589638799326 51156125619927613157737148198662693282767
34841 213725383271212757357
8495872887848387329754761375488159958836238652 216838481547595421928218949111868431944745832773415568774868744224128562916
58848158671275794511481364551278991572841534886392383862616891426252325133 727372314
4725916353 21413697981347154995373757865189644326633595654457643932782894228872232564857919923144
269839236997681313787225569441934391798432873765 986877287368994675222364238376
855343813159226958 8914517296553622466949525232786512655581643295413699
26861196121569419475887467522866765 6393865421219899461687266259155281665152311788534676
1787362953964297733263471474824319635489634964581978818448649528691446375367333888 881694683171622917564492935782472151236995939944462782818585126415616542221154752672964489
864737563695825419143342547641696255387 2126
825158648122978948782411392441215427915658 21144413576327869329543695824579888924462342244237194476977582396857856743936924
675861166733981399392445452524943935693252765 969979614261731756473957259
512111161431134711358128881811942956978931792 1946733886698196687292258946988579518985916444162238992997474215544551237577
36546941642655386199151233247251431662638918116452 6525968416539128274277517788982139176846368137548138995514775688886632322262852
888913217359599578784435458813 9921646656
516394585794495937345871346785655552574997392419181272826825912591847122678876812 171685689829148779794336519523561933385826166274533497686498485286942622568357714978815
673657135917528811376473 9572773281357663452148453412583758246634
7766725631621659941 99719297315373214237853788765214862518513768378
5554311228436399575118533719525 76226756991561483335276739833844591741627739531458587928127134712418319725392793548876767
771468152881424123738672865717364612866166735269 239772981235856729188474393184454767638595347763881786612626673927922184219269775718932
479188667736138155142113198151138283776343473923665 887498387576387177774851335339259217837184918155885747239499819798574
37 86516458522887776123111175851869779762849518456581155944112393874689744929329
331923342623913687856534124615123 73265314953372667418371835556847
417696715874311866952456886379212126461367275371113952235178522837747966271147 8436562156212132669775616283597421359243366751284882955133652667413151891226468799963417987619723
598644339982295558717482116546241858425138174493876 45964545418872358545479674333789521165964639271938948341593513673861719844411686
69263375849557934641691214373 962929718857869293386518256866549698622157784496529442225112236419873572522843942566
72111945624883649917169247384739526657132268993322195932963879615384152283162725762815495 794951584793985574765724457189249561824
4153272516795851351877161581749634493779442 62575791374561455928481343381457878973464
1384518925838997189 8211
7216359759686557194899893597737444115855745231531359481528668775325569993 35582677375359439737127174513714224318978671712281655866539446466451892594671769
53856778353262693946375494627597399163644421435766839818159529334962292154829543999521155195952398 334476138413244662919744274
241259536647697557266731724768366857762658419378561958597812994463123461124145 161146196948585439523982586324912135248994522267339475423777432885522646713579973893551
2662493765548579368883528693725 8
16188321153171379611497239338651566575996738975645121913262317157295255716 95115669
71498562758397515934196184429965267589365985166727238956294651592798418134293574637773121666268717 63872743485553148387988576595387687517873217438447211395
18373993579275824916916147796984193884239756374793128 15969995976444444428871449929726721158559554353434198737186468719952563496727685217563324533957
3188435314875981827213361829764558 7489694637827514457929194941192942734132716927367842922188655463732632826418936445449669344869332479
1659929867742968383644356977191822228352844655316495144975997532799626362444249879736216764715339695 59328265368955184
9271819988876335643562661247 811767792784193855766927686744335834516244364311624628948
89171694696437463395684323943186162526246323946333 187814747247316624935626293548159835736516197512775793797611856
42732288855899329 38155131881524934338171351818823954491738374656576824736285251948356763259122
277657683745381432561352753366773356 383295324625276233254182346242186188298777477211783
3963534627313523667973434145766 4147471279679189563944932685887924683552237
15124261992224178381766869577721787894786488929461842333475 485838335421792367713788974117635127382886841394751142549373244449514434796977219743
17244264274513756913743139386478368344464376713391424367471849817692423592675539266938795299 4764348
28998698891622666 8888535919798847913557774349
522912778889663543 4589973165834447498746485345261853639877299225248846329951764283629885941655326
5688214996966497927224823325234121917767235378156299934794873784359111635245557648775285 2917871532
61612499966789791624631474941964622966245684671311289382 56349198342411962878967762638589258863427829475319682686919
142231581863149844647748134367333267775165171647675874322425467829982253594334118332 4529972386814915921219359
9575449538283651575654183896127837599665442188336543629347391325251884845583 21253876884
981183254849634616122126433154657345381761722569478969283 9926481154236351855389557769679892254953758
77645939193919129941416255762326973449581734983432643773744399842635 891524239163388165414966935296442343649461475973899585265883848283714519961293578459693368577374
73 99196839187746895275667739958749632528135
46725393687114179482284154765945979797467717865175918191875893358826446899365677936748912384316 82764613981118244937242543279674383682543642422797917756318235891135
888366941621266493372376523591947248541362872669968728975272927428 6917125571154839323884179765917212561444237184178226881724
2136589872834671794122726946353739637751 27172855671287988679831121575182642764285223954856484145216682897247269626637482834438267679
3455528158231656118683855152963757399928142944742947139983121161674963329837779274421113662326162 29174763517877441959824233757399579297914679
134532839773676 819812541648374537977489821836
25565445545345937465386451562786248375368794836813987435 95621868837573776244528462939718823429568932667698773133
5468517238544931959329428143734443871835797316646388316276246956 9827918864998966641972841893552551328967522931
528374333594394993878139115629313954773596854867111457513425182337 42395856466839992512989573995789175293592788569291713255472256427841954876914281583827627854249
8677899288621116498874158539265325781467273486992 7494657735881
155736655856391942122636126 7361683961716711898379582963754886825244318344811734512274912258343676637175517358282
892688661542814471896265413619432295477822649971522644884157964269 39527848676469947146765849273181925827
3868295718224743587441768428892 25827992461356417234693777993871179
393629314821713654772812539899 61683427186198324758678836273515173769728979193441473
4827616663483721996763 221999371689366344752149844864
8515976783925881585682192332191275631659511369737723564674117842398874975431995532486242 31985655697935273147556713424
992993332 25642944899139925949611154474779519725922649627543669738167224518261525
9814164489298934529415534534699137993614121699557599666237533671719343884648463462 446482168286485667169453724664318363949574274
1913588346173749996453191731464648594235263668146215374618559245962944976865127 3343489938993125648633622966935718273547381
37734247847393842654474431488297576814857553929619577223158217587854478654273522342 834711895566556886156923638744529221622169232213899451927973
2916177 8466358348947965353965938151256912779699298882995493
5757657346789554225422884286479931251 742233724917294955276335378982142348191156514623718517263716456719673385537534
42672441595514862839388727227625866196114645474326396699531744628569295254556 64
3735354494998935516439952357265581 999741952888195348567239992
9748417258514354536328842669195316119177889665677219341 2217683326
59299472233159348212747359334996 7143482482527954538253533775195692462783912916134398975824712957938736965791288
9351173929569833281476157962823333 28797498849585241714924257347248874229177385523143755549597194842975728571279597682795376773946
39169524449862598231274827848562523285872497835533674761121497569185326513442142489 9749888843931296385785131263563434554927348982458786981
9274141582552543583892245226287689376976298526276624398717124 637316266
778296475432376442948174892246816647487 41669295585788391666715334668375568731932512322625779575284153181154553915525486886822474775
14192489535319177 449545831851336696913248176771884284716861954465644969192481127869892783474567522862543
397992998399664 17628158322684766821356457345821944965412764531769857186715873788497139236752687229
34276194 4787324912792253253279778339676494121
36356531229462416372119655351 1842436999991744243449842158512938614196169798123746116524128289592
53189999991634433466682867341199856171974754437917559561157 755667936918785735511937294176298318493465919519319259678532
7245486623294865484647772647271429195496931762443966911 88341793
3816297721787194336486138739135 112119417479147938486964226892688126679283791436297137549743379288322873532657176127112458526141
939655138211587851876891592764871222318939873423499187882139149721264951355516728464959892843 8368169644123958258672364778968793691172738486716215181119748296863943736561811
57685172732447654153129414739169299729377744323194894669 8263652997538372672421992
1586663853123717733522933756929716944253924654144561679781283152774 357788644
66179948547721185419267134876563139182292648725672174961593879217473448225769862679132782 4134
2558478984872895398856356958645 57975289224886346641883794195414992936826315963158547855367817611592281584434928116932658
299833194941689794885252728168688512469139438464844589625165599182529185862971374 38178691148722462276176223498564317577629562782346
251743913991337634938894877599941736939888574495954358594145322232524389842 773293312521969522368548922947832277855377336
4 57479528956114467568662471462419915948476858168677733535768224991526378799882477167978214182674835
6148227 59989584333193197
311573431612229166515611237372736946353845383462547238663171724821394957167158 791417818377627148615573932912559147418
444779798 137961533218712378394173196566113592835242421624123
6358798882865578244681112716789678584299869844935 279619739364991595174729919812736284
57612296887325889357483222279122711123877557992921 63793178373863856671393262576743796365313346615775655512923438969683835
71187424396852611669558375294487872142922381653831 1492716285597867979632188924578841114316668684783294611627284159552419146386139188289872
66291829932947199915664445375758256622342992379578346511188682235263554966386995949128182432 4836272349949275913394656264677354879651615
26692 13373357391727369827895813741149936534434842955176171156159613764631836682132932
42127318381549327138699311685674729244416688 2728554889
286943583238 325351634216854412585944347434
358774838626569634349377764541193339678755628225136857142655373399884 587469578883168557716122985129395479355961318368125325371715632767484616393127645356214576362173
96265631742996 955416325329751459521156289627772851419532463978987527521354854445687362367236322137512456439971
6938949863363863129213595664971644572358433217793667899741134915775644281992259724396799444674 33359984465279599331586656828611832278313412364921283998375648921
689986756162853887167246856779926149974925765328954158456284153954333591193695957263464363881 613259728711655353275914619784135867433591671581845322426
6792875212876688938956597341168432922566227518 667884481637265387328375512698715944849462551586628155977936988569758565593264993777438346
935499727924721722974762515535432824859428269763174894872862748 49759349131947876266941249
484993713972857265144669653739932897645273438447837911579186131298228444283144456369293572 381285533338588256752123792686374187
6 46679124549739964668924383595296887519431467395281958361556918377479197959317181883
31775 38221743759743941625892
526564411373364275844171351962429365 412482518914154977288362322821125833933119595557274354668569357712743617158763259576
4 558745214
53864627559819528246563682371773822834877252169414679196641436787415384 2548744341249482712364112826654147878564451612925
72297118666348949771 34449822735753586255574592854643954
78698423869751989522586598443856627221612725453928984798445842227633856922673 8754479845
36831281113321346432 3934793121723518249342887436367422937939191875589994141989
734937854532426448521511 693823237685919651579598556754344879298621481554775945227755939239325238315512858239529219734917
1267122529857492647123273551922182554637575191945529423972665358998136557 5662434814733628529659449566614669971123535415566212795986
255981287733294355688227592 8312717854641222598983499373348
463811222979681913151554939344233997569565577486 2833533374
5841324579818348617118 869523835299961631342172863472419718753187748474126
38347342975636974 993357815549281329393554863676642363835628431244221434946787199329111453269
478725579741816928882527819286481166938452923838397454857692642 4743837534892335634176245328358292966481
4617111241518178679558499827174825215867518889446236396 6156696556
48292191895774243376318276486 13434548795858265949588516926476359541268
378387491271173954782349127843236947755577116222539642889753622929531154215788567434 672676597225211739392159974849236853659995272553125432696194913461341
222 7967362595468683144528943868287145849193267416912839421578789359129927843255285156677695
598858893141435767968413276817983194515739696242741458389597 985417597796973992843299541521955699888
8728461398488279671586681778677358885336796989146731 1813133853417243934988857
231777474992116672834973119448351244372811 77831
19382336494249546933269811987489267916256 7625181181317467434562337785262979986418369642449424446146943499246426258525129475
41568864575728415835823375955788215211884137977288737738153877735266472824653 767946747749395398625166948581249
769911862416942129321833437 342659591119233752939782853525364431632942181532644312842299195173429547853975369858923952736776942
61867366297139971296727417814612835757772127453781755733635164937643128577572249845312331736 2665456648397259784354874136817584482562985963774862692741423531999
15615456639844498115786185983496921133321825662311452256595986 646511477728932368223365267339445397621462
7541265712438673476 29167581423865326571323313995793158254629617553335589752254312586612888243581448
152523558834127432837795482244278819777136234297854319755162958711752952998925931391546645374 63831255196217331241286873152196935153645989327493211132462634634212244785
2269494248634611967675492313521689244383618561742714647431122968782628617235662587218728751996 5292954233974367378164771253152289974917964492757217993141529886
826777785167586582225195184693871745158195 28559385252851357368779595938149657351288
3174536717489363548433555162811631447 1911533677672259232931836667953663616278869532452364
16398395481761967585638 9477874914217569842531493484219158265162654369685786356339
15737282993656422448818366282991978896248126979287219976264721 184653745833526226188943892257791879684
396553674628967414488566593519534 16821779671838799144961386375
326318248532977 9824412618218657921943726767213245481276617768765559577114929
91981227952617523 32124387585833294397962195298547737341325386997596345684283881153561442931566393734919324527132632
9694744561429324597527511824489 851347835665367932611413158167385619842296673216361882982829194227127683863641941121
57863879163676815159253135331895335836381336714299912745848469251222719714684143 2345464912824986476741711311914399333471763273334991846794154719642541552226
7561679699754767975918467632611393416894637 283619798968399393614722746419891179897198721
9793144 5943419125712791259771353447293528383912177945611237347241935996175139167
6591787763536643483984337425882381811932862988339932 1253545264451564388898451
819986863548545261768813193795686465257648198767942532538962622121319137741352221682335194465931836 748389274437765482967967632464554257214837448694115533418233955698921539482456723348566634531
956454233492553293344844412956921933289159831291 9518136
37233493336316724969799225214826936849913444 9184883914519617318141648379243224282897719298556711417231635994217147
1 46312622278721
5858693753 186268795886349638522654494688743517
859369294546197362272199874144682135291747858297129632771993923139584 354787967163352328195727481383326383439966437539167323598661152389318735
26922442383556873322294281142873762966386453475314464321351 2668196561951269463811842643283264278988
876691692637359683396 38799714936142694519144134825479516187228548216584734283945214489656942442328593
54159743499134296572591835565732162 1249392771364898748298742478196153147864364683139973832285221377192149937394462423573311264958376
876638314884518537 8334168237154119614692487559383835535837792855857674
221378865 63121285274282554229558725845843293636414842388943454331684
6397322446357791856151372 2319488511775828532693483181486687156
18489444864731452496955538297447549947153691742853776567625 9733473668944741882464576187449881756278245982732587247947337351938956359382126996871798887593
2441245561511374289116 71393173882737621386314314854976721449554726756992746258332519264658486974299988
191418989378579158133815122476282477475298343616 663693817464459531267396843896117226292746758
615177313633692272713574989247918 947769868
21334893828777195942711585417366 2323264937
21763938947498876515648734543525611678281687744233 3873431184453147196
5497644594696536645299786497 89718493173295133562394639556251374817429744585599967424914661762868655592
9614148885636248538623 1728491532694925542341892
4465656321191716569256331947657 7752642
997425871321526696719326888996614157279235667925935854321269221687926417725662 844
4865211835328918647737856414313493471444966618258989167812872381911873556682177816756523924231 74235965
889782287791999459175172238331536828335844576796263 69626279429188475898741443481462582813256416348286589396969414645135654243
9596536453478943276747756964112837419598792359885999 69248913673799913348176338283312
7272261527637546793258334599489357132 357113812251678635465232643452346647323952
14435979752232962554623238528812475633442749538148289 5976926967144474326522684432548489121835631214231912496195633417298641355
669382232315636764578691193118566141529527572398826226365259355339296299571528311449813214953942 1288875618459173498729132517813758784945639455398
189491673214564692159926386398577767695467615111142523644339253828932964213651 124687985416685681267239442761379417954524734493932691679687726449271945167643311969354154
966594735977877627438585548995478738137124 75844854821352695249815412494328314761573461692916474392767291791981383229743888
832366579671538524223239979833985667123516399419387285123826829935766941855 863483654864659375598655774213965193486644475161398924575165411348319779889625115
8569249816751218892312975254677323791224126654994975529783587832 54439196
1 688865598328396927862451851475436348672376351557289599235969576135586568392342642928292441533
869339922993572156989219721689843796893467666736531952956229716231591655169296527467 927354
22717825368393352758981694337551256395574446134272589171221534236 53
8146821276471513218917332774585726914771 89586878824457674818211597159728347863598794765
4737792938179844846746815292129 8996922751229119617696762443274844455412768474936557971383968698642254556589
6936664448944474992666392239449637774 72581399545247655126183357124631523428147735235833756192686286442123428866398
2949358447337212723877739164213397967524829526519517738869693487467287635 932295885439322981916858937115517481
5913597719446772967831928365464852365181477983565393886143596375644892 883357688931464648
687235697744744294614915585418122 7212865416535746675169826265141711248256432533263113396899924845
213467568419228478453565358511921 3364981946174
48928341933724372835534674426974652386329 343632624743267839816426914831494749319
692447 21964677435763422845678944538759948929888616437741887487887719422652782924852121957221867
9539641569959281812586894611217519196 37167924655468556561355
251196495125462829926569868477799956589851672942 294688258686317297822594868135899171394111195965
628478234295544 3676373454737696912681918435
144829642282698934384536245989495521624464267669425727794257858214121222594774232434269421673986337 5467466897431831393485582853846591718598265281637771773879998725
8419446775452476397998338855783193364674252588884448524699527 112755499284671655868684965111988376644132229354981639296972568219591254689394466568373713
7918166355917344575 85486364825994881585349874751244
43459168978296525595735224397383395931894575713165822639731234 118229
1358898 63928692697881892477891395152775731
44882727789752964985523234963991189626223717721633174765587723817695487493799357678121 64966842129211443346526423686612459696522653634671761279461466442983
99814 1169153275
127384349377723326913992731778339597683136345473963891333729889291983129827 3445521448533316226975732143622845872188253835836977253494745418994512168597751447278728919838815
254813953874383112467764613832875659438526533115233376525335632758115971 96626973487437
385235446143994357182235537899857546461897635472952751878148749113718489739936444279993691545166 29324178795486158168898587662644314552643736133713122282716665265455757
34625377523174554418342578 4227344777
6285985944414988286713649323234745189699479514347996182463249875154934923465745357 972554546936547875563928931614838967639793826
64373 24661236513839247491347191845372474444311865887811174125343935887637236473413582847
8337588267774569998417847422344554655447845252347863521585762972975382616454281748224897737269 59662368456569887117138992947114665164276449736685229994429863426858263659864885254221863137
679362732458799246763326267198688839717413737422491822 7126615599829561599868426882593658552
4419351863468366658542114241281961952291517713228849612155643937828952271 9347
1252383916481137775669379762458411872791961565226 5922347212429842617121188775326475459348593424586976798466
1825279143584386697885828881867317324243321411593 56746883879471554523248593647673536248771134352694485921798555678273152577524732437398483737381797
518172 585329233244157969612312283991454796334364844231969913892819
827789393438939629 9291964546689423846397485419658367384929482325146999729935688656223163395334
3594532274585299942238613915521582559179453732932577319285784863892776385295558 551997176965653627229238258725691471421443385281336445924768636794446757586235651267242231617
26957535457935487723246911266344 68739317684771819523541194422895356773457618272193564496
1473187661284849274485831364541875636211387442683117917632234253978653775786716145616 23
7313488917 2858131961824721767812377431265837277988537759174372795428848427447124892522673917986257696
9395142511894252537 77239127449339635443
129337978394329279581654387524254587833398555481192917376524883595376774184453 1534256874391397984512544551436233392897141556892621475738588263741812761
544154979269274545362373283178442683215346214185336389943872768396135698176152428551617599181696 87137287792362133663916965317747422159792212735736499336914915
694494599268399964 592726364266159173636588476799697884757761776442321497269372965945744822799143541471218649
77748366173656282241565217 889261462295861629437311889579
657561132488648847139645975685882513778295996359182264258739883634 66971632945536595931
29185992193222775181347654794934353258499951766972 47689272377679198416223971296739423666699929369196942274397
672729618353267526238921593794525913465823116741942379935933191742148974491822696688958759893228282 1345642552677947863626446576715592356252775816537481257253139495553368831963618687568414
84115285 599228677378957549837556438616695732232662721412169161262351754791814862389615794921454869863315
316575486259498782765 477114249168297614931566226352137476625138763
11338658388271749829988375966851927986643698436518298479694 315364163556459722579345875731165477511695187843795189131974987521776284238573617363341262
66291395325516187924596428949917822455237 671511364258658365252535515958395842895324536147729178868769726326799585855295918
839129376852636418245524617171976721277216333745464155795631212945876874727239847519452535828 71423391872348787138299517412595
659216195433373629436475 4569519395663968387417322232313354644133618533663564455634735131
66 89975727715729963756652314374544161577415481
36784869652274959969763 4386858455363581367195753458949744176
925781941233452871768758819393772434988592568898 9517291155981181254797596162212626956161877731929829429617276697147464712912287334166448898985876
9211292386362712969223363712152468774817244248768817138 1563126615763932494
961624774825829969354767 63212713519394
513951221827194459776881265818856848223242812897872349894182258626633663494992627747 1833734629697648722557988192792265
84697798832233999473283578818992956887475962763843995412447392666784276329758749798164769418994 84776496991673187219333939
9837845763924899771558943117375765278733376639119975713619 3179722341799883245994233918668413192282344878444151255423547924165799581866126526458597
158574853163964449173339217828 457931231867429571191965926384225356995899879
946757643579242355791252994418659296127685534762533742722777581621967968213233864796722 866494263797882398
6833235282963425672962573638712165518135961532532733395792572682627786767869923551415467961 48481151779793747333417457599276959196864914424445143845279846447259775846939471216777947433294154
413143451261499339334562973765214862748293362251562276827579296373189588746519715857695614912456979 55869618325526726741516942774663333885487356548126953495215438448462695499226186421279814446
2815244612752675226946883991611399512162684772698528211385845356486874918961632352617649521677657 475919724194664716997956557992848116998515131569331216272726135151355279756961625335683
3294859898818635144158525483886292248412691419593172533435989661485418237396 551862751544436917899273553598
2763996157385367 321322452792173643836
443553593641532519991667755179767379948537575732221841679282484277 9663112281699978445941699784459912744214263949142438729494326182969879573998232157429498
196427833481589215918 88353326123193382252789898329653752667754141684522
8373852248512494877487535149792738476393289258546969443571431139 19798756985721578417253831915957432519724569332454837287257951851667663555487148783711
5476481472117374269 6374921359215328235719775239867415231959365474146321631937593815295
9691147656977289914468383168323665813613733794614799817 1421497568198932519
262599446155739678551535969779633942 846856954438141821181187253275126622234824739153455296261937721462741474334241461661
288646898243648595659876633575143141931576557246191673224233272248626779135616851 1252254654327455379843433555981999484314831898584628649927764961176477264938
3383218183438972683994386174248442595534519633252333875335792462386299 96
12773915 9779349781819434314153421544888579132381136
55489829218358561462381384392412753914968268665 674374966929261825349845188378614755114512917491875
94228311195616147845453257523833 72416617868876328
1187362339498794339733227596398724392326557442394817569514737762163445655844 7391356827121439218217829282439369983476944367958194762796327244343175377917869449234126425231277776
1429968425435864918698386224223573651386668 55726
38812912531 583613622919613843655322
62593748558585188447385764983545883447344589932322 4485557424633826562671854528431338683372158234215788325579785812717152723438
53773553323725896894874671251596881978794986888267492459732436889571256611 83863592436143396226945716146224142
1279827417 1279564185779398976889993744
2885547768531597492676995634232271122627 36746566692877581231457148743952246215186862316282198691362782778554295159253231779458832257
6534888244656638 772225367214173267525657897641832168721137374145596544824815114618969134
419676528949744996282693942822911266362186 5613863733989
1747421264831991862 9439867838911122392253896186828555
446318186551335466846962577259635 484722727563871631364716592667877952127816525796758588825224393245475583995178965
19736278686748177589631328 5932925774597614819865497521935716733924713979262584523382185449942564765
69754961194167691738 68236567159455512137538543716213914238498396823116974825827751143623434453277414731
76192774691982475454338477655845597718917963 9
6254679983919522323421981757788161681392967518991882614661768555851523322935248 18113167217181157178177666562543497438844272655724875293119533
88778976313521441917118373485962394796128365299327741288592425482789469917349967553686869293194769 91717676815129615379924984783178218
65319187799859998428769323126981341263179149716151182245 79857778887199313683148595725332947448372428748941229283828972189944266238
915959196467841223419512458164875991697991897565616329735828748163 3789937714263681616153672571812
1614145813344457777642653666626112898383287152215425956555228932942557855137866668848859425993757 934669447883296352523676118898178
78181193749836585463322523974 8797138824336377562855635164149745263744714931455584529734932133583229459689855997715659699595846
833471795455193763349729536224798134625461529569736346177238671882819921558192179941432765288 6168916
7 882569119445993721839619952422428361398669471471853246757831334135
97347822737267187173193819351822981 479817964328658287618818935839445214241956645312934
1335135932326987781941978784459134744883816529881111931249492715126767972875849842178229839781435 15643611435114341782719334525664683691424533292791811757844764658592554743138766764165982249935
3547136645256632787696417162185366831856783427453897465693814779278875238 2468767411124965898768768542
2625663618219749472626171478119568267359962945624654459145979213681152691195785642181982214453945 9141751151372661462287545425632596713694533418884678365653
984894477 3794722425369485337654267587121662669786752678598247912814211282434985547
11622953372519889649651152886937283677297151698253163758457742946521668 417192734562552753
8997985229696864447982595231462632747734764536992274666317753133537744868 422822757651278349934467738495156742426929699853532787331737287339132841922778716268648445726
119941879669274564976174 2877397982479148385329935577248818
91664586 3218
454618434218971818 61665584126823725457263313668445776954329414555877873733386459373114682826
86486722645893258473674395437833751329457244 85491597199685787912866841512998544442545491
544427766513622682293 1547889412467564561531
3154296986979139 86233735687932466214773933197319464693681612389468957354446522487182864981999917197322399813594
9284965966155232991 8523792266644722566164169258852351735253725142
6436131915157612163339661128396687987956691827118845851766916293131837657518687215428881 7565346623618121883512854343972953896926664215199645311462569228793362198361157
1893497841259237699571322949 75631362895568644647416356
32863267287792354769172933734319187414413451155641837 2419852932942536121265172597667687549649677329375472441265375435813525473299131
88356335348764924425579258494757622378431512529312977559891574753676133491823479 33484624218762316339627173348654954729149258744297343271477346588148414559966385992
5436244997356375975572585586638392325334985656359423453233755498258545426932969395397182 969144794799395486196431527884545218462478196348947259362
13113973712244923579365572927157719111888588487436362966418958674743766 75171859181252525625125199296267367993467666856672592997599335881294989156935971331263522935116821
7711778244687885135 5542816833122138157649487831368543421727475981218717231785652224654592447
735919 52997298529478256488644
9412983164434773754456375813794648878765518113969736131 8839463675214461966888442383982115125665958175473437417749992837842577987299285755
911824175177147441824155566695392173327517572876687271864946526715713881599349355437617582771724225 7599649864489725983593765576598578711698365669992382232585432387713
42885869975194853 5464868814795664847958681342791356171194528118529512788
5543237725238622496366988284265842674949961314939 2151747718638976916298797685661648973379452173665999439336521761722289284
563979863452283274114482457158145919729466 63236547393398659665192885932249448243849644721267347679161538
3752444568385456716534 79917798936297322414786223812525564579552627419113195431747363937844522196952764
2343737189686899835831547634563435287328957952669438428516784431894991759848715447631396857249352721 9791485926323859919918111934634211468152744817489964223746526745431352559823724
54399299645126566694152689386817476298317746522845463746463884122231947617276199212831879424163824 87421487
18927973218 289927944364482658665478768346348929629141278726747494711148876372783
9581756171452171446914383565115154261648313797144544963137235883513799429635887976767374313 7675617179722719953355144147421338788641548974468137948562258133284757313671
68981778293922181796826557293563696212366785427376155123649566287763663492155362767694 817134772395714221574783131656124336132863756423478687876729357879818158695878
9868666975154967587375624753274241767712932 65343181983171975864352259577679273329641866
242931764 7648611518588112926399569376789388266148232929354449176451631149348487918
55573886514 5953724198899824842323475213553384734955
789771717953752421998929134743667262567127753226137213535434 42828729254553976918427543452813871569981332279489334294817571626415196662
31642273275494819156655739853182455523813799472611467321162441665746258222 22124267511495329765631412524195874912548849826376362516442192421526751651527274
5795963876888124227247598782984835761 156348883161753592618265588542894
34746891474858464521735373627177668666287936496649997236575835234643431163547 47668468597841488436983426751564676663879575564868779921
253292561128997187528915454536145554478898424599986692593731832829628676833 9122331377627257632653584461123347528333895496393352461575276367811573778349336664272
982495833629653787917181665965374478367577217123584273219632692 19367727223544691237548829223614528971689352649688921557515121946888425769649697425822198195
22649942414974638869844489 57728758889747179381333
36113153854517188668983597816271985588247668784361867786269982569593953796988266256834133 6814574557241974739642555942212384694933291919781682443352782869231185628133357
67657839831576594597 7246845556198161611674371962933945341676166718781946422263856
54193395199664635736985751657446718458 8284695197343896222933555489132719147848456857446628916212616556485141884519591111755139565
7365997519367853115917739996762475125738138944729656677 894516885
89973223982965569728895899783265443356886149321785643581232537416218276569766962918898 1247914188462366538613517839541445672876672814926125263493
171191638479877982278 623522651519596952615247
753521358617479496635757262647 4193166634977
21744327217295636358753456247868464968387472814459353962431423661833432311555 64814544
6345434 59348196343547577674354844834776539744511387773211374487
6574294936577522899469451756343426299517367673775741754872765979 13874278317986717918637968483267843356997141546927825919933112791459762459329899651342688221714838
14858177238818115213175 65111441368195685614334386823112521751723371723883
816181226174377325834844856248183171529633533668823932424598641839559617853177 7318112879886888659
174524376246418372455812875233391242357538 913939442363915254527296729879995864653975413712141966997379
7241678827754897349496368129993817 45334858755794267447726162892966538371779445918
1956263159239351 421
4128822834391941725798389895629386491349831142459199634847423261547543743159211151 147582224484837656967189694836869
338258912278336218495656888885221575251289888961365895627556822338651461135926732363953924 37699464247157851183145167266496148129842358863468768887214266574128744795392454415669
5346311584344715874367396526854169296853831579189823321732976393936628116 53426193457623296359682511493955
712826458595163943662973754 82189545724387671668315829529968968556218513113864728737985971394442212
54374977595369761865767751271 6419579698349161718297787653798963117452391789496937224739568544715964573661674331661
55813453828797113985719142752344295962125544874923418493128594 72697347278877427434846932688
976749436579498266726867258146298198493941 392919892842759422724362815783549223169467831983552143628383235748116836152
895349452369579212937681828787766384698667246266267 9412375849816144291251431535673291556962793864556551665237
5865932634842371832855177657339289841546199347198119824786498263734 41994445659441616142431752776738968679867153413755516649486439244652136755245382549681438
216291 4595719971291
32233933612 53552953232514916915891436296319447284334659214186461115481493184453774667765314876769725447171
9323275881375378724554127674 952744389162595287236955794879568687436271165335535345952547477
132653642323688624373192343532856 116341634473169949665353345571249161883149847153744691311177395214371
6989867126388366398329431423194378417125445822954775794676858119 8868137697
928262318286982839898698747124657284218641363334242956281259224211 56938217723592881875298565874341185418362299167733286813621555983453531748577
455489786419515388152174926635444457489684357372546 2397615849
85289445684781 42769665516329261972113559317885327587336533478247191694252836849854
3915633716284677655293166839417996932944698795948817624495549797749 739293573435794469794521869247191434197269152418312728719255472393297633262999655
37155218721195372146945135978486763993196498165 93755614978943143774123313
83 8221384473954372353317744326877267378273991345741844
68549656492176498288592355933975554568736151561938 48174
73982862672566713894235717332186313826519459342461846316 147853917784741915286468822216467164157542852845365346537481576323723281218856
313776538185854532927281548442225983678876476136993561647459 674125332442928591456555561266254927398952191281993522357466113114888
35725584542979856579987819271418553984437228286851128672321446728831445896313893168498 27556914483131755251796713967655182687586244948345723
6316337523717151569173365362749829554162585 69977794751812563595626524461575254223812143413419886841182537252817845324
23573367868273442964261195169454192373495436168168887331621391597333238378 68581897456648859885519739336857521866894663364781792529359291
5491393887862626593253662517173219581 84368159793432852573375271117417822985778329221156849141134888832216767656436731717639297
6296326346153347145949374177233224796198591161598484868226994593195516342299227624 773434519925245662423283114151293964815396229164467
6113832946371511915938792436622483613211311582653768728476 381317993514843643277624644435288675895327426517568824782867312924
5422172277124 74628695873237217991451739121173784241551974
2673789219943722694671672339562361581449486319132434634939 42627989159293216312327914282839915835936852241627533997395279644762511
59112216569378844331975758181157641427526954414 4772262129896534437
7525488137717358673792998463871622882416963559884681529391 2
744139497 94537437733239193248838534526499296
7499837235121142571976683161957378186929973469398443775336756993592139891726 451273882464491149194149324528813799335355851421816379424366587578276371729969893258832
12848666891544126749385398974336744641 69181332714621697677122388593716738215379277459945272448677351211744
2593539665131323652464663792288745365767898854242522115535592544985149788533743931784457517843851 5194297437194696422412397981914548971126
184954429116271639843662 6214358723743677685316825
4791229262447368255526813 7449169594924632137135747331365946842923268962234941497129476592533239197
66547854829372551683764163753179252346792541797145858224493758217384296747227142386514 6262887485214783213486447849951213433
924968829187 96269977945996763746919823976311854368754995364421156296265894994164927119125183
4118794378847784817417752226929382512118163434329555189763248152564141 86879
4926795597234842 1248558356784522939679691979443956836391
98764116226194189366119342595875622934588191969979678198981434983243592 65271631347
6737486644396692568864123577829596225846971 5414634771795284611931431139641625662951835793717168993752487736846766248719428711178
249459114389412676688887778912248196993195241916912319 778151681377764
7163596656 67854571573294191737354432972932335822368643859452823139843
7671258746429826164748819942574849466817273478556669551938133611 93324328978341568195247836535445216123471198955371872238447419638181649986932
66955274621995675583543154153147519135945513639 78751141195818877258538248379852355663437226666986791279573181973434352
375721195221619634698766277737871311233465711 266467394896774853481339111814371186641388594539347961
46 25947657268799146991737862343248592725722582677975324297827578748167194427
4837954639199729248438 6676796312121292884479255886936697678523948694789917228287591314573973825549442718879686615751285
38928938422547899821177971214253918396493869639 915277448389873753113247935767331684135473293982471
6177525297 393581
71294389842515585733555941445976474 5844116681244731473959
536165399 12717435138587297667577437512479142452478
8143182638 3983398399728215353976134372122697551695642892985119615251298345369633111
67828985151186735483296192856939498258914659889317493185916917655994325728827545154812994318613889 741342226285845118867254287667774732176396265488361477925
3999976998358268169197394152315455782236575268132621239593547762324571616223585428387841398 6889544236669241665856293948922893321764216218215358422573148535449628294525278287311594298752219961
842888492578987856261939162393 2855497164597163681417559948344235631688291495361521699296482427672129393735878545164423391827329179
36222754165911625 78644727155383
9884 1223627353324357584594178571372221598552148856853146966598641581886328
46421618773917496222436521696819844411955649919231192486971951735534351243247528416397 593261289483584299364545356446345955915246889518471172213
1392757164774356439774475117971222161228535136687674368 475382295113555849231376578566495433288829945618786224437432762
8 18418273846656172938616666727892772649144132291334963599
588746125257425328 675852121454818511366189523238582537649687591651296813856748639626278173
895432457399613654 875
14 1942658148844152196113953925831876173158425828514255326671758
1574212684289313495269352453617241822219584879391126945255 832787317736466556281621837379364246
697814871786838825571647725136354218254967735332671877132148224 2784233357855828556811328838163994619418151989758984863935329515229938613899182532542995
74439881229263679695161932151124889299795819442186457651112979 542986462958252537845
552453789563429163933518451889149975699719655833425234168236251248321783935265213612362716835625846 318744961897268317663596867921714528559863824185237338755646896553984754729883379392196659778476
5821915537458588851532461569368737551888797686278451128274292471644356397679 18474792228488939345949271928265926165721539844737254814724478473155
51173772299148778 747196474834747161781589582338255531388784784227
691478866269274279215665549724238424831937451567852324152117835832348824174612457544838927 915664255585494575626175917978817365573
22636138365147547315324635149428767355512765433445798664211855379184535668188435823267 817816262134633419675855126481637661718
34531184646847575191268124775452751261771997762726219837893671378158526212387576836625 936733566429835327
8998964916487545327918757455795412784397 3712518757691441361775652929597911727911426432598385234192516893994116826338513
83823525956918769927557151987 64262818471448217533339866694786722856644
63328535963576817582882984686156413988656668327128254621434884675222265791658 3
95723936135267651985415453725393114238375366715121918418486381761148321212717138517661 193983515926281322922969256545697555329829923166742612432485521226197872178197745856518
997525984776296432152355432312178159719924892147599396683522569881366828 965393422328118636332429686546165415426119119985995698822
7286215761337875238938825253315691669531678323438427126758191881334535 7
585524888424371119345418692514444315958833681923529783 3928595368279416598463646299142592495356257318621635
63417813939295135679523768251535733863447579399324773612178847716868218988442198844181517548 52522651575356268726857422967926147686653876751745294337749721884333968481232325378572235878516
6289737974496489825289737927161722952483249253661927472831 593287534641999766625725662792181621492679983219243985779556767182339398565125988896721585
7799461356873965438271759265842319586731668648679174815912325913629189566143562782222335 95878497672442816749311719243765597812959911395749563563444652789192379268673296337852774313539
44526352736134889844414371976511411444823657559326172256 39556657227364
848635256697313447948237168186 34
5226316525865 16248822268457
7958374796398452925933263912495184832193937993346951 653187159597172
772995398928193597851112228832346418158412633481 592554852321378579877252374384975
46938 93729115521444759565333799677
85161432993788324596875 71127187476739136522446997347517364966773537197452377157688539868872544375445331
743845963234734158118415761798597569658525718783545779642251477352847734466461951369737684 17865327573484922891526321563723251797859248868837244146594339
88722334311189689523122185773 676241758783589639724367761576741418465198422422223742582149955863423721
357873666323488468643297626553742918671883269948499756 15289527195146166256155795674931418328494822151282431649775
55595618768232617212756725848244746244629912699831775769518469523666987582831 31258423922287636692
38666554685995465627631446535327447646328391884988938889922687519112568878236373685 137243651861748894579546383949393761359713423357411117
151168135682195717658284417569255524592632716834 1286223844151326925824318398415945
264836423871823855442359963922256952364711532485877117751563827238488 8247294775132514496877853657579856337596936256666869283356657195177694564
6549457766154357521 639471631718317993121692389698694772151715762734837469276334618894883451
355561983623729391566458861792425736776282684379431119786753362 9997913577274948748578991929191917155291967164481342834744287
674971394793329453732457612883 445595858636931147141356133357378824836311243352248421918974884685
12897776548495248336263212728217513593 426596813462744189231845439995746255117265325157218617844475819551177232811742735324412123592959433
3458411482216626292382177383821418 3448428434127
8599824726566247 945674888618475681312949939969441934291958154145686693598834663553158
6275897332436488336342148984672512483389259589633474626975647428946651365852156214861376465 35796594187629376469326333319144473149476441465585312138281483198693
4412181213421766748138314 76476268867115895338385626586561716881973433135896518813522517395697
556979877748244939957821815298612662477858537793966319557799262215937 618247122555273349578653218316148972662435244389788296269377378486
223494925476291673546858547786298838154655982545749931436879253651932426565284483485972824873838 958143615715266137489334995776445941714196312337241389113566974196941747617291548
9154463295422675246755556837671463324268661279165297869 299323192496539114215679
4833178749973467816979438589338261415583521 6698965639135397181557339684939954622186735454656179698613989731167949318
16345785795251997129738548648255758173964387682766716649642169671456313214826825656331255784639856 5459264517797471
722525396519873356889582614267443148265621183229195264619953198137295568184598171728572373519 9137784775228627
32156717518282412127467496133528162832384675852643893745341327382291898868197633414584854 6219447171211197241978499372536195413127979438181636535951293496431561924162384163138433392
656518295398467316798181481838788573191915 68589966344748542625372469617915489227
28639989565461862457745824945 857318189913649793892933914692943131975447851157618873127341681844976676527157811673728671863638
881776498727973181136112425595194538237557688989692721922161715567571929272692825895146888257421798 8131
3954261668 73121566469468382724778539871247921131215792
3358 56783
34397485781523925659343679362757 52153442268865399683769768649687526427424972772131695916171643482494722815193387441923244117174
53337735354714682489854543687251922753532943965939494311283862641751525624899968367337674952991 31979647376328933946983712848411933365242348494846488949235172971653161564769764168559883729773
6981 361961754989819133156256536433257142892614498734331851815367231744785947226871719
275681361677851424697991316 269149964396776473891466997169485488179327684
951814186783415579782997387135613876854833782485173611174277157823466391358467 945342456253187626351788675282411552525722272428974437
5975232677218286173569282893485934889684161472751459539383729958989246157587827896323 97336214577979918287955215387964
864758952171151945659464344436552957229923 356683858844452836113728235562398558386887436563676882167892367
4373674264449333547853673679572489497359178726895 2492951227229995215485228689427288822995187691498775811199561448698625538823292851895434
2632799625123867249864816876314696858825913471451 2832278941449673431889787824916517771292665928728595354725412241
7738 9886797497259457
7354354187656587983289113477252573632193 23931326521584461821268
25719934588278888773986786714572652639556745913175725729774997 649788865333432568185591921784598387486592973454189762
6485564184977 988855932995862726914518417472658548795412715341299325765581547966611375562736
378571451385713621433424571383232 996898611137135211853287657497391573513496123794377528527486997624425965967
1816868735341123374275633156366697495538278611432771369337749547217412229258172499 642956558451735125768855
78727659912367735128133286877369682673351659446915837195275168131774867314146342849995853296366 6967645589734133826437265882526178761234187975598823922163
94661197316977878342398 1497829913578999597535326683177934625179289113886451547
8173779936428821778146922879889395854744443752571166373351517638442438369536641 6992915988681611389558573955
575875293642963118745549329511763748528796169736459149693777321283922833723669916267 76117312741819872598666
617636869428473764137862661384845454163939977328972166383993854612158 69648111493869177792749143313122183952467
9521673857969917748993351821443472 3624764229458188559428779311473948464374585388731945584312315716275634674395297277
5146814489247397753 598288764879774767792123673727917847915748654837783397578594714636936511874899613626
546119836622696 82196853182164188296687161594866383544563658123539823834542713519228211164626216745946649612853591
86842563735568569443167269954468855629993931695989154888815599479225759753933524929942988129 1381172189483316756362899219313713364983187675651255182551965719744278876557287713122542151555
548763697357985415648847348854134568862239734392656362529532153691493187388614399144768772792353323 76881547823938837676424124178548638784688129258488552823853678958147
325931274113257264388291735956423595851848277858755836789846843612726167564 94469897748525336659672747468314294459625378798867157353728695
63913369216662528518619 42546241715933489785641885389623341465478846827799366537177549357841643868
8 483797616131235112662785
65596433383985568977617483767656887883255674922443754284155274997171321645461 54218485215172367299185943743798232245564387597675522418899741977189527915174476953486553
15152952831213745728372 13625987714526739962625
13171782752459469588716784353279294683431414925817912 6797339819994275216257985188844163516886289815
57631871257195731467246624475644167394745266 497921351135982
9241371 364688866754279181881387195522391646873989
42482421391883759924 618368934839334328522216813788
89236766682228381426459736497954377336425917633635628527731998 397674155584715334339318936731471187435
72388628862138 388679389471843322587159555191346842153768958656291158333812
43649388439488889763616474888734435999526965452257871352362612288891 1844484843897643188485741878892314772413862172982599275677513799373932616462197682422629
1161498336136449219461397736 214843548653326
112717524997965392366169999233521252961834937265648961797131823 924994691129451
125727733727739247154971468177837676972765152185763312398464285592 6686194715788372323398793
593593485971633682535733959257427339385624369 7246742743562558
6343735226872367 982317646
2532227476275296132524939286792 176262617389389871757382569955782211634351329
2313497527826618196319723257683227946133234351587531173763215589145725681478219257 8332715356248
54775127313 47461256195661
56 2334747231142469919737826725399478347966262665975693278
862417994992578967866167249323573735417125557844853393168825117223512525614161222149 5249267238699611188212
4854563752929558995445248426787427157423816979938993796992944215589666941 65511122781512322
6535979469289822785465853468846174156256332128544769187798447355 619566232635344631434142225698376745578539589735254794959
16 979691698119575244175263183891488947544281839634673578292211
3998 91249966572866835578592639834887242216795129588712
8813772768552981861131948697511222866 274786395884228
35255757299335953984614722298854563855269226642268141 66454374575237941379557964133132887346795962398619312147
928622412299355176977722539759373261557 799717118314926663981447639
127496761219667267938715 83255677285278188252696
89354269952216138297944486199868817177757819321316382822 654221715645125782987485119956872393488837923797789135484786259498235877944246726429
57846864 133899114672565396898192879934737571925524521289486522957
8834211139137971529155313944989729448219713593173217978973977311416 64112963447516696396297952393665489912456749973367184879239945456424879878314979629269
194942848856624748136896933628 566563472227629125789363858765916167132253232489
178483866219 3481182748682715593593395633283314638147176446858545431832252748924372551
322641486916883339138149489494329538975661788298784117823917847787237188976672452962735 2791528762355935847791814142495187791587863955445582578246587
1857922116244663157368691158257117153145967484278384864386798476848652955281 91148954165246196122534543815852235118267773484953286844481381211872222918847
2877541386624259271864846654843746231569375653 914633719669
217785172761413512782361458926862454197129455175979679221134851816138294275614749167254485394868 919798925135533527487799688469278325971495862359487855496327284339166181347185138892694
386214563615828789449992952933669842897141375419 795644194124
36713819379635416155278294698538864 666936858271727699147562789111797874218244276464512976548157146
63423929677665872433589794681646529473191293482183339917 233787887144532896964928273448287699758482521327642539184545665492321519486985694543745196736487649
1749736956565521926411267263593499544782748722626767447557 693849239687479866483525689636864282618752236991236516198868585412714379931
3458458771799498673533577751799993896183188926745655642693848472817847962874897434545281135 8289646313633967244667258468319733365
723134552416498211639244764431768599548666345331463683233128322954815514852494176459251 99676283636741219299668892959459431479281536296295132844343554489
382223736951998759311723581727653716165725459698213798221889353947899542654 6879243738226463281817
3417556552736427942357243661564567573545921258373985994927976164 173185823815396739754816572365892444976225937935155369951858473873316
34745174851114723842324264592648882643459932392994825462146457782195384247 3272666726933425937991487268738654452416989374348747556849458493877653937959261439416723848546739425
218949244892392317197286449144353729119932553827154 96488743599656689219758377457896411432615944582
36636 4969986718825489695344521335315862267162221225617333627426277437768213531291437384587929122
7899388295742991275492731793892725279876669136421458644112373259321187277318752768835 96822131496373636387228
61789599899763374498177215337122235586252245611666897143446222312 75576729784696314398483365966172392497311266956179699213312638228545265444829511
8131676482645783922883927 95768494213533831497226944532
3977974473533951599526314187625564455759113223737252625966371789167581798 17287755422681221314594982672289658934929416143419647958693
52694199684529227713212658771547543 68588871581875882614326783631816751
5122412132755964384348356439672983913266214273251958648129 711246728185825175281865491148982378957938267492
7768958516914594741122349145553643157282766 5
141453617995129563173811575888952326626751987783865895511575994579973917492495463315633789929214265 9111156661371596852123394974969719693663314929729825654331168593891545851
484569162282599179472694 63123427253759477397178782345735399418686419
752 94189981451523235787258387
54921683753752782498886468431835363216536839462989728963138952176294183789953 3239481641428448823613291538737747222516928144356719
851775134481946124222351527566813962433911 5442925996285998
8637354871451581685873271181469529281466755 92952
33364118476472924384583282565371337713288248337429111116143 273649853943156683125
113232374268165673746847982751891485896854699441495 6339167518698843566999573952921668176888352277181833972926886498822487993197517598779187476
741985778842143498337643919345133555987481882752597 7497845956227287319899598797232941552742833512713723738827
213748483813915523 4437
5267134 2879412546196662113432381785643998555788956215112486816944965564262166178766452674149685765653481
351126583727622518734562359827226247317517648957464874184346561627613152342544169173268454897 6328312631112444412179976514255223195391483463536271263515962686963
62184212693696798764411516886583358 127511626196535617786538676713272
795559476986341566631471 812712434
191267513523377776171556863146779569375619114832649676697176 5268632856761652176455284
1229425 57568685325725218555946319681335992327379975243924794424521221127332366
33192862629697512439482638949965214114652746662962566932786575727442152 722844583538747947858592296918384856336851614525745747
734698629892836753738431973868956721139217365545272758346613 7727595624589324561434
8454847133637354918482591663295567236 2825388267878969749817584366693241673863991
23536243727983588 35448945341258249715434499757866778469351249756688215113849511273333
7288 4285318484558923853342128888288325163477827643852459599766254774142459184756973785128831243275448
13351253371347532752757426443761661615134554685179474653944364114415487439224654974466875 71785824163566943848
97142414615994796739252894835732847185217369748351526199686144298217 2394444747957457253342139234622465452489415947429583452731
792612956122268365218446534573511815488219541222473488792322592485669883 662822186775731213584536813238245665273545952712
923234776759434382862456185616264857352622 94686255683716284769
1672987744766197483787399954689929419694 9934758596495635879637345531317723453884618214275633215422995347435867642782729549422684397327424391
8738712177332759284215771127193814416 2555568757912924874122683212983679997455565984952956784618461726842329388917799
79974761173 658482483483638524
134188839557482695141715265755152323633868237735742818649961677879639832516714111847 91145474568511319682167623514383479331597792776331959269178978149169497475
55996639832185268127978711463111963244315484225933435 4184374363328865813721
23588323154326355658571529148114782631772536564625645667867312648524143897768727868194481 74851763646865557757236776
4866613168767 567276948836949163471574974559837954575489676226722799598154784
94289961148834967243693319487539679156518873 317992148971947866654267387941971429566812342497265181431698797646929723594791122
86189123 5823571664747953634137388177233823175287769738
5881924976443297434195138922114442678982641567258878326946129568997 696442857264153764714995947293158153846747913216232887415689622
745795453723649726424331421439333 568952235837973134395885694
53284799216737775233314518896843158718177775395683 9257794722273515515951224778755614921556231368115954931861
939395366524424136266525682441954651468362366162695221548242237949461 5126852823458413991696625559139636477447223286434652
311935478362 6256557339315933131733715528148119
96253588368753151727632596515158569462386673453958112111131536484437662216693761 4874462339383422945438982564351343376
377585183227732536212257777 876559568865211254384586916222176547563546988523936284577768792419
3748323542725189274 42757487291427
469753186695495774972577774964892472646851356 25336625
494799919184487278946 169176676264219532746899771749168495853961894813
63487157685558389367591 794418846239548886534874616311521518578315139328674737992265813558348243
6865898977361656725169897476 786842837884647183562328255287512319333225362425239767819448667415973894895218192713763
18143273231818723326377262431 8594898719674675115582681441839141499884
358117293354233654415642248223327872383585695875877295756341594138912642134 24165123383
1689456511118592831589449486853183794435887219954548726873 72134299943145431971221641456837772
715752915124611621948197984844996735989475219585896736613256124867 7898549445531596174496462679359523553984528495756961748628135612777448449857678881445612543852964
22191274258995495514854915816293414 2832697186614377196426479998848584347838313918126347845358216693818112897518543822
17326116571373515969431178219869342119477688667489237642967616688714723162995159912869755328374776 56946653
28655986134646226 72825877323269894134883276421289956523141166197874775843852462899846833767737988446319367642
2431341945483817752696269414524776914 7165654273225551876514151117967799152611784813161
766792662237215813894883666666393777667627583325147256619678887259957656493256669973 3477342836733225981284873458937756824834474157642151841447584454765
37719183319785537357324 639
8983449625127662212922272218783728 239973899538123397895411765532532
14269825347537758729575233331157947659553948997529598182642167 614621671156877879467929852538182158722424
334676671394 48735991912276838143338273419716551442493512725196731916746381215684998955638568265
73759199629333728362588761943537756254846652667264171899837885958781755551872717 5276471661371463884771971181294167973394445271671456767383172925612685542832716654287916449
1673747216399254784428247817144351718548176986886587777381147835972252316248126377372553733339448 5241355128622234557363411458941531397868163483287794315
21189883444177511512156213836712821337793642563 36166213378942545
9354933312936452686929113291421774228233761 811693413831996928474429685966954945879492638
49452811598956277663792442644412842352372853287 626942482865545492723894151666794859728676755485511681446789548257853723943891
12583633286958565832235485526243215927471263743641586419556637794122886765752293554347892967163 7675134413448314798449162647149926541847978851582638361364
56 465943749687561428964169289453687177235861722
9615 758291697542175331399126828617442393614468258762465921918973298746273275118856255686964536686354
74133344879129735776488973729896981762574 51631153422411877999889577172
916431674 79761596733185968817952916126321485337655693547264391256962186977939
6223459958223129645236924523432913811414 3336759358895799112587639714531947424529776238
26732197166 1339966968931737977712432873716851683
2966188962438868182394543112189428298518951 52391589454943275139921979
19281692577 5226132653265353458853293371278885311147843696285199158711496556535511727568466664645248649664
63263114439 171363458
32453839874817127581289828391873873497516719458576974831466591642954955278397895 6895933883751282638686393211354241459698558581453
426247323351683437159981683543488617953665844331321484686835582 4336746985686122863457958425
169736462482464969287341829874629522341269644448794736811945922962442242744 2416431415196986564356426584661471737537795545792727476596322473875866823129834586377
94375617727826965561318243467925334675719462717937671687369636713788727961552676484531564541653596 1157553566777616342228166298113911741719785981524917325345296432486122772462926431752989979
72529278398318377144877772414485842188475579147643867816 6429763853141744221895472541586528841763227677958478953117482886176896248133
4956538139686798744 845476363292179534143158715674794722883675868198941148992158246766322792456975779317354468
8946844721998286182192323213165355614656963659741268413 9965381567852522532295686321118578584796971895248939193176564544785382421778861263935
1214617644214811547389767326343825749587164149844782881132193527656854336861875148483353385 59235388456136171
694673334363757336787312765745187847379876911741552733499313283919852311811927724889199429 1897332929115398334971781769897185459262451535812764149853217822278479125457724454394627
591585286895296237884462525314211163747726567852735656173397514835937319941 53946774167972385113125842265365939143967772377878693162989571111245168343568295718134859112153123
68341851571761252799922561716398284911769487 41289968924321213251411687252367884798325226617135815864276177796392673895742195633474834588272622
547667583588622657882442996876282 6781719269347
3658662964678341582826343949149957982844658773813928687821135344 1912344
22239531125994252967523368 4917792341489923141677814439789328189914351631127772239732362268177383816134599189322199
114962187863192754161188538939231393188328566153456963421174671745621554574657658 714487744433451717434986861574
979835369238666981891576368476215664333682989974136413549168956365135318939 497823674217553225873327676995697194716457872
51361794478287866993597599537678361445533394355857311251735297314972367876774885192989521941791578 17999995821
28228432559389129 64668719995
93159928999143644734541461 1828985958443945415854682319293534387622565921924143648361626989569932877158996244816384555
828261723686461791267857785 168483235932762685647159453592527488951446872493738166778928599796968947658827326266797433977654362
896872718 5451835914597442366617687249281766943126814246139535872857718569613336195885385799552846896232
124224993962898496131681229667752716 4834647166345563687846622849941149124873437879838312235987
5792147239113428977498681945235464378673866373168629761165545 925444746211736125814192438955152331928953421481831696
22735659928486218445958534399161746187911236896944797655168119842 778138974451226197913648824873147796417617297718652463175423289158
342667245 438464323789566326325224282268861782913563243339259152826767176774489176967969151274863
2575376793946168414781921289693765642329476171858561333938789 71348586834364553
184124157637422174151674924338377511318284427419678435 2521779563299847648697965638952132
758312793831795599278242832264715786678221782868763939964783782813718 41412592349189627183947262686636368389616176828855456728611225838
7778415721515112421992169968975883416727165764894815945499871968624423665791378429241851 21655697726769685327717
6163138238227143954762336367138714433676112814183984629997679446939412196387455878453291111 237548377
2313386677362569148119712554769 57569217479238112573169413328162592761226241496356522
66468954913521685115719353929633988248238568637865397493176638713757588479598452 4853178119656835729556273116256292152686
497295355122655563613592658492461749891481279444 7535388744327299779682589817
78147622849682421245513935866935317265251259836835859231113272785287613269815353493715 54392846144426136422141588458128442749676446382498282588
44563227569317624575392613574793477794437783322273497678915177525284233218435688724964351 557166478849962219321775358798634428834698141264323551522862721818981914
3854856152942226327317845656898344418217669177776966421498473299734716756726321313218497676 59427753249466286281283819512889196793626255
8753846868974761756662 97459868799783251579274874923627398245615276187988959828732161242551847
2 84194816441981895761567352786464862932928395292152819892532327993381611
9 395838
4423715918498768127327115777 5
85272989152689474297324328818497418727775753789712488997463 13118596283626596458843868728166829
58551931186773375397145975542627952627 31761172993661
657891856556572858418736444129339427286949658111285632777331894449111595988411754 2257991279241923842625958974
544646533241277792598944826433965898499811579897243884886544314478552349764777169998895 61512727383415476377733884452447781544934711281543328665117526163891398229143596228534
393129327821736147373646694217 29436496644991785827719449312285498838326348794399954
46846 68
63481426995432934989467843626784268711575 55491617594548356441225983975431852247859543643739646983974759947
9625886669337851341833462657394121772742378292353637721535251474215396388215213948998621 5636474354269283251643959999125682757512844852356113483694836836637841844761765
142847912173833323288475445661275481321252322911566236752435674635768 818444361166333161493524186375471511336397198233143564
97265783746874161371829372875264373759986666727173616415848819855618255636444186662585988998162 71266986368234619375576399183181713816956387594968683769218
7329881192714585932721118316419812112563455641435629249 68726934135322
86213 2231639328393248239975847355623591338527938119549578477
87776666222629755438669282951794725161915167615436289281719566795993432435 72859163326
448773162563786139495691153 67838598497536212925992853142871824
3485267216364592146632387945413389116323569231848541653274186253445718855145 86666942
893953462417496331138356116378945243661936527245318431586626133586828664169453485393511824661658617 99196145866641245841767649146226356
218884398412611628551573649778717936314795185538451673 1412
9236999147151723751 989729956863966
944636378672276665779733916 5454197157232174551258445794764978133348651436497445488755184737864
9599577891952619953177391257517251234736486349279683247246828278145471343991472418764968 951168595872665459479963989457523379541415923716915729654636912637799661882729695279651882
683191416877913629814571777558113541144194694211874594342953381481784993798558958969375829543 44719255837177771191785134812798796671
96265455375761191686379639793664912852778527834747798355844881 6913349578667882242378275154667715154834219758274627155454466425281333436152
73436344181 1946189456954361541232973168124441611548687258731419642142635513567413177549656126414745945928481
978253745529382776876517367784829797775765939192468766941681575356261246387316945448429485 2595965178453578261221
25636953947235276133992746425298714137867843152391935792 83476772663179893641621867623432494148754466492442375367522523755542776928329835667658
95725 9952621814776627981155278393452342591484943169322168426692969341159495397948531
7358338352993936335862463298591627189964242317186933454527362523913663376549672523329559 81567222779178183564896312696619932932237
3463549714977562515626194398794115746417738336428226256825836219251762547131928143 1797588979551292156618132386174138335119392111279167892846971179127723816896987565432
786664851563545351716647139574555282191418593383369932422478552882 838748979747149382227972254924
154792693288427582132278448449456215438172773373748728699438736213966494293525838 6428868431855
81 185818414798412372892893811958629585328771297214
42386923952283292846572972254558365443157393845711484268738519411418823286626914827455 253322185545282566871
45125595 24115561488281111195754972795649579124332231233264956787958132549274997888759788518795668
63532732115437451254366597918119989963326559215373131843716657889775324448745144616346284151838 25717349347811567971687513837647282143915268435983974912566758433827775886212568816935286738
2427437385935 71548583711129372837115844842393956664951968571854129539498611476328514378496
781327992772556 329395473683528875295139554275265916157654852729949964134748694786664958188921141329232224
243789511864344441868493378765181118165796261977153364755367897 437437724
447715643 26328
439836543438384736698315639944764216742457855716751774799951744542 824673264914738646332153372783492126162361327758299646216657215596851214
235578774368482212175795155668821818627585452418345665248391391526194471 667689695228366342848543991699829921
1194825378566986824552152169123785946535568275439818739358947164322376131794651963288379364257814336 31686594
866529571254173628862374719845417612376132757681897871672151825782398231 638399921732678723479817248546625581736797289115918843929913866399714254825291228375287419774359
34899844485899594274755447229467621919369355334 59152969484392852194272422679968586838544964239759156262579733868
65868914263973915377767995313 68871493911737434173999388468461359411535841755
8641217739748493266612442286544211283 93692228471654166974274424263736758943461875439546911611763184225642794771482194
684317586918183466423793279892423599638 4753213271329574635916397521815344365775859863172127898887864718521745749664513
818166326345642927214241712552284217391517 416319111945426416725855976723221553943874511945452776983885972177898913186956
5562776564378786797853149989287275194681857877815794658763287886285265242418985183974186967 43
