608
197255828365641194478696289794732512759224535278695412183954184229484 966854453648621963267663678866945535542232878694968689839936455665143532827823317633895744892345
315822971663584395851748657213843654872918825848136612452614 539213452933721334789578217576439164213578761852699378
79328129672953991745884931442156877843 3829
42286448432459633237448722291 4853884476726741794977133618
82495837724794612 263418332656819424578857443273211331825595922998331728146736766759843978924343619735653617793
571357 627474294826582381699679819319517625541445733
552933555647626912697448136423573177384 965762483436521444998692282318259218471166168994172745435972874618
929617272874968261927792835898538618126111976418669877324594634 885716373925135437433455558691372279485624546156759251964713347356797771129812483
53833463127653381717572488961772133385434541736494955991468123663635843722749651166778824353326361 4222884964975464773251534883743287249847444843228869665952824866525117865666721977
85641993137675221223691712769981726724529247228162212932 8497988157291196232517239946646691
67719643168799268841796226647538494938339854876381859156762684899 963152
252535943972833382798426415177 6556
8816572975555493751751278124151959249124239 92388464869194262372242855813933423
2543459123817567596461772293225724253683225655791258455 448873461819463297279833992166791846928592477691897229678
465792167284621162554524948439215194481955897256771917625634881662917649372339391567 297644
6867149599546119857425425742222 5265995891216511845632315995884483134816725
557475596576421911633921595698958289243617546411488678151876553942245538 12929972594535292233876938182988455966545835193786781454
193432944267961453856933981475888363576493982361581398754198247591148994362531367382221 1655188685137473676965462387427487155648939752814977319266994994392286444667754298217
59672981874388736286857657865755355731119171728493533841674861214697331486635 67587161722325811689346491946
7941225316541326518541213389519529213222197477116334432657895391399816748286542448578349579 69246565843252561642655134942127974282546214396355844619227986294288711917699
777471567 7112994185628564789147957659893944877455563655882549561467928195561134466623854
954688518484443273763694789794972243121232489249438966799343513498743986885975617836983136483441 883873845769989863485728544157422223166223774893246396962
894768682316997968776921734365523937315267998612598886258815138693783492954283 44148316694773444325269688187821765263339867127475661163321415825551955521353946584819765499841
722691428995118888776481372981243944855583 74181777328637734982121497849848912
8857 4819361441481473545999182425482116738455468
55491747571874785336 887
12172412173493594484138626489643275338365229221354124475746714 4381525289224186776626348427252439
89225362541859649242521657949491153468489166883528773896718849653785449835256797797243476 62544578643877843961498281817979543245119726195559471581166727464495466889755366548915
16936146671721921 27246253663158718552353718666418888382737339794593521132653524949788
92675437896491162983923139 3442358171911342669988773619533392123644855848986746624919527329329675195935115
9963215375312 433154417641862221638577684293
63671244963857761934431785433562185664268389575957797892 4253359527937124523858317633811259294889754685168359973944248891253
75242175279794263192872667 7488
694581566355376751637322926628784111321439511113 3458358932286418742912293336414356364471635739
4415549329615593986735459795656187253 54558348515374459824113641635131811
873722375449574671183656522258232857 248866314637218444491526812
9589161672739723533998264579 19363175398953739725937353167776569383327
822294799615386472368221612795447362372633573271762429183935774177289966682317769 93952628632
2686771133828722 44347496618161252517365333396367861775719337693447641585879766
982293151911225761188162 587238372855865562667965189922336964852863226572952513257561299967958462
198814798388251886574418352487565957817635144142766695466624447562967865991511425269731369427369117 43725163693469627246824287318481173466519627574797251745255797
562139461277485948442964622353262316193512228715832972773249 634469449548952379712434593658842554347654899294143723466494584113522759613686585327
76252948176468839561567967773473645415861773149 4597459668568652623468186437184525168343685465875292836689488592126593
2491789265941223551844336731 824217744197361474112225759331686464488182691129847447371869498513431462612
619 5
77921669952858279989126644982324878376175253675185518327316793279244578589 8272562768551685513446842517778146294278553468941
9438468874153288315551596284835148998278666839231939146 48633295287172385536519331254986981146714846119546846363149637218411199844146616412
1799199526195177569 81273447431213992695134919788
85992535181348 115139253928445592517739531472448834172189963676534443
8965497179255756844272661176 9883727663811978997185297668638761
1735894225122859954162279133213127198 76942984662898525129
734757538756634766434864997698984762419159378141867429777493967767692969715548 425222752879289959863256823385558239863558138449444788244421743997613626848898523391589626538743541
29771135122579937838775643343941629655437483994238892148824947656517773474991831879712223413732 993486833614514252849942582819833789188231767244772532857
74267297666937382488971637661797271683721623831693894577725547371136 36391946142665588992894818671446519838147467193683889977796546428856
8392334958638194572898881345877797916673279997433235149715496178 57184797182684443948
619826581418995195918923589338226217334562981941314382342926 6728916748128414
1842592874184373486122336691271598722419536918744948314516793782662439 387621982959627974855821822942456448241986267841533576173213
1732613364193638685265952259624877 439457629562778641596634177322
6 9363794966262549344579412997817932487586938931524194
626457496466333621948876777657568979437546854 79466877952761459986181277367516962593316534163188389621893661255987857213
675915547199639679479967873326576328 5716274796576262757689948189967817141557352642261345727556952417927828948912585174166538932693
8317776419596126783 44764631859239781661697132936738662448473386894116562385532178672965914436539736645
4491859928579181122294763777388722695694657723521784446267972 218849745882898839896915913776927443312951
46264463114112945594581745214918718193827539398662439157133743624 7677795393331722321339716481574921135422578693557778125141736355851473927866479616367353691768892
798516837736163472683518396651531981752788749488894414741872161932286691344827 4591344296719236937582
396614125322665191465284841538374222337833156928473397552595 422613613834487695434946379952865264794575691967187438781989416721667175649
81433253193324 17649158959787123837217869
888724962462112163889349741755733367896354952 4688946643777952843578151938518311984448955117399341679187421123859351359298543973
3377731994158643973761174859327513927439436344956554 7951952988418622984993138991291893612848464322397
3779352236452 97941728398343764655532636583635544694499885978754667585219666
589234825148952383316648421674386345834963529896865 3149354949522425864185994419494184324412321895
8292222977481386259643378944568852 616526322
71295319624447 996468957861342566399299
77454611992865477186979796342827338163128312 5291
1615711981129163933264853946714166273846413632218862319 2638851117983167684367723272989273348688121
41489753964724881198431164869282429821528148998474368898 517733444483393441496659353918961246917548299456642554455772853566938419433174529915
988236435931291698428538363883884556475568246756349726145535575845226 471258669133631489646864168912223574738599575299625783
5143 29681349868367615632447643428557315787432722529125
26968839475867232762124527496992992178719664585484223789939383799923623 156192494868477248965869579214179229687816161626473281246143121664942
77756892861277413445859522844555594484655229239 675735862766589745292679281383822946796499742855557787287999946114718894
9971132 65814658476573562723668571436385398266192376965739421674737956248577284912
1729817976258878 83
4142514126628248533338773322148246682718491626381822253417721284254223429588531698451115655 7158694529757482851932159831523166972314477454874259255221781829394726319154195153857
98973942331945881953 287295929216299233251272848251397
821148734534676219563815192181648389351842554838229 14441576789537349772475542998473742642675196
33592969172661 181985451137845468319785812574138924487
718742756971595642 752314931512
9364742973 8674354272716361474265629832591231854534913373177196
24247963 9443839411716184896891241418968389972597715275435196952378681589984
578661795844464731317246181515255899856337535382635673633425114458857615131948643 7727252884315717378836631463942854458612746914512428592795491279223748147454698666173987396198871
245545 777352167884265825165832621663823769686157539589589873951739643252
445553593784629795626678795743989718114256276669589437978542382589724967 4333135815459515369888415824138326571758875798813797562416751994133252249456187676761
68915465161 72338458446354964717134416816867868964425371217342
9523469726464648656799443676627 642635758183242715891563733
8276479123328883723769389526145885486465869 77547647677458127331345448185889188555668875353
435 7381579698743661882656185124179132382715
57764279258354943857892818864 973118278227548688559136728759646654868778362688964519686544994342215784674
766347657749134792957136479333619966732787781275955721223965 394216436547
71621911771328527862258126676164914429911525735899596854761593698442578313897359843362512 28679435293856465728441597567994625
883964128521241694752592879734944757873949766993329627826572 7261634752277296651999816226862
659192934425111553614995348 464957275464411624747179944754659436442883332794167864974241292622447989854265231692533894466425629
69449464419349928232632218542498443176226936 3417288816536124981828929589245568846635748295869643756975
436611784621673554258757367286485663676773741621681278378418983353566876747198237491812777217 588266652161463112826629356654149424415777459677315621883782324457
653353168835195794386241493654614615212568939319467233227545416628829139214266694523931744275748 987365476732273478236888227966394493143148372492935661786271735238159625878
87812972457138213676473144723932988784965113762654995 14498715663134739224826328688796754496823222829117693417213952622917
333813724766424926551272233676454583374278512484725376484962812337267312 159454
1145683295464734964923 9887373139374335833454339842452196
511952792936575833841697569661657711572176918591846834335179331929912854441735 173125675319962259321512385526781233222224248698996938552
2162149534726469219589178295562375 112143739974696283475896675533
33497563843831328 111886949384441451665678768278178513921398696824339346646584172584416322926877235975346998791553
6117196912217842871135533165987385926959152978 337342143829118971814527419799254388242515673651834794776934597274932
487932781427922836933 84251695569345973411684956624588712432531576372897643144943791
56938425374532554376892 52246463489799
59261372923288969969934787828385 25885627613167742646499539346731392958566686799242764115768184463
53384274871435188184426692843791257865539399958 452575189193981951827421652935891477871917376133294958667539999759528898
15583912651515992365816965199585577434531963771947553649157614931811736736 7253656835977218388559988172652646
17294291235115 4382369466132346659935182526112634583214391183416757673
467537391873858675273957622152998 59464774964241328463168762499297549279227222322433113327687695259543592
3688796673947119488984699149761173786929298378237379528989713644472186952 6151673854946853968978258787275213944826289616587926274279137363738629275331
6828964499572832 7945922858686811716136283347466714481614793295191717996981823443
72488827294267167172435748353535912873 4846413917556676418215713221534374876876774568462261423766131466695231892459718756621
7146164771679959953159442266227869769122348523635542978537851835535364154175633915 56548622265177853795488582679
1897523837 3498864516439452725453758331229265126318947378221551
3275165921335768757832691 725545597466561753274348431
384449852183658389389639378369148363221837293 1213426153986266878158455971774412974791414271737365588411866359332522879227832916
669 9216557632
1545833797267324247193671937559579277559935196665543541347552472144342725192441429127314679594848 649658899221952845881434393654356
679757294 5939655166231957368739571323165
86745685362834857555269598479181835145634278522262262632545654327358199434899974322351593264 58376167896
777184718446198132463699295187795945196185188518 241252989773
6265454363893253772557 27921333442894933
3765634331555762772321 74462964
95418979648943193654333762671219491914787 663862983865199749659187111911988952
982197342546588754238617387355846741584265953382763693155527913779751867685729 83366356494595429498
82613686662483549144551186621232752279921424579758769 41397352131648788129633672635184832494738948852689829886824548458211563637115586942
418744452591992549298571 625223355616866665546567193716612489833185863564188735622
75777385995749713466344319337267749486563389463329464738616265818457744955348924422 15
3427132313634 24834141624583612
22768248419169426724661935377629913137112511836562163561248314842 391813939545273543916599663536584346338741694
2295888938199265935464664588336234357633834944341 544182763782241956475839625852354
2252171462937342492259973899189673179582864561385192178423526669152557624 1731146915548313798114843993848632633139645445443992684365492852537326682873341778582399549
21 732913284251786794134653796474465834738434
39883 68935
9762 63929913893565382234866778844825943199175688757362768
7591691465357768814934692668789517297118759153 68883517295132394471429438735344971844769
1472722269119618363398522982647169423623438172677334771237823832447325785 97595424194633818161828844154557354729682849769592222115384892274477383781343533249
487937937334798627359717877392927164937825962493322989122885332984956845138428838274817167693 55114631731
956888679584983983447398953718297149152597954159487954494631 127579725791333269942342242748646844123478957114776174987648252438699475222233
237546871969914 859792972126551871919387714
527441966839641657614748441557124775253561768224985898917815353 934889927179555572721672867277969718353278522748338281359632848712492949444347315998873999319558943
36377876238875432512267363913612854374462252318681372967984718119772563696 352894452985875634675
72191294229426854239687819588747433927837469485441936447158274467747955699793747168788937195357 9984264825688648287228978245979948115237824268632
9189844614965883739714267396345983 26464242526963561948178748829253578636169436758685485959455849492739684532884773379532611
456935548789 47173673396116744761646746
96166253813997692677218895169488583188248364849737762819 829358777339697
2884685648963451311796441535821619945322234333 2644796314773147252316515724297551616291694163348336364
714249681751269815967343192419437675466845 9226355237426143777145877432215465657
27528246432582248769388832993964398911778969128976262599913633921612287991652542411 5442959936415487364381976747797538943
762967416163865879386239572552598931823247761925371437442127313 1869393193969192237647333862261
1251773792754459776193752364959866353629128274276864659 2941754
2897715312497795663299692888799262686519547715281918873777463377273 63845734412589861249663723919882419218324177748411712941
95478128891251495827739734671362434418974677693 98856629194687293134937928251878213411491736589474438811992955732649646641
192 8825428676725579
14142131317 471145487962292988434216864777593448175177931268
49822618252763457966777798457177312929947312219931779712348971166442 63594
465 6759513881264923519793279667477674127958658725513643114832785179529861843374184386458589
585873372469483414194852593894833866878166988856573525262 155153
3698 96655321429
2431298879634825293355985618241423147823833784 74
83499 952981451629341878978419
4149759673177467671528773638523164293526968331157181435264317 36174724578886799554227648167254
27119663264862266156968171849928213919557623325 77658767745715558128216118327976389915342831182
6814491366783389422519635437346338715563486175757722895478391685118189 133858618841784999854866343283452489741611993473363562758861386716275972872794675955213
14134243192759385637365838473712854363993637878739828573795964527798938921 876753531919471739611399
244717391817112565657 57964976127824448295
5812518729978619312 818346825651188752942711
45718718811734499889536 2799189546693769135337344443979325377811966151613986554642911256974129579684137588757481676747987
8734635399243917532876175475571387293622467 18476495762734171942999971456635862712448884246157834
96722185394366489477264797326183216482626142 3568284248782739354191821861618264282946524377775119639199247683231254535118954581171842
25749532747813981155962785674884827495515386947238134256434299179611279358741191246455241256233966 58154825511128148717922216699364822971798631399623782697392723185299137
3117659692454224584262823758972319867744 83329741792626133249127874213436429929893833498566415614862331782282644848481454944737624173
8231443554962439986484293632164565247369 4222884213334151944376613114843888231192867576528851552513271162229892133738143138975244711515789
34531624578937443962914238652374839559485744311723565122328 79623536738674457236424121831254358999983967343953429555812
9824342388641 24834848879234761598782376633271112956
7381672882712132522351535367569677113639474 64453437372396955795553963723323737457993868627856478
921745415449117761949367383268495329325341975937132187675 3117518851124769496314364255863154155432271677
583491862529535344112763132824216282463514852477 2274391219919944487113776579972917188982869494617
1865375522638682491771499 2561521163278671
951947868 76445625919476356285448689499171241596716482336
188866729915397549958119676615485857 132681221
6731185884215894348773666643287391357335289191855467133287196187473637895893731139737974 4914556318657689599115123776346194824742752935227
273759512343863422234658743341933543843823199783724546357654282 62627122577377384411927783746916351637628155243
6671784846952829637199 4456634239616293984642651867682652989766921856658982924388694854155313285
952514825281565186922289532983138879272588618269175174267573391385152927536183582567965 25534857167964338678492282859418969539692848475
33554252127119324669669566686933594776228198412228616 18322557785124258812953755155758492466781259299581493668872
7532241548346932541622954145746673699549538482823831 432971646883233339272877626553658914
275272539932682454168582937888119231231 4429526963388135553979313574635386746133963623294
266277911978371889573919148712854382915696957134387835944687784815 9485693743261223557846858631238811647772513839529526564395165321858918586
331773849513274624515529877628 3697492682885351
122926218145691935899269774 634427651547222317419771357452748317866472175374475159
75382514377474762914493388262916819641329844727861429881715 7634651832894748999853826823939745278879456945318498958884659773417
34663174279888951837587648787 2258995229583465631476174292683623331353187545466215166112436774358615343836413
551146972539988162733968753634154141771754888398343399514764994295 33
68225252324468845477563417821387766556671495359379794 579653293153482254896392534693694559153933131
94839539456161322928734846724983984 9248358268
93362797536148597396374 54124852962375299474851767481812474753
9533873323334121915743511 33928641964172215544879974123554313256411558
89293679941532881642927188545487 43693388458664732218676854278615888544136315
954814649 965355183947957317
2341915961469912379613792133557279231216434277762188728 23766742247624532924654625
378 9152243484555185517299973869548344312523442598699228269288861693373814543545942741815644975197
26739722953959655389217169442154148 17576625925614363622995836466194642985164829332294288789231198616611728391886567813155
668727211636513676899365826222872276195495219821233997637152978 97531713841377639381927759697413872839721884795548169611665149614
91793375565572134734661381127115654432736186648417256943431525417413182121651241238 7128824318798381511317617922364188739147426155264871776
23132974461755484621597 5474159296385559687859763423233255536231776231991
67176425133429345566287198815137592349566323494222861155413437361183771 9638819452867
45112933672652144173643192689217 327843941233112627
8793411959379439359352498816528289774432 792686131124911766192564459197851148353422331455435874521515238393956952343151175
29853944724866121587186515256435 283787212322662881172611319589663642156612997827787995648967597372665876852324779879515144934551
37445988724577717952563138482893822755158262668378259395 61115546756893172199711148136146871949426678114944416437572558148416214364467
69697439649 898974461577436564757954524183221428157632811292475462188674519381629558768237
6317765288515396813857764438667486255652691164721714819144233962432374244864556112451332135161577292 521357133826371542478124925986833981672966575611364129548772771944363
72526461989329666921827614 8389919486298435238
4359666715699624859 7157674581828736255851171835353289792227877271582992814511515657423
336756224331336883253546192447813979872 3168516111132573945768
36727128592639723493749281745321741 372479928385679127288189214992788256598445734177677855468219573
6167335939628752681344244322455519523483711355638612689669457499155725 844198386213617821652245692674127992871874811648327179896378135778545222541832446
525756473459158367146553239143111777994424126821683937314956928686822474844428153776 524256242173339461875533566
78549573283419716259812846587627247686846668524125674 22241844951438348667762214296638737153454122752923132538914849558746435
777765987297897435268373 4
816475586239788413165461928664527815426578389616835661362423188983759112538888377245863414363145251 8391143256987269994889
619779 914858817757485347924796671414672434413121576279411157961955572862175
8689353694265661879914664733362493487911837664693474623779718683531836126283489296159777 756998944331219
361315621991996353423196565142375633625167639952964941252242816177733665494965583164392735 889254669461875235271974663938588775179942816818461767
248283957598788458878225623683575138826989463912643193649675525382768395449676814354564 745879558456844214794649144213657766248651555625989126413149597285558337942131744657784357
7434397823226592379435678434967587897781367 6379348675462233263327628825669599833311
3143645264251876995334681469314158745184644195787989739594822751878213342616898527748611 126936183858116635591118455523451493698136226851382598575898224349581826523246715532629264229457
9981183412972982 3772969676156441481888972361591999169311
712513639231643463879655631821767 165225342767427634862663757
1332 9733782625272685375585965677612848562
1286541456623489437659436823646621321358696989117713418245758792317144824166865629962267851434943 982414434159494561583765714575676612437189276414
199 927
3662347541148784164248924873565146991156843779 7622917141852376151512719346368633
262637133429594453914674935419429322541361713768722111168739114141444931818641512514 64897672427438434736818
2195715551844643561631311184549556392389269714968851482213887166799314554 97327863
8464321545211314293528 44763652459163
6441114569647536968978926352872859954967628193742512741367724992965653291964348448977542 527674338813663991362261984746848685734141586899461562461116774391216
3644212443757192828364282782261635733325891271433592142277416752118992315529835174931167233371569324 223249853996741196493997465162145897997665876694952928922494769465998227319212547181723621214692
814818346251884533864142567357946862974477816466633948 5814953443235729249917585744575365165237649393445
9579545512135489123392671836528749437784769236673787692459374257733129967979416633998527159474 1
26853361455269364736648396758894161332 522416322435514538
72354543166739384738679331626752949259775 8155833585971712286575616582185169622265326124124796513982281722696924559973244535719375
85193419717361687 979917598252696
99696798822943549953923788823479997648478215851224 6343865217255263543349419319311956213831293146338634864195993674191927264765728932123188638489749
63182364485866533339 753897648347981656966948385666643764589827437647773746942784242985339573953484668959583668744
145941877578234583148415796669721542346554579 15141945497688537666868924491546246
1968214131863618895575324686256362661912994376564 72759655
4147156669113524479776 653488272835681516695379584939449413748861486223839894593
9916698325681676967675323543263849589479315374748 679348517584297596719454131177141142346525841119233
825391169357478649781335955417598732435937 4348216584372151528617339255537129881445119111173379292399523831291884515378349618535319821
96911784537123 322962193776
557798582442922226829681371598962925138185916675173893894344552398158597799977645 653189264235152191966943627355375632121524523972651437167174559717811243837163856969993
689637377338242747782469349974844981295414738655599567441845892711148 8596799472918696645795463164621856663238673183925829762923738668192761328132
24686433589837125615839153237811571482319 176361615769798
472177575886387524221855126258274911771721557862848979367772289253792442857852 87425411764
562968254896314669175233472419811737736798917784231729345467111463581164275185 7
5162684593384938467733476942812552721 8595
18723293255781315611218266145211666659164782816529853589 1359358636142473872212212675149917599318757465663363549867742367781636518389596524289549969728912743
5485835138957668649973691436193613562324472433159965412238131912386348764496288 46558272783828553672897798973292578831366574457826256142187751179217797626
652466562298876395796582239528592188715214517877728252471961368325877592656 71329657764462439922138774524896386
6379592282246528573239432426764929821529366542937666517888325845 18566895561217145587321179487872299522296236193497949241316671266296616735377823829314
5865865942913168726774951361613774172724659925665493797659186263334641972592817638952544411 3981789539199691352285415784884386911815322512993132829511
669581464296663217725727528938686625722324659932644 71655365133659455583324488485739697311
457767148134548345636246172842852237191769364798728732829162774133722897114833956 85629488554457236499648654472596992587298519472435312344799523899256636862795341223766621488342
72253145 7644593985755245299412164685266421876125357551452443691127462
59856866452823732187177313414517694143673 9191624534
45282927911113149 6994116946941246528432996916321571685213842941176534151
7346116582388958652147989543697192953782999997739229192172926551816 46122154458678355461
576112642448831865548753875138487327837651921844 8563914575162561464136863557589659238526518177142442767424666329241
1135774137483845892835445738325111563498535 777877476231834233245671929419775859317628342446867875485418834652327863196695329828289897243
264772886863534532387896312732529372492439 795925451793382445798782
36 5623266716852986772698723143551415353725152315653952697756224743129216
54569522595798287514851298153638893977779661431417314846888666588233151 4131929211865555541931993
5196852564912614 58282179261648175222813382675925864519511224685494497
8523889982748322441892838643158779 74369549981861198747576169232447651655451696977666
71715238882928137314955836594346399142878 43317122535255158752469894226126339312
3211888997932334921436893873754976214477284436 714136737114237954226541614322922549495521724263
63953239444235924356557818492317682432113874887583464661917674958731141277547 9342913486874459926937455248638355278843366
44927438177595475 81882985947515856436687496514421215677241376991296542685747974636324
563765254869433877895224665788439253478629736579255 35616544314574856972687481838169617635199983545194533
5361781281588564351648553589384871484 876871562224614
8117547735271982452368664316692125229914754343264828146933417154 43579
89845987854 79167991542228284416358899978899555933252258861295285832352972775842937554728811434144542981263
1913194382185545432583178485451464388459828119185694 328571
535388232894687572292283718924733339823967 6878418138388638662738135297973922214768637
811993598843573379183188692129 584751565917818428277491713566
89953965861178663688234779355878836172219482621436827656633 78965893829516472944816528791539587614449974445899367126
1919976725945697343354615651839639662649728929333967969637292351891693787292 6118387993484469772294637823758484712245448835611129276249192714873
5191316391392814331845284 65917482435914175383929464147472543338116859949712316268425764494841
61648754722952797564353924 582482349498147882616641582274539256133979119974924688
617724788821613328184988 73219647837799829993358231366946281982967895797697953177
786426411 111343513889815377171837586174597839719659787342762551689749261954477658394986163668859272688
465415398489799945938557849821 724344927118629165
324887396355987293852755335811 9814193617459713388689432642747156826899712658497536389462
46963813429424389283614536112342123835935177736819 99665287982846972156891222682161
838215567751848671364349512834525 566143214516315844548566749871437193755551674393564945559319768153959847176581
2898 7335486992999579585555696595823526385438724843535996174871541659
72243217636993979472255555995364211176978753168325174922844 196622794682176627458477286448134783941527652819793844232312863161249
6352689442383915253536317825888333997527157923117533714637371495141977653815882692433234677462259246 14335235187755496177243497998895923924688212972542391373391247847893934818264987885115433512
8188435977455493719243455894275199673838242351516797826829 114812943198698219491347964797834921941553747515269651817131196779653425277921469
1188363397682852389894481878774628925964268184759853379763322 34482283659312774
5572 2235262879662249331393174572555926321875998266122481527357835821223446553581482165
231874624185628536396251466 927977165256497151644471958143845367638175297278855536485112855654286863412975645
1383978814 44554968882486
13266866377647992746649788528776852496 85517486294548162717931891886482599565874924425593487688971
412151351143796427869439748366248967941518318822362 76947826689227176167656472388123978627661982745587598284587812911625564185781
488 11197919363154262265813536897426673898529811571712318659685
1118246128496578974572383731121659243477546917336474368 413649821
66289863259927381847485 95184422197789514322322345242361554
892523292647659933423754918357843223316472581898968866449743447863 2147185629554587614412731576263894881816873966816241859338829239597645
7931679245622555711281888972349621523468199458468469565112952133452549637 326929476371322633824182289213257622637777672516531459718987255197691157259
1396419391259928444576817771 7163286746544992123489371788637242737237951179171322245661536268527157312633749744
758481684527518578667911182294673855116726937766542541377457 89828491156333632516241818793687279288857822138492811473636668266855697466
3492548715594767198871967391653559167532494 8648725532315276259555578795517953656689921868222815974849741914467243251482746386489
49282797884681276711839345742637727297 2698434359222694585766698588649299933975299
211989343467988613111165576179219773391744684925649559973556862611995254912 5968451434699414
8669791232326569382656811845245981536 2836182812278633841778219461472773664673245145858465436
79356289654963364147487939148988676649483169472328438732459958529935493681723 69825742612535641897525836693927159119988392843498
527472916517936569347555782792897516541191849344964359394813974161822354443494992 3576397997211752238129169635827264491267343511419541433868167921886697345925879871163443678939
81398249431719769778229 52898
3264958789187883399425356275174844941122928751265838441513866879287873642527 5272957984174987817325751893773586327189748127113891112679671327247926819
31492359 78967598822566348228379694935488
8746742447134985864527391516274294875166911465277254952948711618324478977386985315513 935893885726217431378843862598578296174654293728854868
929557258846944855931351 14395141518688131339816467167174471877955246146874934441726113315624343131761261
15745765853438596438419848262483868798875819311754348196916148265771462718952315762786793 9583597825776556173963531455189947676341531163914694622345987859562977446728163913548323
87478773489456274216 4442446519836264184153
2964954195516832365142382299487 112359428883672414877426459724577265889112659698934
912115711976989126934 7953397173676819732532491772276372499181787262956487938317941161195737956
2675156112556 6362
195783414981528396533767141571963568937645217 9949722179797259554747537732337153527494937486719729373662233437627957
81248982213725253999825257557887457261894 2136789259647828132791853224455443459
63588752238845513319779971461459781175715918796855387993395774391127417 5268566984898416475714877532738144152466774551678321379871469447464399
4 133
1914148882297298574376464391831434348145265464141485164637435241 256198269546849869354324451126223499588555583129843239141496818472776
7346569317524223253537217529636179392925328661249997143836 53661785955432175689313226279813729972
399782929181578414119594161273891571485212751771914867 39486555784756919647995326783172216712
5193378567344348632649645937399229112575969977718 487564682173676148782745846669351695785415289242547897784972738189253234773495
59762993688617722972711618183384152729692441633577538 315125681837144462847391974326486
1731183793347427593116461197117 93199746662143662375145766414753114916446537238949954494747253523643485792
311618568674285591318 564258243438329
8713243594789948243422473621768757912948839962823285216988 851765152894956278986794515364661552995246147285739957844262169895
2688394314163939976393471437284591264755855817365478597 941547996687576253685866146986169861285377119726515545999234432642233346638916
462123994133739856167646894565 8443
1726446173931513936242351975377823838693631 66649596936548656383954891393428611646438174183548218636144626394663333765947326235397533949749
828165965273624697287291789772868739688266146793393347679827761219 86894251183
749469198183312643845391253357893191946443364326289115 39936523785166971236284237895271555519195658371591
8168528349433273639382612423777 17128
9429346267396459579243467954654113491552559467751523345911841555514338797157366676475797954974 513155423939655725876382629724185291388933744417858396562984922274
181853456561111264153687112497941961156874259187842725964634334191981892 42488417992567993477158948129298975122571219877454372219625185557487786448229457
29388827418172589729819251994152 8627367669645673129292224341581523952963142616187291249781999889568199763465
3289973999574532538651141164145425748242867241212718753744156668132647472417842521949459725 284915495951197385469354853595375287715
622394196881115778628148484992876923 19855122143342
4663346599416891327959267386455667 256135735948664147314876315289275546278499952192367191936798535449496271974655
19641946676292463662662932119337392476368783867829832751744766541482858128212112485251633 1275243642118163194292786954248859347436375272995
18988452198363654155827774861176321797854187297472289412695613945119694976391979626221434 17885873264554762923316348663351113378622762746949668119543
739244449511495981273783751861718885833329492291949154318814699813393531 3458293473257354322845637271375768758551371741255565
3452196554 5253846377417343268168318123661931331872955296452759617534698148431351376
2313444359234229458 1262823449399735391879591453778895428789895964584278277529
86678995593478127143328 6487549525362355968295395527286791495686
7966228422787125965541711291183376237444318758567671799846535953433991 6466519377648285289565313917546923164187
98632383532771183965139767286982 556715596895872294533859419972627612617351972112689187855362853355133187589413454381975355191
3494661739119111749662586646671637323514582397397723212669 23962566648176563636192742932944786768951591959332243121723119752218853571424221824471
79331498266881396978219875935692998577962968 15842541885253389876188827677279654345143696716593818445654357438955484
872646625634169881651364756852627195293625899864511358841956499572496962 62115969986253459212943784217829697336836172473
963967 63681481111512998739339139945161
5913 82211741184299178545767294898413345
95673594877218776292191694839594358412856615467463745188959414128747712252845842532 86434648738664257263521774
3341857766999818463329752898458158271962 58954581449592
8318149343766134946587772 4
1968985829171717369484615224896758542936121434674259514424446251974448957714585788428413495196124 993
834786341544923424386751826817284658341467669968181294585853857344771141 2264282466832649765464861586833298523435895235627574468628194
7489852732634569913136667941243273443612471837543977377812822565585613929 9548195257539631916542828571166679362615677861964166725524238336977284361815256231
943977223943849714929883634327565688997453555629332821429468862221439524655592771521 298681949854314686362361526653648441734295537198711628814536975846756747566844955
359456319121848248911432516474111273419526991464627777276151256977497655425447159926585462586734 921546939855785938938734126532345965698853376147
617436737942973939763537985645929594153825935736161358635894446292 539416945115798243631437849369575463631452
3616214327218514369958 4467158476448436723158792918976847841552645288132994788
8428819738112558449851519185769466528839733458554251316674565237791763181453831568683467 52788453619742827197457
4218694841296956281114691545658158769839351791 733332656334899325149145
99224258671192226634528672817722939916118522365925657495851186778271613666786447162222315557985637 5497652397391932494215836474
55581589573822813589463859275583864432879293293673863896827526648912 291363948478997718578885818261836244119999667
7592335537179536787477163359257231819539 849121573286292846626659823577325287375452837193595999594199877185625759232862532
74181962861512268679935732198173752856243672347294859564659474564625662747965613655 5486823738443165657733769897123717986285414849184356951518687939422394234714528463647323
68379791869689313374691824321618323388669927235173141199327928717715256858135882232774596 4119878235862161583612322718219854382236955797616835643169238421749112268939793845166943
476372736343413916779158938677691333174141115687 94737139465733697898127739221616479757992966176
451666319452987838853592516376671573566132351648974248239175 2855247237793929369727987488233799516523529761734619317884265986518971776957249476278
41882792297729797574177364379378574444495133182814212772998758289786269241872569148162 7819611737745249
511992337411614661737897274 917856222821577233822268928715654391652545524198
9833449583359118773543229686321179971748164361163685357474516636164411786752473878969 2251318589576343241664353383722581196226869998924462948663123474734771838589739494542292989653516133
881462114447313879117658716 839489258624847177358483544
617981553784612346777287126988 43944636868519836419352484672165792563267
341857382757323328921322354166964979949444778873679594824 86364692599
9674423984315996127832789345151589832956968568545513269744293956822357332513723911761513 93625326432147632796972772681631791623198934248674122159449863377427
2351141535662851236416464983592687993967828791159538627617951 832572863344536279394799916766
64391177124476862657193396163381517417966222717399933257377 221358926971919859814736391976642672372638319565815922895352621124859888112328938946
7838835458171867323524941513441776457997527622517516642335444685184766639514593725449849712945827 9758151785615412594397318675746429268266754758
2498998796227281797361394165447857924267448145497254645471147651399718133452413411587399 182869557182884878368576244595163655516
216691411821857689538664877875256 879576373124962487542625346631611931452939723654914283642433458557581
244741387238799283154617819889455225977684521384273 8262488231158178613866522466563636963878274328685298229524751291
1824714982 427852597627143961695238952252954769444241273275749246655284247323212922759697846978373816829132
431185595516489 131238681781967847298383366661986439545458155996136971314953515877499747812757335848445485747
9142892726196885965745 366183425397565173331392748854838747548218762612524299262615922599546226483997349532975595
7637378951195624827914546644163248354373696847785319344746851545 4759932644228867721148871666156485784316178179487872
316692628146399158457475 2777174842364935515423439441964953841975841255868171469551897448861882431368114583625552126887344679
944415581877163689182552859381289998562454732353551622761972276216728119185253 3673983615421369912292494893691269543494721387864619987732173796692
332544793 7284965673295786932228323592889
3568372983337688158178138436726576951471947599484213 4458527569477468746914292437416922415119484248
35684379279217779954138668862593 4123821265378412781386376714289416996412226477211688414918861181
6925356192687764775599917335251656232268324598338219856738479526 463729986941772952164951727159222273744422417738726328374
656822583498 32533138265275286
876563358961175921139266538769159 7315939486747328
165755953588334215537937454367432187 47215442586687761837388318894268845825288737743132427666591817292348543552554471244454
88813438768729648433 5383999537228419419887879724874634832855
79843492547753251862398237238442722458119266246575253683 78631844418324
7374691231514858992289834518953837826295177864436738712388593796 752635871733566371721764836187174153425435661884
3564946647659138497752367299281436332641329584384237113472972881314423787557231274513532342623548218 98885553962713756147731649923549686369136146383494497746827433228519154723637552483196557695911
19986239356574967579418588881379237512182465 3517284294339726497888411365228741871375297221341192719195543269653689525683368992996564
982658436238887681528854951165173485293241779511514565851649159738739829366 1546432191774794284113293811928619156
82526853348316254511233851319584632197713298266362184843517289 55438976529
2758423175215164328779759894292789735882815475232642159739384971776333794 89282
692891461498477419623869259781321244847996771841946497127311285274657834173325434856444589783392 29767274319385252526689157726938753715688265674567545214796221274927658989753763388246596716336
64922462514664215388169879926257285243859751372857411461672923571322755725628177124559 9843315975462747795973191798129
145932235647585183955336842369751662321729158628426579975217711169451163854581513646962 186635293238467194516
6984 5359943693428513121427333254922476236627275333998715531746989414
5163317514268198179236711344692372149538116476285293176168224937521932696572187188278983595652775 9984426417
9735966915257421539336193536721152 952944779592346251837559176115744484369651267123916128747
44123195195924913279513328186941925946784174385219278992196715143125112344916439392874789672384 93826819344232455184272215268498679637128827791832826745911
74834774163549393428857472971532371176269956439111924242253286484 57323844254673721581775185551243868
33531545 56419947414387587724665988933889665322717225483322815191
3693747968551466292323179776664537321425942817259624876157519964452912 3915547782425161587414528255879935768632417812614618759296
312926935154297856589841799472467523434672225977 275256836544799585296761757116211855161384496712891
27192713816656495377177492889951654669337164785913976361644882111255367895551848727448911917 966
641659254493153527752688227459614571641826774883783631684135144 452219766279873861762167254123143221636232957571447475183134614
326678451163617823635 912
513544352849931222664124275 72532491239244954344723265594896328693851526458446682359337671435266577392527212668
739515239897487643116142644589268934322246115832139239472356148413339648742862917 671856353952934744544813859678634
121189543298691111863673 42226523153245449788626
93618716994974974766664115671894745896185886396789 749296353427282
45883458857374477391718469761467193692218287332955 48177346658523887964511839867315124162683
73333133891574829737934228366659 8214863198338438462889929593371799551776123255497456444877688812341
84894827556589478446639617895611935769 127
897194271591736499841489959443895256993637172985363274956259428743346518683 4626933854677189254296677899272714461285893234377942877111899987911714476678449147361189527578
7978618939487559833858371182958833344771331678659744825271854742868525176122293263 71293635831987597737
712849891227378633435852985768119723722998256921716999748148163159414695488495 6868157388715492657652
635758426827632927 98319177953453454463526576169965157828784497184586379834482967638188329
9239727643485565983836737592551511662635541456168684581711649334298839343 6575281679877626873512233562893886153451129399893646441425543773693329247876144684817224189132891
5738516253539441931157652691884371315739749557884331889958499887969951181714423162256187668736 3614416316387826457827937923841194987668419821335829687696923854834
85491351477416847366418158945756522248231253262432584836165985468697746522488657432 2548619942744897595
928615986517113199326482863259736185946938813163449341637939959886128946948713356531 58822766518354453618829717448666868
31249138389555173292 598816472735652599528417627914715529329447927723971557254667287111639377519481993545
885225426639599537972362 648895
8942391369436174288933445212126111736 436279623991447922351768325764965488539861595344393597968656
743316424164241896371348994242851 4651361223874112171146736
97511581534447371323 591394695342592335292351468763746489896212345769518567674
45438232523757274969769612942197137167627729217645132218252832524 3257126824213115811494683949136123391361918845777634486665117168615555241931281
253662876799789743716814559327474324518973562812722823811252839515845983595483536382 964933895695
519376457753349274667627772344923663 7526481782412814174346128256619157622
3969318255661367751715669352331327779271 21483242392222369498117551872714992389644561897888397936997979353
58813781658427511311184678766 71255397932951214265412951375815761
47425938247747868484458567475716243576267221183218688746363662719584618942926561945321879149673592 9438316323814252797943
4679963615821458354695871383263876563838578967 4456726727956121115695233313761
988715942811162935457997566441466545849239324436623483526967519494176769711582677859298433139 7977169713481424336219136271478519387742518253317635282189977871943221363471668419168851953625935
65482979993822341797473555292822142266756396527976391239537691865851147923572841513942448273343 29772827
9557938418755616518543749825784349526828875995 6214969947658293874477459483186483861948975762889438378878267334437213
1597 6656425446292821593215214257665169787916838642688896379718726388
59838153778 569965262476862883423854537967638567167459555766847378613263647319137648527938322624562392896153994
94652338627884374873125682735889955 7474442193969988879823643658741396
377278619142887833493269776581764 8327621476412572663234149128533331746559877166
954345188415617471872455723658418182428582477 4877517935978118347691832
884779126496827581656895645867146477671564372498188867232148318 6543979842479998367256631884959399257969
89867871314735512128291111522541239643218697919283167291597666177814 9667192211538765596114846695186884528
5466 4793629177439429455
4313892596996162 5226716645678467459435395695582631255615774669299936158395912388865972833748733834997
115277468389698381859571628424888978378866474751478 491847969481284427848169164924536278883632388165718159179872484471
25968679889681316729547516646241627879662832466857766636537737621724784177975454189641892 47884693321539942386477821667547498449169898
53865589862233516939227913598663491964685794173518549449796329533323259546286831547918733866 378714584262271115955753676717937539848696157765215497326137543187
6895112781244978374736812 16579286213563738543395842628669831
31894467484523334292741669338451856873182631 9138161338142873952785127527471647536
1864213345682669959879513189481752825845673794646548691269611 78557631945913216916775968276222133729795139477268412254361454
99394982725716855512286684964185882642662157922841858 74354833135812857635743631342714684858743686717172745819531282186425917576179
525458625113542518988458839148995758812658682316715469824 4683188779114587593523215332527836167268138884637259142354758426246
9513761246529124982449243593689851727882666822881332419114215269555821 65689779368724784239526768412512518668644731611551
1546191521658177355785956595383123613459 498463742755117174433899768954622932611758441159623784848336612879877583475943895952982713
26528823494338698853416761378184142255849821885 931981
4157286974519934455392871113921276555941763288411 35831881866711841262213489161451417653416788443328533225545652968365858526482
8877726674625432639374184251179717481394 9362688889618968219847734195463891793839321
7279393777173118518446787844449942728552675718477366 4721771229477432341553129654266958619858317788728126566743639581174445132327371839681319157398661
8681291699182129151555475333139 922355783279496485531123958989113998479586996231885335719233511683576671367
29393915144938729343184743165548998261 39217152577749252418347315155894578797311624252325544948821675325237944765
898993149561368357179938679516929915472995688573853663445221 9739661244445653532354912114313741629625248148243622459962987784251217813423244151112
884693793578953119484546784273254864712566557499455471678469147 8585661363725582595863847472125644894
395212225885262639378657199412719954634922549854 667165121226273329445284674774199429891936877
9825482369956468839786452238377861414674 438678153267831329475779358993574798321467625716424111821866639433884644645172583
6 1414557655969122823483311364533866734993233232249551555788943295863498
167671675911943968723553936933795844162795398256241761635334589314214849531881666556144972393343344 6193264122662698989687185486911291294534251391298937427142
57745833575262771118167263323852384928283745281 855879865296682946759883841781888
97978469695439766973647922747367531 588421136641224472844921
61211161414541882282958864231 56116941855967251852541666937817973928225
884189657639117437225437338996727713682381328456 75314862679428238635578243246468624637327951965415288174738642
97627295752324965753787282994174898877923623 28497593447952871213946198127815374
9892551938851544 892379175176375957656
45819577 34265787696716924195888897757969713971728533195284353774638635342599251127622181899796
77373265485532333 356855645796871591436936632797337143348724752893881469746556889756922765218394
8368562165966832528524815858122624658855214584447977985567467912695 41275666371981527923349341679871829988971
112293359468749577494365668456473259636481276848341128129427773732194874189979 44444216692118389797994322298867714244677921463352872656238184711764443883714
64 79574982619127574325147961796881786914385374828189313812956933393475
7319447442342311585547788627843861682257313467345183286721152466245713886346758831141763554221131561 1316698836577746694211395787277516249248491239147768768773263677364234934929364261542864965
563446219547388689433761661577827183862218257594731521893714271172537774 464285758282383381285633913532788836193
9646723621613996199332978759488249291862778196821593549 1146598118995175815813247475227567132648795276221825435312121782757867931
5939854425419761425112989662433884 198983
2392146173762931897253645711195317564137953845965443179858858833597 154234479946585177879244785682825544794582673153777333842267314719544717669
5422554632545539375281812364291617992956186486176374516915361943 2171816425811616355922533759
9214791929968984597369317491463197 7893248326214117223738844267944653
66343779892644419831815166131529495248342147181346587471671919561665647122595718 158758645893768398546879547432455928975788
143854115714122428119473965698782421853858359626338922542877459748362 4815327288614655986975338174563251412962524665252565785741438199992275965556979858399
148774923876217367146375397938592823174418124763831453257598314753662816 23911154797272536367625354589968815
6194945814575914159787971796171919793 37654729475585225
6861739365128264924692114296747667791481 74751978926836
89357533959653111382122414775971952132112431422836252652754845469 34841346154884993226757882477774949893561661333963695259536331
5246661158113613333423553622967219574 56671
5669882151498 27361492243982512566669244537692816538732943425123371323
37317963812847993941884976737712389126444179491643 972152112222751579713841
943341878138455616961198492471851638684569585373131 2434179897399944615227197169855893952713945618585651764494546675
989967922358612261224313498 7664116373945945473355621471532349966
9532176136658862162465839 4438264985617725518346631637622828177447112979822719816315457527223935164829
5777724344564384111919639659854136137994853357654477916893539681248 12722949289884885872757518874616249976569223688575447474189269315777357297733862742528
1181147917626962784394918639818623395945784915756741571397456 3584789419212966651647377521858578335928271597499936817926194223398217345914798549641687599979156815
36598588913196739395234623787172828 145388176884212684841121187458622671545295138843516
8541291852775156988163448718861698714888876688552699442549118736345 68271978971
1385781323554419247455735195129598333859637772649357898688875512155921161299 649721288133114516379937127936147416619825819299969641889446392152129917364586
9896242242713888726724355872295142648251514565857 5164176268349685782796631561992167311212716338248338732837163361887948449
773434638631888253876568886684251299815344363823227996 9772566824988627894625892928412219558131294452532336223447437166925915748153858
337616979469162119371317342576928353952597631718 6499944668254331364888581627689958598858
74842375165748116164929 463762315467573829169673199346222656818814453128214311874362423769
126288519113699222475661338413 15
9112834583411484362558328788448667833992356546316485535835743361852399866415 24242664537551665222892137386346995114257761934273334194137
523456532761755872968554256979665253754629634738267785794341974433566171721184396377292 84792461939756954747188697394821953943292356154978789984134798288811865
868821952652164594456313983936938533172651836474211394 86198877718943273945371985242289462
4659198941692567457172716146682871322868971418733383931822836546565272562184877141938933274935949 37616995237973372469598742382849575918822868766147
5918626113248967123 16959174868222313727852684277848822858769
17599823383743461192345654332129581534545 5746433148187289683298342757316522434398252242951584288255673666329912733
693497515826181878276675779173247779512536479499368793989751315838415256962346656766918 88359174536261539681166638358479795429186216853565
67718969 999437139776147185695754447828876994788166537354414436684612243544523533224395
51 8669479677178282223228453248665855181286211664381398524278391694816633757854582143
2713417563342156644946395727662791255488495251765873463247123615 54649464275318862715612276379765582562454726878
8254293197143839689169495676122176638549141961577748782464289258421 6144116313785478822749933693489486988228954828993528
81344845656825992649216328691652724397 1835785526478387629649254152528812191664177677544775644882427534656938331572271485534
4896726252773447262238126224139895211739533928637812876941479465799352999433728456192562121286173 633481757771137259398479953852777696512581761258242494984496753
9283533957274238218814652331612459988269821344651352949951632839484982913882236 54382178439591145417955317886212717163844192594671464558462567199348934447913599583
683648322557583526635 7824571788521986766654164873624968361475548557279682772982199267341544314245
33352647141319688126 664734521764
7551198787616943351896455923328773958549661548794677 8994473445988684139687935119119845759664151289993983282243817986985474541876913
2672149371752897157525752138918687743485146773 92586741964479985876679773611873763732373696829233228892521778755
99564362273335393441333816114424983141399983564557338335491514192644138749872248325899525 537528112697264418594932211299319783422511498639664334545155951772228918153695833635739
6222744136885 31278785193434597544624662434498993987623962239587837629771569392836627466788558386926221438
179727554786998356659485499294726225655 54913979853467925186387238379651272132843368192742832117817937
21227911887629994283662591942878261945671113459 4699211479295416555539368637518767738
762171575723896886424849641224155547237658 741785519737239174645461429783719691738694686184537168268615729648235434833
6595921635522618419322783131 56479299152614897421943877541763647536291982911591835737865
7147321374477475231227335575846256967293393262243537641741166594299698 3391886243973797196291883996426247637881
2739763147 6256267645799228787657238969192834225884849668786313995374611678671676398385797176372291688792791683
13927554989286183267781221759436676591845162 11821412545647673525682875331985884419244416661568342228995422759471344
5327715796248318568922858213886882685266228386421772962286917515222524553636 5898162354785332713631126576813496773
67739492938886667642639197472129335133754196358349552129411446677721245 6198968396
552226591995596368867764229149577289757619236121963962951871156594629657947872552865 885717992712984646914954
5315776728263443718418943621954668487671155541461391558387592963675387564 67864864155985465893872216952651994721217513271689843353134914
436276599584457728797923821721893455324424824861661241353459929811819269361299298 53636274127348111395758319684889814395149489
82174112233513181337644516231351867 5656553746438425687125259944187584843792835884645527873625425395944433115987949683921
6 32
98845654163137617123757715975419395736798 4827
167265125843726 1366771711
4281844375165494678259254195842582824791443356667556549815975877 74235376131215622861655781313436919192333929373843199272494
675336362729344416246862825429595 69397948497233186728163571334226914197226319337277434341394525429398732
255 474189359876116655989728686339835214426443877
8576151464398367317647113444691935612681894986 6838872136229725496744254331182391296392116257333
7371632191271963189995194381167549847936324713779936974729679132871459726595192144187687747465432431 255336126821234382487424931232112827244743927371183674262562872525652944187569766
26 242979515
23731971872985532227386232977277 54648767783431852151113615915654663667431618
5121938917421245894542975255444593279516937155421876275164481773356821795247594198447872457514 794443973372469443883241958618949629996992946479684517645536449234883937212819371644795329678619
7634443676437347351788191181948984342989189991162598512634983868123461 492498439754639996519742211283455712474421926938471172527867877527182993658683
53813116971174785215934984756631675483948153167369121327319998313689153386552326529645798978 34
841975658766845297635834218846445417469655673967412772448 65917676827625518296224384635
889394917817353313799816896422894652641 4595596954661479216817936267923911486539658858957
8221455844679873729569224725995164 3814934819867863342843547324644454618725198838487475619187349729896126627298589929527453634271214211
64813219926578821657521624486124712484167795557824826844372196853388929283268953124767535532435 48548381113153158228991513197121112227775
12387153932332458143519121586197915631336969852584218239224956673618374572572989425248487116878 8477781889188389212838952139619187566683349258464727386969138261189838272999314448567
252277682851863165568551963625411149739554 8751622549847578876376583551115469164425848182781533531249968481169279168592958
85646491 785733232538165225838477875692572229425353623285344238296541736732853535495612791645231776
637876855562799834334759346197421 8958457431226281484667666865764466997216872124628859451851222757156515482239368
845225877932 6346475821815699288179485256786695812453346694425415973947986565398631849785754666683386
3878346858175979785371123279112237589262239775457197 955817186986951469253866741277935
82787 6139561275792647628326
77961276287641755424289648848 726853187341187531281
631 1393845858961632158379862986982992315966919479816295239923281465181464888865742212122
98475111459836415142965574274232975234614264864996663724495468577516238 28836252487341398429333667533537833775814391593885414635535578978716939792743412534314547913894328
39687857982913124653181887663431392579 5482315873944181
9756725237778652382835945297975386428267938862755551181714471836218633842858478 4432
6377394792434571629197893786759497425596998359763219741652855222972227 149214846783437741111936997684354383523798183
2999834138598315154262237442779982797634485679949791363595575635892358521318557991 8915644953935751794695251858357615613418749739625619871397582861456656628274342275629136499595981784
