475
4126838439375548442734231135913566797288869224479183343686297666168547326 938969
9829328624687665415596496983 75451374615581488457648239254882133
24784898519566528498673426133457141163227944212147748962478249562876211397812594 5622791459622923166378739493183157
54128311386227513188358656542143783933594382336521776138837716251129154658692672363 563699629525942877167
11613299234587755935423385691583173696653712883911723431623579747727525848873875 83874427965245381289976549167982539571634
8855957425 4679
532864925583181215338478494365679345 9655735978766356799331544476474559287747434
6878715731683215131619153148599242657197657668581348627196683191568537428732156655542965 966177281355663956998671452826981274671539522466869
97187867459193236126293621131556287611963494349468683486 48494678866939834498824124969628137755364376662948454688435784835662839238931311627233
2522554612474189931572864553949196947495987167697782677913384837155363778195981644843482 163752468242269692446129565164929367476
66432647626111435773337472298874745173797953942657844423744222668231323899357652899732677446394 2341356356273353485489
64279386158 47249892728961
13437769693354343655998864447998626659569218849195222387822794752943464538876 6111452213649277755452253434124521193958
6 17812263628536686723391436763358958747475812691979472884825989438663
557975763411161487755634458228392177313232596451394154666323329812923572566655711355 168692964787656337192197394517918396123788651396568227618476919
542765986881318595531361324878225632523191247899848892826437683138876929614546233351586526597427 318311252311155791968156581611467616139189165142915577
95165878187757263412994292358155477499639224463755288844721866669912383941567248898815325 682298869717296853299917751817355833269129696399565892214
179594473431719842495991424972999311156949312776464812957658534611319443699675434348837668613 81713698347
54592298378755726172173498 3486279
792467899575276178224267171896937826534273319217299637457475337657995654282952474599681731354969528 67186677421641156828936911455742123859476143718788735739375923
8395418973635974253354545244133698569975879967897 4453298758535323135798765795184515143949818265554168627699338513518145867975262541
978953745581326666684 18735812812527297462116424737361545
55498824897787398954312335784779522174225749331935189978843161764815256875918 9391499196445585985539927591894481599668595374557215598991387839149178562713179711384232447
43862955212271362217344199519556296166415522116525389744 425385634474149
64267 115777774249324859661
648881986783371889656881327387493683591518572441793136185478 616431211413447387667145346313732276322526248596413918314537934482217273585
692217173347325784128822322656492578932 74289676748214758416364972126377674868629688988883981219534413352458236529454597488399796
4252746893841744611655885586755243936 22848916864936152227147776264651485997543965966195265925324676221934682738455937224
934918659364323369895654434152869953635248474731996127854594399835272954451 3963969599428433122554457797666943125945837614757714492372416275157558
21 1936315794854498414416383243916354351853549526468135259785874394478597726714988933193555434
933621 6392889664658356292926987197127333163764192215286181787145991796388392737
2616738748341577447791318738393266395957869219576639 11332218997742724474
787515831838718996853762441579735 14277164146849832338752182211284137484765888299693
1247 9676865767441392562835243289261535924375371986636647337367
894426223954625525762613713 85542797279297423969842795173459767461921753646493948798346112954188539181959151582185475
471129476 37824117678721696787569744788819118435495
989445571394352423481138333616177644121453153667529545335614234551 26272472576897163959782255423428978334261292154295594626998423558935
575244922165473679316711641232841313845763877395479429976985971275278614 8568126737577793296246392391
35455747188226519288466416993674846394587539883194766877252127734645522441771672572875 28372923576754972935411688595982164292485511854753674182951939187573358
1989665526234399881476197296641751693944 88152941693222573537911411135635133868237962291135296176657524263967445322984995986884845
2393347 56469628894913536876676199167369582653363437183819
2727155558725115311871936427998774494373878887969289638429861 86597818825551144749927
6398557939925723235419814178537178422493929774449264164149755348227587 389398298727
17917358824979197457656326629458862155495735961581119889337162819774273575487126566155119696 4827218223541438868774635549639876775663
17531477 14312886986275435
64518117785234462586577754315959399821828916679747617823388288289697488 11365547267975578593585397421445774468598234465624762175633858346491289463572153688359174353
932892877444115136369281312548833484868625 285867643811313789522639862343631176339184728733846251824352895468757178788477
448424647639255255926138887621843185195393543659189924457558 1897774769714217148169739527361881413131281822981468788172953454919922146188
94692484418743162347624337379745959631562698779143737269212633243163672471333812422873647 4367713999293943869294529585187912538262381613894
573377372325812333214656246165159911235183644966 37696817529545
481926423943336514419743657633144267952253384698133519148645613791111713727771857331763941 514444615714799843354479638493422346269311862887984142723655938265975316
53234869337235785953 71829692729511117839975863349117926932921821784947134416546133779517325986
795614 93355996787118
16649141946625232463485887299794271269571124381444568746823 69196225415772498983669576555653176945412415339611434389574143938114
4182174959 166792476844249347872269245475688459647837594838927144674648759557524961547925
22312373885615683587543694 5169352278231193831
626122672712348861399 8669245121398341798616728381653862764429291219838824
545658 9189517793419112121979359522841966276486472427924713516739698991818518157196743288728292
8413692451535976652228674276734791738845485768486331412212359621 36823288585947475984132426279482518157117872833479291729954413378743369524524
3311771471673977336179326223466196898431713414895157627179189912795791319953848342653246 4246378282184414787753829658897664846719791873782673494785433284195138
99973297 41
19129127563189872231112429759715653211437635616228914458616431 19634258722864423694631794198757514372167
73413 15793195838292671217455664117188814
5198184447748981285641447287376939848188944775518387447728928631743453187631995837836523 9287882163897419265481174941414152446828892993551388934332277826914196996223
6379148431635229334 882913739292717312712543489755552486636368676351278252677742212371245335581855175611119897568132
9855998711926997927154144635634772845616822733973521988968 67276146248664811988557483434434498718273489326342125117917825733397958634652446529149636875952629
7275935651858956927818965843464991393462257663986 5135591621255238166432
67842192656329671558167223996868176314148948667431835765542583127285541272653818 475244268578452689422178915772715789
12652533157418752132221417396961477321861773625639639765263732368293581721276419846242173438986 125522634341148526648663195432722996631132311546779964256
789467365735887931842869683246383323434419812215429 6418949523343414394318624386185872338627367793198177259655146946219584984572
96967377165165461231453535115849465716826679419487422122767 98747367935894137198386384315167479582375992
4469686969956455381454962138176191112949471797243321444 5826584281748483618872267626368958582149263
4187524178211576632 318846596555273752371861593845534349289553637774333721873858775695462617385827527695996823598542136
275981182629486725461 1966134893769567166828196951844173142232335
839868222564627179 1117626943
5899841988835944541441514449563927657239646996859266916 4519423411199634583565637378248623336
27619618766574369319282 46634359531429562156945935996958775719416459156263153972596259556573288347973
426772662574424527938321957971 9412497275153
73537458 923345926741667486839148515215332859159775778413249382125242175527764462
28979226451521657366454958359623941144785944692194772157744743858891 575283796269483885784394546886164988493251555577856824816
27384824586272384442349155474723239558629924288 93226898819799464948645393416788533285148
194465449661149437983935463247439634383574959833669365583726 3686262982846745719491559568532488869248353178498231343685523
97382482898519781312625979232 711441265372
682484424345783611621 821338365973429498527517437922664773131921143889772977815316927931
9695898653488571461542572714117468616283478154498749885383226373653743148562392 43658421549674
722344955538519885357867293123228 4219926178692982173498785687149752231625568862652879
4616884841799872121437735175235812721 23672545561564841463199853628663618282451231943648643361993886585815844297444359563541
296777236334828177449944425448769237524552565557472235791751933793579843382435939411823127729498711 134791542222175915175351667
57372165379662834715259525359735697319127617494586235126659133 718191461533773639314344475336
9157911998877449411854191354759453937139449491328857798 7596162618761792385336183962817526266955648966944841929722
18943672656293 11543521198663425484635657746492572159142974178655228711736585258128623911595992779639439639
738868544348815283199974451381227178537391592121944593691858133139 1568535411422949923899433233682818866974874961
3362649676323896439728698534871849292585933698387293 29164831999746466486958878473798458336992674588122983552581578897935874686158627798
131793659965 15814925851955845
38488348792 4616142456555582871938
9487958935972818 9744673534238796256549461579226961732742415354555343429522618119931956637748829482231179581932384178
22599468377516 8572626388575375216568526683711579
248694629655914581752725241252666856781133674731398 834368855484294517965939743649
81156819358553132434424544747876968759157112137925979669459448311287623653946 3887598644189858928183796921458612461531751968785783958874582591637625197
4739241944222812441978467753846542462314535819619275 76793486131223682212555694882422333193
4412433916957576319297521154541144767533831958982241224995789514596 17497578672773
34274574 2676188668595681262471397473637881742852962342863729885739152538846552563
6279424673693926383292276395456259488254165913281367979268573376768848499426966251 8552493396841146491513924791559322991122925747227746789376228127968936565
474568723998168914782478669 718648777569914553311783497113832643477152
975925829483833941313553939323219 78246975312458386218286586919217183496799959826696556413583272216538528381762832424856889
19655119217672989144537697158 1728713946212938242154125166122959
18781685489965835523956838656522934389687743522991635 3556473922691761176416824892
117239969557717955 7255165173823651847247263629833888266193664136669571
26453761348418416153996345856665527827287643288117626255486726784994466792253846154 687843532436689969821794834161945838982735416853836554216475
9585631396167481422228894253342519399323634845495632663345643121428183281495736818749 227967286263811778122765675583892169515872288628851218952124381271418688275957997818429636112265
63344889777512126549926332964 183668273624936413969
7566359233639915636695146277595599943 153528168413716762189557913343881465453885275918581425125163939138
3295884828474322523195795154877811787435593248595997948564311241333327834516189591771639114771524889 876142928935123858259543167181686951785345252253999
49525476476455439646273952235375273842619318759252167678869668459598125477 95798921496933785428378752615358653493421
1544551111443479933114258853 7276156988682663979465
858381736684638892167918267797797381542597592368367939699395171 3454354451917
9652333593299159 27149943136682764926867833725558826796878792653651775363989421311192731151768682912426487
545696983815224213321828612115119822213872947749978159412634543 7475225916895438565479376796312897224878391918779616361792477974742228652687
546912915696749981756373573 44397737661445667447
95817515382171944583323434791482123542161792699556317898632248491994615926544113442 476518325234498335198797841712424234818886613641885824371723419895264796769967773883967
22672376243942699997518956583271371321651824285549111716783912941423847364285948753895 1616576868499358661529527742291724128
137273168386376172757946952781233256675965537127869 83151551719285834983281121335452374991355518571179348532145491657
68534675179861352745158649283275227 1489592886536495564289113452251714798556818541698286697141831597195463376824829269594754353916
8212572543795144714741832148398695 8425857128819977435539616667125779529176883587367375454349385965749
93123195915259171396334751559827577526764551321542986841683612715785748551 959822858195542943779183552399268284249244636
834252954838759331183364997533756569947839749374652281719546845599573354169154792855233276427 238886543751295251753149352687756887774728713324771485387976692558219166976977787649591298
784642857531287549321438896871872311258988144464186642751478 718525797146743724463547773812422774613457391431444184669714984654
164814991478321 282231312553264665975962815633238422811697647123618329841358
78868692816332993285739253749877812699744397974888784581669849392428731832749284598964428118931292 56114929793924528948411825154574322522763126482934745431369545751468373619497
653592675221595699928595417843617894754886128227455866761771844469653558446 2282762722131838797932362976149321818922254242445837954488121772381465681221992266543124243348812593
1493839555216182231217688 781176358185939797367216822186175211822592889656555837679597943881
111539426177415379484212277672486188667557554784181317999627274152334429694773931554225 9783894744975383473328798897279775412762461252667676588369
38758479986372835156157539745216 388779513869629593424914373428472355496413
51974495638125994223815925498284337279266767631613734657 28998399745833123592488455225864463169419454433184
19967784323611135719844976532592998877561367337826267677634554672423928214992268512 92778367823381652168141317575223
369872211968771437696586794281445647716158288259272159443569942686692244387623169 878543353423838181453751427339731785825784435645975653264363562383914678261538296568454888968786125
12718237631761553584242642563 3366165741566383
19439872247889266921816933589336982981485938262632333941378355984723632719248723248734488126 1566676273799171559479533447278867878879492558964853196736433375
1142564568274911719122826889175945159915325265821696438825513938119234 346372318336914729513862555122348295189665348
5855288114298317668364232838771189785489396693471467954252297651 94993553868535
753145498742198 368371351882755745479533363495711137316
63679464833295912114195319283636896546841586518828761366265744717931926536783922712519118627 88258155218346622986586295762495481962157599548253
29412266838853751669123915582348257618388541267184886146855672583922734556793537 38329749
86452323262181597561475267988972531884634689271398114524287433511164295387499541644594 286614263939557952664615843
56831336332545277981131375314474865655242776418918813 3313221639535465237313684985625851387471135571778384787551659185553856482351674181829321519
1319844271259465824224716917668342444829757118226246781893532727542572658244628565725162977755861 45759878556
651939534968 4287635916
896547 264565924732775742277213759813449832858591395137766634656664827393725334822991978352
2149831918251317415353932571154845572189384 16843829185
2396538212684757366611631362275997681384781587685895 74728459632966474549381789853111599148446447373559276491424226525978548633641452863695
9 765418421674
84335193859675868 534851291864123745698812112415141252752427685567335763976723568815131464
94763966919438956977555192912365 44522752544355586775822681961231568969646527147622724582911711114182994142567245
35771742157171831322414793964242753195565446251557885521264682451989553993163481 13533792891632615475539523554525879797328893113871674695648
539125311542233649124944326665634438249484752294 3682322847897573976774161946749218
3381917421776311714396463973364581769331778278518734 71631639588319295376892761519482488413315657186883932584543997296973861782698726953348891731
332423 377413742288688
6842696828223121216 1872566611846782996367
5321728148113461469893127984711877551846743345924824362419656826248 119495478293446697778851813543633
27527956527841627358561576981254886172622247335268 863117637624841451387321821467257121249
8476894419 9915959283983778222964152
33932348 2399665881238417969375126991615691189828219125618599534468265646337356617
974264581385552425523696318957315261749112928648398776489448664373 6218648351958969163199112648126741445932226499831668883691484915153833412137854449354669322999
826423985649842326 99667935841833231358742661813782258332221995
5236371743512799517335137814358436183732174843716215298276666356887721582999927726632872629549883 6
7344191548722731894479387 6126824213978877953361557736549377223622844244
5297473411497257929446586342794484732578769747267167221294763978342341521933271726739718984982 252365978989882694333925474
12725328524761554947938863213 91642255945617231989424687
934784333498967392488426442237198325326986121864775341699 7857485935583757878958
64496245947987741237799266824678149684774812328999327741628131815754163114963291165581367115 2866525327385953175651493439348312246879747557972
58573167297136192716515395 438451964567799315711751268566382741986842166467494317
317287282645898517499956232 189636124759665411465578
14376845534196359742547886766374819245891353998958422932371271719613738113498968298272366 626627174283611935681798326592259564129969883552125422989531428289574639294436
954642655859718174449791514556538391295154678463584298296635964233181221351991 822539671593936496873156378744635331711638431616897235222597942692598284532
13488736118835494138 15412967813479239353726392146473375722785733568383486295956355261
748311966638533923165749521888982593786697448387134865523657689231 551975274684312248624826296269659127447
3494489612141826529996348986561811766781346685166149366164767787746617579753999969893925778838275 41899736383243548791149597571922616217329125951788419838488859489151346683553153831286664237
9113286121918281848388128966299829616611891487211615824571291531467997868888734624919 9789815378395336152782598859287724795462463614499284
5 2
55532929965884475 49131562872721158135954667334749376651668129549992228638117384942
7723 21551
423764325748819844434569676612995332499771358251428647187121454459521981265694398353811 59484685913185312791783324587422678656255299617178391577837478462753789817471116
5926 6112924724799957798423553856273175214328939285134817182464419483115916874744
7433414172727816277114915171641787715 9632724266224764358963541473787122491534581789113927357346643622838858
1182673263588328728515977268862936696369842946617911357 728389421378733624776297668251146961496227416431296857169661453
32256455416745728128578487142756457798482842246393388 144739
13468777759685286 521167995186114752868398456731573519324118355822333924124948624542467575352694956423695
3829893572772236228189941351483773256931241131363677417919398649 3226427679973876
854493199397396585981166165894394988979137491319953652956 12241855593892327584835148431646495343862112151437365884544723115754953637577364327676
64331682433292359591461591335939162449298932859213848831681491164877467312 2196445514819294296826156683422768326732671738668
73691627532249929 19746816461969499615542779
7492849339222777229188482632128435611824146243389452113598534851691461454457597887752484293321935489 765448985438896736216936259255356964614215694364689241491272281748225183
7154955234566848584 6613874678538899986319
22226323167953248469243963196914617359182694111871366517286915511976771342434369 6148787453122555655
2857356397848319588524655128959129118956848813626599415737981228669923879881598627992683134369 843744246644937266593499999557397793628136135596172897343455112923334597149635442368987662
581839929739438617382589833645369145513226597139342394992941439453847537678763 9492996267358181261652939885362467931771145689639447917356494655578974238586218894592
62451321652599497672329482875551832349364579417183894928585892385168364793313342512166 223183451883343736723549196958963148492297438736415141241498347287539312244436952
343141262472886182692234463197246114332243 4591249821663797
212338275292758966348363633694321297193473331135779289138545649915526788689713 981681998283688758469169922366991284982941128175949928844465388216415252284
927371287884157434281168 956
744 63349215937283376695327193227886535917738248292788782549953874228873946832693774
6848843823799761125845955222724994432988288447954225712532372157599493 9648425478885436348568185786578225534223982819715136499245317213554
627794362261 8784532769221534767293924869748422947919225141787793883326143659979967571785527742
2228743444413532163932579447942899356568126814374694343687233879568884257614769 9958644611726453975288617823118385427
2522258533754738547398578726321962853325872439527543624311 391977867
534594132254953749677898929118918852135111662428147482333 3413337988783261159
91575873238863442368576598497833426642347898645272495978863685264871631442454481652448166172 45912135819675596643325756122965848242443718459899647699798148178541
6322772587533 2541432374
4347554852263647645855373687955635296861991745595217419991195534 66267631738226676839949192526937437913599643584411962932379849333867636
957246895325949983141323382283547818615195818 5546277788215699727353542761567695934286479464928746314633623964452851621422137893377411
4147289489843838773333726255239942638955149 7723293871242717496781212919768655667484957497992811111425166283
386111232941436747747263935646669628297 78977953933136377641144389593619271121863277
777293486649461975665511666992777484627149 741698372589474755311889388655576545484662139563897198856136934334175813648755723724275838543438
6341971896572339774684646329617 771297866215221135484368732783722491478942841586857627225888173216133122136573769229
7382561514152316577222538443752937126978456244928277825172646582438399967665884517641693927772627 3585977166226977366599111212691271352256158641397767366491666137155367822
98235759794789 926686434328835755227224441834281
3689454758299227363382565 215455715598146961894631655984247265973911789527757953389348143699247553143
1477839495295947861442792568329686551927787152548832269261666676929525 14874198218769982614391857
135838951611651168772166142733493959377223899821 5571531126939867298166589488785982263985641227
23358518482882243872745968625186631684 179371132486445488493456567511282659341453935937562442
851426396436765461755913 6377149914265523867266297791231635566895766353997975728464888696854231693
6548633365539631116331573116813421597874639647316 734381723676785987428118982817922
9855724385296156387619283374 841232444113995681118858353194255957561839928765247712368779792665562765381939263223
715917636944859866512515117576881 235987753483529471243583387217377
68337814839122284941873933634195163785637993273 731234242656212567736948843196874635712438648685526594344356
9754239358291238996915495583733874384986616638247785779668417745631159526988417548138645897262586366 6735426194579181472983866715842628352423234823641172351424233786551397846818712245174958
951797322472519371284162985548167777292525534568573271845359454999482913329785 889824592227224848742522336425973456941644256193748161984238965644992148943758572688484363
2244883165162562978819478491935551 373
6882253515235943524692 5659414383732175382544159323332475342456267476544764344823138831792316437448286384
2674573456659934728288125914131 35379165997555
82566411649285526639362255721657 1432426447382758817453
634698471812774 8353564351546243588347616572663391752871449898661344856
895678157136438344734738653468567271224282188628641984512764643655523319191338398642 42813391659356855629878844223138485634759295652474659746
61639413427299 55975453685499196454574489674988967624345679998228833465422361429672447645
842572554569331652389716132459218541996547339749252578896813917681931756552965 554314362815345817772842752991125373231919573
538822921919791434322693947971352827167464153253513732238793369492777349218456182 26959895584953568253713718299811775712717823896882659247894843661797281628241192192647
97724871127995994553127749663856198571835552731573465179766127392 183171676693399855851254
6912427367746451713418891749237644875994664524626 271411181632748684828623149831854944659141
78594418975752499414795726551753792422 65897
3827134994 524377218238197427814335545823285234452874247616429474482926
43 18463825282956349385926535921
5816897514748354486657 479928
99126482251365514954459115729799916194911374887 969821769175295467664922539679899122271819294185246694192145565615853132682569964195614561294583
43583367412627355278529712312376924713177 5436316247517782571171967673941164262617285378563987374
9927158271568659321 47269689892989742941872564649918356185424875776974516331281482461425
369369851856583774962192952483964268652286895339863354587476767366 32574585588385727339483523137832327847929676413327539257531714229829
595752323368891562 97977368548222512985223926524859719535
2756314271943683845898628345519145859841216988582141562241448 729464149273898211437228287276955879464581429195159313519
95185579588528955 9541556569252817357415841645669315599396855328848862443764169377829952991487351679329975863536
936341216966514589549674136112695439295266844787749671564758 169156973447187435558832181981967714
7284555773733129778299576726941141253338981577365173726 495791996331182919496474184913954396775867229775945624737929263586411595874964893178
1384561444932443459619214794126325993583644777538629867674 82658285485698497284584112473924324358228378568946596887426752495348
349977395721547953523257791487 36274536523237324571251953977459316654687688958175888264176849842544114836669225923596
962537576819481166365536737748127875771251164743268258139269846492 2961529844773853963448723799448993261958221313738163
82779576661177486194814458319595793778535734545 15236132244344826629342554547764655893279946671953247839
56514545336643981155753189941948111533758967623224246867897772159488699864441158855834921519 33181123392532274564556542432621429947233963579
8453915131998327776423763357434887789297128756752241377386417766 2217
72811387433247273168398876387932418415917958931388497783595377593489 181745423335287248978975666682955841888964131764768367829593896661
25753821522126427618339487489255834921813141 8711491493347933232845791696694129182175112578884512879367987424735233916
525886562457813678589327387347 654653768133621729442996
78479462499396863778326744547741148644554663998856524263 78175467849566533725385549283519191865743714153873559246771591
7932373455517114421479928 67679372315642661266916261647933132353472512188325472264218657163469324974423264171628981665
4556253835674194692281514132989734259929949 3198486967243672946215641857499263222854254779589255811822925878465238
6953897585417622343444715749622578791726349445791713865283133575116595233382221419 91171715548933337653164148522945873875849425444951472398772987375489868383244274841453947784
64638421739667442256973822469727642281678327589186927789991831246371965966955134919912982584 916573951926297859185214167496791445398177579491
7151259864 95794331854282293276745657948121318738149898528814153826293282138168274696575982914
247528239297235422126736885934516238272481722789879623422688139296874712635758927156258642 3765883761898156218433751481992548834286884736284381192711117778753161367325255893584
869353918693236972869557158468618769561757217646638145113247813356988877879632269171 7426165431997243996992564899388577548269251348323223649
177151965112766877666333392479174421241939735292825683598 9861549374819789
16352531624766991867376975379137525296284683754271136861221435599588126263742518989946388996385279 57759711958325491225632372
29124592819248832572129826334668887128794432988686441744571265632869973963297486595344593 216217878149675299425664274588865674713926751557586177198371
617615934885781517136955385146732195935 1417764421149329865918971481169239759622672367733261965997158452998667443422262334733289
61342883744521533414363623955932888328397315264593 335294655123124383253139723565426971747187791822875
762 82692833327166855934126929734163592359132212384124982694412733181285
5972229298968313658443 981
49749325579969756297835289178634533451726672393984334716792794985235435848668 93689328614213887842913725715578633429
51273561586215448283573 5523839866511833231321126768719
1584655266131 16337189617685478987472975776652335778698153626322117
41386484133492778554797137213467241176 972367237648488521279118
795482598848823824144147237159 983
11551358678989674414164391513538 12382995188269761666159285887262278372318238136675812654296223791784581473418
3246895421778138525389111133242643385278426986292732444811232353976448125785228319774432651111 4311139
619257314686628 621511797295157742487839895868869473923197812
928282453711537498754328612188191366558541234483337992123951 81836
695945739731362214983844 27446312799172486442721355262397812385384251
4358382158159893792265321562216968436927521967999243337182362784828817534329 1752188462957781354715621574364243536719121396465435565829817785995811351948815
87887332858547889999673488667354428675793236 43571915864589154123894276315987319358989919221664274945453263224876539871629428914174477664
446455964322786181928597 377356297169865625781235321216747572668474919162573322956
97598871327689464885169491755567249427578924855118666639191231738725732533 77754896415152668281473946144473593721839426366693235991
679934257639422243473385292691955557422966428436356287847159623549615562935132581886927795762 6247346753595843493867792253392934749973324522349785418161217554819321321457736594461684
637292558127683155482842334252749967259894939385334 4475684769796895525968648248514676158492591412162498449622612172158332614519829458429974
13372913864252354677771938857631998687519955699996617577972 34993242462678582432513544812
671332268873452537142919721843837698227948448623225223478769692241 11535896319148312375346173623463251536545533643389
252642613724985133861526188169665366449835482147795565571493242264289671 99995885146117298547867721412778518722353287878549352973186231827898
259575325518 17825183575256793848618284642162286295187957476554791717173936222
27788678864233898661715579179726215851726418114363466435655 4167345735985519767
414596854715193841331562696126315934671636963261116638845921836827976484691582548762989788614 432563237668295272744
7639123374266378653348233177 666296679435731846297439954784431984756818644424797
98413773426311561324349992732176684438961873442127425595866136766247431167321 82928731489351239597967956617
5162659158653273333615237168558759423492677579864 5342237616289769684889991198553687538982666269535661344737764668321536
73155157629726555437726 99114188768763623544433153438572396592
83222161754 274743241457
7418769725552323462511776883 695751556276683363949574
221623128357 24543653599752673417374296141952372591932519524857836438516542113454523488612611
8568747857663813435542356343655772639383691717578567966648959488 945695317554533745917527183484164596812515619237271217115554183415653246146
648971846333336385587253485493649842697518 6139414314
4778125183114375999746928445814382833176269938526578484666792246982628152 24861496147926956
4 674941683543119581576458988836173634626456867713146137919247754794561
72879274937974122471176933659691325199567434196997254873166636226623 9135721577877967296448669239695754784
32513618819573784321449147434562615311961487741397515679539565488636292137763158375737 5436364475545273169952235323342351591883258373185963772565167353521965594334891519186965
6755195453793526875925979193227275752525642999869788759272894 1177677669498124234834133144515947568625171123715737
412462726783392663743194191975579968196979381664741164968335965 687853158219658213526224766361513852
9718799444362545934694193253276726572185861483569266842152845989482687161566111 97543472553869396
7333624 7687249962993915579976476626
843844645823879143368933968558791865347649764967344187379249889165378736299935757737362448391945 26379173414978353691484386185695859612926776157799712394
57959332789472596453639971815273286338177241339662567599884488651 15747653895944431781382916377439278647533989646881437967164731198933463684529958731855726338355936
5435513367 846257992161782654981
7218894993894127639742273213515522435296878944363929872637173688573622166 782631353625731156938169131348589313725918635186314915958499813355586581112341174247131143289
84539678231162335965964365281957579168222765372823 7431758
8452445896838869114653228586545487622154528589 37978868485922447621978247168851441188157226935986888925496173
79384356844851178925314735274758896638567395367323774141569431138 386222163515283745478485244693691148921331258256322222735964693797
9862913866723894549453462199278666743388935 88141122941891911925172
4398213813821825688 386763494862997227476513298972638239856576881478123688989354563
655743438463437522893458417911225226931569913 112972517276752727381482
54688763831352361722286786815516472986851985185941965938675 35719121782881619777678671115387927
34177876266985287375119177274826225297433121 998225688816174117729454542559656461446182389961168842
56299927236367171257521385795989912943951828569211878341455921123793562467638231368165 224329226668175194842734352588816894348411174534963359781
741688584675453773783834142163655882111387134 648921488227926365967896332969658484618725715744351693465796966915469161816268377284271826156369
48339188398218227697748469866961177767275559687837398542522556637826587111472935624887616 18246963421255519445227989573148112891161984781122324595916539429
39313375683861489482743134837982966137647 93782754889877745474544342168969545166535688146
58883686681879437424814514491629117117317765758852135574463919514691465 222
6657576542943167114614122336853543743688319477895137847559 425511113393728877559373594313933855118462793733162719324713742443169
346896431366864289831297446888923492833965555185522346747597884694373554224459794784336241368918 8345416
61727798915493956712287854194149179 516381197945611526286463565918
129644519993295222542121873845795761774889525417968657823498119 48
61 7423999992317
6811867888127 27163537946313358759714496772549696523185457947526714546173513461274793432277927836595639592
968359143656339466746258 7416139267926173812774832321574449938111895215
2989214251744237836655418632387267813814124964 6646921814741953162264387565
3134248956889885948198473679286956599166417836548273356599599243822379393676 6319155226269566779971699595249784691932131584
21388114145787541157378957315561915858569623692829228616916999211 58356
4166833243879937286872493294553259393319756 653869933935448487194876747911959941912
1975911941897631226147861898513695223417762951655855531136942271651282754415896587159598882863487 4179655952289986821654436
956798799723682 4289664487489861283939542
3533821382159291927632867321817782831837466225771969578392734547336659 4116579855881629322376869843967826922693788879878164353726635137666469325712782
9583729394665677916671883 861282625968169482277111486383736658879511548156374593768347166157225812265911798684464
73531641998584887894848776992335 515522354962362477531879976158843782754597435587143988828219539422659
54127181736 9517292341669378187247
6249846398916495224324522656189458752591692451315 661311952346784476412451486585877
47685382974544565771325364464857 18882673157382779559747498694751362992632
97487832749297789495823175658513251191985896375772592 33189791428118445673561843226943372478318464918474984
4514754287324241624441442639444679198321913796281718292427726779466924126 281842887229547681481179985987
84276687278 485355314933124868956919361639186753962236658528481491893651637437149
193364745 41284547394368253953966866366768
37617322613958943752411421878958117751534965742623256594447616327843221942452297425 77719294239165866521337
9728844714174447127553457585277363858878675567855542731332931571942498759283689633 954758555169423277769748734839112719471482723136956938481511575289874388568783357495347
7381574839878721885232641831175856393166824265878323624526374869433744863613975366474811815748221 1163787327516761424585978127
52679451729138 833795842583433619156214877373236496
221186 772812599795154736376964693314628787112463577224341669787367666245199489649279948732198348619
7139656951897155133849639982481417993286666698647821 51777242553135248569842637172688657536984139727578529349819659227471136851941816
41586164954876462699221813723573694861139926452577735162891889586853551325881584238 711931421177645483713296379911736383281867843463937258944713976525948674964422169335787799875
62729983 6329747897869491749659379179484926447571192338984872435725365188744996569269
1147325683425155812882628578629664268894465399163876331172274829213471321451978463629486565996 68134227961949488254365159448514421172567956417462533562572268361664598813147
2842717116 3761281583487171395885979667325929587997391955597671921619958995982543334634187581472493287
7946933164657446 2215257774145977
891491187612329 95334987921675925657175663311289411432214564135839211484
859958549473999134381371546214742638657218871397983264 13328729845288355226747565269321695
783485596625816259 259763922233
9181593532215233259599494715216776666837985471473253832546216278768411 787149583453188449361679827159676923786318217747672294928974488
1676512 265623341266158485316223363863888198
25585849237455651932528731698275996541584186347847 2167377199258457352562413769728167256551878168758716526882435556
8378248315939179229537243461158695874568245 655531344524384545688185453935249555262916743547677655353
8862 414287842683847956582164694825744576736976821323633247451169867295615843
723722268171843384233892186534943613774734265626687537855663847811822588497438147148573163542919517 56975942869324275916479382481681112363834283443246742973532338482587292511237758183
8985522959195787348899627684464229974583581878534777834329627287476 536431933177965557175998
158831647 4926417885325852565922217848674187
739638844646864644711172747964854421622989 8449966127195556677257929995477795564969839347465195392659147695264853395595
7729757991869369951498254493511332471918288664364219916822 27428265765197743389496425328987821613283129818596454288932667522649354996228186419
8229927791683385187166443556534258197131291464886561443918835676788351712351188558435642857375197 4163243264368337329679677145234719416
31411531817643885346919912255159313264771233248597 6734376713474643924314743368917177619173844844546791452143866528948991992953
2711998378661275994822676786278942172451726267 7162972221133174966945286468937994323918711664225219242882755
4783282828973855733 234295147198428198524628513947368745612564396255944571882348622333489448673463316622578937472833168
9682556142447156487194445427 431116593211344399479781613241539983433851463213571737944746731556
8548467924 2173737952175
82142518679681756149893468633188947131895157181378132297958315386563834892181615848779 737636421323448812455467919
5422522518579479967962 812166557124474834193194827111677637298892368676
61414632878731219196273876778341364174323337955 8172812612125885433738785619228215944298
811155528495992911455969463669219349773622461191736931776718769886977376 95421324533651164787791653672661995991
6748286477679973771231 99752815121474587851768762163324228282574777622
169627838662552889635481721543762725944 477479467956819629593337736476372954375929168542424
646887552612716731932474444911466998174289927416361297176415699734497641168591342987239 54444134842975559536561726222368383732385418371893586641362942464938153633536545748155
6559555499564619991678889739867517721294475623524647446557911255255862786445967899214241455 27834354926843719117679374666486724525213956465316335548173122661576778137248563
14949882761447 2964944513528993677176734841812295261231375198146859733121118262329854
6175735316171786791953674763279791777763141445558486552945457798588287347219276577974545 696335139459221246334422991487974254252682815754423837976154647628698558324689355282642725252527
336337468466433496294731896275311743739 6967133188753634177654621684982156543682815327539988
92915766251248393332 7527632623168314711862293342399277685969996168382785771887128289671422514756457429932839348216468
9769927385 487828611114454327573195973611
74816159796946529148113278976664474111833564493786645 134926433155454465674425368242489119377397254357999853372
5539711366194228382921719568497982875931481991619696366929646 949255886313554578481662175232624868183235
9126784967963627529826635426772621 3978642871662668621
358532869363694887211794159269928848528477435713544164346764268827958292339 636865188146894793363315232819581477779993159692742386385566265
41527724 6854589896731762968746212341823333359735435847646517723882363913129
392532667614975512479631627965695753 988563764782666599142666433793123197614
975481 136573497322664318585
71616839424864559 7423691362283216958164717327398524192151155933131531838283445343144535278493136254962289323
9431123472613446755747846881 51249235374169982665797973376167928256533273942934898653677185785857
4479689792239223248588496 549544322419412323263923618672373693548376283767426321771972932
14836322727521989675633596949964386561181193363716418371581994897638651264 68987799661255191133132557447156415848466
894782457311462284272651642144338148293587285166158767312282289737514658262 37364784428992
49986664149382269212951574132851337727523347548855484544442573 81439134527662876722513399519775216685282821352224351945474495877457332771685182147433
9152524587783366631774589819228122868318973716615786275878919528977928251999384757425233469448 6327884
9977365752821746656139848 55123831337758235685655228423216545644119363691132941822
161746455541688419645491238493237758296491776635839791963915646676962211466738963268366276524 34588415251284249
99679381486975131662457 1716894594165819216537472211744175622553479452342714569199151994888933
995584598941177438588745586539234126919662856651379747732122562766617528911147427433354714 31853196267328727185674948366222
943912747451667983852498495452795536887 9353383663379939157486839528383263369365554569488785335977553484362563744665355974
948644834247243987295972332382523714999523648392186944985915594194 772225375537894794682973449666818521314838299
654842231439928728438819375538265533759962666375879132922415594813253813672538223941 577263595567367435384622393933144812
866612832853995381887273238597434767155198333692 44552897292545682
427665214158 8
141574182649364275634782921691669465791352331119373841586213358697981195788695841746573 7658895994913542959394164417982419
4682544486225998377984545528372145417165855474722886 99136184994894769245828653598976782126171368542861926436335941
29248971977281356348846134791575665711532666937551139382119991132329374338487438434 211126512343688989565215869897355219697269468378199443334665817499554632865175516247119516782534199
6513292869598842285623338816743187718956673795621443715173432582592673511 1874299916352464654194561927711168252551961396546565778888768
2589981211471579724251263477772343142195955773864244317375347793684184129147 66399826861311326979128856652348771423881817155356852934987656182232996212784963561366
5729722997223658563525593568535893464762926342784211538334635792773316312812498235273515188 535131715433834256227238268355283628532752683712788
385 79628435216939255679512557815593519817443484651555891676795727418843711
461166989835777993149198985828916762822144961893244272127963247685622139714394164357998347793846748 13347555739164944265971563596161139732999439245555597445725
93892831965732251815595616481937781441812474388431945834651544 3287331948559913619636476
1879663985327399887887436286158885756271823833825551493752759512487393135792 2
11842499652771495257256237828513229946522973214441188 21167784869446267927311385937
155782817721828672178641896811383879939395249373151412229128223567813151124949473884897122 758682144853563822848571672774334718185722132253948891911
16229891222893745877997662938311983465189787296734757485793932519 15676331312735373148618867959488538551747549679817656742456587949454527
1638991895344948172875794143843925 9572564731626632438289773994783533591987
32532683568463458264349857414269499761599121949883429899718217448445677812798898 2567973213228218149299329423652611625524694321342264497821416449498699459835489898
9471626129978 4743127485757367321522798192372852246527655752611143878499636798768395183417349267338161
9282585 23318815672884841286514511225417198938321256674569385951567442212843854132893389495
2442293542151561415685618731732329193218617462617598774495987218811226749526351366 5451975737822264819118867836155791711948485
59972358659296311289945355545988649895588523 769584532712877256664226653123961646548662335859884356844313563744354191
76583237242416267662457225527653881884928348435447781 777552418717193625311623914955578351845263618784392291358357882751163318495211979718442358
585967331953369318242646472723295282 5839146462763
747441718239333184283272545611166322229388442 49432951269633877482142536267276433221942446731
6579654276239398967218616594947111 357861753743713969199964811835838143713174112181
2829569539424417824468243388743762815517323282827777154978777795728733886864732762453547 26433479299731728472867791255829247717
8833379471 66217864813937732147384171935557415534534928253181376262796426877682174768825759734881119691833452
49987485483152555467523756862434126292947734132869793839719333824663865354532 9546996441
6366238168747235 26445247526197875228592559987
95434269929515674528883563411733858414473581886599443873722967585457748794257574 26425992
8631923763152657582743513724433938816587337491994259 92975128425874374443388223851132999556788594882384799397196953995548
7299327391919498631316812854481813912775582118974621361138867719257388298974664 98584577454651234747942
9262316177471583111186624993866746915796145177268964918638765849353784132962 672585717584282379979234412897689988835572572132684227321574635268126144
84944 6249352616536
42784537 116887522393389569118252374136992419552779156478696873817681284973331177684583274
43827418351767583 332671543442794788631554447288328341612491634199472646777244374741248299776333378136128846191651553
218397129112313642276387564436182166636936675341 2877589922284645832716788658873833992844742519912696118989796548133642588782
966979348331561622986823725372248233292494593411329878224379716719798 92836134338668856435774399252912427891666172918124791694852822894283742439112177996339
2645555465111774618691366928398813257831112674585834 7294329537998741983244579848186183
89929874431857816582727763627783429826654288844542231 5918471241163971593918233723419514599966123277621928169634
56555634367339674244595285857651765927587742139749731344173575517113 11524368431644863374866584782783713978489814843821888212435396641659
5938358 14798336273364448248583738632226962655471736541792952452332228539
93673885217235929215 4227252366862642884215
335196488332664753638995567661534558196129348194251166367189281543 7933113899897212425822182825994236684484552894386387147956255593918853338178317439188498677544
6811247679345887395626759759994575455572763699529777685514962476323184887972114372 36844472
948215185414795676131784983462874339582864827515349745327834246249695861625385443312192472733898 73532965671213983519252663957625546192277291527333
44711125756458244722758676772155591528742222442759233722392672673174282111123647393567667 9527789755814339663441858988138869896876376947332251639752212391933975731231763538178766696842
851897935424592938361591111445 95367732794488878614812574523441
3832269889128429614565534273926116737384165294115394636543864431 773977124256881954765672466472368563498253823795379718549461572228254874
13744126233771446952379447422941115339548357386373742674275 3983283257255939328923777773826761545943545535627838528694726894245971885659461638
482698 53463392631847342633894372154533229758715927715622
88261223323352316774637225968239355869625552331384257368263118699529393236249453712633459586811468 38826928544145443277976716173495983481118539337218551214284682441171119215252176191192559297281
268887454685749579398988862355421583517 67843264112371186861551841568444112893771347891312777862399563351761538292387
77 183183213488266713683255866784861
25168333699257512888366719565531178416217951764597161 6223468291358591535368627867854442789238626762251685228131477856438614394189224177893886864722834
838159881 45816348122863436912754695675782754796
345874359832957597662244154617991286121384416517261393452145198166354 34275531
