887
77323578771951248861458162971237938754585257948544582318352297757963511371963166 8934763555549892964141957451218891928629841116338246954998499128675364872196727542654
4364286833482629738549984762286858714148886365126544339896675158746673256272435595211 78795281742186687986832328737675953155481477577379
671732194136279485 44314215541267439717826766819861527755397492863181974932
1721367398691961826538264392282588915389217934874641531261748679181779727255242619979286 951389849582856684565594921621263525956735944771823724315366536545839559956148224787732368561846
7174456619677732533446688217823837285457184572695893944393968927963 16136343139613236516244696312383322733225511632669784269182524463584654512696321894424294221992272
8834237246871963866224454184334 41916792678877254729969371626725787266159428
49 6949433378697615398319756232657715
2786189181564529191113522954784822746139495748379792368376831 869741226467283115733931639525437261551254125668284855272334411264
9397646694516213131923545191843964857429931268699 464424566316711853889551661876456988229173
9352814113369215757457168369323483512814919793547976325146126721574448 7718951983848977256244245919699493395571145732167886383818528658841352627164245129
41884692634815274312113933292364652232664217551383 9115691685147579661861659259937868542897543711761871546315249156729749889483117329189378
5744621886197489966829196137478986122851868168 17784687256123797753883451388315385582469
838818948885634599479241338865 598
974918354754833111849864815972 4311881379518162119529827824894587757515363721756589621138916485982523861139
3642751991999 673468394673759452581225498624755643
898521861325825349828424816622238463896493857839837143576419597255855554179531999661195752671415554 73283271593441778162567361322532
89667437119996559936224734524359657696585223457729729318621717535979761951 812375644445233318537254294293649566773844997734282586584713372115219127925
2292825756597236882587866362514919597892157282669462516771271993971787454939729148736819 95667895792183147796411556838896436816669929436192865925
75319564659333857 66228569
3477412243751493615989732514798425366249295677483294629958267337481183379657444325669243991 2784433222272425741959988631124736973894611221736534913757586921251672
1569565527831916314759997784714725568973693823622634378 41318416466925315779473825951433648496929269837872638128542
951299339463631343 34569
57455667 3696545713617534
2843871594243783384429574349275521622597439729444754895223859117581271214224795362141821 979951357
34481752143981186334648326864115276797865273643686196612849286393551728415155229281498398387 3486885117335853711788597626953274562179525969
28419517285481339415512 99836894934939739267818336751
48 7178275474543424669645525728352259512197459981264134425595743271712363944514
11466197192492246 5394727138865368637939835922613785174344181152387637864
21787931671412841577689933675538879385841963421828296411792 953414493863563721131454115529135697769465292
73586311896935274449391612441867626375233372158314193364996758118614428627556519841688721142564461 8528667487423426474456862782658111587346713524275888533764
62344 227548989398791867248376924679488992758516428577697611128836815837944491745422913
9478153142731189968459838148164889128478967163413947273156 2672117212
443334136447747898153963856465275986978121319433827853533212 9483834543723918163118586121655631248921466879633
36294575434812135715993275627295563316911787123579 876273186333994798759114373717898728838936942351113117618182421782695288991221744252598329244343
818183894956472183218437736664225919214559459932257865223923783658461855432543282996 81521563152957678
8851675135322127337391238854376636559234139968572716 18558352252326411438327788488868394188
5528667673523146875244649726479418144567719116349997552113197578381443188 2346686249519682181852296114735952474698456372517
2367796857287 171285948
26846533977366415586345397697674267962435846172732261286479968827649574234762142587318969 665779479165151585826372924
756813252231774 2381466288647626241313919826831462617829685667358477497681865946375572588339
3727 94185163421167454931999722228539
67498389968979762823111281 2742293173914494749678981973888547627775473941484799715459722256135877777764927543183157221
18 8465716212531258
3352445649872936167764466215 77
835632 75284857848638633445197682984696284141688177254513956911838853171297698
25634947311459929887545 98181986131932662637434636747479632945879447586987781563672953964637739854793527486913653417
1139245 48798455
1913518952515956937454 83288185884344556178953392733523562229135781626252384263776119885
452523712844215222948174785127753653922335795498892528655197382436818865396766525342 282942796365215446337428249457488341443347935848866
537936517322719975648229653454646493859236871385958 988837747
219674316424742366749429876596367934962127874532125365186244918264435947537825379465871522384 792523774798782384131487398198498217269561649624561253788697337933426
763883557841345961595494653552143154998612265 8469725299591219364799452544193692491236975
939191743675625796496925211177 39335978168484767512489679545214737859711256233942
69512783351548386998492555111529579531166253868126622119967119665548336262291389442521 569469466366
76689841485757582661395342825859346925955572763887566533861626 968517961551753912872448967645563872732696621286757616142566782237244963328871732275347776
587834 81698964737445176389714297869365158474119578133944946945926878927146627946628444471361843265
62185914999429959951854195524744796972225923663689936668415176949599435737416271114567 462953372751817276978637547995982787356385814871876522997962669992741174
362837462669122858795156943731182473255697943 1119194934594993778464
326642141598329763962234541212338327726713748796983919543 827197241927792554391815575697681995383955463
56536513492323731218222231698512323359295117118891292391435992629531225686838771789837978 1543766221159364365361636217766334255213568728452998432494211382893716436461331342611857498
67725531618361859754773766752396229298855635237977885239584621996596751219613723279 911272556723188247996349573421493359618714136237776556565853927431459937998418223336999582954
98449429688264591 24146296845414528815297654669366117931567441281587787888166192881116674165657614
414251894244946691363862382978195254289122922296357332765995861942319933976811273311137883445 8489663461588419849421352557859224427687815866364794535
85359119952468399813526395197 1515144823967246123246784814523639935522332217513
42939127592787995239846411152715115614376251327 398798125921566356184381812267577848732588518822492
4786636566566964958582118374991542346139481311769 27382878113653534238992928427654813386756426758727171958449994642977987662599696897
5979218361786685167398538939515153539454772382673622212822729242252478977754748769 7591248827924778678867681113243
9495152833113368671322184589349974578419822298682751533919939 12176864728284158736431759328331299737444494
872411484866511334439879775268 48448856797653
75423277517369225149883428628618457423342777 939
885741313527456448574176644815778649147593842981495852922322622551545233365226189 697151687238878111369193326647715627322618556128584
541788996686993362889251717794726113557362865364 574767539566583381856557179885282666656889633287485396255754126976352
943176913845625741845457382932813176874898173725759537771138323111174543412979539583257341726294 966475475826339187728357433
1963835722491133631336556599541689175767582324161742468149468842515852745663151263863928338 8852258938631153144
56164171978452945185233649419938631983651138127531378218 533567135567618623784726257232781
8841486583948977664716155187162954849323434662144887298661 352268231
1112558442246475128932183123115944653183934373659665544534234857421597612671 33711484148417572913766211983766819134842945126757459886828549326783121579713621696663
268346 2233555716267252861919357943
87588248257147665723888493669671632622344713712945154542424575945 26826439281828621745214545256816278984654919815891648881851947939417583149875147932795726341
8742413633226328249918231875444996139428 657725261152575151789211814753693176558512785586253799672417776
9977227517713759285738845848542423674218658834267258672687324298563728862144 718595634396539323892
959171673489794745748558119533732188 84552475628827737563425518632122695596166914539417237398576232864723232
394292518317478299481875684429836299245237784 159624542416474
2923365952113524641274 79918292197869852558448646834279216692434448761599685254269914139361549579289451281569547
85191936851565356642874231133337648568994376742247735396774885783796732648986559465396155323 37741456237213193723638
7916 3591488264598176594874482718966645357
389387357227434458611174269767393536343666855277521663671565366683739457539318779868921 72618335357753896345141568168566629879918744968813181
7388973369789698347113196813235614756989515875821451723759161511 3992721531371112745823199
526734 633614272454714949234391882247552461148511151945425595485839567375123859541166587242814
9725292841811298742629364665121535622327552754355249517917391 4927872876955429952282347748372
591353348938957239379271641566556925424988294372488262919964534989435828528285949729256 239569594799411823
97943713566555771278286928457957657452757571158451 991455264662275129942657894268766618529279159274759732876351598665878918448792855315146877286433
489175391752838281929866615522381714442731668713 92327826587598444315
36653868494428561269786745425474885367516994118474984977415534783319373 571383188163174346862863412813913686392925243
6615657395385 951596724265866246219147848456527153534483399498527133193592249457558912498137646484967276496661
435694685487882649436833398661394658454547319673234429646751689249 11927319325
3921398217722752712153172591671991149242594976541649412375916326639789884755442 7979742946313427734874731422933486986378886261185175161639797918834317
59628729729925284147942 9355876286388592452681387623896688346347213961357188433595278142197626439147735199952833431356431736
159188552155164488139952323499569295496378785433949345563491 51
347991785522977182575848639746262569964141598784948731596244354374767838754965283746632242165754998 2489654155668672919458352834211798156772234741445339664833423627224751411627681967266656255286842233
71847974649174 45423777452759294176889196274847984633439244814286293753856196362948282946187614625
63577121449741272694236485346337296771413222983418463775376355475284482494114528283394437 15528525895722949676493
881259449965186647491743829376491373924714991645745361761517261393825987939 19736351198259121286486219968856665916149358714559247594939721
3812185483648786492878151351185847441842675261492226871666365523631871586759286 2761529293812154495798
4873435371237526198985712158636467217227131658 95
9122763688285114 91324746489227862371739555535926687351585685513699289921461866517244382484389753
242924394411119927631354417753959374488972453888523972526 87694959579361354472825
9135373538857221872631255277162455915466175735634236355612213546784448546311 778128386251842
75517435582487366824231179798646841663778535529844995619516495 959488965432653526381123533343714156521124354853194615147246368711382597
79624721457834284815635124722218198519842779171794762281669844957 169222594114529753431631576389487363647125438366463487
169959225361177567494528177422728432912376321 4152322987423958569885125751537933448539724558417475139952292363773579855158839297916337985257311772
5466831632824558638538 37421249774297598882296
6759796886959636371739896516287746996296164887943812265628324165428919 711488155864993447993429896486158363848627
25381267823862298853327613791644216463538862373589 46591716975762157577457916625226135936
256715835631369414422947 87521375784853197862697279611337847374465276713167698714957
4448796856945268 596395752621131757543368717925596944623971745473231232475556922
771494585835444327898285113632528432311421713 59285442676274175927931698888
4656472895853216867493857737892315175116364775296634972455724117321 8191222575113273
2267924735914837116226115596795775492253152787136793157145281682623345488899937825199166921345 343197346427759894936
3651282148462111937922186418648899 1617613764514538455845456628
545754886359541182524289267888777824545548651378 5746663397497156171381869366131614299916928435334561774546997396147211424556312182494299278558116
25932816835644691 775742579823243361344853525435817511949315247672794417927528834735157323165717385757818418
5529754172634 385577498396459815879133884383468276582166261842122724523861767398744
9229826363383163259214951652841846597743114587413969385318747794883721559896 9822495313259813632724237429119631443844172523
5644171883715228667647563151285124419238698344388 83318152279584128526298239639133326116416826159383837953215252231978826116857677612
273892719453935883964164892244287969999254617537175773655239 83512711919
34367696527984733272782113515491347445942617488 8426783863976125387211497757983754319227931626685512871592626623965541528
1769545288714884824555827493953396164585469858229841945971815915125677489832124767518679 7738381385466244862735661692557191326739723656464132661873
8496165859396735628893846417877332976978 274
1353565627111559741276595756851138647 691119361393512
96777636587696511288643834572258554849986386659991 87538447233843388162718369679327163652485
158635316929532891 7433451462117535387728611689766298422981879916668247
8517362255256558558112154664962681494673436636943884292893795124831833714771969294642 38399235362587
7837738997718295325894389875641365577636634112689834428436516538855619888771318492662297 8686247189489822833357689266692917979
71454829816474713637946882616728241715 5153742477248698996198563949233859477971678743858777683596933284
486266522598996497855588339249696 376869561728732693628788684823546816775697426276445
587951938697839844923892726119578353318259199 14232357216165198631183849237587439138664546981611897259725479799421582357688
5316144346664179127996557974236265812226518173586199559328923814373166539829582136 32782228977658375386992
693462471462861464659651489193566247599779985377382324395764359628654518228327559 268638553143575246258
8939447187687436471539514667247519659725212563519157233847226915113262862913261625788664387 7451994339
14443389342241422741254193916 365763456954982679971696335274962774741811239651251864629248166568492725579742857
1 72875815645673568574727343278468796431239427166939377547171157676162736652891
797413273351625346371232363862182133652439757167873389546696172334282936675367 1926931188891598665
39156297818936557192285525199998571748266 926526585221488422
582998464328479829938944327658278568336535621973354412764637465741798 54218351536661519718792862218636643387
6125493868591727378669167394465298449431217359129862826714631827561537543461957858565159 829786771249183113123551171562416741922481316687811563886765425897261153678189615547421338355
578923935592937813553325358381397542745448923513677166446478631872729977473662773973589138452872 6212374682181873776321934698854179955941164656487138765823419726573492697932334513282795977
935999859313 853884612376224547893362325633792156545755283794441668153557288245888666262
71478195414849874435897712356195494164726166634646475879973241331955626 195262537447359161982495683867598321282915628742866177428517521897974386182412817346699
8783797868256349257416836422349596421342417652614523513477457572798563516433531734 756577997265658193586613661651447914644437397662738641192874512251365771541958341445469549439733424
35831816482653541272773862642548695579158672957216275136635222491515285224756141323 6446383565154867113494929529984464371236528821145935588638
25 611557366178382967984222431
3111755581729812561247297695164988 5469581229483767691798961426184368251744897784973151
15493123772676189861223847826173767414189935714997989581554934339429456996846854 17977494841483142721621581836745946179564447594835595
38633961138423514728461334194888171518211314937566833262588722221491942851758245593879518335378 89729624523185284
73519268578574892946182862473357989727357173158438 1412672984986276568744688762528256659165987929896524247717
119427792622343758742438466538443858954548443822866584351971578588214889965367187795557 29973962511835614963615831333171219131565464721445567724
3787714862 2249536364832842151123448939479582322
1945112811919591744521543311116178389313531234 56326712924224
7 23623312199523782559786374764635
241431678534329671827733533226248148699271 528573941174687733454
463545675936896178 5189132356127493721241743584
571865386549548544942359461746187431278 61811753948394924627637551873843942364653338746971448
57445794176937838237913452777187362282249417769 356385868892626123365
93864113464473962685246391688949838581467764237 48264279961824244231284949
32189657622917298989918978521194985911891219489999283224267273581617319 5322533924594391136516661764681583
5912825995547244818384947778 145939
932278311398849855671525216165855115841929983764116176616392337481332851167919969594637 8315287234277623325221647574376528544432343378429612632817756765
345688121522216325299153891836457695 74
6621815355482729173362381728593745714541497292791285825533395622671966891266175295 21819844118127146519966269
196582749588585757167343215396478216553952443934112348278833239786116925498568513154 617766265886213783878679131687
2144374828441198235678934536645231778184614691295926224462869372475933926282124442298798 124233517211
615534787364659323511182444585782866811752544113241175916941653748391857452448672135637576 86528212468663263772281397995476343614284433254429529321
2615943436235499392467479525742699535638636678335428726673916192116729466257233713742975 16999895
5229572768162914678728244857755772961253361 7328889764617199971616766183446613966532827853666581448124973752184379737154415391832812
61229277466261113119891 4541893244938278266465
4636348768892221416472196213152433749192327594 89918
64157563965531542533348569327544147398243984775359794594181649551298692529241468487312935 429476472826961256442929732213657298194125716136341315572561955668758
47139549316253132261752358873449764427663692 7612226151643989392286294171589658816439973778598853282423231965193178122114372891371958932
97799215715278741568842319963311535716758993972581186 34541278541485869897857711147138812
33568151319857522316269479747281584 81291276992465397834357621818459628294967264685635448159756962784212313686934324883245759512741
899576774348122654745461568145484469974711588254358213 34646278479588295961925263368878581618256
7488 949412746136121545912356482912592453257341969866693172796328917
268914298752343363635838256737636823546112584755944978734871378297753375883151164687618 7752554642936132387475122724
9497826316588148582619223557793945792321495985626446497422671895151417 151214
366635658846227261758372892837832243124137116171685179824562722 16994613825876465565494881511158344138558996998658454457235256188467413679236757142337582974722171
938674299275918 6499194427616793151529372812465968588112778635351792759236415359322582
473859797837377794856536184164786695675761848597759484397957741114 8644196532187266294722868138615353
687553533635682113453139519464873425499777738123784539689887147769675 9873185953199852366183646149713679214592283564281414471954269431637295
694834866153144156341866338619316991152763158929859251594368427462734825246393331279823 281395288779965742264182342722834321348597963358154939553572116
2997827238984392715469221684124627115216969848989784517682 45149686797
4654896361528754464 831399859444
3222728591857153692114286753974157979 7114321677526846
976158636457216565942883692248779392111152642718331189312642851592248452543479899376964458 22931995397497174771462626514649183733653719551358165357392981993226519541742928662225862
862158141177919913647443451371812111439171795147 385348925386
59368299629327593587924376439785124151337565928555551165732357 5243959118997974452436652386386552993222178558168569795574546566374881182768655272563887
4448637454492811815249829211314451427789559429318419 13481762725651667235349192148385369321855547
468158743764325535722619 958894594634295591324949237348994177891417732855589827399935221833377337695756968355578729747
28688396226927666819452469738862821732863373286936449392592585211934 17363385677625686555898997584345732499147
59878475188277724252766193642657748751758489546469 5633983784732983637529294669926468357838871348525328647474
92489651874156717928549194527667761837 6269893458848682243564762986354631856721378699445921918565739
177168724375822248316139653976354953928755541343673568828216974645569597556256111675178339 889
3198 3663
929396412888969663313394159862348926739476428765362352361944645391698 684212934246924929933367459856466499864748745837752463211
299478593226543 888716856283384457454669637768655564717876759352571395487679
17599277253678252237961234222846413778188789138337939321463221656574684555557675363793119717 557143673673596482167315112573523182549364616923472168
18395845787786379226199124834647372328211125936329957859334529898255979745874399175788 31842749732829237197886861456191981568252263231946514417342485725358696937952698
34856967259894654492575349712464955981764399151239644997 2944
5864879829495285458637161441185861394443434319748924526483413997155663 39945365132289442364198723952744542449456599879473
8289552226312295547854728541 56412383356822966563231944141152772382226192729818679669286568651
75253721421612988867969695132232176286974356378482286426 6
139 722969522655946628964648636129127913595921978137182737983674451634
219133914655172568255444817862864735254493652469439643298349527142655987547286 34514496854651213389821553682697433267982329624695445675693576264331515822624922597119645782463335
5286894273247821824724215749136522 967461863173543644787834525792591425898224578982458325428984649716925281431118488745
455469993217 3183277614989571217321
7714571338126614497535737794488424134756337856756432921885847951136948966767655625623 92974336983
32272645122151238935856255822383889949 856967623155816646183493955453788154294522836772293388376382513449479556
49182278489772881 38867277312839669452611555247433638497949126
75188671414812 81715518486377994192655969469124279543885786135631831499494631836311374498384636171466751726839
6983114942889422595934922432446336427622813143873647996627787156812636521575755665778578 228846655
59188714933769911512487983686276466947357973295868293486946737978278362745634725864783 2794684352262913618173327534573877521962689894812161323977867282868
38215139123738972721512517127155396845739933583729843685529186193422547231726432972813 3722661528336832975525164266765669354545256988331816412698388664317155877935214955953169729887113
624284766572417819586483475977947914 655453434233928673744417639532669187966123855686625743353335
998577642371242478566359743352286146696362772572685758393857699 788258844889458914214471866671361977158685341
8664549128384277759762582182232737537725399384222248175929447861682425128556842743822584839523 494992954927562342825
714918551942953316284597843554979664645394175196915947565474623114353496847462734547 24674151531749834736522841674
453878472996814972363291587737341716297212 733645396816267291644128126612393856477673973915
4785428846372658765696771587375824975315541785978694839437772992473854782656236 8647732429994471599545984893752495699674853155574433263871365818146163528218147
316632242712687134774369459 7263122979514135325964749189751781519429961357824772483318564996962928571794532189
7547972599152658213197581851683625831375982911293222219876 794346754556699218194798769721593341459755622792837728749239429636812732275271769669443829787821193
659423963281451493553659839524385418 195116545442486727793352525381929163131199858161975388762768361741
122743414 93244223
8195654473999174275377158799467768 198788126863525173934334345439986935415517485654438192582165234562496488913134178652779555
15791684693588844543124869636162136953226992341462388341 6833823813112151392119826841298824
753691825894745848324851439674263468257851293781485232383823984235753655474797723237647673722574944 1374629462627742685519256529486254636764156678131789184234749971372228372851932171863751
6466672147344342328524179922267944535585316694323987337427493921415487238256523549 1926878867598776656258986897658952468769431399874524
9622428584334756554923521799925949749386171329447769251595698524 18489275631939328834
269293442757418916195248538482945726574538435286533743195254535673812488514777542233484924945763 742385716959179387693986424738993412221375258569599774792259
823324 7766186111251764223783241861
52645741941719255283419561368779447644559581157228135257282441927387871 74226469481734731915717588968125872669527
663954824549517118 152727372271334137279592224283486674132945762449272785327912547937827587353567615172227185636296459
4641987861312511565924256872638821486618695786856969485268967595866853616962456524796981797782 3538
9798157978949113685591772373957517729151567894881 42718358
433275128169696499618368278689493613471898297231697712 45156652285825134595563597893148299579854458817584561792841839969741746312315817629163597
52749231362374698152973635 2326988343614718181944436728995965115173888297382591816484111382371212979544861191834769728171696
718387558938551351168 3368338795194256547787662153268164598959287451792645213238916527279235743
257 5767815847381242351612639346589
94471523861665417123733364979 77322726625147645371223557125535871566861617862952986824698983495595737357575125267937737613284
87223 65243381579557974339873937176115476225539147411861693885449193884773688443327918267288428822498725
249994763247788141443996683742863157 693553548447858754294353563577733128113725548439737752712276843534687745326913191645396
9263722486885111456478791512687112879955795627934586349674833386163182811697139557884422643 45238144692857881255
523636933597886555649415718427373992863519313889196985942658927963116516924952299 91746556299777
4962691954394157673714964644313724334756396733669219636 1356151527826589
56466572885973785242424639588211478235699932688751 2878157518593433428571722344675718838151649332
737792445926113442237156497562194293344947845562293576111143531 81457917215255387
7352 1877968189871366765767219795219644855394
25351123688 1399
266854543294961715759122664681832454 966123675344277232384198445886693472972312418127194731339177561668687181681282
78955455139284967679626182243664427884724936112327538448844926977782582546462769528777 15491374155657613164773672478122232631174184319
6193614984863543919615354336271398681852337 66868488673876553658445567355113957523954679854794997544915
141137221396516521126232768998377394717372667341246592333779325775538822213 975397153452798497786177361236845156
421372529528622939353162665447791469281144336167722936465143579162 948956787269989439337242196739
21348 53314634471432283276889236838575886749353376331427861
1596193295536526457429359129376473755928635257613291518723286836141374932432 865383477442976191771625968456125974122583217475854
884711363961992181679182339977834964879392238865291245835184146755149 92413826338424817145993624856219578662447526722
5279696218698747722572525314318241692119548121345195968628941217747896458354227424164787346678 87778798887737347528968425381949967638815528522991627388144588667633697132422136687583865759836
15319248353812664692856697235756849313664716 7665941787187644367492913136481883542355166
6382843711494292224599836671512259286372881997477437894325 719867163657499398658848475963661488951336357158418142
9787787972675292571376336757299269 23592835375179731385188969725181394896231362347429876356
11787615392794 9673271995637476119931971698272646684499575954688958282615498786831642277328913876
57 8471646917952619883
9255737137739224941583941728551366552333427947388538357762516228618592582784957626874652727652524 88834137528737833
658193 497123276637766
869888736667331591197774218881983689981845 837415939298
54439475347522944519855198961577636741362375251959714596542321281296713854589385657695444 39656936
23886643498391589916478659259327465212655659459195345771824926677942 4178785383568928819699679534
1861717553273555914747987437 36889423695961999656431545899652281558813479
83544787934832155689191819267259251187435517944273134354941195828117228295442235658 1669414591129
3971747339 92779786412162943596988146727368987246154586
41369367143949742986967767333156142468177993918133174213741774293951193465412497 2997838969951932171264583289911238375133733
912325736995656893298662138616232743463392663154313338446123189934999726572332351868766522 83253558693366116619516517855868595775483396324444921133782187599293132167645913886
882491 32879
49372198959837129895199414337322728138424677822779946387258783 692191883143688632512273574436361478755144612763917153752598515986925169715949423878852214345143
644855111777835434433564764772184248712756583577 129414151652369527259164334238332
6433466386883772941198287 496381165114965649
2927949682166573548695873479767369471266671396817782944817994748848534884621318 7191855831478847459532633227769834399758324261131
2572736285776689588463141616927569386484322554915578745823455298921 8724675955495376681171651298
55138131395154359552746852694271415476584978954375642 8
22866385381911987137666172881891498489597996651439748767492874536499328441 25818733429115618219922248691945772946223846469417239369996856638216
256148771142881136111773936377957836984439471248964422366661884351843 611124223174592587318264117932547448535211567377697662945197544526998538718996959151274
7211563422299959434463418279139336 116583472113428211325386432212222
588791511325258242184269312883222839991413623891126897512737 39624718295967946899274477725619434369349749818938872642172723799595462673836968296247992
53314363533856668792934851646585796364736363991689 2389295483171755
9 641297411741875117588415832138876436327861338164325274187352286577792614925686599153
158619155248399924554546214766469767336787647331221675988356973389987318978443565357534 773944569221527789132483
787676653111746634181868963587198632982545944478184397458 9488939187599529213224646935428
3599898714654975681626576645 78754389669243517289168548791169952577474592784215817996756
1 277321467933739761892481461432278454137349999
355781331145773388785777584798531128899152447676497294898893818573688256 32958546232172334938466191792385226783963796468273538274897
925 9761734522285212873867217593311741513996733686348288812574226727698364723532782827466329751872537646
354659517238875598237775367428992282112382774366582831624735465478676158915897 3389355546549498327926141621191533625727795964116733728
272753771875754683949813219575161275585741 71164378551594335977691397232287539114929872779977775739658169773542996942525662145
38156192478228539659745991968524719379844297728745264157549217494 31748384482912326264493276542636446755829
69221675997464766821647545824 133954627798341829287189841521672432371719536261562691815489463213719846
34289935757652473262996656581275384388212612134667766581 14191327559638641617827179562651774391558274351387121
329187821692353928521617723976465222621 7834587552151114787663913444825953686677917535557
5623565245191793 269651791411634275518489269599681255
64879936213622988681752619799312861317792382916577715631832812526148253197859786265291643156717 379
89638239648757339325993763875838553936147661336384687376394 5382714819155852768719869164379646874921286786888478629899515375362953782543663
9893418378285785543239368514541937678 91579318486319264657456362627849546465389712752262195238835331131699379722782
85261781566465 416961138386965658
81759958672735976214623561527691329358852568947923655 72627292791352287547514485125
41867 6152748815945684395786188954524627536621774786878991958853267694184448513
4785 3168555995517663
27342912545894526864187249929722395294791922865184 2717655496716627499578576351772
693 32217214266828562959487456
1174515416677888447672521918873423148524316633288624162679 672681674637178136437159197539955517342581674919
33384721246977273659595731587 233616235798727585828633523446411957714749834229843985952837278125874594296131583861135748931471
56651699213851467 458525449534987982737474873743362486992467565754532249
7454276773 58395454755284363716296887967269559223951372117664643572888381736787914677656131864119682279
925378299384874495769637743473658144797612615527438534 272535465842916878555656653122538976264696885672194489614952654358421614765636848168861
88224296453752328975876197692587517255594882381463375 676373223316427162736232256949434536864822795872843652651877661945784
876 18481392885624389859465197429916883644825
297278687353355398264 9563716683985616213258591496293151761876594675692481796823234323479971421
878853337434553369133175165469338179636611953927898956452833286773 262135687724489873555684637227288198117576242733158194476626893796255171149282
35981711173946863786696168 39382312
98172626865245142181634 6156369272156328627951496472616341735936524636643615957158553532273978365844189
32874651988466112119917751353239854121688876787537917355578213528368897451922915953 727173552518
788738443923229187856763346879111915974 98355898498855625363862674298757747294822673866978336398433751118472147623181
91637752168796259196518621472215688825612 866
98293684728611733467885642897194945824574692628636863946457446963477394216242936193333419622 616252923563333147734514565133152217555457532629937
2197149491726636619378 14474968616258675945426829
6613138263484394925832119216842247719324536812152339856974788114 25787873616997877143799219257
4422336971758996493756851511822745353879439437121847885445 649577451433242767135644527494476729246289225764924261445646595298924557846115322472875
1927493873211616347754498138625477191961552351845317584524484643114276532569 267267729271484179432651
347535323674277721212512591864872734618875284261778571226775314838231439277584745198458142981 262927358684292486754624122142791228344364522876
273 347459743947166426485547733336
3614753224164133144687368128182898936942857968837574147267389553916643914 8936714772237766112776837292994926174775436424228667519
18522112113828483942313656422224174437532745834716771666389639 8334893
332597738662733965562411228238373317267368689427362445492744235258873932869838 9592296571299428913358356838168839719643526431631325464753644527945876369681931831474866961672
86949398422348383278917166669967253349165789251 265331273
7872495975658711323999324441192567483347157753747947112986648542755329375789682668673 732293158924253841385196718114862995514839856761965828689967638133936
1741693781832982693619252465251125462725221461818821295266534885729699346558811184246884449241925 87184824766267465925418486
11395897827763511794223151962843194785717545496472336961 385718197812341165684
7157612882422852356179713452593827369136384116423857 4325639224591798442212181111396955625253923418536932585
5394699865962751278536 91696625612747647157714
12759845754124547617797244364175829289 14194988673663875672376437491764653176283125
23487485971737127 3867967841729318195619525251522278654872689875459369136939
398388572991229418526297962657168599318451583791953269532797574619822341431862896882956475 58464493484711754933681491149436758346942619251947447451361561561362379233827683
1183375917384621292177265744435772232439814687841231429611366541772322 2798921364
68825859815568153133827242511531285324826256572635 842611686888424719391739966414138719479966411783
779896524469552311119493171418168545896824521693 882537497249111815277963768614565699551818766127354216183531968862876527739331
296794295324921185444443233256869383446594489475869238148545953838686688183141852 41716457386253255756993219527828578
25195577653675898128364531576197812848731984746596782379353716 71598689182512736936593859966429173559422825125649372298388252375735485319861378
784951859992154115263196 2813
2 8669618635796551572239577662885346549326197387
9125616783797588933398581583125341529238898955957629225621 5973972148189966793646
742727261871737799631769622429737252563395358596933275627794439372488219429978997347391649984859 952992141768238855855295393779764583869475
236261432178274921242935541881949315774795361198173389627679164 5572575876265683832739393949232175
927189867583525793917548492661662184477557315157635131583467299232635919428981799673163977396 765771965864321455844182532795362369977593363976472
11974431656261 21346562299667638651731737831426143678236838436
31754169465623458896668813743461964246745348655433821 9999176645263366922416931364893299596433168188876581556253878491377355
883593287637747695371684874891686771817295516148398468173975149827759169794159185 219
93171733321747798364945284738684561389498245453277 9679868447781786
83927684128496864262191487462362335115256883324498 57742344737122226113692549694596199
171235123251984348939114887919148521567566343427365615585113921757259977485739344 534652
5357591265981337122748318176834323928116318999871412161218421912748845547 346747659198698831579543565323392718382996
62626132358876195265811423127159271 33127431524538251525983298528849674562764186478399823994819949731535897174421383785233242219
71821376714745415497799159147196483972315334279966325 57762952484486537111967692423117497478519315
52558441685681684878 837357416977485214948854617248478
9786553299223489773486343121334661175733172263152372513911187 63895959292634168186736724399665557947254392436562125792583919
55848253362596141485655827772612181124844 85159251686552235281496
816718135486579182981363342466695839246352494943863171212544 81787467
571671684881784287961649221467767783797364619374189337294646757362629529291813574333154 71276543733393571636229955396788133563223479368247722845
598788168243139333595256696432567654638745715768522 652673
8586728891661679383575522935 9873135935258487932727728988754521746294
539599852345939677337746229549735977 6811749261831842387762232188425189293534263288319354947757354838426498792574245295788398
5354972945721761385433544981529665949238347887332738234843729117618158277217343223956953125 278422314624
647272491726131487276555 134118
538583297123299 3657522183426943991581
98873849756273244323881369522 628297469147543755673478472461686989663243332798981477242772
643485243738453811928155168142728421876275781534112283186469454855812647254 842182957531817131557843572663124547948258384
5689867566717578631936625727216158228611792188692763557527677424686699985526751485412593492 799934224543829671319282553965324
658 7246346418861
64354893566188683985568977857117867919412869429343517929847275446353983754677248 216264789165471686723156244278647856369256584647249116442219876322577118284979169461989112438563292
485325893418181648676473724991564679878911875655532388237961317391574349 13192296211777
4165656 61671132922227186
96935115445691711547829318579387984971493912793856335913891666933637844371139961378517644353 268956352969939386152388532331221645543111692471252254522918811946194248959131259341176392
8683468757 3424934824448458345923286123655743728177273978854885739166471973512939452896787447637836289197641
2662848999787161351513948827444636149 6279
35891887837456163532232135241924414838139422671486252437173794853371515 94385682379762724541528144813318352371434664948837516779755245648
6611186763937129624356392953112252822536767292781339826735291935227817196931 132984142163576738558473272429274277895962745694394
3112432791317293126965475926669998352149 8814848423552
344 396775942
3659419472675259499126651942456285146177229715336655491591 37521656127527
96229315196977356283565328221616212642388778716256377229722834666316337 678168719569456396357
1434466 5752632129196894649767552258857955113654533291188978253362515487741124
67278311762495379778234549568256256364648224399769855176813976732447916977194464216588375722 39238983415295852292876286699511235756999564285954484658344388668815113668
588 58194163854796683297435641223612861239252725822677435137774886538584358812281
64662764218422863882358745161861294881246858853362115698 7425863769324712
35189365119559551583326419288354741716126 45518829975372856135198758838
26631243682371165978283377752373782596812844482153833243142473854514 559322774229812614478379442621249152853326878449719887947396762269791
626727223624214557588213596356319343282997921857344137521395492834798 1397965136317
15139338755653572584812192629534247961235587121677712277924434312288757236217611197927 36167593168215979818524258253345827586158381368614644541
3426821184965928399871786453779595716468499139171997948429852163175658761585758998745292183 948395472777915322
1886435126495 6689757559281477186864587
56797255133373273264756549414184845723861253525234188853366782682655586884298928476486623 11964352422233992481289973988498263668
644451938137997231963253899 268255981425947332781293991262679159944612296668199711
14655661 6441246238541657958788388716161589446827137576486287593425943387448137148912
94563226599456243791853534294523733921757453754297666112942163794357276972842276 245253915265873663964221368827637536757911337584388412541269277554415948694
9279741215545181445581662627 49766888271573274238336646187971574593726494294713172296918772234785964551465323212736617
8683275388829674472514224992699213359231257798 45689498615176739
8336234595471892982473962499644643975248183386223562666692322 2124547625917248963675456857779272131333178851815272716
6318785278243119834247 179114279221731415658713413556771998292286142498238575316639639874284774315648842766981546262
597796825 6333389793478
6516176655617771755322179831 5892781158471526645169275352358546876482768379727148933228964679438
7833339614154463782932469822745 57326381655938262784269152838846
68 91258546745265792899815993734315843984448167577865452839519
2522512599628776913315384834833 97254873724326661138458266
755228479325681447371672 26928932352347697442747524978883365
1149133738353515593946589952557464397985478851656 33375986274712886531747662
7963254954551898227249139248914464257298627551792395347928338595383714574742997313 141717975373447538355425251297
198899388567428672799851248554993392597962897862945193998361225799475877916746846437 3619183172581914644
2476881 291291431
2326664916544912643489479228 5756136156615416379755581159284936714562823114853247935748832661248561631234
665676756354363858355644621668365678574971 71238687
64172516274153255425314662685662448164 3872141827461822955137547457815858273579197579148879635567536615192599282735
13152598196287629713587594973683168295172632964753275467832 88155754429344788456
2742336625342884452274732998135174217717442938379 765858811853189598757638543673672684
3796966569587636833813425279526556829 5842321538297376261397147928422193292598697169611451291923616381545771824
186964879755933199371757584 82461174
223628671528522882764998397139749573945116985759643755413976672798834617515765588819315169845483 25963528698566995877161863598325697284461844777654444788357464933419346695
577682542577 351
92615152533512822887144247199548534254751759249833184 3786755832967455628933146189859197882224834575295916732
3159631178645461615568 55879717748972618177221737934643283425678878144986
5693133572329118494336 27842748634567582934565397746558138
135667859623433795624942669366417 584265284954758853788759986152592359363137315685345743
398212468998224891227531596629544712897381775789391862 787975382153831948549347
66125543224438163763255127993 15264325574658961385554288951625959656476163786416369952481671955223632284777199187116888646325532
3588636924296496916398552491574289786596386791192 846536252328195322827799885826829999364365663293888667173645333898162859464812332372192755315811855
69253653811852471347165628229864477356593384814183168 842524595111841795164616512519148947233258546655144534259655222179143869
784647149713214528777358739871882456722937954776156249447899414927587293928419951818397822485 47144125861844449271399118543991135377671321835295483446528144835533867811
7873395521258667454 78352674355825994578219439282846166221469181731
554764559311289956166374865236949 7945924697197144864916429521386113257585966936977357876693964433259865684181722346927518841638156
5286895865779769319468683467351967775859853686131358762787895929945115582195528372814782 22832418897326884894849555917452865358171878434519234349982
46925319913195199661832669721495812363429748454779238891382368 397638726925981441274691775369973182861935969224243348283912
322678862475425137293194192342682113899 419389974126281793744487994885363833399116811823484316541946694667692915956599919554624
99744245446866688187856248282236563648115294232254794789996276429682516893 86
561151867267411763956126551292966414166958584 421984269361491646592526816545934695646326164587543112461688559689268383285857253883545995435534
931363889157265158579332917752836 1135546513966653798316473442611
292368299369 997528623287667122645949777916638868382133586284441583955624429243455554341226448718713718312131439
19694816243558814252177183332557421738215248442997785159263954512742486 1275762594298173196641747993141147371732158753476317156953992534377281665162677212971
22388945769416826458582713153518417465 19897584448722942394461646292898735821213393982386214873995214761256357
97167885894377635157986233556175421911978375248448391544443 16635496241851949634539877867981535471635413296636694515135177763739919521549175355162834578261898
943 21
13821234468269752779591924937563965133636628 96442151939232332542932265969491385678594459525156686143
92466578131639324283218431664923558425173924694423913774831215965293271336 45438575135577871375838167999478222894561416877856849174
8657187 8242452152613254999393293223315285974263471871768233854786244156357817759514758695368
41 852376938919347167567538657699461614444779668128461342251688584121693736331
29261762299719811976888111442116555722683213598735748845643982946481588163497633596945 2923265299756597655662885179118371224391714612259983266546312791986666756697939569526239763188691
8414278 9382696412579288623593827161615648644614469
5169452595727712 26922555695349249173154925717934589489653788797743482266
192732438236173661953753415412264847376295585 64435524534136482193151932463
74662172337859413569379537572142365265874715738312581412817525247814179974723524647141414661897 9421836659546662736291
242821913648243316999858153148891973382743884 953137373894534531445
5652499679539781387215979121353446828561726162 92396246871293267172713621574788157253229993667587792174685344235238746318272845143
9618252693588937654527178659533116613726794872933853838719476227564494677254265857576859714 9728778871631617219172449581
61282974577161462383842966414891937497477146382443589937947913989327722845549558 2157777227921363748949748258179345163552562645184869269756227246657698293372935532569874773
53875556941756499184663798 7247573419618743433192961613415764
9512513432965251916425894413962495782468696138989559983865176 4773825594392975293923774771135651332634668269438646795162125341143338693263
4811732371853783377189297333294541738173368659 81614669567942163394663761667496844364154813773581571122767921675623521793944727257774154
31815964147196277263 17537364578349446661173
1221872712751652111288212551375438 2582863333789716666158691446412626773719764793852151551493165634657315233418523269
1828769317 5765759951955385488838728148
859845939985363559174183117718962925813786165299878544254216125929 77358265967736691915946528644222994953636577936165494722112652338486
4458578698216896749323519571313552667838162732367239447265536899964973189126 6657612761936815754382574762886394356999375659762256775148738
84232457418615683498281845966934283229499734966193418692542955655483885 58623582538211438294153524745237621541691412128292911912
16938882156939485585238896417151185911588122294423515387482628428816223551194889938995467476796374 7
333631657963833518927792684341393817677595898986663425741368826526425581261894299921393421221149125 36126292664264328647515231112392998985171185973469745432748129739751358
236 42444999115481291765281233877887776376435148271536629495687747254557994372293563235548365
25747785468379131131749974352468895882834245973955362322979786611648895 364249585697722974119946325512962339657321173953531456538
62567741823863493628497772857665855387572486167462922492732116328431175358515547 8531989435669951
5 95633518589738122871927338926289953467379
487892512533787437474773973959211975219918811627164945275486182913569815739692268 43656271675778363717537666984776772391354631274417861814797134273624328185534924196
559644312661432991323432894575152133628243515227746573645716149148578731668874 485263693723847526788631195384916736651851946
62435443896299144988768441664677655548634548952791185843123884479387968171997622972197 651257156157291133
94496937966394221718443815183157296122475214515 4875849164119776153855938913139416566567984387539914281853488149725874617639348645546455139581373
61491 6456882
5435315 32417145614732361512977515693247393263154538499
66658954683629127917617937616824191512525442383986828849926165191137426493 8449112561415
669975678729263375216288988161996125747249632633539813817842466127639513816383649327653543 357827349644624332178836184724454851
42318743554977235786141922224284739615224865333362432928944199 8552194418311434493436519313739194363136231292274119879986774444522
57224947586973166273224597 2712264418174148597522337492618434351552888569581227651861181867712715997669387228
7543564814529374172389136542916513141421145124761822962777542928621384161813 5592322768714252559342528635914374887292331851178441823174228332272975493698
656839758823948362843116636792554593541562267239232692124295544462144793813572382 9324373392885368997734588749651987463737153231982229955795759
14694326673633952292795311938266477977838 5725431728672498858782117897
69812359859 41832928258259435
73981579895112677162826526338449593145228292 84944561692228248841359298769291959318976362147927121451646832552833239551
22945776561661789556976718136327236996216187364945433 272862134463194892755278331244741682741514911446748647119616485163531474671
2949912647231413756769182729 3681349519856222881711557127676827685799647766987562831244953976931919478312366218271
6634149466226213634854612944626435548678592657992185657464146433895196547562184366663448 819571212
96397358919 6597722352244822493444386332459839221915252296781794358446719338977446426773472573762993425236743992
41567852527981929292591844323886887571782588178632271882179836926595289733879773672847 19275312564251296919612856637552673171611857182237988743591219441591444265818759
5615283313 7997
891128368966 61224373954533326512923355217649784581222782387282562734651265149426593483473659189814521
29679236712611353976329365946611789362968274488745935873892374817157153368966898118142 367684387158258226614999169643
4273921693241389254299413643962668944992938451794996127455661835771295689586349371891116467133428524 79384774967546184623336387
6814797116676663236679573586 641472168633697269184159
56233168515275729472672531616385687542719581227555573342655562 989671615698222324581475172927127155646873243374543882949773541441
3879268875891664655884671821822277896698349671615 49224425939515513829279949158791857349384651913529798
9525791226193365799412561374224433575941147169 8741776157475274
84433353967326319665235158312522887179889948516764515242411482978523517598 338587542373871544547927675827898923918181751214421562544886717456
3175686682211453823619358158599513 49284598395287788973529958217278694931174444173837343
48124545432442433494891311554 63762465184136287546129621369731244256
8755434712793895 219683138858512263835277736898247573415689336273332
11681776312336237774778523396182824293672253694377575533539633969535168271588215859333 6968431119414212318968762521645
114262371565372266284118 3273943924283542713189858338568833163925181381687787886124512636421852167461323234274511224867
6998912698834599946637456571588576761511998493 5258947481166127
49157416434287719924289985919246648228573356822646179448151829244946231735472968155758281776218 73433759571322739952175371937111834856299925827311942385586254134183985673831392645926328112478664
331211876253211246854521644761 936557715393542756119946735268796792297476447846471982141969184877187173876714321396126222367
71653995657888297629751516244357 59313334552663585745567977554376898321922818459713431264162655949494
18672151385215473153415817682777785239489419351247979512646598395179949 792221236174889
668119979198281439 1147877245659577398967711169311262588435419632333625768825477938399
72468221982535638771883663131759577363231765549599299677569 9689113768565675826746977675821862428579176497427649434974146722717
27133126537195159568369525444687683524956852253882669759569381648296784745662682985783791965827445 4869856642766621879355916663797731827483864997313689985657498512823
932612914933754833451942594672296589214934112965611331188737936345599218713255183 34824799271555577381333489411375962829663372569783349244112124938997526774881232
55163852689689263677929674473222 74455192392811684687854251446614451262393515335266769629829115555559263899159
45298169275493822385499348261515688185196934912482642196674271898 1669647963546529994363646823329776474493831685381228633498974363326
3357691351784258773986647753475592457338962393691324845193845294969659139346146884579528236823 8112767223642122342679532155217574772159167351188567393882616682168297559948978
3888691873699482245452861293814661795982688469596793785581142918715563 85929986837786881454393572146
133165195762654 33669394327385314449714343854
723829324246577244981612958258648594718929571833795769924657549229916195366952461544713149986259168 9943914569422386752192942614873319
28326619114121482747173362658723797218753826347811495293789318611574 221418411945181399922242384237437234291385787916947555696337231459134849
618191598124864235814777795699395345952693711653597593322652378334947 668648433678992751741743171734115552558296
4188432661753893156424928542759164257331463559657785281525436596124937552519642516323475948 78972847582599518446586366295338342832731735812
9554567169878478851269789748728264463859 78934395553377789751774486411615155132481575335421258516
394286 3377826477285577839794764286565442239862728456216877689
7372774361537259389758187367735147878389146628414779289753415869572 139974454115
22922698279147784663811564941425547138835469538374763568583846265932329 313593667315439647613621514861454141328473496613443399534112394272814554419867815
1444219777876226394558858427213531334224993821189437632331745578352686726236979947159989373239666 394618
31259111 74484686321235793633751671759241737522325141345194853538997821673787476235281372396
2552 247338662265294131827162968552822181629
822289344863888757842964369216188817346595972482755545755778994997232629433945528737137786 294859451475372787967417765459241392776888135385235215912745822
986839912591824768191582344164479178131499 68921689423381345312779356512
3237726596622869549735536783466441426949742272237652487757147169373375411647533434688 731349175121568225145525374983483492646541222875423754731328222726322212332286428553121
31338267724267896245444 83499228744176347821773782722262485235222884251374853837771451876382469941952249399
596642531625333938156365697247652798697731222312512541975117256944351 95621269254577527599161583393971469622131612991823645174343297851945253889154659874663367249
81886548476672553399423 56361265
398487 4856139825112684175885616593845311697689875115435546241436844726291198671391444168323
2626427532938569544278615843736289126589394722383196475864779421817175 754675329396489674471595781636277225696217478168211736732493896675966452345
71547135562483752684882852371715143357615753498262 446369617898285642515284922865753896129338988196211537294632623985782544863852
573512566874583189742788999349937941889248892562658475935431178996217681116339239541798496373727858 3391542951951566471375738698726388492578984881
65655725628446573375184357918281247341525453944237454196348285351325 67673313795273995325718724271929584941492943437
259586297518111185966892441616689994185648338675857267935462835 95611721624572582364192786945546515674618845243762794982444651957695
8346677755124625278377431274949464348693551261936575276166648122148582657784771 158399768986235155278239153764764682587782355324256412239578726634148274922
79789652997324622473329768828484332771823332434736228956561983671999323669 24623616
258435 71759897731262353242133396389326834574844823272554483623939
466698271175323158229438 439343799423982335121666295264325612282184648447442694682272871297844978599518751
175253286528964176378779934643167255557419362199543569666362386854642298326885 3851742996
34362892895522497292532429521636191988762243178864725681825753873 31648434545941899781677681672349436823778923366733338177453691635513396626668769671828149522
4983117625553973988882678779991621747435393962281319815132 65917457383794615291616935242314794125371577565284563363769737932754841397571945461
798 266517524439221266158792348522
89316296222919634415449784521737763646765193593645143625391394924736634552471726 231527556736168136381125193247823615645121677995624685341367683
998341145132221822754338 5265839188223598681392423739984828992716371526384374671
1644856216332769 311179968856878737462381588649314353967877256496852322496647139771733232615128
7 3664425115248196655643197213935521332461
994359831794383171736967987412332861816355141847394449495977579571549946396728449875628974777233341 824454434555735712745534428431625226414962426849926447365223172768546
544113291958225924672674477 25287479
852246733465934955413631473785484549 414
47857149 26393287922611811616491237986124736714473372951652136959691768755423283159589954
171179176632211515179414712333772833979443382554746915475831916481831754288683697571356724 456183634781593662191416974382493827774188213574
861669635956186373134264858772323435598955447117677187495712794337862398338769937981831276768355 9935288329442169441153
67861634884436571939242797553551652612516219935595271911199115439178684575 437939233222576851824798558881734455584439193342476621881147195921123181173663745465285113
41997539187593446725465 751134114861466639817868562968475584113787875785475938327688266948758854939276122546873173
6326713525481766155779945661663235995419525375247665869851181984864327792112248571336988386821335 7974699
544234642314721577254359174829614761672658854791577498517921983 9766186427282616859555174939459616734513744191534288572241
5929624496118585642836819122781612838522773 96275458164449888558982876643
725843357912395528482191828658841755678392198582419 729354932245576894
18962315825265833874594883161398874169265793767257494627475 79
87875272625954567721998997235165556736458434521323439795275217451173333226736798481681 336341153815362151234582948873136295714138841543447817151669384279597
2874171733823246288286486462833129149292449243264691492524252513519451561936132515619836375 931835435362166111187538743
16965788227835474237366463583692233311471723385429158599789421521 888797862548899347422769924622978914171637654793515465665415598844172252591783989233
8149485584157695422734476651464357 982994
2837589882821539391829265251 589847684342428562379945379686229166854218936772843974258
37519858895626562558794345158375566524787295288433755742286971644563673858456 124
212724661143625457845926 12412623112764179315253693
8491458262141452392942528857385125119525645426878389917427873342163141724 66284394521885749376975448798411254492522173
64223424314572558134644129273778118 718826367123832135329433711661211597196629929633141
3586536748677491631595774318696752766972787599386218462262576969851263317629944212 141266513829588239968675783362881328114364968963265849
51323866744985917196495322665423779344588231792542479 82146511711736738581311696568511659328
739485623262784258146244149141386327412524718247352596 498995782157528859826264754962629447675448583742275779566877569417275434346889369727837
649923369868978736364389478171499288655662375653222928 5548999632646752441282
17472522376968279134982158978732711481581412172889638671318198557437778797128685527 41213846666857443174785868766918816185834439368393839171
479181838488168193431512343582811363646539179782847478716452399246763294426725619649834147831 2426171588372519395289456799897121298421891835589693873452525178565147975473917211618798316
3966986256184283243823821642559381876749759223753267566164845229 183511982285742891593652275362377323375979794536119
91698429813818777739479275837687276729674495221549325593926929389148818599515421523882623258 6
8615289589414254516788256423894254533416958733955497675412772363 469
58387928289957797722667286926533763682113175217789859194356158497796887514367318628459746355 43543265917236439125142135413638386246412124655895129163348263165671797995639698382881959623337
6628437244927411368452463561148428518657633599777222721418667955348 91533684225361814724638194987822574136895514479698551599461676874215179731211785636395715
1237154895345878474485169387816481636387877154458351348748459594399636 65163598637858423935727183648144934
868322424283262871535529457958 22146751321253686754591576194449387921141824849659
585649372317933675484448958886835478769331972 913237496196385246887443827421716747437959961742541
7982448758385945483279666325847635212969617477932561424962793929644152373514254577191 289422857983169218564923841696382356156124177695266365768143321917145924249193352756826829487516765
89434555584846941823814716259981916598957915745149887532983268545982782799 8299452746481978959946548322228465274117715667675517218855341378566699661899294279
7953599558796198869692359715188265533233333117197575119543187553393829578829775477496891565691196871 818722263769
42828326 3453596938888351397922962119262
52273935926467118215496151463167713783794886996423465231878269864946411241379248979133485 36317289842824492789772869672895376373462199733569433583943932589955988772952273856992112851
14894739723519428258813275836838498957981712748391656 5529414552431161682547464946964515959755825411476744435292969
821179942293973873299829832649234181399271332587994241748844798 673715193215575776961
67867549818793326636258458645488979757447742759887716275368926961472155859656129923 867212885
5991985874214838964357583396751823848821 741236251998811824125291478845578628214585458543311
3732394237574 83898579376768
267482779952144241697363835836155321984737512721355651161594345566278694646698446753261296788954396 9878943756765277868447445385132332124855642
3332922456395171451217944856 79223732988681411924944936431322665135122749263442794236376897277762
81855379427985742584836147585363163 417666217823612517659512339197864666339884983952676713251644941528644773
21891991811172334521668968588542891 2244772647561464363556398228628759714
7229741214542549897359572816269318848667611931398134982635137566476786125114496283179774856 6963
669176479187282 47642146425384713
454947392764272624785137839535211115529915848542483787619763578524326814122145133295634797974295 41278239865283176632396674316142911339981596124718719285376957257
86673698675753414349183824872644872836131635758425415448198679885443757 82631786483798
71946127874673227625836724912722757592795638524214184514678715758897889853 952996327744193875664825667877568128873122925586483438164588523
93474252382681282173612128429697512 799277548333886582223527
363434156679568191297194483674841535983536332 1336
7446788634341996522668944132576536797486423328334436628925596 44149552591888623165673856841851334434545717889926611166729181
46489186891351595277693619343924562528483452 8856683673616318829933222124713124477171544861953
346969144331882 4453336457112786993532
157251174354992649819223735512493135884157288865349629261826 549836769115129271224736921921325926635446362241663156135926388842
4499137931165953719733982825565797359422488456274658286444231713388848883387741977694479224978547 217412544144353812212634367269497399968933298944171144925913624419235959466948577355
596753567421456413651952324849 434158493879416267993972421196594732337758235481696245559438686392855839425688626875
41561867265162584832971471351567428628546659663716813758943175 64
5933884143871252486562575692271827219582386483263341779765444958356891613916459826539914736528997344 54558249117718823722324998856931212174458891968342186499263
1456937149112185346 11
9625683784945153645876233781887395758752325685593242846598455653579355758387518 8181356749558467921357458738962254242552593191949264388354
388482426233481524377137785194811891869318927394872584722645645588953858744764 36
472623846653395675914636991382855359769187969651622472728 38347998641
98674221282919795515926871118986983721439594124473642786788778683825472739159331835687712879984 2947577444465538848875814477414598678
75592353335644382513282338424492 478947478
66665845531681853682224312496416718116777887724755164722269888747219 39558492826638199877514918825
991127319533493429319193758878126283954134158949399766852363658842477596844266819273735549 673788754832
4999369266792931587688681556862714795692983542922185145615793566388184759344813463 396116486595917423422295485516679465115
278334466711823763919522816241782245666967938557555961835639162676662762497632212521281116575526896 5766666344313842849596626112979281523589945544366598551282243992711983882752931518992531
6 23583264765939854829949191867763449414121271229583633765762726317182425912161753738
497163393531632573257161724335939699856275558854835622819643297992938395175 745491691787616168321343566839858223477532972972192246917215863196413528459163181799
71828555 185412911895299335513128278785895235689
33957425822255341187532814389465111952268572126425899676884981 4233555355327699114565932836755
58283514188961134357534354296989136531377581846299823794165765693362776568178791617234764 6948257791599149175232824676696372812989544745
4587286636886991654228596575747183 239646595798478975384629928132948266712537331929927632651914829528598553668915659881724252
35178548294212319 848578789799679712794557281181279425
48481175745898851573492527758483679153715 21893497387
1633846895251343123749154 694476279658282861878142776439892425336647424152716944591536913985986684975619928965
924543665784 6713151222538374255478752498781951213536679158757848952512158
868683839472927913144929793967142338243955462859935 58
4526539232532848 515427516799137464429996783522744667296594174932924
2856758725634573852546841554 6245941852745246493525
53144154448756929335343846 1519732696
2978585297318959565471779418839728269 2512249821945444668672242832222362718848656224896356661925753114991971614419111472276529453
639488711849296253545446925228276654383582266342541961972985254157991649995537577594779812 146
67716924185598923921583252188191454637557666168937338266612498683297346123 15826957786143179344953611268685143255691694912242151379
11336279988914765148132718159791286811168818883176813324174964865644 42471971633672494388576617567495243916122837238574222
283663182917865868529686658135471519566473138181328653751368942479175 6639777888944755287233745912338589543595698187256514465174
28262848779249417376736831535857292689659672779168799375528411487128 634265851216512347564783423
463425341319168678747458489853813934742552667684816444178574546795933825869532 6988212922518753622725846153489858213758693367627859
38219167451915298 42373698897936575369181487652722297689948132114917741834263194168263943389978397562
25844597832955549678658584897136881642725587622782712239844173693495298 21558985151621877427215516757411
8277468897585331486899344958639659368459829739688 31584256372224955995678
38275 8582299996833463492558777271556963111869317821819579134687541846949664592723846951268929
173836224259176178314166241545532752848 58563852316989657781877298152234374579
42944438549 63131763928932826257725275355327777826143495918998311492993889965737819782523428525659447
31523476284824593827827365891173288 6864349
3768899966536871157425496359924439885 41233383595836123596813217
5491138538869668612173618 98429341979159682754435216785543232668644932
281479455291 86387115796991184298879536536914746334714471463775338141
677443514863751413917341954972657883164586462541153798288698676459955559697484494563647852 29289249812126216864
31591169863713872473645249761227669828371669267525379996852719329816999447777699 9127912241546788795974339933462962133979929994227375245221618
57939928748442541925788673477945178212699624266929997856999927846893856268765 9632518519733538395384269945688286133919768458364263815485894518788
695 75572125144
22162 1328597568134621544563794135271837989798756655845518374918482851397575497669553896
52155817869537288264131 84536579947383181661944575273284323743837398
276335866378175563647263 313713488635214893822432
8757852294987856378565176941936672893335796744376394 12789892625598877724114332873694637917886868322848545253772295751325
7342795412512255467992677329534429626855795326948555589197329716317416565431328 1679447349976212487218532483649513312215472861835
2871689493758215389967929767188896717748354835952418223373635429446484486845119951337242655891 467289252283217882464783541759734165429712254843497129633869121989468985471564518418842
36335632712272948348859214585895528387387 61612777575986242847
81759938389771478 5188786881241284894864454898334283435297226559326788341125427742573987724161837226
8925855766839216523 2
8331896584523568426966943478112433591621825825482769 1988266994655971917636255319
91817689171599832461544882281174736227 63259252764482867664912248324971285996632992665171613835
91737739537661219184552189344456258487746839599352967 7396939351562461781177468215466128378564967279964686997942494456923419787942776186628988367
83273457487676771581412984745592639281 64698555921635436861913
4863879398981359653614943193484212391513767147825823468821234984529857483884853358431664832725187261 6227985262964435985893141923927869875847825834976281612281141933946173266276983885412414266962125
885976445787417223792531574548842371122192977258 68968621814962812273143661991663177649436773552115897838993114916438238692
97829545669914196419 87436242311731314948693599796396
877243234 8675298415783136145623269363928544
5951573315394386327722877442676527466119 5982112551315825351739876
844266874928928277718839452888455285188293825389664963445771898839347962635225326751565 225938864515432757261565881634822996612436476647832847388528142199795839296921864789987583562616294
532861522629522952844742388449533782369272634728852982817623731431943767319642 6815918711433921555749337825353267858116391512437365818569
32637773196286495743279751987628697122787629669297533928485781621212249339898963799274 737734557811382515236547984229463164
75682928 3557523278233147533164863837631437619157159847488185664961251842
4526355235881781993767618743724936365176 79853278478838477121713713743
8112282986589158464125321946946746944393395838489719656685552988297567674382113246951472165149 8142919115947
16116335422615364389166498693431973369278918145865375 641394272574718799
28183519372226655967899723371322527458243526535635495 742154345264277687835647321185655524861487466813178854294285263824554442278381
73226415264 7523443319217262538978245958535755396437756388564813673748384375666351615272794473261881736928853
781155514937575593554499963744975837989429 98762244747159965949348715973245664529131799871192753
713746228753341284954584181649123233886524994523129788574749168996655854 1411916687689321896929385687741695257799677482827882845285558764947764428667149312386
394615914524941691232676269978641566959132541126945755788639758721717872519 253737662813493252449128841461369456621875473619537767863539
154492845349338458813317212848263198522 97469748
27469943429928597336877134562355711 467565332538884687
7771276115915132431796321575163577995617715311146333714 761985275445519229332776926
35792494799169741924556125863774462545934328393455933221559596154557 4422885179745447545295544
2148711277989939278945469582921981612587694344654737827 2677893555228142993683384196631348411647759188733859854514715953578679587
5553347646981639212819622397838234779786521486734444136773799946731963 46781584869879791214966858957174638813482369
6342447226294473865332624781148335124737194138918839993469327629779744884116 2456814695286265392519483594719771214782637649125112471997
939869867467211717863256775611469684368325736472994298133172265142435855 484985515596744767765652897
3359274979814629815135792642526953351356974244775233318283385722578515852942482845947745 48183977247827694492976716223192569245277721442369
18935762154765 112915473934
676615646 17388632478987299128659552
6388678275584787841823676424326398497536474674362917234449387157315598976837416232667418873 675787925875486791148696994519289762563573475488772273221596159899
5784115726316266411153191777515542734771535787888786833744728778171547658234465161548397814 3694948172783188758735782889381121458249312928933388578223596434939911136448941
82428392573927845638157278399625138551851657845999331414638314278827 795397291987577635546864248975525356598648894214594244391572569175377342296255462279468573981454
95913 1262696363569966965775748692493881485534622
735875944447973749 38444629237896523437
887216464485781799458181995676917597219194949998127145464353757 99815254441534786545222981281999913282471641737562489467268148599473159648211166
397849669126997418374393928832522864129126345526294659292357221139182913422692599669856565865789775 249446489278466268332261261236266192634925838897582448865
881539969431 3518359859734126198417676431781384
11733714711421726477194555 94675731318175136
118144584422986987164119186874922161844936554596127617857651656352457145 623912278844117226276743578266933352744758311488417359976868955178624762416
61917114372814572512179595479 4748868219135674528398422415611832444358955883188784387889633
1511965265536913554623884742846379537 312479544388987422625921762529921918341596982174841497733963134313885956859712312596254325859
4114488612325148781764272937 1
665724421149235665274797262879261273646391348612179937947987228647527932324997457723463 164699794591349832649324478618841881477882383782321823225993628863426118343537819754576728529555253
38339556869494585356246323499835676247968495731518647218971787415299289958544243955568 829
2768626235645845673417985271152751186715 3138178338949245199518645899685884192434655242522
588355791 3264669977513
6157765 23153237647131637571844119
38 5131767177688243
388924487232199619589448546861258255313739824588932968473 929854934
5573187266843369965947565824374736977822244847759441248853225319761749537322656482754 6692582339714779328918692279538412888684389737498446469765971749699255221913223841553651392635
9582622474423787973127824279217211258372121594 3295489371758837665287426863617118313199752457743752972216669388561364294189441743637195
86333258646211313313128112782647177677918924642146534332534 99529794795
599254381444262976432881269229166491795926228247992319167558889 59956216532393671147912239414486569646699322753774862357862947492246121119158187129178694
3353928 53283494748649991899914162322637766748372517563185682557685961676831732717154
62724243918225323869549836477284717181664153625 89638385918312617819867925347726
134657 75768781868
25133136592657312656621278274316463734925368797947186615318446845684389415891 4889758465515478499791321149922521422682168969395
31371393696329298322355293193136491836444531324689177596438361626311836 3264237757755979844591543
6171618694453262439392283327419345225788765554696187419692167447935148169535466678868314789429671562 25931581941181937598931597541779
8646233486957673897877873725735 839737165135452926199283399345424563
6483162952161399587688886233466198283226269188354229126161971924111978977653 5937244571417495943219289131184212211238776625854385846993894942917364869575555694
319658919229318685146895473267711563914938543613178189181311262 5176789274519327921788321869
52526694 4728376871768179128982826356672112949297549369718888833
573117671668692336244235828223725557553378486691324626738 83458337541587791887978446912169176252934455459971324334794245962876827
657918888535661161411225297617 2235589179794638287337733175252
82972293518669265 8937749687734635143971981367651564
377816479965874582781355224356849973458839581848288153336734 5261817276386295976413645742171455474932652757121398713
479685449582714479484163314155448424844928845423425929719892643749171468999179198843 472775233819765282
48265896191739257364882365248425956538955514593761364 12
32481461943471717291327982994492118487395344 8395691567363918481841735212718492669735621624926583169
48539894324241542491277885224111552544824893858792161752714712364487377698191671989889221796 2941537152299798512131273983348977266879718121579867658625723217314849726245246585161946282388
323931844211765958554483349764331119434 3979568575
2644455422939795669536833519147198318869855697257933417844646833184883843627583475124458886761464 36657547972376486148614357323456137138563535981723619215983344881539
1129537174132378169379395318664784973669759542983952897886185337821994494595 785749782272175666175897183561243664654843559312559826542569
6953956156224586415488413639587678934141118659113239956268128765343919253 1496523833116536743756688621213524897586469715319752675187416373343464226133
6489563678474149875417282355315382 248998515441254733367379963397772
52142999362251861426518898294894386 36233669922854241521965532235973289772896718551964351198581682157766714141723217544889
1818861433277483 1438342979819
8987479834974638864226573336616145251429 23794132116562215768846153581549373279586473496668762654275816943187863858565342993253563219722
869892359251464994319973192174 1818456792588128928573187973789
572744679648386 1328512737563321564412797673936297765748446494498731512883
597974269253981 2812868916559954935115691287373584
43241535884521781795771995335351154155691482479816978517684459763 377214961149931116118396295287526135818
5775469758158155883881 56818317876585561328199711524
37184191149841634458238719211352636847173284176282 11285818383355642722535717299669719388553344942353797486393394548322994977918834
5771732 128682213243426388139888354853545419979529546319379867
95474 59755233225464468429674317488136927292497235581774584
823968228269643486393281654 7413558723695726738147545138125267283
212189469251754879178574165124751796699714417369672578273 6691694554726991116
7262413998733747364768627272253239362527726 87295653233125917
78151998862448593934939373222965624 97453449187393175148416789672193172588558251463655559396465799263516547414396
982497792926887467429596198413316415222731682556229789284237918126527924663118 2313
21916297836761631823188341638258439891753953 133876
14452468231731458947759267388418284784152614287185 2715512146545883653754279321695257914152494765995429879334854
7544167643635738157438878632721516645745474354561347 1837411894535116245939365
117876897287652856192434255873935428443484147667656544936885339623884297235351462777945 3281217932346595822271489521965724751214261347191358161394757
4161864823862292581584179921178728884932672191536179227 23531678523315697637351343175222937555
74275497841379628376125818621864247138568853791358525831536637384995692764 8941592995561363329528225888936437836
8679144557296729532967164125455592516846722777828113224965153247268619175 416822435827794898
5764591563344 52441677759167923151766749593364387899
693672797837811845832756389114388944246231233159842477361595527455816568119859687 7842435244699395932
3795272894715889648658367651235335915679217947159716752398397 3853724337474382229439542536898284441646113666966529154876
237398518479787459178572859152637349613524875926416 8227175912448
79 41338681526331557925343355992687795
98133431942355438934999422388797478136743752852113 377553874469522166294
582197948687554884838887963766481999958 18529819676964631952739819292893497835733752695153652924197873
1239785245312789273425244356748553518965711328275156934117831 17522327531245986244174348864717643746362171235233
2138999 99527168236766987711346312229964229592735435522498457439587164627276591639536227264158863473556
46762493813491321649544575263 25338384138379741749525929511938995282795177
81451974276772226985197844476146689991641379398523649117853389484261856224589 126472412972395126188946826149423214
541813962271463974497198568441541588235556862965498534257784793312738945248 324834995324253711895893
15211875785467896724454645772517826542636837 3817981483341
97668477821775912792993677441827785447323359161394543337672319338234912239515785986525613138219 31369528381898412639592787489473885969795771324274223245818148341746746226
258672898817921874943991378272555517968861235121 855764375153843634895633555717931234
2435364939262538178912591156371469951576921694596758163641719959443889167956759919958472482658113 4252324888411711373648286263356364796276118212195451657526
645598941436898 8644721612221269588934185132797484478627658633112
59747668873881129142389924784993551858794 2952872785543561388291131813411682854735951195363987183189983873414596512812443579192
577881541774366311875 55392529864749358775643187982469732281124358757
1898228 141871792268174
32233626694517 5444
7964247468885511289496111415522338124454877685362633265769268398387531279835249572523675398776932 91343317141498458798965499984188454911
6817615266124584913191354817398885299386258536722643638791433176873 4819271678552783599956964367637
4676142826736224163996947 2345429758729153156923575581596444831894634197843873953352
165549838469397589697872584445799559251648329824168535991526658 9828585984819411613954287339535973733383334567891728589429236325983557113885
9942385893943961683386871888957898311 67167795751218995357593933138889641719825464652889591148366656312438247884217382
8371631127719524 3939997369687652767595515727288531525718569
826221723261925223962252872429176245971249133563696464176397273629813797882661496955363 728455193113735471683852224971294
931166785193649681433286148156128143197227327269556331277374834956528785567492368762157112 651483236559333267346363631
2292842863572547159521 5893174432886434515417775848226538268565125432
654934721336488177686211868463759549186324274371932739213229 23355975571471276624735178891292475235252787346837438613
7972265993435715213227729215817356991487699176936591862939126275642 6683872933117976556389964798947447965833184199898289434
5362874363952641983742834523645285738272386164 924893125395461144411994411176691899537324281811262675287791392266141383962937142798844
4187499913114255176799723 5546622842713764414492752623485477188189886988872434571452383837698142434349843148368394848587
37955124398168668315284323453 34837324487491995171853882311179586714958563897374278627586295
99386128314994433295267388813734867941295331576659735747296531664697475142869281419893716866721 2179927477936492655991971735564739172191314857448649281975562111
95868273391555431836983547646936355723643778 19127642224271681943699447532823476762861948443362723556446196893435673235574471
179548373132425477764654435986729261438328196689776131629934425452441872393721175318785953211 91144494353
635132894168381653271632651253473579749665979954324473156239122515431875812543 42451714697845239794989144715647668654154861381885594168246
263468927 653166485231759212998239345842
2159871222156189371246247496356573139882873 7957767747423667225262556615781734286825482889155385545887278358217775148333987866668671476581199346
28159929417657625288111326292458944335388113151892951288239 49465796354693337213734768778539542671418
63688754892199722597629912299681617585688772531784428439129964927725253922 24527985434173985466181279399378
371356823914342659294523626981355148372518296272452756773817471222812965 83435596785876414129525129781724442319149399346
68816254833151461955268673864866677 9622482689731692613954995
5189618329845714733988832451595275 31379514287247843228169157184879681295769934512678148671451587517914
32869986173378187222346356977486821596758871354978287775667 599766898619835258727269957426483374666766799465635482328527314513245316939323184914634212725
43675675712622975641556584421853698824 4235917773236758675777856737111877569374457
35279836188268567236858454954465317156264215263372772581952424616493189827513 574792898781733
3762636639682928367 6911683377776361151
6936926717574376392149812577176573527634748716882 1372737724894364855187643258727748182299858247341244969228593798418877818995557261469397
86376752672894675324634875567129713449719715561916918255782286746 514667548751175969958717998464933824252788111386176761416566179872636119419249356872568694959
66774922176752284684641616335632172941145432911862 63938159659647
685821 72348378689561386349962827352468429224981595352152869799168124811794375675997352515
896624997659351851523865187958398699333777725698395294461856 9518581554888333955663443724538299463423158179573824224311892256849592766677
936358581176221985628595655566861526359 242998846588156861767371945179433722584447413971433
828787983882767 3253381544
567338612973285638882848311477798234487942752891553476961153825955695372593533 32272861236227518513378845479418249199594531625995799989479767498
237157392568927462947811833684139277274788349951199251979446829482678382627471597369118362374 3415722813386775383821359856443798486135758711467179436787785827227282285895
32751867281773362186185262744836397646931623994254 978261622769962698357153894593713789448
1592137844334936 61189825346244565178136793871136
9975447555743917548257 75162542429483283281874829852736766826897478358997725867271616284358442548389915969358964953
2138774127513737187849267228781163237254851352155836212263257286363 47998824249872
94431977758936856461987349571358816514541135684436 5668981673
3777477493389395288321556956586987574926412 335217457648463764679875191215369188436823
5378552717379692525451129177681435447827157241936751246 1762421384258484374483159679683215418819647935975775815697986388911896176155678837456
824519126414375218411583812917133296287781879772189457952316735 1586646227264557235974246662788458974362195989748625715414953631567726
6253646523338222845738515646344772411539454752844244555636 174586119422491664719872259564392766919523499
82342924635521 39842563164762111298
6221 6118497419184219698883233944285
14845811546345632143328589798355971556632739171116476575619725531 3158966761116244493815926286452264229252232988896334
8671935447543118283915454856376158418297725917452941632892879253663182285295528745635489882568612 8536396133756888
526811466151168137778664452618445185528 9625875289442957652597122473285225359751132495489
353971859481526596 631848325832555198481129336775834538423645963
47168958872566944686888747393691362682412473225544468266198142 434522117995985729246357194122194338261775649821613461618341152198946553786877657273725
25452349596597538324184688993947 58353775295483768678116715111
243594469284865965236341482597187633228156664244514688367334653 1764
56379285936878191394794923779214597963 399931666818771643713633427881518698883223151792587519599562497469316967968
7555595317383516244 56118887231359284765369796368259121498675729449
437236113833727369975543964619525516777328837954764643185333263584334714161 2293542134233548129539791157374312228447262416719151818161364828728351162593283739956713285226734
1567491351677423465848864264431258717599164824993815477242146964987958229 8223236258184
74474845642415491469494219715496618374193916614643987947953554456512376941378966855 7836694398677112653498297324194682648453686295926323664956756595718538
18788138231579253772972488563525647169227482455195439263643965895128162276935994319 38751277631751781272329493161735313246314199152456652529636283458
32255797817712156486293582586 5288876866236925278813
534763964466896774634251219155957677841194451651676277557546584661664434142638742697477841877 79372141652747117314581618475132921272
29826178783122128359985137629253186353348952438 544444933539746791821425512781688488
844334822475366883963618567471986345862441767157431173368953396292581742147357123127415 7799578471435943963449867879119878837297643985768647316299439884712
77641863148699214123877432 2336447224661236311129997427257567793819
461826382234559468483448344519911441984229291494765269851115619719735144442229277537424364 3839732339243951368635157196483259426345589576459192291117616358571891174
1892174595575725772696163386318611528466312653578346982468188488613453126279476168 324834663692354887444829566
38569684635125 22491139382933354322561172
52416628119436238494851488517666 623284798642387427425673242498394356329778643259925242116422796998822626184792848415
8426618659869547527238462716621748554757811659911762688962788661442735948212665799339619 96655761543996484889485733518684778
26733698255674619429832994695445143586158 784185339796484799186694629897754
23341884481863716361519441578187839128152619589595353713336322 98842839783463812877455154767233461239459886721968533816676666278447394888769572933678571354484329
64623797585335721352188364112617761866 8213255519799844339956681338967473322748664471178654225365452436923524895961951
51128525784253758794581758214598448869351963173449112737729 9638696256999318317774124966899445963894681695734792389357625681419357964831666658
77577914739926259548664678635655866233928884778446453619691725244 61116643956411979419127634
1436294432834626223876345353342484212168193293419 68823969918148824677987816254472613134694147232611197754943
8655972926391962998788628284272856399283459869657738272437488634936353124457396839667355553672834 386712256188549954648187472284
