55
7391115258665459168438754483532381267374174533854187598731932637586143296138914829633662 9735481515953789268784453954181
8998681871 54893246316347898798628872586947381696265266841878289848658276895618761213124327238235244433354362
416288915337179262676671492624232786927281796261359 591668837857461584782967744
29184389548386825947554236184764663626898614457399975 7924887937343586115946564495329623755642971369722553519426969643647251799126378258927295415
72641969591744728757959941524541334451896529495357527584368818913545329711727781749 73436695949271438286971391588896246394325348356367472196548691
1879256895761469826983112924947375585271349658351427423684926311141569938187616438897582 34515631365867629992533994435592732734957261761953449146689889933454148422969
5251595548641117428873125624927311 848552339799913284318897485494517348712643912875519615832615176455433767616137
51996126766391331916142871827468751716538381889165733927116396729247583276345394817717 9694584724576487646588984162152893318888282272588
1775849885855679929195 3284842259868524873436116363512363422448321816854139996265544579763395281525853889567
7935791593454189786982314379454332985 26548445433197191686626698446437688756493459541587654282846425999834675715312285887611
562564785512663773195654567533423966 92418226681339831869189488971148267458397281331243683435258315652788316
95774532782492998234729171154699918526893683641937447384989444487523746122 861173437539382518373741217257591351938984872764192477575344916284551214224225511415636296
12388188451923972673471186543593745163422197 411654117997233187978168873567742138534983811571397577366381296386567171414
9537855 679747633532214284957668762848197457337286888494481231486482933698967951189153961588
3429212416235491177853155221682992133192525681948618352167 348966166843453224999764
23911326487447594397152134539692231867494171523685721685172753923285 7956963935178273
48582111761931624488836915664118156744678165233166717251158231818119248488627266 83923226898152585973999726128317268837272111532733842485761843695735523341581371942942864
158256868533 34794115369853165461954363227711612835939
256132637327598441199584321586718992745445984819992124 87874725769153782836973386281838182179429964859459372794211591369715253998955541641281723686988271
9554997833852431313443574443743891492182653658111425373 636971847412184354676231
53676567973695494314472852982414512248172764391762768238843194931794217433367953435374 34642344139711336255527266542511456314817769885743524228196387697722519952
311123944248117455365595454 31524325618611499277886172136728871431482655417
36755481943989763994177512133494286585 86914293611821452528329951669354181723656755635876152154123763647846114571141124288
974672855319152227559291278634246625124561546174653854592429832587979976441481417783944935824921 21
739571799336923963889745172886787594438826714173226469446656356134188217272423629616562714 671383761437725
75799731833612934537991457341577487594386526 436895729139428593547516247378137121647758575737686379959133988724498816912426655935434479748354733
845767413984195218939 9621832852987294544539264563941998285999154219981157914179383393667
13329996969117464633696485197461747585926 1727214444366236618217596754266445875529192728625893692474443535462
395828542714896414622343198279694454947562776756648821 25576456478965538423536348882984995924144781825575243195934998243249456611219415267
69291763859747647859185641228166239815282234425556635543646771199559 43193548387955
21442448433165356183527 14668675572821776376522867945584469845137962431
77718714879838551524625546625863565475617362981 3415643945124255123372893697187521868
3152845236524252346682893781721995217 4623781116742366517964177714392128817
222921384991138576981755234879676767548379931241187855656921759168969367924721112683442621494 224113689216196
2282973429121 59682888827839235613946749441563317515594235715411278135629111471212631
3568453712783584586495743181156442591395295832825845327159655725 39344373756776
726599815947688561488412883265371646791338167992969 15364759454723689843673237688264889465187873483511324887665617479416838451
39381312617413179643927998237344346866 22733924574
32711415528572125159459 53763742981184274119517551811219
411432771343812183314142699626362683774674387787978866422492824 73234833242164447897631353245555839179192732313824673822786297748126293339785639
6198422722789789314868947793718219979114123 8518424869668281244182399756925883673584922671418422123889981212971116
67574769888516566353845794114853151886337185498617677749 551617121367888668728357
2185841383159886587221165355279365463556555867354488924 7944
246836 3515769423733351298
4348436143653543222897361724486656269993247412612689145972662535243589281616198453298622 49199843
822318995727616734782968762536174833951799115339665698296198518998816 76479883559631983556172172392618198199163374359641714
22697599145474675933725257933121916177616712688877666312 22956117537941
5288669914315859392231 58246225391283958
41187891898918159348555855946991295288257711165927787128211 694969452169
1838515885889 2235855684427661846693183881676332684675494531357441652693444337473878551956649499259
889245966795861815928441129793563399183386193341544684823339224892869812459184387424523885151 79742933694421173567557296739832762255
2918579127317758272235194852879415818769282471163471517925892838286959645721167635945349165775 973518268977219378393522382631443116997515753722311235766995387146154134741812316584
82922174726594133965622853393745276919962774434969186246815767784583611547884682367156726856 388881336949195845753817984498664937174
31849148887999439178414629328293523969982592547335798844657928981667434265 35637361841681832853131
431341547353823685139526591183765568474791855774733697844695795895994868249552654146896784656793888 229485
