401
295571162719264465614231191743 5486265294887926944175568524339297587183211746927576477842662211277244932883883515832925425166
6998329818862852416881133926512117478255152536827893935733372941828219225276613317695146685348 829134246777987996799817265748654658117357526763841282
54939941221553237485 82112428178383718697947518277624926526266264
565653856364885286823466528561539651936111727531222 4791395785749396699691876
186185762677497483466651341844881526782724259 228213912189956825762214684537
74245733252113818487173542353142726347773873733874977397818381578983164276186498814 4729415137483
869594491768996974545546465177217816 4346
98962585827279727696997172188925728937746559955193962575286599135612285491782152199 26333426628961745548619921512544111398834164567
92799839666396993862718249314938154946413943461973318159815452724111786851681316576272866 67512671465767499166455426758628627468118272965691379945394711782
899379395268435933692425494918838939742487462157995385978531848325969114872968352894558954274727 462623141598124463626993827893
9923189913751543367287664922445994898548418686846283184185448738647467937932 25452722627429611111937139789964352777877238956413476446437199299324683976262192729392667397
92538569595651 1579539336856751559476718286427643719985781865
5865593735274212625947655938338953339365634825848439468517452892366478175481719763784 512272449243793483948243839291987376329514678732753754788688326637713498
1725224356911334614428 8731952344199827586959833584646142229693989925729383226683845834142283167189946224352396582833
8695673484288 7353432568792854387618148154265755352853794214386
95419552864252955135824523982188455363658666114573244761998862875598423355838952732116718253799 36786743112992716953
1411361684115299862819216874656652251364648589329754933512519164439651551623827 291527463994649524212296862879339876684411568629
666264374814391611161 9269648365938736473665553541839551784447879539668537456126572464988961261835278
724569594692252737465 68743858338775222831836213692938851479622477377784938619141472
8379496528716769589568665766117316516178935599554949721713576598367263452699871981243983865915756915 5736182563725275642792912372414413499612975281869837
1624219859227516331431 446854174744666331
4436634459943558714692921734836327726439624263873394858571566124112191344356378426734316716476 3845162117586218873845543
67414175229296233847733388539656892967995679454 2922192234379946935637428945498261479328461346675565324299945283
5492488888848919386555349 178888
5146869244485738843859993263498284567335369494141 18963146241848999158189625173715892982324172363651143
66139939585417845597163213695369179487942417653276253126216835356774355841539574881 95338691734768911895932332427697483883167927958738432266175322891125599679155228476956269
53976441465618356958887467466925794125171255117772337121686424519 16425297765275385569583646255295482
776913844445997363425734179641417452258678413948568397651541732255 94233344885196582
152645182952779587411731323291636269744893854 25666863771454727485167677225997484223722134611117367
54789878466446227914554256341463487386741568313499437564417316333338691644465423854472624654469782 36412
8373349878926832758934759741569173277 173621626717421552651163592256555612956772762982593969287624931225564
32581473725373452567217372918988913965631483828815953995 138342848635185749454664786841429118223676
198824683194642163289373246317541625992717122925355776512865665774625647798477999871721 9318163925114528172286184282774813414763762482427135795
61626891816391587255595838188531563293717923326196219283628686948567736423234954 2437483763684365779339462768635822738766346636582354899391282928969641631118639658762
7488635985994576742913766629821685917496664862974829944617512683 145266947132436458551587723911
28529351335133533936591763266 619988246179346611928614326151944931555427994325178424188888162212511143498393458293543413172942
47339793116762963477567227699685456755193724121425528191482219895899583164665945751142677223716 551534836175
79277815847 6259451323195477433875145694513936773295469587945527785944
49657589548567371625968957389548433773329245426967835935249546696581269573 947358355514668413257292898238237675239642749324265881432937147247732984752744861448
64469765822942549856835977855466576161279472598624779346738521868 7752747644351125423292563626986718473998267758755187231431289693356933181783763461734684814457989
53418339166183998838592396642117 732479386139781526639842984773673335516435948224772366372778516359753932966894462
4541167333847183776565819621233259394337443229738 93214828235211197867176686354535866595926486376672
944764989936375164 29218957886247557157331754725195678679583787259856671427165794682513626687234926712464941
77369693715623937223153539271463499685592417375991691449119933 5492399497721691171676375394895529685573613388396238823543176148994888844147
89683934212367518429715715739726454334429623877188745142134891897156462651331 249694167649928626153896328869651236362567865329567
5836598218867772284526356376197293156986537768653597383711961354234268275915 427148166563461561254445752823851816894741186885747929865782962331582967386356539449314751364223688
545969255643154376269862295172484637897636515588172592949939135623138418724393272 1256742259191572751621412667769464838848256275838448991283378731292377346668494667972317367168
4638768957162969 9
18577513495684499362152616917465364954791353312428487722858669166857463257415241962124 3359942695242376183511432794646119754439552182458554
718829 83514829383567147981255476787748397566339
59218831219117279137817123292992 2951557599
91841231171845973982274775416787564994619631287327156983732276 81421565235197342282778651115638398779316499641936284211842
1859312445724763347113752354654743116498319594748298816763625822967776657498 72877789216917297949141923
939383992158241235575 34482739754548533831949348449691978598986341568777425891624145755234698
624291932814779999774511471575481876914896552399971432 6953195415197791621719486699197412977938723282294453
295914289399974741995691421111929579757982631141842978 2125176471331568967332725681594845547332843849933871599568564318674999781625537
94167912788969762516184799878177981257866374774799 439765463451166
26538642525114118175191569349613747151 575
96969562653253951175552515787 2828541985215939442669649737528526122481637461155377344541
243815153735646329752267871297784658297929229 623195167758217141518722467119573366994985145578365737621333113
88145514858426255683396216662247446528683581957858271974 68666543777364963361511
5449677437998518475168118463724259836 8587393178111371197182289386471398393481457725752548639696942997326
14187251 984418643529748545196368682293268963412564718866667221711178968186
8368179425419364943467889678142115499727992211979622463649988535562626548813781645539462 71293541375934172
2978 628682366395175531828165
51247645245794943865334269649739158814579325449482493744344916351824488762778468618223869987966379 21929735872116969542869
64128751936669932644827891839997655419356652716219637831182132758457767144456844466438611832 68485489745529367331287788748248839
885135258672524 4334915331949866436344411454832826641438639959347441546925593831228562882464644447689732967
11189781275435774119994355 4318679714661122
9699739576789967979827886158481924721827899357789388299551832877826497214665363564755686 4597232434
28794814429428874586685871436992535916198188851 671642878182673
58733764991388454817761264 2752299749473177725616819183425192326668643584852441588337464858313828951396993237642884827636821
669794879879749142792646 65725715727192798458347544249351131462198891715521627535341591263598515687966894688149
4787236754328328369311174611437223589121766487461249913544121515 7983895635529869599619625761694969669646888622781586684215366722411155825742753438244393331691329529
8546846429672637719287392892111669759218741336861555993258162531522478623 36527214833648462134962359467439496366874911
7151673236576754659919276985998694861369463 565515679392952376468549692
59275342811537359424783573124647796172 972412913487112796141591375954118511823839637588249917
821298986465561515661472432238369929753549916652357 762339773429361138125271885317558163565234731346238542529514986138281383986916635
196861668667825439322217487867519521845864284261354592287224297613928996642916235129399 63387291222759128433527727212589937
3313515 2565235564
583327912182399644312656154437461662968247779311 45375786775667342114884565
13388723271855688278324422466277911742 82898594295283748983817712757862643639611363948211965
4168556439839648834163255488712259186616998735543782 739351764465394271381489846538294983182279517755444
1272741922412827472765719614231237761835733346392 29629739546876151591711
9598916564799739234279818847774893765768767575349578871711394347 771214626812899112369627731463392197448692831327484376687535642841415737682124
9527918176158931511654114431 6837449744843633941696849732362644312548129845111212214419
8973149392174741767678628951457485463171219729299465451134599925781187779827764559688653912224265 822462422157558911153216526357896153611796592435443317794728437586876863943429625881987537446463932
91211438258411338247641852562221456164587428614378646859847442677985742466266 536463856219268635742963934647161764425662619289467568938418697139356431552738719
9963527117849348959999253715728632 5269956699238234623488476651849177386196579
7383726824364522976252772659556266971365247463758738569654729585 9569874641441134269952786816588951577493474331766879896826476775454523991222
2589659394471986781639721627362 6363552944557442731159299561542127365836454668921172457846556443228891315348442911382283487524368
96745145829815733324385353953143865912662964283263916 131455766925785794528441131359214688184479895498482749537839622234868589549665658973339255
9796547598514466392368153662276245474648992516396137513895148283594 867974138958221948594965545818872461694628758495542476915648165588995924634739221215
1 84394
453649167861331988296989938957 977
3461447172159667737824771621 562276787328537835352
88355171249232539312544362315425282493251434932811755562268776424186933269225199534 495398183898866597956657173919768476
5831735294872642198881431451497183485215293591529662431951193174461263 32737383858729715818674763832294567
757828117793746225482437368558124689588142237895 935955992491188986712956732564889158697512322
4756265266692895688431916661929664439455312872194883828289296581 31274627952868564483229159687496221965955423854399697998
811787297144713912677297147933554 183345
18369345744881674273116893318313516284438776976917884288928985266329948561969794846 936446619
832119839927124294541339263377133731322812273664138 267992535226418594259197719433433121544712666766199271935755642414824
7626135275214346865897184195563618919938224263 94591525619996284272292237737125453718938752286767883483341444896341818319177577441746942593
5885135584922 791918354535462234895674439789689555923776725793267138976373825419531311688734326496973466227976746
8118241787537371675122975133193736 3652758818447923218764292169895813192917283663282961353
76919466112694916 99588588724434551155774181651269485225421
5 76964824298978882127249993477299361864837759589352334972
1466471738988914667523262918446 5434472639559742921439665929127659156766615553654436394262
37975366959643377975346619532254131 759834444464238136518285317
291798996814939285219771962396965958312372458857372935491596955978534934241841157132285819124894321 62896793489765781566729623263166451596437613899
223414416993714891422337328993311735698956264972135524592129469115433681516331366576919171758189 348742513327192281218198548952517924148993827
51728841193779662173299134643226514411838591 431428196267337416288572844983364712753754378779966241281383996224416955994525488563
1292129126393856631315419162763672174567631299329673443995883663718435197 26467626363127656252594933171278756942925932453217157975782835839544555218773783889453246114
62876 8735215486292186
81647911282285247348376746337962986363675789141457883155897794861962672215435397784 132641232818578729271479286
36281824942165534798371618125135991568138464327173953151248592164624273795354128 9426598126152665213147797771227819131744188718642449194
23726657734695649655874919794192758263457555512523437189547992882167989645427 17246136458864
81411194371628343364878272453248212457214276946653637914225 6657685745698261228215644395934
118878 44174957213837772693775134632158175284673935945796556757444367717171
53818112921537425567546152349795592525441829622375697355565395565554721684274777295478 8843947726766598641664639
6268731562998241419335999339976874631627842521593233912877187866475997279 917947287783369424686531793886892684491691898
962797338357 93834565338352967319366868238475659242324724
248542157811366464178746887432952522623486354912139135386721133 872215385524647162457598527228846173229746595845922169547254468976973139174616257
9227735239529847239288132627223786533912762139493318378215414376454932382411644198259775559291954158 393658689714834526853638736954552841127317892252
8448356813789747321939213817392759235574321864174848142629243321982536594669117598 68522557224971842
76 897393788267596761213151682734772321942349118832612381774694
5944915823128961947558673368899883428964831669145113179569885184787563471271218211372816378 125776453741188432934324233811223357313779214821966969761546989988124278891
8934664515389721961381658576124292999612482834491245333948 2212524442385821
138288156529 92789931783586887222786686865159264397282337677832934685967221899463238976498143
6734321636438977925128923782923827882594999486519227173641524985878 1989794936899629689213181934749368292177454333821352744465169794289
78691865629637719895468512748464249266963 6361967352777476615937435121946376945467677645972553996739823272446715873951755295156392893513
34513168227747933916412174872312688161788326354173231377 664586988948678351
272698697872188198343759 934443873333578364584844431886416246218642197
2773 643835
725779597295934975253661643178441527895956147332615469379541 2324699377258322176
78778671711344659598398665272725693968122186473139933453869962832761624177837281 15779627149352594511552379996257532591711268979992916672
9198393792781138758965312166556767793478695535868563924386368928648236212814474981265385 8653269939277673826353271693594281287
374624857333 51625692417776146791319348195562297728412125686747
71165732791956 52373249321357765417474912958494243374633777297698777896
197933922187573781641969856544345584386584593564453794759777499565796673 1947978377
24691692274491299889427318556375785928 7536525618796488518763629764322746121
61398954569531719896135426878866836667373195955956616538153763 592753682937735912541
3969341529989343568 63234891359132433434946413446626163152278167865872399672862565234437
192494397479948132994727256947252279113334337763293766395682436728871599874761123777127398835767 8168649413392116366856761388465257347167787221735922214746777121734833832852357768458774688224315127
53863331283995693593656627717512493577532578768552149258697167991487964747716 368972362457795468277756125862225724892657842926136761772622934624431515791159687
93117645 896594991666714543322355662982972469284214436199575968792367279633897764475431963459233181898524
32517146283599325598223861822445335774777519238 89166469669953919177863183
8937674456592878196195938121889191573276975464173731486871568316719524519837444663881952215264812 3269765649436916738267259688849173425466887398494515919312541558737115967575193764942
376588463552811671154784 697263354281196462825372773964136415946663599962
93591127 871164542715947712853662437293559865726958449426963655272446746684684935983881695776
326633968434826232528154742381575847718694584543334225871721143265396881755329776616669199935243 947282583272487114129
3649167928273488935715246762551153241423477942144193872873639837537739346359 2593588242798413982197146
837255778512675527975992618823768155217183325239711576585144795 158476653117969672
486599514729498955991414535246745279692837375497388145266699893714974123898 379164578952684634563491487264573726715529474985497176856612745949191276373327784413449864
254283725679489945149724811 25367887238457177316824415455338884317566456271921361926476431673338351
8732844245495755926613867714768222575141593714185485 836496274682725323452384396889
46251569851353684652744331896348583341511685552589281531951157112113228239345 3526755851428561341876472481
38899774754319871149264576789253938382 2156119368778784313632926481676456491836818335376518472879326964294653167397484912372887977
91176884987157755854667876828777871595418122 986583587418264546295992588886664166114681655
459685421719276629251887236811896379262452755955725664 1733144638152199974786229631971417115319831972
4664384537163968512525194919751521838369153791236863619567181677716756245855244218945721837 43684585692387589179432737128878997783653337
41227664867254587139943518389358 953541523776619381777739797627
22216314 726783188269788259156176714563131468911258848629813878654593478552218725459558283
314872433713667763983244794695881544122184873161711469971738874529857886134494292258133994 8416674279315359871527721594819311133972
556726891321214943795281733626539126447736578899539753375342696795312669394873561498674311654 91751578368764778437253145942514832456394325313323636194351337892876138861244572242945584151834
35731779377856857 151692437594296323754964
199618614684469435 124525238719549514989751738
692552869958731725174935849 98994518466325788
274823 779357621443934449732264697778399863832454273883971767138945776428939152781493225727211747127323732
647698377836951637338342546537194575269416355998244 4346162974974587797581346718434
44449312294166279981476527927539529233768 3832678245239129232835964283874846795287772812893686889687339
8646553239427259531286936959117887594567889781139526 358473433567499887696539473354236147294831629179398638573736825454712738
372432452137464992223122741888 78199438557599188569196493257661133394876361352348175495625541818687958345415715
39368577628481438881261439528144677811 87593135618341588936541664356252857516646855657682385
3652989324278485856131985 885823448227821252986155749613833419656172589152989955444762212812962664818727167115992143228
35289266457683998963 56727863819641671742786111635825978989574528
14614531314593447551261827933169234779753463165983882412615345659874756187915881769679695317996526 621529497413521673993635
1253667689926518298535868841613748294684636244379775123797948562761873399424412772759 62735788562561329388368834454334645493376929756964372121246451413284
391126595144222988655438154817294445728427166778699122999186549636931453112598662283925152852272 67673817466292787864433918
1638812331913998676276224396857188874642 62732132576437185917915825416416742283841947496983837
29833423489317498688987799999999943662634954371514167126382566683187614831521523732798284353895588 19398687398485412967663711511669437913271157768822169362267294
472254142238775227659564677296576733569922 4218633456651713149218
356218985867955969937184858333971661682619282429833529825826663972486915 178117139964482472689678413775692891822454133367722394652993583714648641264724
1745442762899196844391495754222142356994698818983299 11125133277595152
1448241658754883576323495676377518158331841758618139999232 58437967963849443914737855832183839
8419857332139554358643298154821743842635291524634185441252833588195837 463747172976998144999612317911855351773632837691764776256664654169261338954347712349849335386898736
46489471374433169345368437211897272944964214935142349794857591558864512659272949321442429473 95456346431295698549561345123744891351883947128669136672588512189238188665317894241
873556945964992825432975199774187692446225113159652537256422889364515229978536 548444128134381478263257535325182882997687481194777385394922316974
971775885547145952611992477429718443547377959325831954349572829623267868846 731923722419578581844231379543261839132983158455525178892441462749996124577847
434819251556117379518295165437756813115396553972557197936838646388838927 9775365177885
81262423471181 71833242361239611
4587964678689448623 7112222532136144818452985874739867861988165525148329245524421714298557154622843485
8843339965929492555893329583181916936323795131699578713552675115924597372563278396511659827825988231 5725217526639476197259975348165611673951491678447192338438354134147618147
868796534862888494983482 5337986511895493924814518962126336877681
26991572334247433586444724681886482889127281153327547299251314214 82425777318155355
7541123699688229839532361433271781299793391712547145 8851443857949814196436797183
97498332961488153324697597926157795344736379617533176141562771757553869 655311773543915571584898934575362294561142297385475344497681677271723595284417
768794696277619888936966851643553425545475277951131755 2959653498625275393966756779
28139416597578 89538338491843173817961348733746268279164787683535136514624343965725339422196998629732998995
8871141667296366998719233 53855578455249996975732698165478
7245131648295793499685931582689965247696785613668835768512331 4276825288841157845738546422515225546584277193627467695367266634838524633812953
77931384294165275129324574617687752 862349763377353182416481764868466637843125876345895159418
724975981766169144328563986112161478556696341465487734146184611188613921528678797467933917 73
4 5396927642931143974824419918999958658932557598456974134633991
38471123717592982778278573162277266563369821971486814837695945828917722756819894 74755867252957963118351721984983355451551684846141682549157716658793649222549511145
49484153815755816643879127541213 2158743192128671948168688346398224413
3238 689984967258494573765555741144557971462999595121713181824989925235293314663316429272434769367
77133182777696854642325922642446388794385811982262255275559153255731548 26449719696299993794714685855336189165779474779279831442654436231962563515463413795195747533642
69675312885675539354825896 82499225247866732874845699924758311629797133312516293919692365285485368727618176116
834798244659214 629412937958271822261417525176937946851985917561
2796514978894553985 5322143288988994731838936261821568283689432655737235734739951873796287181
1795667613245216721529987515159887924532831945151 988232483864722112116691298
8967695812883684939719162392793796165595669395169643369182788524189116257167 233346395915372479867963857439118
4915652437899681383714412135539 242353678215672135335917747765555846792297629
5991685318697 8228126434717375767733472557373522
76995415524661459483973581552511561897299253977211885369769336145 627922572587695325963264541947867286791689765385818996459265
7776945331447859643 64482441589298476941411665372264933779795814257719348461868424833264925936669483466813
184917995217522837952274291635264 96112452945483334596614736797952254874
3232916344885894134277478829218279643885874215998163615695 4586319219516262612947977547794169449181485513439885184859931119541247136888387745625433939472234978
9242621841892581251392796323623757969161213979491554664467867692233181723758793766848446864878 715923969578152568548674392173544146452346314661497257916641283734425891566649968
387196863885328864195327412551113389355153229564929551968236435454732951148912695 766897218258635345443572214787159579259773219929364759363289842155475312993458334277
853211291315522221414582196851825534264755886177172 881778835917827
44766997618628239875457511117816737298559 737258346266337493899835134447961779771376244971592655192553644617
9379954486334172552516347474523234934853737532 224956595319469496842236556853752587178856916893639851222912138454319148587316
78867555978647546176994422984426111718768835275772557 37771798499737681624689642335669897248196191732734151926339213473578675289919
725169834212153631618599793912227421166266 5394128511728567975244212136965
13179229916898126714 75799474
65393 46655748888912385294444878659761115186741434637
58348919779646483146788726265913292275717775376549281333889422855356182291269 592738989681369
8684894355368157567357738754492926892516952337467281611233676723482883764851451785974311799277395 263448947989132936683116541432
2699896599295824327981625318274529465494832137232751765629916518463964222236573432171223858948165 14195993472
33456389929792833351752391148486737316581324445 8445687971434136586748341
37723162235899851325318475972649199223139864269439222781111467548692621 989712632384423559193816738
743674544574 48697985759129453298124649441388455876547726245379194672867389247588774
8376546759888414271774122254762414733163194418526684 775553135344615439647523275994599657595142241763383125579164587199563
9923348357728989712498297279327362414 6385317625652978555777989972628963149242659636627716627182445
895721763691596774469 6443673246275
29167431198154812369282898717689143393645214827126879439972111467 5298542297645434183921741479722224295846
669922973541794477593772976842957387363886774534599974639651916 8199278882291619
966172518965165557164317173442769882767417443318 41325873849974816439593571159491384245757428547834682372519542
4284461592121261584646757492839893525 7273813324659363864329938195562942519874938217755659891579424282289
5889321687861331681476916447356985815728925391272186638695293896284172495318495692873274861389879 7259348811197921638644677522953655621994854143897399856842797758657945237561212362682258156
42489378346168568785522145183626587664816735418294449566967163172866 2523599765392129311455578269344411529129331
13571858429981636346535632847428219897155553862 6517694422167681659825836965371482885938872
471692452724995142952529823869 364234677679461895473362547249827382142893243732472824
2416272247962232262218 83866526656
51146591336889426742798589519623464938276553856386292215631942738872912324589322997624183977 5792285351892966214831836583323593855436268235
62 54351441298619765766182225659129697726
8428723777649865328498355538624356248997482438329398726413128139571763 4133264843462546917138
383835335518386219971689522631429652845322818152697785171442433343445725399514531549514861763692249 9853623789132535733946492288322721963466123138424423333637
23482775735811871836224886967218275945919889879985932 39219486524675627568122174766217874826629553823293879764923994374
29538443121382528742296582986518942744328576917838148991548 696516458583378737133845764346895486428995693324238613157632921526889835137
437187217354144361357312123692964431685372376998339 41913585846626619217538281575847889376176
857433322769131851262865169768676167195484587121486836116831925499373321276 57134379335151618758183754625581739547833916816
26764553764934189973873571443557999344368465572381163367359538227226441746492968442 454165794559638471552797426298925456632659964415442415513594
73285244846948771584443217217733178349447825642242 524369279149457247488232547788585724519918965337
198236492243721987248438211836371373471122996881641 5916315791775515751812217185359493177161994846845488792
9946734895358898593464954892623336499972 613134318835799737533231296342472249672574287984427243115639731479489
567849391991579267524155164834686354135336 41694987536
83619888276815394912623237719642948629454419352649 71469122126131311286385765152
61 511838291117625414
6958799286872382829776695918191213 5157491761843416563226771135164552225732927447647569
741615931183718191848678966252421327365 6945623134239895219118
663446396978367247175323657551738317569 86576475816397145257392756175654157622234586693
2424893186381175184495224496329545333183235257948111544572115828889152474631524594498229571 2445169852582569961267699834818318753318743122492534422322991492589785972695897153292344277
5229466685243854143443334434697939872681851348489283587956863272677 181112981854455152554971961414137552419534916911725327772975779899457118
4175973751221981717563536558467658865983525332348143472418612338 64532229215376112553971714999193541663333
2261241471679945 95453922516849592512511397169841691511571883979638729934388442349
271132756913842198473382895232556829965634721263426715295265613223557727894237297 8782397666713886635182
7372622348431257594815316751354378963374443636256987484141441847721 1139988154756769629883248263761663587359259714334892398633762591998
91744491934911792261152293192871662766 2642949524845723651211368959763685677515439547981846119339179373319563261451659
9111685372976514411334377362958343524268798931777672691264413 74748952677642282498577947317873374928519617261428782132774277396828832874226995259648
9565841436918546698531796579714145137827624431694914834469175644937566174579593969675 264859218816925753445436556638383283393629128519853
93365623469824359899557421639614712865748486175413897795388864818779723723739533681718752828438 118496989915243982334199713387
394422866235932588421537331785943155857766349493967934884533595113341549561691614244658477634 941864938455661419811934718927534144278545173982481947661889762984212852788867618598181359775237745
574562596763763747883697264797553425814932313636972132613336319863558 51877965998686976591282371787986593
7796731 8121655162823717346128853395768523384257789961336325662469971323775243257696246
83225522598663453157182817233978791332 53763524719923434521923486255439887783347633663827471966332557163342633122923884559984763555173
1384924294744346711943416988186932 853195966
79691917543481377252966 5922174815817629
5419189919382769541791184331321445425168991824319361319834229883792231 6548593425634835935463279732
76279623627199358356157581695292461148646294631887971929488173552264815255159216343 58797659571412993893774741414475242299569596753274297478558258474566289442377238993564
156491341933327 17932948222621739246568559196236231378516391127519741837185296726574
69978891483567169 84
63255656916752954385759153676957665274762986738178562679272445285 72196149637448377516298842565397788864248424167826752661822277
685549476 32229889764531114753442669575623
31164278868 6715537867295128875862384558386475324862838949986755813237
351783396142317181577536158651785735824551196545855927582672863451121255824111219196 446888568236494481
331335537 49744795673884848124653335547213234558653888813111648911472948816256
92834713734971913399597692295547526897171535286515131 66695157575814152514912824719742698191751728148388443177335143691
1957935651687132551574284561312894594556284872467671317392148654562953511118535836761852 968836683821917145198718455744282527729774848185896
56929829972993281749816 39838171165594299474289463313511468318657623295981656288826128241612927978
1589767141521125381292763984293949116783633191899743636627397145124212666761665 3236283288979619324284837687221639181269143941934253891163
5621482159999485824188414173583422336929824546677974646979735855633893185956956531465931893 488515526214436586695127423159162463516282758783916396766416
41592838295773928622548268964168165679297725 24164594753859924354177554165258576342976576379549516925476149325382664313998463552631625689
986898471514948825355915754233427646194981961726991727741736868155833659948741397919835416443189 24148256389579783928986988113277225197171512165584538214912599
853636388591195211384936443632154398245195871955122776919661944 866527453724367761833758667391367161973594437143138657488569636834362742326837767986496746
164888117175416489176247188525563293 8712572937485659377858912369219445299822556195923833564687256927357425121767926842297
7343854275286561992563676979662 8414513165126274235916471939451218773418887824
797325414472551923417791567118936381981481162286685293694114141 167255325314818751175915425877552248
4756 873617414342195231947542958611475166739911495533713714681484759962877382977891333
167171829818978627398841688 18921212216464339341767983731
158591696 4332857251191811973111563526542775538995514547186271932287372398877
8849366128752429798822561977866958961624442598917646228358283495235432892742926236643913732 3892812175355118965699379286285513818891424996372272657
64782966474434933126775658943839636853848215512784819717692131978659418459792515853 225624679
463992612937827135357965812739658118246947665297275 18797142175845796932933171249759
341798476 4366522133778911373977247623172124649416451697695227718795457188267897163117386965243652377
24754256383428 54772562234724887639
36872951849398222331849477523742954 89769265917199
69254121389798525417335928267849191425154473578878235249934575465548187639753829 44493258594634268419258931915635825331598838488951468154831398736324735676382283783162887152487
661356126 1947359295834361381499985212283315726742625165935256113566155733774249295669558
4912219694314375252231177681685239399663845117247315373992838934311372384552552194859934863485297277 489772159411434981887329423
93117 3458892964819998914359753314525151523387567227636637472829517571945452677378284768818484513643645973
1282347935678285443852882699171217657575764742846664679472247417523515579362727688883 244555
8539685142568634655922984 233724751666361695736183319214391958355889929926537384966676746281324896472335989743178191658334
4751366717838317757566986539613543451886647276278642292836552616 3197917973577
74499267983914763749287 275
27764811876745778442854168918415565914948345878494648261976291148253862248236599784893886674 8166794339454122221418493838
87926775112769871146844378778245787639317849859427897 816752817832446886529386639946428611142119481354671898463363569823633723785342486479654121856
152493214146783582689719599951491699544938139546255928227121127545612786661675678965485 54194546786666261933267745487782825186711193619718462777124679142155558863594561674489598198
426829934192117975687224599581625751997412393287536268535 263392441143216721374445645913692486617721833534318668897441134982965316489637597776293
25289457277845662454 51
46788763924765285797584286181178411312588251311487753821529367241649524 59874346512265916476431392587536272563381631562294241494571218213367226232966335856319936
4514498935635672718594632695732983526493971639523692554938943845579717254898467489543938474391 519525734921417432865179331646739467861718773335285119458235476171528479631718522322436368249779563
764939812216985314114924982243164777485222511251927849667836534773651463997 13719711455695345786343855617186713344695471714328174711659
318251784265687555185531139378142743834868 43397984247824352935637788524642457288
3418934446511824582472745936484856831641189798951266988323233579875199 98747853351
171179536395519418529191992293647351517582851745987725897433578611417698379458514958496 896468623333574
296264521769135291983353147473776476136262654411658467 223814684677328749773633247656217741882775978956181317841314847494765499235581277471242885
27335648211549196612726248235387377446398 76381497716
638759349625222895233872869466515496171658261267612174133833432186362133548333532868896855184 77246722915243989665367825331741575365687447536256614
73719982542171826142 74754577279958854628123178764446317573528678595555733535397922592188567137567184986626692
5985619417239614975773975366939431593654749642474347 22544425799
6979462821766853249256774884418656191441727964771 7648416546663823597925265255718925
7959434453322159287638938293998568166154 8922766154322323681688468754191433955592624
2846724731236292342955563289127133473591875354375799266954634642762796375 5772983864561145515758264625345598169523987392563535998377377388992414586
4194599196442933227488525153516464188962933177251898837444312568238 151114644342456984
86663961341626624354446483626277319196252164953932159726243138898293496485439241 917461383326719645113242755943192335475946789858225666214894239745713514478856815732532
16947984494121652751713295117646763429762 34472697276628873981784472366577498361313756
5738552 1612484552996756143149762513577869765148369411423313244342793566191573
84551157696513326912433515217623554298116742 9244858235647884269478895773122225955559256212656945489637994681
1154625797693991216675644132385858729962864271 871947722837236815947421436184263148635
67632653487216519924 62657592178174572541723178742285381555796874476923754215961559438887737311195131548317642
36392449261 71352254784319484334892685896257538649846357332362521395376359816
43692625837983298225492392646288473334931949225139 6416531728246255769469373878144111759888774666588356445546373397131141583787
341725752 949828628595474479144626579239787568323315773738896833653956
95884382282559728795352124265465898893485346814638658982682665764765143813242469871725664962481 69575863365667571235252664
65531125752738621 8815428694957486596653638413831923261423267591569187524479794169559725187671733
63242663248796342221144993215513169514972322226241265 6898818141496577248212541
67439429112821175148842495158216785545653257446 6346298362275334211272281541456554293413913368418246761958368425314994177777716696639429
699561339399781265772815565298557647434327598796915487112478587656248 76156645371532286676274623893662989828575111259141462661235189548759756543563
8336993928371557654728 31784551866593972815513449664192493527518746929368774135749279929418
41284955489754848759373253354257375785183185158282132974333227387 22282472943324995297499531125464656634317997798284991241218967572531869538671354185948
78411277395618611198215549891882813962344514586266428598684477838 795131691283631815592958466358618524485516199423395574195954826693226575594789411554131264617174491
6547883953612783184425445612369 28564284189129141745995151495961574668157549386465281285588596831719669579954194295
8962 912636534829129751589288738917625967936129884992538
362428274422552934341727826516837 91441329392181623719319321978612881187674249687393388322432743177219934292237196587168635667694174
9374591694542817717738133347254 489874981595642791629299716473286511741911537975474561521816937149659796516
43916611471651767972647 89875623345562
554125 719733213516671221167763816826226253
8461825855416 2162641929726354329296975547596179131537269699386298
218943525845531475218354436 5916766384736398294716
5238129896294463549511626133845579296869614483117397174149891424631518229 1328452228954157163895316222
71697287462569842519372972514389447871413861 654417185991
6472934732366831733998735711716172747343195164688195459567 28436624365794698937319124188625358654129218696268618637115312257113395258322328632318726953941
5 15594458468481475868872676195271292145686544226614789
1334823852186488259588328644849798735469958871543835156 5257539883685753321188235956478339847644467311
48266534524411222341542549921473146686647171 1816579721713419964324256143696359262844514329537817868133
543661888931584469148635298932525931136744683953252567186246859732448 95656977852435467124252525
6194233426844639318393735793558919186952316821859657422225628 8517378767786131922517215288679116749113954371939132426387538248
692452259884 3
73485574211484681639 7154613721171
9511996739975553677549962892845 8856625974113564444
942142334965666863954956465833726563774629615685871225977212271422865341122435322 4281743259234146948935825975686224147848923522842643925376653689
6726516748936957179672131925548699882396168624189957117312342186298818559781845 75925862916
4167231375468826631681491666993913798488896587621478 9727227416874741917756466268499117782736866752374326242422
6736972972369638188578823816734284852643441545928982364757359542826963273888658 592136481575925772279857895535194671287822778647663188615144212176517859633176545167677359813962
3559251531387353221242268222 256479558793799596136943183555321292557
6464223737558117998969985944144719956575562165196777597135331449218825867241573219495814127433226 77476594587847712159593721424791342335363178366426929659114686588487777839794362911551978253217738
28367656483831765234363855275469559738229995 217516313317352449139252397963175219873452548999
3291341929558376814127852691659999897634239939677367688238584394753751542256535381718 434814654298464753343966619775814577875567873
455761724359447547547989185833169885218859868558277346723161128478776918314 762161691274862488712336688
741726479499558141971517239574857138969256196879333372851888781532562517226 18281244648971229332482412598789789865816148948783533677655528428217463575311617614492581695397
6927226426141365125548766925225853951283646468361125969856476184 34774131439357472545366372167145639723965949794
1211943292513265189599 6845953369689934339973279598833429891688292728149884217547691732562772926321243
4318867678264673596427547985212874345398327885496351969521911584667894621913251611225729786 355129483896233888225494649127449517999853692445858
7761687732167449195988986644916462339512892134768349899356438217 15167212934571778
855497321473432535467976957733654444236623593852734174493857472811625654385945128 574955
3676918663766167819711899856684841628633855923131648585664232482825396144168124275239279454413998295 73634365683412769559578585654454185
528956962745164629494641926615 11652841731734147823789564782882834386183148193
3841616949462385551895615462161462158799688242298329812329723 423779496919442354489281393118779743213987977
2766463532447893218489529117677818385971653411734354587296486483291137828157465943665692939467162 735273985382796217447644654629821322577194246697985347317992961712987354
123923259448716656 7875
553755854725122456562283867426729875298893779537541769171491354896516692548 58972193727169982597491742391875418684297951877313651624476295874422397534429133622
8545 567873778
489357223829496746666791537629422587444871748486762112455649694365189832159753575186799665412979626 555714111889847159867559749
74926645312996344264878622862722134631338381974738346 245391481294427976895329788677656
7896671131668934286812322243979756747195645129144719328521621641591295853225288668127837232547979812 3185416165353599891741992159877579549815554497711745199231578
85195928619419168162827648487124375727116789412747669647788386842623 9744153183132982726847859521824986917917883931648521196678792466887954832
1329374275791947924543784367224978848146447926645356176972 634235113675132539774652871893246522435598774826383387447541387618
