108
334615775627954562742415927755867887735637155388175243173478815 662399994626597845468341222942351957327735911285173458193892388684335149
54512779379632832242175525396975982229316135955338238497191746877995225554624166159149297769683155 3847863876
6518195354584666241737371499887459 838582366759729245992221459272369644675996324958935225764418353462787329
4346461575339317878362984547342129296933841921189879 1163166652144463568346792843644373653142985278155354413541958132
75977653798528568512979368847925625941926245574658 69444217594283784661398124795775857236617193797779418278135615815989684125
449454949143615743996527221522223647259144773997731837642717148999231771593524189646668825 3333368739649983334411198451221682555517627437112467143513858621898
636235458353226218736119135614238755814128357969174497885586 94448689156682364964212946237928387491545331951221544887916566366797897534
33291462552612983 3148951533932867546234371111329197353728355
711521943373427284933579 85571521233844422878773
3233733163538348186958457585736481889553426652829698 524663655333635837439645425495371733864778451436999129136115565688284223969868375474623413576358477
8313114422544717457968741171612751541689554485395 13895
436457678789954349853329453875389796994525512772365552 19835485428289415879987976
2771776547454197672762633561943219474376 669988482
3354791528324531475428978834388339 122311554867483291532461323773136533549153632179531578571132
2519867816491 61251937161932268938
675166641158519359628784795185783175169255352788963174315346 61999836674871977293229373415318
4871 42142765455273917934946915275145794437626587163562916983256626
266282912765633478846665849822755656788966832687786995689295819936939353519636971395839693111269 37723651947965116674467551341914691255932212449841415377386284163376567412732654
336986734187537431924124161269211777687688353749578357181224438 12
32231978598431527372657884827324521272521983597477482683945615944992192974 5531465683751999814695577869394762227923196788783262536253678738186383596485114924216
1594819867813332768637542649 525338339554228791172564837144921123436
98618 181413663356655337412755117881136342131195488383979856991713597524933322113317694481234824512599
1476215911717975 16718776168494739149242778
9615882782953394376929497333145816316197623471637 2751566695574479851669227877849577182561491
932894666526882512655512161123249259538639896867262521141568137784 52754175573157662
452457731887436616134626635877777298652659359364616 695316462983986139
672391716328935575153831869169536788646616811126565822362553964965593575471986335665487582 32557873839874778266485257136724852324344778585137992957217863739556397138217588957
33824785841417282383767124368422415912923788117536189168677323212369738 915487857496515123945713719922191232444
8449297554725678457767981874394388755652248486964367829853858442527853185331565 262149
2464147127879915653854734335854486566521557 838585878916275264671769534513
795435755928592264421493269828682936587673357972516939921411428743763637913387542253562792 39831
3148642 255536862823752821491498543264519984659593661464825
88976468465647693418377146818173959567258396525231 84356862333765422332654127699343256177546266997984
66462963446552281374959942872428582425428245294 16664639453827893839575617664625794744944353453362832875926
2 6167768212186341216445578712711929449
25897535968731821676692756353241355622151253683516616617287565248442277 981954838418735541354779392791747492247116762552672151136878282867735824626377576895432831573153
7896251665819355387389999687123941155631276743847137819883498389993599185176772626 46847482676735918714754829729642
5961137767782981165117115439724421461979659558469753182952391254929521836371557355372596731198476 8748764681587879845736357574149223592
84294816353364231756214582449745246753768845266212712735887739685834898 6638537973883899389484149342944523412951812951664339969145654799626218434675
6391876682757464773 6629187144858437564813766573632327241854883254386664644271515644649931451332429862873846113489527172
9711834169651412362147836554415861384794665154174664875884799194 192478569553567746726239431541668582185541525823496392143868474
924695634416332283598362687963511443746412172557784555186389488799397927747736372666497925639734 547185941558344
68743752183775647169721612754 6145395455387554159258933623995942346471256452674915933472169925549137445795
123572264969876929693551291382618263697687817694827686739436155266656517646366339568858893 3925479136161617661188931373386779963193838986882657279631695263973312255491585537399364
3974175627993627144872552 895778598432873771463955217837
48444684436994242651887681557762129817965339681591469832993635667321668792825128593643 9291
8375243638356479128172843798423348269177511685214844529417632413399898632923137697 49741239261361498274751731845976591351184815517724527848257194922714838565527671873399886471595
4271457831 648686795527541846873969988612531236284
5775614462461414424147644657916 7331366429382338
2324816916225221562142899 816223257253281717568656579896522112779361
35 77193852974463861486638435
8985418529383113199468673 75784828233832621471314524356576438361828548671173133627696348
86921944165372235241941948237335111647441427548215 57651373281
273138588924772355231475843578195525845716627348471636653762373946754639561 3246439725351747411
9761589765499422831185742775665911863932976876569 3498558249693737795181633638998619583428356636
812973984829 892512633741578221627576273493647381137147
99435511199674327357 464123583143895938896542746596656791492882239418727224423338271647448422272
189642 865251558426825
786732796544814949825865546851719312592465621863939465757427367297111895442116268432715 3197861518699732688778327735478444175284462723421129579776157147953439693539946616997885273955439643
52498129781439122143597562462263191976292999356888771117596752187313745534535711769878981878 5922842658831635736253673497278652179232
72688761597827933537972389 41283366854536679788265525615272951867344157871163733183
183452829 66739655322498986159168118571281551846415191674311155448274859279571
9619289616355534544 1171575962671681765145391424347941347756369882587
41466746693653815395599718118793551241939234845159335654439391476845535418554753931762 5565573
9871363618312829626124655722787958761423248647946357975469589679 28819393157513354179932897878923839989219213178294778521681756223465767862736177812111795117314978
3398915279688875633591 6841296494166982394766567583422778971143658328473224479699734135328714271848164947
515797512167968558994293156635895876289975617585 43945651631782735273493
4548443221294988344375116458536192822121322893223599996591294862999276398411922816939897797 42656269311429173672467791764141571824244434924763
59932365959649 3389643954215677525482157988112787182189193347457526746552349321127
7429572 3524833331299937536451276948937776929582249318162342881676639978941584227456848778961877832745227
62657825472651 93
1617899113419589124444367693338119521874375867122163859853962517 35515836219222911588441
2573423364375744662288481138516919428 3853513182586891297538957564355882122982313241332919832286636585184332
72136215959272639986152398242325656822711257 633522337367323613493976661859229527268997968149332541778
8231228889 26465744514223348189544246226969544639328152
36759512725184424953314228324299262682887116619154175373411 4665
196782482445773163744 483227863145631816647523958615651319788878256476263625122372433642786838439482416868554
1161637616295431529796298474533382191748515487156486179214649232171234661567 34995944291
758654538725414225428356136414141195626495132692261736565687972143912455195823229373652111997817 466832896961768943836671548364777278445284121394133232865692699452888578479784567369
6364771424199696181673879959893 558381642316977333422152447794932654961213199613683543584566599453631849493327413319839124984417353
13683254765926862823553 177192723974714945641178983614898745512479595295438841724692854165351929463
3754679572584251674489651667177279747681111419693783 833843168623947839258717292448671
4753143248562749618817898671515573567286138291 24111545375
25435414685742168759199741754341967759656133325 64328652653975887393887561173816662664542682159659236147594931959669129963927633399894767
569247249857815999591457393854727448893363738394 7222641473
788468811195455413169895967257539915371819242961 991268231453123918691611548652467271144193397252286472238839338254992442521589972365483579456387
9519 2834777577549498572131366184
11226919144479238497445411779561176652339673481631192423258544252963757412877717437932 53365256815865734839433751934176397571924699512181327216844394849534929
1366252413688274437723556543789297925771377512448518183224914615662892752562551 764498138442457865233436862762991
14235324511828527363291 551481418758252276427512
6261331 65936962851482347819783864661943863921474347968346194258525288771719974
79776721535434233572682171 815278379545794539585537264895622734388465747
8319458397975944377124179413667556 22488479
151623794776298321163988225 9945918948686255682445614468129931394392
7489839869497524954425914513844536656879688513635992653775447273443941 2466798387811946732242279345397726226458584678575275732414355588289635784161957644137776277239192179
1611522388258296514611696386812668554493735595761858314991531531653461393734389541763644612334484471 2361273858718642182733371271661979464958859753947837512199213443837
435651255359335331954792935895543971639324471896 24414959898155177445726845871779913236662417335775438321444765297723922574417494115712437563959431
9469237958774412573949564487981264333971782315299548454249974641645496126745384193213222454636 82951877973624631631819867272818441236734391246439538553
3311357118971451646388114989371327452671256695389314 16444285626142466947125825325459
31265992166754893229181279572738 679383357893257636867398494426495361
634351653242873374645692222636521427367736897438717742371121334675457875668851272714 73165248327525282368584549816816118
46949176364976741611611334398 537851876445979574693418573859814392567563581998821744485835884242284599134121476762997285377292199
394912917531178569759886313973 78823388872119555722784549383252815672445135738899962318619244661736725
628432188774412673612294537239552492325984973185659332429849589 937568922746832946258621576972579582114344694478582786735
428175996988816124744899411266961316516649825457335575119113253681754669654389993886632619286 1543595171354214317235359379574899972
37987451867352356117578927159839149728988115779199964654571732465 453832912973359886456264447267192459383656996866593258
942796482881572467585854574646771244722775594281855321374934576869123993299686187597 387943959764833884173497395349169924923658933963918233
7816424254561327965953753145611263819428987218646353621442516235935432822441472591964576 8265474685247478175884279841752574835884833519
