317
85628486973134172835193574423869139522827875275659936836864737515881629982737 767593977832399628666823252451156834759294896368927181
854535979184363764485178626511352335268416195853139215215186417653 763744538121462159556242873858522816363117578741984471
641374516295 419723279788868157869749344722268296214
4844235883236319936268833654981634731114743323433153721582611615169 93739385669644151172685443428831417518386422185193351616185723391735724
647726435469737527228781883716117187 34841965832
21415 93256687174114778453293339743247489971241841265438812976487974525797372389142415741989349883164739
8839557797815656564134758566873181721769761379952295313821967762322 65
1961637554974637661114939 22714346745794792818915377692221936921918562778297999934988775278252648822961765391
359315756138753138538897493 32167357313524775675492799951388837163563217738458
86357942693 9887228648793
59437619839182724895319586944386978825574254483658792415524427665317311524923591289713 5269883586833856435839787
21612293891397557775247882769356539645398474161451867 8947967645746218753792424359676377617461547133897329825642821774374752581
117561763293877573 1368628287678658839446193644612969913248949796813543153132652581198
8541554628736259828581739286592636352877952149463217386681 34338823369335997572682818294681748874436632114591567796397685512
385972152784567846879472 68357891149756466882418988796627837824386527149375549455754396236
6958413286935 21237996
284878993618283921989873724555494469983493861277957826943162847787477241853935931511771949819 9997622455988646999818272234625765571491972494343556341468443628344
8514585494499477517721166899348711664949516 48931412977864347526315558349164148416547177717781522639223935154382527
54157697946861717416939859541953432957247368956833849462691397254846148841915111212436842469 799174334797958799186271617619239887125111575622265393111453582146176933488798156735
3 18881244556735
72951749488 67834745693839952585696
83521536596998387 3567555944165521261629944262925432198859528
378985936247441734295 6557423582488315872852542
29564462336448 8764774424939353659191987
2156784426218161644426225172248832262365262657812787342868293144446631484919358397942129271283593 9661448814618619735541132655211973628947779978748579518452216193634269125589459593313223
528939487414624877387953162414337212511281925524132758 34623343971179157733738587468467583598236176125569958
792376133686552377374921958346429584888876322496612554216915935245267991688594346796243713321799 9322376526113897772159765591284312928528597476283319159664672698268339738198554824174298
51646543927158268957273137286162114974857665314315283447144559393138 97592642431486351986923451574831194756439162923344582461365782194463453487
81379828614514887511738849584795367842891393832335744649173932721587765169947676 99485447324641483975651672232522286725437837529529662169196611331488891817825951298
2484525473574497635945841898779142868813272145944236468542553739457 44741935981215668645777587841397857
887611272989163678775155854333226668686731846862187838267777937875668363955 2539892716764921839855949271847688
614598276878116744949734561955544397924621563591679442 8236392787667318156498933451335294358627775629921276997796813782531916623897435626265186575651337
6935788782695724912135747968278342747472458659321422633873285273294333725166539154168721469696935421 81749887796977786324453
7172642813531318815137763682654154119288897956719396761453472446184581177611849 377738441
659795124598753864958187588966228127167982114 565857791451271428
34 5261517778999812788125137316
5315821636683972874598793993731785511839294911236498132523795381292159668684512326584934719584 919394959996493942441517428237176425177419843654422769234442912517548927363
42856664922626813772833532865113173449714724448133371843161662842248325 168262187973898772346259534684858328854968573453392847775992711685221661289948377396651769612215852
6856787121191627681723928834797941994192852173696 7285216154851636992132177986645294899
31882 9393867137562479979728
172417426227949259718934787253 29954144429982957181578799585728241152633187214234971622958929378246653331597429
472743353569755158949228322935924653918735583463 42178819576321778359919814567529195469374368391769285488816
6234881268149862255881919273114834652951778649244713961528551517 8474728278256167364435871183548431732753988555
1783129188465424742557915285943833225 83659261767817993489997112568444152288155814499268248625367649128223518383322416212724885797363331
244532231928485968162188748713262955224999112711458894791166993216421494969528658581257777162771 1915244252348513
9332359632678457533363973144284422 3174275634371712272764775295791519721455232234735155924855842432589347262828575478
21825665788621991373175882947534217323882458397628212812627546211372748438517336 4117532468687589356946964912319164628886912483819358334291834226915357211916618487249653236524
6729451614256174417496692911837559984154268428644875871342395165696446548665277826144618 653947495594369464328749954769266269368931
75122583237552637458524229935545813137688196121167285653 8153512551441998698518545647435197673222934863925815546236395876418914831945337
47852334712884429396199 5911262563629246898384185
41 617882579925378951
658934466743924368946486929332559862552 6659593543491757453843726122193711646
42661333239913892967237438929556144548413616339327472556267175123482456883247114181546694 27443963455139856618
832132452248486242497116998387717952231737116136475234825518166966847492 561478798325298382715
87742159348321152682889356633664996346259992628524812254344264155618284753315662538682 8363119451152876136949694654886182625871326389444
3628321474325347114826818928 75856943479719
1478194599924323648 7586656757953933683684698995385312948816116647732345998
4485255995645987557185539219195215838527483495547873537311466567451617254648164755475 363157883539879333897229588488419897267541816
84366411916938496328613667867124126394493 478358937474418572123886175758556179154183
288465558379692798714393461896711493447768455812115516126973798199454917785 9943876549541928243122663261175311354729267228553758152928592486268458648
6598423144373488962392923447387154879815778619247713621712633 86697479773674722
4883626614568927247 557465
3829455426242423874834719698951535 244685653736612437935428992529565886359535723358264364621
5764319772264465657658229878679821711653931536295397488 4327296335973285713912191772876556679161
26 798648765127515468824132732131151792128617845634662661347214379239995
26229 734
19671937636689692393864985677583152236238349442118577683 665
338843381562385755915572362243 28
1935768832262112957396862936514518937535738976 42633799
3414373316288167336 452867421237893331149932241887423234966786485945387979338659273
96577559151851659728621743164484942831922662768563489219998812479349259879197296 1828642197246944396285346218155376927194317435437283839992358795664279282192284873371784165899483
36662636158333429 55892739665645473215569911686121256496888764525223256581565994534792867789
967993283549645782488215537239127247536317221222953547183638 84727912557376374225518646518449459111339429513735418
529739943 791619425179587673643451
25974556868857331898973699416875457783637366424513296281244982781761563655757355762142646366 2573543174741118369
333535381512495339982943789379315241577228128 49453431759782
4234236498485293361277 68196287149531394543123265375362486778549828732721369156888272718
86683131142375281498488422468346 79387948997693926691588788397971332811218492465823196384597499875584161914686319
39546973168748943453147984724334711168739425557675 37218536641659839769975974257144639935529767748167983211219933635654466283916566
3458291 22612697656632539657681418485143325217923866875589712983733151912483616921114
169451999232865294182983967795969148939263439952753333541836333229 77798241184334715754837
24786981659516618755824263233 43738663524969114866426612585718786675544649279673494371616586129333823879892296845614824642
18348919939781462867366172673179824744731132855 82274534292158414922673544147511599329178411868123927923555217657762317557
795142725412531 1923968451545773
454649388236232573155579611962881552356127577328811861946217 375197286253421833791487224966127176657593394612377957481448617748152743314
8785766356146815963617415333355174726969187548325818798571161989177622529 2925834735868421245964771834434361755487397762417
85825792559839155522862894628481926847431136397219867 783399863691621418428373231441845924914293118
822945155294355277281191637441436775577391492949773177 48478742354959524353136618252599126453192636554243227144594983981768678743248152629365
1611774565395366761562375923719234248416741954741738211732 52127332654169621774594244747965857998698596339326
237378228725565579267133474299227511548547222617929824369463811664459176898674949473148475342269 314797532149488149998947796598398233412589642999317286251365124
36979958991667588394986444374112262386 192782729214449213627519387197361878838692331953336849197381568841614529225
848151884171851545317674747736134395419549 569139291663
2458437758342195382522464375564679419782797699719299172396483763821616177326474681984433672146 6838913221988981838726645481694922463755529692344843366723635144933584957
477163658813848695651472555682138832394813723522815267458852255641366844722384114891375 1564554828921845448468165743852193861675499111177354386481
646131238198844853726134197616295648895646446974976917 8757996186221896
359825191214874794319378196469231339242124716 38826378992166948918895794823445283544498112915
2964659335862214566617745545436339419196873224558385284328634616848185291581733644399885 386785298588221955994881
2235273713545527794973335824 1549216951154429841371382797268467476574787475652379154796819657896
31187628769271677362435396285293333629636763281151853411351161131863737738784313313 8685378187533964379644234745612883319567743898821122366
55612895512578 99488181746935824939941267136655675651713967429477481697823149
1756143437691443994629586478763423251357699513724 732585232175518572711624963153132994
76474375667165358757414871619955386363636451913139169436134 155975895227429
339835179434784326849562442615721 3356682435129763865891786728628759147642369785141497445193834827722271738182567399988
22525662472831133677441387871556715347191794797321378755 57619871887496398145665749128
129865485196572699389646654231197924748478 418886159589715447754
9724563357996294499558523427436187935422963745192281456754 62588267436375918347691173714584514435758116322733237214371792353912178283251714731479269229
85433174143134626821676891351841683716811394633631582619513171946641365374875546956117661 458569
698226923189713327565856989447864719932413649423146 77
815859744178729521127824676154485375271189277645649551994166944447669539335417919 5481922771715681728539388685396459531
3951167259436318139544569746399858577526443442765174924664934141852286198241418381117123475749 97497849813665245533188921242517913235693763593445691939237166144773179997814156
247882 982847155869651682393466631628142982865
427849216799381789432346342683472714511293267 8196422235774216655268565396177465192942161517776574436127479372123375355839241157725
8337732867799737182912 6895996588292934168925367474849916
926846537146615531524873335439 65568475129472787747294215918721798457988118331912777676677562244915692
8565438239269321823696 277185119533821646443652652642848583122754
45569628284697828537161982221178316 75484943281258285335621423
945917779133113786996875157289612926753761361172657167 571
57547 426645397781641554698815729411937663195819322166455265258929793891611267576528336976
6472 2578314325935615364718637929764331
27781424241365186593968127898868687157339711157485973916545 985643557894326688695637
7646544449826894966862384983961855323945416628747613435163391118363272167382424663599637 83857312953439721881147811747683
5786281373348739352386425912897165345859216138912198541292918947729 552825562129595962399411864624181472949318273447469975348871372729169894461929289549983488
7554775751765297468158297722551 768268448866764497597869122761327753273973331825528
62222219824434346989449325527 328774338832793173486472192351838972161338243386635169844
64261966426266366275411775187166281582618245174662911889794781381983 519481881667828748134
673789551298267251885861616865667457477778695277382357634 4634781646276592486582231979457835198216316624723569478931796231341239416526738
38425738455795955434721451421391162235331649988936596362248933 239352378684668124816485178393548813793918226193237127654397274778155436
344845866764992518427875123233171751272263347119347412452366867649261 77555518199619449928519441544224354999628217572949647261524774832831665576757613436
4764259883379518878497487473993728581984747623739476667361779143423343559514913911 414212375119917311797112284945228247484214875619775362865937771625695637461121317426773473
28742624593539484336217299948127218917593234214616988643168945413726487293659445449348668593661 578954278691198733223814877628881686895616751512598983499563176237828767976586
37871878742828544233248174114625 9976149143243428578559581689319613626829
9392727612856663834784363677118965496422445463292951528695629634222623444526 639115322945634689614586916873382614918871824955187892492172654928924824925329152436
576351252139181256681933194915181529234598841237549715 5352551551829243495913972516545874765415363239672617373971544729326893843255897447988821381
17782375913971112359891221493794891874839937618841429873541 62648254869944317873244723479598289999
81788655844228816581928597615286337157526844815988 467852961886
2918221968699665132469926498526 8365393172972743815288142881819722442223978197226495973997
29842277618645677414422246742444658432332769255218145532 5141644165538414239488811426458642893587919156463677389218894929515132258351388162792157745
75187546283711857866134 38613581268583677959
9878777585834878196684871675998835282 7493314
1354471628572248751813351392874861828766652121919258239678381531393189288117886386965566916 1553534694675457547924695434161282891889172
38499434564232875593665 28444728155884287388512575334389679758165879174674535983175592882586546
146975469143324957681112619968213265958439597997752563925187198412195481 42821591797235495376592283951543862919834431651818348873136517844222611769523888922847334
9428696376688366729663924171635216851 8254164595273747731
222974191936867393 38524169427125931151374899
37 62
11662672626615822267355812926 297386471759
55538697975463887142177266632673972485835373117451273214444368533 3413565888232611295136749811962669465223593913539632719511587948985274131396422
64759994757441711526558 239723519595186595111331351583768855732858941
36666435697385549278334629612173899672168953512783162 828352545164477448381648399324812382238581616539695134463777193922818292776987591186129962397
7567385394898646224755561929244674883476263237696341147585542572427312116456982126664736691353947451 549142712942267876952822
9 977916654227187533973366859572938331622277364338434888294886
52177754139492325171163796711317875825993626289436352166324297519798594384519131457336 1413985523314712281998727326662537649759259335754659334731358797924
6171622896 5146427497312326585145712373559344539689826558223148515695298185457
32392124482882928425129879472259246794623759189237415691724165533595898 649758994853838543237311999
9584736655373484431869922298919 762292238141374412191439719629582716475628451928
579165619239588398532798866223 2
97612337848639848123168451332997267998984895532299826295451294737825223464657376541656925975276 47599939949624818112543529712
11885623838597427652368515811148229142829268827223261553259468921429765655354583811 89338647776777462717116467198
653752386627222615775734959111272377844982265268335312653 654267476429355564922246763412579918742315355278735981821531751172125841763118672872
18342659596195323692719826634268466439494513247893882716566954773 23756899229892524913855326239339349775658458363123841683289328452952473213417423141756357894523964
476775834863846886938215819121591819465468153888318174927843141189583639137247697425375 148614
96969934928511416964126511753 24185162167241419796482296648548636813218594828854372753193169921259574162858838681728318839238
7197285423533459966658688858554147881283315296588318813498835436 872255988922239212171815892363357722745417655
76775461169366 4693785151958918372
57983678642468393548413363848461245356 61457689832224381584497429787194376753521853159391558328895776659
83531858964667848282768951234657726993135826545788984794762735281986722886846961481277991121 833
693324 618254428778434152341521885448813752589917263629274781776188585447
827343733955599834652112427938693888193261561973632574315695138149 329898622257832748242649263931555252652558914842569247867863321595658339118919688873665396385827
73514346215146539499537562496527195832447 3147628311467824783416419556
3111712152824669492763683 885232442696232146146117688896315447668497398627381345711833463388685846784134442934868
71141114926228281188878218144287573237542 6267199941766366478818253686746916172159268238253563582843219295176958199787833632274345876455679197
6998395981943831123673345419144361884358867 24194525225517774518682664729364632273157715131268426651694256375598852262358225273
4778247862 212857613731267146588572424524244815685417168
1738865826373 1728377192936483644618839184644558412742993672649765263
8943779566927979985453889285311178938752129919348314524889333235715864249 56659854939187261686682648735951745855742338454899221957
8894894978186618784612973 86145
4353949836178 38632961399441175321697
139959152264287151914472543692354281332864895785573726221395534551922996678152544647 69277864
6123173645539198379818788975618985175193577557159222688671851877635882513753452872 35752947585698524112727968186735464741678473412641481229946641927267112376313723741
76155579634399845146198518755739151473884641282283618343938741733272375315495 52476571145373651522
28151589792728868683284882753533531728283338539865425399174393598 76672478713975253
6566995175469872771369713468567796773355253548861141521396824746863888555842171445226 392486489788973336819341732195657813796751184959774677623
987443497825353789647522553124214 47346917869637284447587892439175
1626544996685271675911 798743274435963498754197661464634664264919596147829727523561598659446378976
1174614884668471612525647816994616434726741958693368174432238621197113664986333595 2247687326617361359442436144876323941974444
51756139763179971238853697615281634625443215972352158872774176432845525128 5183235925185588
12659483267291368 251
82536339773982 919762497532396826852167468912521569193984534791416
597815898481123933564522311448586551 5634849452
8725948158569878442935818245289121619769813674219 2697717949534369148647449373359737142342869414367766372912769748751141871
1581648125627398352769863272737946871734953681247364196747595541379886712 26535977713664122736
721635288644669911662321673841415832484332682857522455455259198869978418717681993976 328445122212648513
6257831497 52179428589648959316197492326972885756194719593125948
27564324171125457554445327 7757114392947351746169624138282847238215832239239699536638659339
6276153566843291 21917195358574466713572288969173834549427
27852389289737748 9247136225123316965395254842366486
69253895513832947644431529492951341212236875111212843491782857898298 83152446122919456543176
17835928663 6624443285873431541229993379438246833452764614212457558579323492454643
445263644145368998268692518887898182989889162684331896 57295653859727739754172334585112
6875269584745371328143842757234652277112959877617115125861797972449544578716899891439354921781914316 711436498683784986131229272964951742297661844964625867415665376147248171589231646349616389927
73928291736747958398783521898191961641444553512996386158583538763122411959393414 3175582939378771894959224679775516793854314454512268278966761561985594466563342
376626888844823924859763788137128679292682 5681599583287232924749377
115964455896422141616265381586172495491638993627945225898466568723423 75448994359819361654712322773682553425
776727253345655883287159399818269654783853465336281416643296988166457694444489579 85699872
2862446172936792299933211218741759382129572821823912682581113356322361522238639192 9219839915726137762487569326398
8254578635967835388198439872373223648545253736355748337 9819489362797
674372458911725934638524698155738996512879579795839288958187583985373548493363386548533777898 329653156115631
3529462272311376135339 94594973368264579649127291626495248973113966476225852987268785918149237523629613462859176923493565
993814999634624841246139938882176297611991569111 93526517659691169354862729551845692721665445894176932427154649191484855283696754
7516182772212257914189642389244367682167629223992525395 639851564212731194641559161673393393719528894573323723796912
37199772737911584755482662557955992976389587638562113 7458782719777
1698968133848891694423954636873418724872717148272857694266991941268677114159953241729114233995 84264498
24176137935551317933511861818694759991371366821692426481799665344563429674345 51478219
4647261535679841491249677735194771869647982 977847611532725651732895
888711172767193393984297733412174219124449877862659 836842597197794447432717362797959878959222283562177233135665
2787683411464932241885717427614994617256629258469785595192849633125967213155937658 62538328663272634533749855764828757483338566568253545245489231853644684613129458345432
735854 422588322723667427231263257682122251196413167372318139546177411776698434597569984122924547956
45274356192686665237529841713619736914741514486641927514597777311612 533323824793388729599178247962288225497163615489746451721149113265693389253546125973954525253
176888292293264164494328474895868646799897294547918365494239499813283315138824481841344793875 224583875776737598971636182781726188964488177993244116
99692972847161347549673488347256194874744231738127479529117665436414343448787158293835 815483864292137
12553383186841238539463936362347164755291556484439255276241116269541424672667621891938488193 784278543773322538855681543942845624244944762793391188637499219858258176126668668131329218851947
9743731396986356737852761358823981 4939158287372129
3587847263686983141874297976524487422293314669886672486613363237 4745697118717762694866141555267951465318643885875477564512874387693139356223177692955169251893
599189128776484394387367667 873971138857615266814253695329439253876324633898893652189
5762516441232876735469888524734933366392177752596 7131918
97188852254231729425747648248124692225143268432631161653839789784316854487 1573246546678
132989176944286749831482256487745967484275565298449737519382162771358116355 8137115973863563474738151946596838981879948336571916333689182835292868779668279653914665825857
38698826 5428594367666998494325286779258
2758881 4431519665427375533216796367237458252959113782573279999397164864159133972275327125672163888
6379655755252967572986911853693426249662365799863217329935564992263 489631165922224883447282513661568875762452654129788488671393449423344167
43986564932412376149654331231371772871238358299841847488472 3533155255387376587975129566613
9537333562494429311782311396833388144894791579418481242749381586279317686265382843584891567 2773425475568725944725247374192885776467
46784852833685343697654713463987933789145234257179194879471447531313988252229147489771932367966925 35361386797633651129182245726296193125556334518917
337257739994174873648987373783983144175574514797193647598996394445251433119285757523 94215157562616359545783
7832176977334774265593352957581565842753839352245791993693449688229911831916151 66625867865362716469497871932656151713444288478558912357843127444837777642918414158629968673469882
992121629618463213619279122325641875664453878534522599931387464113969433967952835292615 444269
4617695689391864759413622455486 255541352984787273768337463972865978754815152165973774665412778784511299127567999
376687369189549294539176622668554784825772783766872 15181737224553962718
975793226341485991 2886635431782925993613627116545457875868969781394713622248355496387421865457142664286812978994414991
41133835651658842244329455829857281873942491144355559 2157383927569385919779394557345361516292856344646195313223777243791226263729759458
66922149756221713912146542413623976688229437372281592729447526998526 44829814944584754837677564948571565161645385616537858129
6772188429585731588954463324499411248871387673124312776773152984814 47571598664458618533856762
243447828555135528152997534228283372 279623869895676674912956792283
868271851391821447149875635459591164953237852411647971246823638687742164331851 428338513766846243498336826852288476
94 912763354377187262234643126813846362638
32734492984977732154582683874439219377674 24262356254826895647855355211739353651938779584443573773722672751833962825
24775324496775653176682759961476 8258931316529326271241142598784589671346664622866142662997716
2192184456 612219866324822469218959666516439469196244865177678887488553268643559212
6858263459343417769939465953795297549876394189237988183726198227184529111 733232428
8232972859495365165712796263828751186527796411997168163289644979997754591661264964854956458891928314 47114359647115229459787218512965
611711633811898921789152912831753182442276755381986 997949577447641312949161726561925585964546831176719617
587256445894472383871774312847324772931119566215886374711728159129915452238444631159429289569238 129115872195587958166744127263639666892476937968566539167675683148451812448827199977974759
6294257683949319395463519924127349331354281244 456126449435299952854457116743652228651664386855192135124189671834791859567379252838677943
386529873939128158261776176445271417178956182195631769 18431987486611932675621773824427827834465924
66995224712 97392624255576719167177934955332543926858347538359437914199642414132267
26185287992747788993394438571235 24642848467184636985162579744933995564283611931633324815146119849263382783638551231584579223296
897718964383853314387225834847596252729551559443 4243513279435983694555632629336767568679645324786554533598149114879119799357
8362891921937916516398953282791852689684167913233936513325699989212179916934491415241452244837612 38771499981437358238989657817632892558554128357249811959364374927724728695941752929977
6328976986462284144596524641854798121437715311655379678983719211453493388154 49952972567962
2569813463853897158312749892233645498862412287698654588241925614889913355341479478836374165465 656446658393548617598274952357471548936987287591519845217829939452295292
6988585979378996478477687538856961395451 71615212885771597684736177775142334531327623789385191639579492881352735684842773176388789
523467 784218678475489674575565169799984188375771454394389835
246965241866181959513974494488522568219411269837541387431698934 3177298731
2959 884925251864183743162543279773928691789579772966879837
4252545655631942119641663712956144188415758594677723622939536464877268576 429129672212812819438958764134767972256597772347782812356446368923795937159884
17712274176154 77177464913468548322519858356638792511412979469523328472846396438998498857681
94442442584271777611146433251627928 418398889276217967986227445431772684133592449722525
82 55745122431431219117485994563737333391692671836624
62771443769175592421331978475614329918716 58798236664141845771878886425513449861281942
191858896522873153615498864824278395531318943339214675687325141459423978636477782562899894126 33528384899118969979356457442591833112564969347466681734191322487985716363223877721
33437388438672217957495467391766194765359 17681531333888934685298781475418989348398659992252461976379142121957652457248
98411877924221265749662846 49559388459314662445
776415945228138596612681496552247462551784589811711 5251464435368
386597239272584516891975815378123778335525129955119193414655522628144213572464525329496535147795355 784141711661593961965297571765196495367
858978785655946169428896771276246165169684955533131566355765834771379987195328982627 1432532326353858965292881651653588916357747856132241469745519325312622983994
85151795923292365598838762926395263 979698142914131561326912276947564526815422
623264243668872749285952125224674471633562886324849588216575389717518727864 4264452769
883763826393563648312379185222361535868 2325547493388482695214434786426195
8643297364893463384631442185616424734469451521 3383971415949654284312947883938494414
2482315672533827192156189215647193182239957236382837882172262176371897366934612 8936349739591324435652427238398743526311212322326459782351871287568894674859866835
7277416398515154746672837671154119359134895983417299153499224928112 4745246991257944916475722721
5568335555296 366264929969834466488
9859417828947284886333436789671527593629627822263863758486752318633935521798976 778851697176196725442878751335557962976132774434637359175437654388279868714542757315482121928385364
5265463441456282549568812 978792784867987949967858746268861843977199258713931541981754433871196188574449939579
3522 4699774648237716967854566437
47134275723 718842
338277739413631 45462376143241845
7394422495855964355769955629121 478736952296732596927266699636439439987896384334918625929569662496475667737
746333731341457 55258424137599289636992346986457688927399952629831359885462491
23648427291 1122537814879864665167469699953257281622936359587653738369276872793884392518
6511113265633348531795952166444863279564227365796864273977375583836982763737 1944325387351744919941289446188837871248935277336168
39387124149681984 424666242696717591799262263476255
69744256528721656678942259981954831612766538422863919599511378244198223293177148115625639464 12771123945543267489386166581377541619959189213886156239512275117189112285641
3518438669224619511654695243741863 53888862458626936719648753
7884195328158171962187113414698855964911947466725143994374721188364935931562617193511 26372453187138515138235126376936594697
6836753781998314718377322941 55778789633553762337272794375
429423542785468292755435152488377924913381642639383993562673132 4595368924912152662659642433269762855165742441466595769876742158
9473647756914251785962915996151697576361749249388684555992639852134 27423642864915145342842489354178588567585152525256134693654254269491738118924379857
4679986777787558523874922763341942143376841275673863395184381668984473369793394868 312885393384578315924668289138817384254129551829129272554116439813564496381572591
9581529988253172665941 71746589642282257945591879631475813623576525465884779494193873145
5274463963281677267463155157359783828397969254619995351985365589863782293321642161 6754946955
926127438929659969232889517229573112385963821448632149578 8633346521938351596454278585988754792929656456494248595921889141874722813954982747266283644574883
275556351337577284697782838138671953913311172434243 261235578141372414569831664266
2516411157855132225533914579 92951858599899864764738631137175336314156284951929156528328291122389162923
984982 1999166712948376746432238845738937949967256222258264
7798357782245885963656878386787157443822436369 558292466345548711493348711884618
848629193291525336485669971712235824988 896646361632972967813446859763849264852279142895679493434925299289851113439785656614
42971255425296519733273 71491387289774146771273185613884413899436148929359
21688847888397 653593211441248972381
56547963799585997513429297155413217212169973742937793574337219382839579676488844675511644 23869856352917545799744971788481442588276149418265486412187886
856976779973 1298148939138428598634155247866938526682495622642555127185427781833997112979991951453532674736
595626729917225696144314878673885151147354894139755663655127689 796264489614613748365
2725323151441644554612341162136659446346686919973586978542689733814687522 7814781162145662629598
27713411929538593721978242533827695973542689676 289687697599487547676673861977662883342526555393919429673184955141797886898464557737311593977618656
179676324241599587321386318377451848736147822355184964777765447671112275429962783 114526882557365986757287318179738524
6881944 3639252217824969963368964931151132312231792499328275664
4935179942231614544867528457341623933998835492659485229861416 117761
