978
92895637553114277 2111347683469555672861777219447179831311579182657756665287651356299631371877327121548578483
9278368114825661727161879719977655894625233593938 69944597743372334516313458138884267
72128585765838627465999951797474794855464491875842972651921118679627435747452484731847 7583
5955363834324716734156682527995194 965115913723223623625649634764461134632973
54597836797618866873597779363 744938912666178176847763791944
989841156212249692448335785263994576394728588743573776646741154165558713859219215412594745394794988 6259917711429157874144655569
48988718531565693234861 82864818897586623635
11738168687775752529733342976584634167862438 85754931937125727832779719321999523453728359884152876323793562934486154248134614931257671125222367
887782231635799293354417 867197823495188687991677469334652
52185526812246488399777888428172533543764218222144298342 46948125762757538527759887533118553865695267995326417311443298456476974117399169
41486331554 1988481486759182489611584145869
539667399971399474275123833971963666257 482186462643723735416879826914466645767126325399589999166335243539578188396
22 6868745286392126179599
484615164612772 5738974896733337133125234999112658582951926294946134353828674148479777
3275395491123121346848849627574882365245616266864256131254962541437759737166 6964623933928544288841867893522286134425715612344853241438472632377186
12935741969927375648484822791718522889496893415259946733541546769194482596248752971996867559326915 134579566146761255166573523851643151759867335398252847
54272189793845256199413291 9814572612186989551144
537321559829312984884145132619 29241156
2147961617474667238 1514922133916936749998658944515215153968947
399613384376973875532181915164737214759453139421833286652143573994221663234983519345751755 87738485362742567525295499743167
27748397991155497571 37957935625297855733682212673833671879923793157551485267381475312558457745818614
669961843862465247987558 3
897982577595674374257418712527591557951646197113669294311889213 11445628296649319859356437269148464428298519953938741278151455667849325235536465772655119823442343
8529659962511779634179257557 8149517298971338131259
8176431951112828868843361312697766546715913358334286953337413742793752571 44467598483639876734753375397797382178223
9259767386642989517238395595115187833972478186397737767879799715285682459867979667 85227665955335869486535868199783878779456131258934
598214879284251485665958959137412785719667784965317745544632963814526638783353292478992 111
9575229364983288689225286656496339378842439421441481966834139446428542386955526895892332 8146397238672724871265
343953214485224979125784111395729696776915994145429979757317329672191619 15527723119946
86332231485 59816613594432338741646857558582367339266178772725663591587776345386168684112491
8375333844274982684998233336185877661566479958615718443513465141486133777778977864251916174 281762282493512
4367378222578213914555995695169367521 62717119894269332528486457151362851766179476885849126151289565451696762187127195
93138615767874913916149724174 7586669157937871682968317954955998347429172839975281272238471725858592393575395471657448
2539249768156526622182957873247891629673972636366259794356131743532561797629925379489431 834383998734418465544474594478554456119736794382682433846743899513
59515847174871192638366648753229355142519648548573279672222478612416573725212643626958376172834181 2615691561918254436548469677435294147678156128268145261278996754614
16284984644912499151996552358965774938786582985767473674161667864317 84795371735367974543751245726227757111553691842472965975675
841754884 892727593711
4432641392354233132938117617841 91228452992694473558392471672492121769145347118931466824558479618928977
5751774757924548716832969597372281579469592238495873148719487213566462878495646896147687 5393458666167473638499452776863816647196
272543474113599379739199283743685165917531193329464446556 847128435839521711446226655286458234717427931544717641374348483434994916532958728681179832198
4275434121333792567216333143559471326325542797635415413242421843817581 12754762937826213424346291
539625916296271993379653199675978852 4943458
98684599949667355328732998945335865624472221392488245319114764946869436755935696885715354 682481976318167
93829412869317534764342318437235862162562 697945639693398226995853963927594585128676347862913234977382648779491213846363982761543155237549
27881415511832146855383845227783512531481874799616478677377445969775772587588654 59464657957165687972587574679419221361376995768716188845
818593564862831816446649272835575847845667312 6219735137661697547591262389511338782139888693887
7245348973944788959515974237472136244765128849557572653318955424223977151131881426 4161916336222245416616222682499149838239258388196736251579314271877614799
39893654147561327789435249965656265958919425538378 161334133381165337544776549
126433759854848438 3791726472732323248692342464189929793929265724264235736312783827325188578635525291277
563658663575281443256298464823976764 481221584192797653986311556413893
2876917959995117956513597 552552754726363264138279216631958241334895
223612264197358796644675394 64489716974972751753543273992434266981293747664154318383
688221735398511283324112296271752865385528677563296883921939551148994837687213848777295 99757824265558755532252114862691345
197186679729711826961866298658662797627246694346516 284763862392128
578312369948585432239415255515454191465146825128391247768285491819376517772397199362974189698448 1419968525661194589247454549311483374119826438659272
62221279571966595455569433369941558516725387843695317835677567333231885 9473778673987382969975212591817473782397398763715754181177221873993381734259112525655932475596677
192282893361931982242843224991199239469323512782267332915232385772339591671442281187673479772931946 1811717889722194478642974547166289222348174929785844146253412625176176723156852519918257629792888
4337548335947234973983 38855285711472517296711214894815926214429166342984285162924143713415531452749428799824131392954
8243854275734714623394922454718798784162722112 53
1937833743161981731448959 12222443678337355217312333657872775779829545719456812864581973321238294151396398476768515818595495
5652766661378782913112172315857363989643833577899115482844958 5332589772914251813384566
68769393828665893516314321678361525886978466495722824164425581298794394355275863778179631852478714 291195315873917686861656849991134269389364825758512716558278155757399822621828516693
18274683751515147518589547297493869878446656777126693 6875594531174243371576858937865275213182878534
17595964618869199534171553859547962 2763987221314411229692749637689225856499629713871682777315454456449841616445
75721165843531898514619327518247953 298478723488843853491838341731651639624623534585483353222323144981255223743959387283825315249
255811281282418293967947559248687724793774848853 697446913871455571319345135589
19867464488462819696389766529577574327839136716884998631888669875187228924911281744653 12241551641877121375313938465859545841742679754713712826117226686319464
6986829849727619663992929593893194518758124499162616 36984467484159777726171875235333899231912816977653691415412818799
958781853138339197762393437124756162946641797799487229925327773631422363188816 6655744283864699359334284913955442
597356581677237 35532517432217128458452251885433644474214
6219143943643836751164 9836141864857239193515
9956815 922734185565863375718985
4 819118667353537147749656191739819258114872679276264468468262458847
72768895383938579615731378968368129787817859117611812175388267497786 4137358139456464
418217946891446933624765175287561 95678465628735136993936149855629629572129833458327525771822453349474138426312684184119
385119822134561517376494683754889666222224165332924299 962721777192672521763961633689484565783868553811977262125826354
4927127589813576999 91522146241426545672638912613156354115421798332212366741173587776795225473366663398
72245637542461939951551847418149348273671 13147975228789962965288927149277345419466779688748491192625962584
14873827211712933 4914993464446553988769765717724681855153668868731823268221814311926
1488712396987637525667416963221633479543458232623993198 185419522963681892267688563412531996211166187993892774872349921481898788272823475142699171365187393
5236961643548939276857521393818129359519194941165716813753278721244 949465134831994884244737582242223966963971444114288119446647168433
4945764585 786146291952565826756734
9624646589641316334 5868259294672176159314
4841161198 4162291196113438596839722
895683684714652896396215122545579595432557456919928598913318149658947 1787297474196277622216297916837326251427977211236727211134734689125547956936169384775
63355146139593885852819978321439345447261729324591245318342459832876477873 2343782
13973225655595537664422441872643672778839612763277863121827158796135679 2447255295819225986969976
9954791 746117842129762237567257314728999381116215675319147675948785
616 72123831784176442
8551582834739565496563419226449918 3514
527725562917135453226749999461 81848169577846658742698562534826788242852347747583
463324779312614173441938112851572743 7754986
6376356358147445776213279566342342682911532311545784792977649858394983846216566 91759921458244
381881 57797577699293711279164941372389959278
37873646796854867729429486223731789 534955475828172534915224764488395862891292678743424
881924889436312918281575158239571733294395111182964342758758682153576273677999191462129578451786862 135332356592699513572371286243526523499824579
117 714673758643
3466362357886691783672433294713 689855176288846222236443777868645638385782587679314263296923136163765374282814
9877684498834711645826889397686174457796314989888756322894575447981958895297424855392625579198 72853577429515377399177929686169285592682128723722793322
852411691725734974426615737355255371928746617357256395229235633141426821697364288584 4598623
47747553948686699782289221679984746742739544622918773173282845 47922184962759774743849183964853933264126375137262366325392
48831813383189 63134112826443476767296213683565891568736417598234459
2344447361668322611471311728744934561671271967645461342527466695769468613 8229843331987346157273573368984253185915889452
4333266819127597515383187432239869916177193462453373323 189182598928933363183556686632735931
236674764639977213386486754 949864231435464162261296
68367156897393421255727194374831584289387169567485314 51172548774613522261235678
933482811347725678561493795796219784397645898476429955737318734134412788297642173137624153 23684994288674479461597226257668199192295271171237955952494753162339
925185687546434913691437185543591267342221888745642257388436217919998137733656253941655635663253 21341868985248669152234792495837323435395176726379422648753819843718143774631892255
4211986773942 7496956572865135398982389425868512863859
885176212116878331639716964426543461739592 313644531924813294785685985157559345828864
87275742871464172463122761376914452862379633541981588778652989 525482881679537933121741493151479975649672454489257
6567592727195644 2374423244891561533595549163617188432693174375536979336379544248781878538571717475959296931993
452697616988798 753717561747969566598169989839387218453662282921111868783847939636919152236617938969621269849144
4696294966627466755938569587813987 5288641991175635
5612817295557848626316328346312935628756517846373475385825891996769 92293614167465913419543646564886395427333923538659466696953247155
6386434974471816365772656112947121942936445252173756138987676 65624185278945438174571489125599713621524329771472124831245494589812925147336
117647228 52739467651668697654787145612566754442726
221927472257215432 48295693346629472732787851475228
4532981574368789288794342528492495155184276639227227973262184745866674831242324843185 5117241481
627481424286 7
285539796591423779492247322843447179179942358318548884596481896919972748544591 716354444664644135168352675777955822451784758181434684176992782526766113388776969
887569685588499739655154156754762981567964251576 23843913266997618917341
195716976542844573756949535638345475781337414489898365164346532936458559392922293 291421923734829
3979649897324649144669361773588475943576155549749378996999357793729771951445393559 72422556184677382848127397838622698128582978415447
9358826439 61469651562549721731953821439135997959156824824586682855813338117444813596983951
968596922992893313384859236595524387728874 98283518862728884216986249173431111835219496766542569442633665853873953
9397152329194299265 186317813679625624512
76195752978639236385356929411816641834 271144568526616723655218399777727996817693289867373928211511481425
13513892212168639589517564593468 53757743544944765392124214147119831849659385418746113827963687519159864586769132762
77921746572353123524 626999167698357697697574772725687938875432396493411143247472363192179585699191969732527522
91452961295479148969674437773383396347 594415311882695647361477265319181745846691338542683929
46995541922455784765158348337732521553872 18438143797832925279252712596753574452815398832357564717
99447611798856959411451256851765866684291354691183 6497914647526935912947949451491879866248135947226418844883517181557817685794932649365543562
35762457172397814897815111426545514528612176817626978997722358154117994372241398684874 5972993539452177256863247442123652194223756419641943257379832759596238942862
945887952384939882788443767788454987858476514663246644373837978389671723566521316 4754113815114
234385723995574888981575872 549559838652943141526648542912718771884985792991362125742362883657372
2746545543116568592771122291667792987868169782411636486594991854616327734 75216915757621
62712462914532487931816489133219961668759962121676333853361291595622929699112513179738871488 38759485569291682541178548796799595
9768647194914549865757917821122444729336 9442962525456953925823742319514759759312485827899
398137299324848618513799757338677342628376711584652384842692598524966363835344312775196761 3173349592744296682388625389394227578484886984124536
7812549627814894244142521419139862453946 94851747375165157574629627774516168499962258863876968756385279523869333592575933138911836
342 979426323768977987691861646735859123297171929679481111173565842823586144373447218736749971465322713
6727935316547939269426377748275572666762416358 2737997628728619845523865789656854872314814482
7991321717898673365485581759628489268634135572582947298452597 12719467293679243146986316379839357124658974725888332191279663221388589711518674755266
88489927541666477376643179561629488288151542438676666685496241384587559413 64438643498978981211
59553527577482 999373786279246
384728881231382462552311274932295567476823963888442298482291297666858248316 1394314789
677 54932297638788351749899444516
598211133837188257936384757726928951515175873 7894827997937661211614988889374925555966247337472335648312157991267161443664841649439718
275619 312786179236238
588445168956632396614243821732748555972821489841521592 13438544643662755271563277533
43141779326922465552835993848169622618841478356428939584215445228122551256248963958857356 755647913632843119922724288373473786469231695747637248577831916156986
2993835229425123843422113214597896433 2123288676221639963421691536239779195416158282764175761346337811765626677764619
3598194889738663742 14572926231738931192338693388759835242422235243713582349724369917472758558996565391858113247969647
2114326395685975338286946619588664986632 3214543166962937111494816137589368195921
3 53169185562115
1919488283851567888154897556195449584462858345484213681714563432853822167218882854224984 8234617649639848414498455811399941524835138717565425974515388998662767821221488757992572935139949373
446158766272718856116164639823738767214477864978523576953984 62573959718752673554556351218272886134
232174176797697273589458511251761593643535222779242929968916 9376255452621389879387499888693559443153678684882547936772688216331728
6235922136518635762164 766
314854141637248228393482943923889 354316435348515513272987897625687851782114
2255213723179974642144747379642837948118792253879627684428 227456732287439887793379
89267988415 386565433414212459233
161259988948379955883181545953762512989716133654482892569444995153375782463 88121156875259183814517
21938892175238446158169332686684885496117778 46141347655266665564863694317872959464469747967144756498262951999266725168
564986458356293944667786817466792171271645644435229798785671677421487998823331598 2718533473625616126623349479439317424
72814415585876782818463929419685872257411867273655878852294259199168799964919587813761387482552954 9933872466593756559232797175888473535689653487433623792869468546773244433491577788
46958391271445197219395769789 6369369818993675136358158326857115139863329722629
61926833162266769382754143176257729585658479971799248374 752515597214665112752393193741581199726
637386451898499331178329184496292725554159995185251778526924674335185892596491422856781 6867299285447433275669697579356439163914913
2253854153512779944619556486376635514252871641412149475225358119849818959 281523741666281537894934633662653124437227642664383949268149
172915 554334399666362276457596887262936294762715367617
99196931978954491842935264558665 5158892418415574976251656598457628726348144783632834966222379351188839773877316679273355581179128
514452529615866386196268238213929762251717117621793523926974534574913636589863495429 644434623553451291883597682589868974873551528786317443343922582
757153546257513437368689761941458224833964977242432893768677481861245294493227 315655934746284185427261949341767223758743342435131595
979118286857655578321555795436912572582477565577358734946924178798646 5574327774846631277488635154322257637388126477834267454171968994727157873667197572
1796613659617471821535 85761498622915939659513217328176275216686643471925764
3244584977225552434418536832238369458 758635985
94655317658496355956399294141396461281627256176323485929923351663364773915596 877283746851853463962695335817543776213876859243816884196679852574745861818434235846976287218976586
59137843148538465734623812724525256971288761666346262541554729682869771871935438475972169 529445528714682553529724512764374629665756361598752812364
62633944568537487481946617276272636265362459921966853223488186537527 3763522488949513339263774224888913791242858733755531364989441488683326527793851237676985
172318144166593922567822317844233186882213714829 557686926364837899711544512163669743135273615561915643591525555247576917317429964291333728
5537757483427543734193181727246149156314922664652475128 11949
9656261147535744538176926958979726913213478885938594875989932654726214728183691856266186625 9131893236582858119445262679919671185114153959246925753298218513385965923193776282917875
93375447182166135545952868647363237985945933773212363794442 5325991211634732283245863366993168181583488461758256181366556516887865154574869113373117642
556717169183695611345891282454338994737716856172967918846521234393378189942747269144453725931 816886128924593959943987422951855256181557165168961196744889378
59917243867 66594371174221193346793782317251261351488382762619256651452676367571317661159217946891119
17369889 9766811736289658529763317324572342492379659378531339496787145496349311
877189557636581433521894537691548676811135126872 92219342362777199213862118764223163874483236848964345967383125166139763444418147517911
238552616917132287766321993 956877789176519389567412432947827722728888493914822486614542555227
66619218678797593898869451816152621942799794926181753269752361 26671353679134497565616276996548365131627939211139661674488534249865343669763364643128154814
6487975944284858251254823492359258316322812625615761436147393255271478318772773466682 2175197784134191
572514343344768253415977292984672355348454985559613611219897659357 4533726872214232944472918955314962156
873825233728614373512512768185 9427339176939595521136523996413272
4691365774231551428117883651792493134 6522382517798127972353235322654823
45278251396478786683561836175381 8759269316211138658293144885615425244345197278969538581961586278898517721526269365246861278127927132
54443372467969246298416369592771196156789791968444873248 145253895396672253218882958999313263673494328862628542171366
56728342475738263515 889132116414627621293128312681146688441964538432962745795
8451421778954822738457128255573216489214487 73183891322939862196834668
841814429927752455182714316285471171978638746268615977886734978889467691471896281543 5824495226377738862341533713679827716833188846258771117284124258411418279528428
2423484214232994681781755611174 4335
5933861955511897564593584148666 263863657464688497388828624383299419571941157249479717487376364725642636582175937433376566313131
7781579196599771549234379158443855 4961299525549523484498951658746558594464363131778758
925368413551954354175293586 74531776872417439119638826256293249933338792
18173387281434894473882414491935973155289479969 677955129177492444915825751961642527781258291367394219123599
248258274466449913241823448917611986535164196291736 9317884479852392527239138441678165441266577969867518995327565559
749251318322541634268218977212919711611463763963222299969 52427293932114564378718466414734912414169432268781682373737476269654391983917743
52664534999363846283944147542677943 622639777971487913893576177356792175677959458
7874128664121455222165537823932686937826341131395627129466693879393392558876 3796243896414741662413384414149129821542192673774773677794366294139216947427192667
6331925352852149594116341588963 446211954597952674584678226165195
6861469955412379274364911656986483535465451834336 779396936157565448341446122337812598668774385764978968552
72647496474783213313421216362586152892832436223472875414575226152161954174895987415 558756118396623698861778557929769754398386813549141867766975998532259697
432117231578365766752517593427364681363642742517271916788615536668385311477826116786887685952 7986768418526959721443756276822759145768113252796654174572969117
983838351221317554564471588917764141566219116588932834 811671238627694677223261538
467144734315381547 7772
57953241285525727667895534 48643987851842261552511131
4287485518157427414699133223 763
83816291113947833517393746783429557697428297227732 9333226973524892
3777999477278483418957747328282487941473165975699 556161218398858485641989218692625829982677433474596557156249337165719147385636
9527125272964774884893518786955248796821597756497965841 167
94914166955265227524811 96132751573824548236117782
887921957842725 6673
6939845859716979718691265585425136811321138598946988726993621974567 74571765358774138569383667664668727216957549288
1814225964675 18522347884268734342553456955156274333371582168311828996329569336633
31493287793572241497494222478997741221938629282127358485566815883939915122735965114863952 656555893816626774271292947978965823172666972564491937921
651493371513815565561234446152396619299842189382618148599574113221954887 848253552289529824758428249524492597832
528719785399322318884619697522584764622744 561184787217189341199667881463897126644148389321821729854382348482254566671892428916
55541899672581188575426268862783241478144212213588148 6564881395598968711671525
9997886829551187423369136276922648445948223136184658194418956128453268365798716754734222799416344993 29649787146882977578
7817335411267895315693717587275552459496964249669145542554172541175 722785719473969858825529227766487452559893565353332576838298156839
437667289935738224516269998728866687621646229688856324 4823224821971487126677996186363144792857442621677187611917447815468687
44512255177 11218561
546472466325531757325497723941377291644216865144242639389386846391 18617669
7 7645875523175511399747657753765499285438897239591714417222723712958142287935685796159568382469383498
17915172939722424882321438925474614258531391495626216962381641394658796882245 164616144686196892573963395361412
153 135166444373867265654864287843342534835968267293177697574
686971485118799 94255792582345566594819935979324985726593
41 1114914919446448212739186842745155675921948744799593766815987221932779731
89969716571646 333595374934926924175948716429
635755 76351338743817564469892854428355756195193867456
562766 1662434175
39794292128664617639862265225626673974664853994682648794216849683541936775381 86446577848426418817584484758778214288873216525498442556916926919186353661252939874
45979317257678933193724642722769788528363944293198163668544443522157745866552829621925148655736 879735483883228225
1467637641418678253736126959538645617337196172636654 271195939519273621479516375797123848794326567151527141135189398356232573186491239489
2943914949859554664449845564657877378761295198732198541666382126549976 299932533979546
36579713475516979 284
92188983148212993672184253745213261589474212642416713172198296748654768212884798528318366168 3832348181799166554526827365847162497942926525748565977715963919457669369247989787
7767417252465821869967889746446897 55453291863548365347483479215943955888998127841117449998811435118473
134597995258288213442175374849672877622145679668437452 3931476392598364276144798
5856671624428168374899176386889615585925456263656658548268237157224577 6886469
5896932265176535379877957446413548656585696397878459869475465 82273431646783883726524242783311
444896613992238788827586199635382939169812914365712653858973623536355441522974553746 377231
529888271227439823985272125276331649171819663565 7929521832665439591496264218876672614985594325
18813574955724945442694546472668492393392328578791614831499243745952411536 689289774731264427242439
118451266525874674941183619 834774593199863445537899
3532459755175771113366 9391665746227513116939786864397424864739556734344884968891659726982198582417818929141498
2474488573148264866725871595892286938729146453772517477 1977
458357623136185371415398182529845985414828844243262236634378766127887742651849518962 74436731467957983753713572592235271266276263484122883737954267566394961365226939868268322526
636935621578458316925715662869562721539585624649736885669986377664467432195595755629988174276363759 17289847973414229874
57498557793543226284 91
6378511737645791435891791596826836966346326694352396713165149 73146671829
948921576856374445941892 275372968173163
92772137274594795594998692441742728752248752914916947831 1756195241167439564787155786496361339237462561
88912896 7855677863362598883245185221741539293526176672282716616214536649174968635987194941669632543225
223628819113566863976862726118215613839817677531613155985682562168373259331755127 885975226984943883634131368
327393334454728424795388618719214466547119566278999681 755799348583421866714487687174422426122534728
184622599366694495941647756986479234677188587192983727221294169211719824 457769
566852768898374388124532119314572899461425371137957614849 1832594715398612624694859332611545229221894747653993853
6673279585859185325298345974551526247115233231998591 4449632185429947898467147697185721619639765275592175696436746
22458652724613321772148761924 3772895881944938133
223548354884366297545431285151723134813822929949299129364344722677716146 393297182496273753964258645458332269799661739682293741241387677985757559169195584887
24612355215455744879279 12393285517
13125949469373 6685743939513299781718387385687781656544779988528526932135398717541822956186273
1224287929141585661118389514575561697145354318424715962396839827585772256151898241561784 9679567889492881334616247233874683871529836
4956947254425291839976741742278 7369156
7534367921889116697577955598 252543593579147291958677484336746278254288431915119466921665257594285322684
499741575317849 677759498871966816553287565179329149869794384519688599157
2745427652182715 2258796
886647578856439165797763343742617668143286939924442218985127692365497891452942237478537 2615
976122745336979883867 8853899453215862228945716341468669
893 57164979482483366228434864566491588384737423941165545222249724594313962491689919687982238
334368726737758122248662837492668236995236146926693963677641516834418224554154717848179 69665457122149371151569481255823997153335484584979
71617647152974643467336539372841654936777265659777571624941786716579 9769757349
523863415317261616224894414189216 7
122134855717299851629366419885127114376949257776613776268 564337395341481526681479892258439485376784349845681473877673612878993933817467618989651814949
394974891526578679543116284499217 437246658393611139817921799862512719956399
9667194982858185147777399918135418555168229197666722685719593893579528 84388511361971235182332824685242
3248778246716926295482541598238396578374471156527147359311712762624 7
6778965696982338317591937956462915497245378552372751876793433332614468292563634325499846899216343 195582242668455195811649684436771981546782512854973889911214475679932583172516421234128712
663925 615664687581612874334416692572595886828895831185996838318649437971767719
9683512826571877549357211779813217287245624436711571129613 3517127774
12411791629238617186277613563459627969599152689644137316 68156874334521947622895665255383515928961792825738893959582681479173958281567788
362883614342358957128513152422853266525493183268873329751736959 18177497788749632618619925269481176994839559495272
8658311494856868342719659776623929686459155467437487122543548111591675699186798579657 793524163681917488795736
5186845855662439728119988685224566955 5445224135729955222679669143698218176525
722489831158572876248874584745856775953583666729653391418143599757679867315 313858244926852879694879714919
7819338442378126671234956619959829798793965144875368314227648952182936584852263321469868 6719614694366954723762841
4238167547534867227 5683881284164263397427961817664125455741531339
7654644755467322755798383759712914 547277684844
343842874675863153416286777328534652323339581961153343589559461743323793349668 21173239325253611266588197
88723784273436935955333925375974532966492632296466583638328881887486156487476552131 11483253771416122542449797433515975719348497942867384438
39162754585214413747423539668635352898745436 1913991665965231966363474265524419683331969239341246388
733 53765552844242816349
8181949211683851537589217486489787211167128647213654935296916722424434622186 21177
579485736597623642784519822181585694662516341534778388418814114275487321388499183224144442114441971 55666617954195933232647155821474595358124944461178524394884
67692949518966461562695784636338365356977726163921293951 346239459478981422745774625334936953875428628583838632588796321272151179563187
95165785698836877129561562373774 982222846496972819744728722727264149645339388748415372756865694685333458322566739428
358652884393746542539314174458793726655236298964676443441426246354 435416653318146461156693568312912417568664562368884725732328593699124334
2948945621525665746282756354177711387 816579889381
5585994699443123238365127 21464445375474571832747281896344
2519464 6768797327287545174219774891646392452935173653672
16495843242226618367174393546552175 91
825821534736 545431495244586825813799245169229856811197151588836264777877422554265919692317
185966666227348572167179393888651841463994471481447581764543 3787733454256158148988922161266262398551187448995144542376192231144734819729853848438245
37321849931479948739736748199947879934299122557426458722659763113357343769241737428 298118234812354834459949926968468322996732172
8899762175427477334414723 489657163628779921949533543928182944256875986989466859416215318376989
3956524551786544854916368838532992258897599436398239964661171687597291615439714524 9243694544995677797747436759775111875123887294534527526557353821588962382729555
47172332297267223621929875659417435447185 458798
77154298799586546631763 781344331789999414374193157442153
996889733 156788178583335325594942772722845527292982613793
2652532539893711196339335881324972642647646342364444294745247194227985155941273238986274296561813952 27645222897622134718435348625719576995881462399631691394854376913353452574449681
99769148142927287615373977282123546157375895673518761283 85256434961445113331657139672
14846232538848999373 2968415458292115548649284647918732
67546943937688263668778461778411662337379749832527946732253816529489734741489591292 66652951128558779384313659223456691443
69589196387918528879432819385473768581526361958912774488959696964112145698175457134458 374237463453856826881298381514572932879921656938833366437715417597355
82995194455782789262184398966981833146138768596956535643151336557 3258385341731127418783136443383787886441956946157883
732317998937628363251418277434771564644794159426712758349678822164961 1137169157848112389
9932717161798163739736622228747364312617456115317272574456496929884725378564592978518751656565573876 3989327346164896932687679836498184754166478131234766247636367591362441392552
48829782334127666293963471937512834361285671589467296531 175928641685
16794722688477173754627618294552657164326117768 136735119599999642573318732596564425129
228557239299539734342964429496198774 5751652746555317241762954846279668281195276521658734883778
761996257171199953963585267386174543618 6653322921992418963366786736289618439359216647
63443622257581222358 76866827778332325667393811624629628146496
24219152954963866381784157644396847535163258643356455172465493429 148343742417925249957138452926184229798941989673881269936461594562856849279177349123697767178729
68125491241589376923578217731482423 6712764564768422727491451563
322933725366171979391524468797133874665925393556266412561441619362522636815938 8976964814362843648241185769583644245271934264883228835
4688787259662898581846169476936596177539985599961682733115815186 521149524144378
43575272183995164548767271842611195613735674611484367967691895541251911219263928463643 72748757172283287871126167533861592843445954646681
5371778916128417197475891327769 324677814258939873539255716478539789
31649658628232848811266373299294126862454915884724758786516149783162551523 55989439849643211474827736666887
77599297876636614872526486695452 9522174315727439885673595257272462
77 735783185691372738973288167421445136425759953579169859115759957231872959746444834185767697785414
8479892381264739489539985 696156962229519428183359718541768521184382252763147774731
399586793668446633513552224812187118536834 26488287481733816865358267252623662
156352811485823682862231356675926599984683891668 546217563548744221288458925639617321279859916171734211964762695936341488114111318922
2341443121444721196374587735698721642976558781493492756418386757895992848822 16133763248
454854342973838359889 9972495259652169659823182637919116185755193347213886412
31 2851638458617129794264
291154947766 39442411429264
965358134951866743969959663833991597525358 5754472882272456326861399343247914
55941677458452415638571892565361376752232256591618181844649191856296896122987231 3232336
66921372928111 915627584193393828276
37672775776 37492172935769521532592874532483475431969973756934825469513518592791385175363913391292112794323
23649682715398467949769115179631178 586915
62894 518745549997679278457796347672155161
913331245336371 523834162844872252422452667219164895313262432464464871827
74898225516119352792758765667997593252593398297497847398852 82
26832359874797194611743465774727856928589852723721467244756591 522661244
1596445481471478138959412521898551185146198495777 62649728631149436919931267737492887315791798843962998353793147
17282215824344777249157238319686192221174471726 3567799128443355569711178
267832656676985386359615318187947228452587357116546558436767673981923416884253949 126577654757982973887191733219319575343939435822999689499234
48892636584661663948974958725789445794526822425163411 86137244573238759815374935411826478233549747374766214159
5638411142493755495195681493575371957324237868486618787216692286 767678754329725151222643218218633466855651958471
32164167 349698266111161992563577494923999618376451799
51599677685299445228896736242263244779514921623535266811778817 795143721189
24623853969364755817627211238183559251772897672518852446336383811 7367316643617269769
237865247897566278764489935 7499539293693769579993271392357463532135773391142939155851278196532814331756792386
29211653111514254921355995619319133712227876889655938876 23451732423348945432755484676897151851344773149673935237638426291
839194659344858 97731291196967286752411144915444249793
83679585666461676569642164826812757487115579229921326 75839828367327121241719767597117682111
2821834352881661612522877555523569972967641564941865755295348217874527424846445783 12496651546826693471587417343157372197274424346366156491934486599733
3 85851129193976994819756667873649219157423357321324
4763264132377849231133464874125245377418633599831227 74926869349479938597939136159963637679374898882189916895938434371662678863397422551541
7345356912175 63892431926
6635146995787477795383488822949512619144284 3611878681249662382823633949933117161381312994877875178122169539323259897999284
16539313283616814428898553 6461288465136559522253521729587842
9385798431423851783375936634894392298792148797184749877685595924623 657683339712813844398652
925917723635727661817758833661278166311753542974662281685716 4779589598177111814864755392993835818172828316713
421358211193149937296256359134359784898985623115979258228417474832746896321896181613595254175 9431747339546183266134317837
1129789419817671751159966951156576891655999694931988819123377538651523912 134428362429268219942785512481492547566917122352913877443957152321142645995681738436678483162717
19826685188351184259429124583685844561469651285211926779652232378265126264973352337529862322248884 91557477334637711433574827432348453545115823212784753365676225591839162731338865971653223445644596
48264732678291498672218371587149874668813296452286957384998822557155838237585595996437756216295668 762958679963888179618853137931641913928258587731186495329573389799855892782813124
3981946972361479579844869318726459432912369697458971783822484738456116939548991 1288366213
737965446763425993871591362822286457239592345319698689547679694582121 883513486387349126396185673237224683263323946
114812483 763388395576563347186135118766354877224334967548467782314849159585929399735613955265598498928931756
97226448558521966 953869555691631325149416197372881974558279619869
769327265676422396738965971695924635281911419715459739679 9536
9754655242721482261315231614299925735249825921148611765299619568372912126796737367582322698113656348 6312276488934388997173583795647365876768479822661461885164111338718628789437715
58476247319351681311992 5316
183872845284131188412562337891794718947838791867483297219556381174551337188118879925982935354 361299137345844869425758125916549463853596632192912982589496497788674664241236
85355261684535582997122627875382315675862795655722638985963261744859918624285867475488542411 241617622584613765111865528752271897351335425979993759339323258
1548383987242694432686377988863123637387169432113742566144697351919711191323254198839115922318755748 23628379232797267458474
81 1694125599179487623583575739781552244869786573
62698 992945616284349299364158449865524329541893986586
6668468481 61492691
7 3784941381687216962639195995714562657926467457299543777871
69671253765364623255585579474592956931827363955 5711881936636458761466742367566198
5711899296462333292255884 426222514178631268552231417375878931
151423416384523811343823294217697865982468 292858693537198981871643766353668472317
572295979449 85563726853579691
2217382876762288652126785644277967538423562265541389 9467813179481
3535818891199164959752993411285961355734555599365727343944551 11156592813487265621578279249313639921482542976822635635
4521385152497433313847997163387 798854
87765893355984295846129877635183422714237 8591623839542365285321733511721257923515528782126641589891
225895339597961656172456976232392779468345448716477 4398388762415782
26663 6944247362385337286436897931552947948692574111593257973435495968238729442543413921
873835246794633623775357588663792494499793861448532183326355249 1423945161988359615274991573349682227815129155692976265639648712932942574426711488867
7141879562415575823457347525127189263288813975873898634141254926315171587194455 8678593917454152486622779988433818137876811193696817
311286582458571 79389211946999851977587539428724834912328497164496
92738432958941832579382945542234684853223611531213376395671616279233269 64773491366494483282939326
532173536191663898444661764316867672621625882125219782642391748392968928 82558294457848316922194252994
2 65691539343581325898962782212961972233841451351969584473639914389725887221649
98 88539324874541611481555677584167227592474294669816399739362875339734
719991758987382574883634247643999562358164972776158342377 76466712199722933885582922455348458882561731791286342215168459399357133924228936297719475
241958386649744578189659885462 6327694485624152992811915384768829691819444629929672768476
81592342257653231668399965687594649753485177998357447 298561711994992843325428444994795812355186495968864358731312857762557191199428788972992
62252123851685439645635974347968483537591596256523264 9374942465385995773526331192668489558
653193557613544652567929841195124253196 34857353895382422564637545399488552229979767719256137279577868336572433247491439122848
1161118231177191295376929361738243711267275234974855745446745837587463395826256161 177714662139527127982619
8311652785337612368661 834122339277967862598341184661225833412471576712521411636526423666953515962749149296921216441
55887182674894974511626274442253462477925145821399493632831349235782256425124417718381945 1916126261545617622167327358963463746567851817343861949753246798393136961617437936313117165
17559384693545669523218538269459657485484923298326 99692819446781953445436332122736627311356277214712947721359593511687722742922294554788411751396
3363156581318369216 2192767815153168185291896692631563854961789661928941841232466714676919285815784735
66221844114634994522959584 724727159759495939949212643744845
72578998473353911523127194522395688648942867358628829698941369993611 54625292333541843196438465731447431649128647477245
216143375444793426735764929188869275 43214383648225289864572436216164435148717455855766816953813862872934998471443587451119
523711695512378435455821785185643196169219413887737193697456265473896447994574 69198372222481539655979221224217762944659781313867367617355988736258354373369375618357273598711
848774578297396848782871683131898247123977871744592352745563985181331462925 3992111755577891825633176788227254694414874715153684779
8513671188136985551789828379326913759488645 9115425461139142496184496147999255
375162393125128689163389445587387164136647721337937824234211819389666282722469557853385 9976124459388349862168928185452299327674321257722536434783191
1968793935764746993543976649572429139633127597324939237567914 7555
9388321654563675336317335943758896447251825454663638962488946581898537597658954517976524397431789378 655
274574447387861782512341677883344598455585159841777437189681227711 58166754373499374995697142832856727244788
5462428792915959289623 16416424567946285299162931374578355572768895127824239947197588851877695283968868543672695171771
6963217514945613527676641379642675 199245632525746432527412264149913824999773596654556
98686553145459344477966917856979 3628983852274857212743661785879641465713
328111738996498252247675415125899752929199587742151133559166658658141386283277319817535 55155862796614186352317953435774781216126854237715475311553125591531959422894525668496
4214347425653499451731556363596174713316348294913294111427261 8753973914614814284924
838445199734715894897143655718289953354617617489161 27936594412362857
8183135792545392446534972224499565141427185554442426414636731229141712557958836 443723839735953438618131384335134738814267566829493438691671995
9125994742167571674371323728457816891377319285947643931712186864515833471583233358214461625639373521 473346842537384513587299197386139842282158535684231932357137273385857
196442844171639637246991691548414251231439769437545147227437784349166 934896454213969533749679796475448199475452412926336543738163472914448466682587216885976879413186
5556788 2248612295156157586243331645715629464724367144754324147534869955172392234831852751223938661
411 677749599154116954377838364988584477712619593
65876798742846 568621253562346258183985739895635499135857558696629691636474731419462681657455368462838948
766845955179393194538329167157526139331615342294448579866768836839248541195845594629 493559366736764142855218577419594637445322766623467695757787881196433368
57996213252143861451375246548345233314281834534632741124612433188174229826433526273523362918971327 329492185263735872556777172471859249493655879952851737139329
43336799242239135173677144569381 331657524
5612842719724972689 86387713657122643617965387761
327446199185648744629185253 31247325254143767745
31442682564577483884828986436959114836967721288241413562952873789788369853894422 18553537442847918313769586733141674115569857126672696579764181582793848391163181753264
672296759895713115551546687215889354313232615882233646722619488994684499754257151958896144171639329 6567968864
4743117425344418814756846164615596836216189939517434368359225551862799726466158283958 32578143625817624184163177987168964789593646782869872652128984614411711527594894738861237746192761
3349852747534667892827863184863337638869911431635937155942457472135879925577523 1665864576289551996271892466231773594
94482921981698392448581133 274952123499748878153724823
82184518 9313743411451851424614796555822617672192319344141499859624751915168525859325698539511584481723
15284253746 15858974192311436727514967559794782477527532155479544716328618953833553186464434511949
42678689821826195391924985449586549268356156693138686144451784187178177272268549744783529135 323223579282719952811451287318787516666914363973149238
881974376859185499647384257323963552349167941778376388925585311278949129141145752 181532385699721453692722137217
58338612157167494 5353835422567652642187626621
69453927382387549281365756789688471578268324479729492228 27574612737516
699133439595343576561482267673552228887 5385149583266691
4169256279213234294155375685638927653184923714134795446285985769486 894497978841572251931166386812645889134363381334566194579248555485656
7657668316985624752249328734482373332751929933769652638281928231355567639814 3442259234933873343558635676756756344696447348
3248615933641824492345763321764524116871298922743613736641476725432182293623945694437377421595934257 1576562438554464155212237386531671371781788195
947815613373554488374119134581658679156314699 575337995343917164878594229518587228244491875532294327118796776
4156384789723456656562424827326684396616175452589668743553177687231515449253264233976384188978 184176883356937933958179258718584697948991361
181391124 71439792152623119359233572629793786
294264374862212 159751631446574827968265867652622876978219
428358842368521768656143624859727964562385952316713857983594269346444916919356619363174411745 146714562998269591
45774784665925867561462323232318129144469674722489625548418655769351852756218238751 211837368339143362942485648483539743849
2217391992681884589529697617192281 5198849
81621148114995232445171866386314853652353739294196174195953785188647 94238218
98567522933966154 9218144723642757169874188791449388698282347878431251253449446263872288
17659391617454252918267539885821618194694939692848137919346935528448445328497669335487571671736341 286779493481525414298424383684834754485454543976519714464233295279894557967571424666844933753262
447268938371421768534373214986485596 9693643388688849257133593695455114925454138147684557464161346435117716684517625299829542275788
456561596424739468136939291538128431693548816943141729353137889471354995868951 9615751518745993146319195266497197938423
8856695341278 494388623253763615817357165119446167283222467295468212335587584289284946459525
86479669563418693927397256433388815347862658916747263697495584249847948287258832359875362995755 11739875354425275322815337671592352256276324339544588352972485498519768874915244481871126843526
181795655344458249447412535916725817384731942253976242 588372438521956372649247825146495814838765673526375859
83144231181195 2356696686528722157473356233353471129197232494138629632
7379432917354913732131329583421279181118732349941188696917128546 2482566248736892229231282955928233396498387751338986379
6418 6554667588347847686299668144425961674751195292476579737554693586488274115874
23 28119397825416274
6954232358549445925669928658475672766547577337545741621279687 81888244329523111293769372682931495266848378275
39222937245167321747834796486595696668112649743762 5444289456329373
87343216278723228335629879249388764296231294468124226196578113422854385121994316852328 285468636381989
5115747346189178125178817835192233462424792526341415426 363368715584979861785344712383899
51134133633377813536648552155375961 314625657293548226499588492665296113756984975327464875263193951647915333628
742646348126175841643349714794112311357214 7541372364461668888763245737326524131686765583858451347328277958915279777782528
829933176112679546998356839531253929467146381118938355 13536499321292746848236616999925922533158862893588932261913132
85481563959965666125812554937 219816144423275615585778718584452663875737169234684143886685572119624682616455331179343846534
658526713985461216729814516 25926263946152379113531745496255753325273248
61619132741437617349326677658364285634362549497944379471441 73663556819111846823596287766936766437848454878567
12554353449814441863668368576218832141965167218281779 522543665495393719356865123727542919317515513331644
56257985892156136136795931713669762538962313239469441423513 42
19151295663567474731474872897922144127116642283788339937927776534259625476968583535231824 58363676649483323417865998844375563975343253453762783
5458133194945976 8894743226783493773673384244485722835547111853452541826977217826195288264335479
3633714185718411878846189589242691962929311592 313123915551251464942674446423747376145912685431892889
54792862812924594734315714362378281128183493715133591362519448495492873 4518736363481617454621299114881175466973354146327689237293294645356173517531981
529271321699518225784128627775722532 128331114762
735912155583194624711111579631531236634772687336451769 67873822892971433487781769549619113389759982948161773226492389317744395947211926
112984368221847463756737395555962573119432579184274 28645477295863159994264819624665848861474537848352555991698544571
17247437123583755774798942557793156625663698657666916393939894858351164362688736 21378898624526643616399874291
479222344983293552439248651786753395376834261365247598222488696896344936599628287347687682 919171918541385356872219957483253654917679672392749815778395234
848254251883169735169648871364777111717861364217 22847246276638967544864292918968278667257399595999553385825565546992251226667136334196525
676362999989354572516971 35169997545667858537545287415956687183227215295467
4719588916377322368512 68291347264
1118267318847268318444914135937954817651859998635724382185844843918898941425232335679168157 638462
69123177364994483744117436338 77868916733451873863276923838552954
981285 193969645652143167244884214484589
5359276855848962142715251319591628767183398431549847537394948587 872696
7666928194726 69142419196859457673251672472668449596724453519989821942275775882117
46515289321987968621165799954633455839398875982681569498665568961741481857672654 1632424469669981244824744872621682377133277465672342279776773488663844486692849847
986393874988534324391372794242576293459785676126952297767846692419731493391481723458822719536229 9343943431281438843139896469548525689169271618477128513334472548
813159 4616423423759258995192279288896384628123562377311656314974594556567241
33924668946479177617192151598846369435964455537437436785129482511545319512628453697 7175554344198326829958745371347393429896655294414988194884681466789854194595666268912264146
192145672227116529752427667921153155985347937461297311545771469549167827348959513 5748847621127786598458883731
82656583226776295 16185223313356915527613476441823992536
979977519278596569569874318571771571255362223444616773433515562414469519384313354678349411317927 44313313536
18812287487642623357897339186889696667185513312224941663938456984648149 9323741994644365475182169
9453282852234696345176882337858452989 4478768268486723212916524874187743318861818418737374289864661958531
99519914758939439711314384578643758458993115 64457581192645739594684123584636856213515197698512183377448258825162619335418979
31918169199871615225317234486929449 34379434598129597927647947144521666946177836166773847662969663259
2386889953899397315195639523798569861933 974694876474795233525371885132363782394288154219534
29843866683371767861232748265963145251934475888469696494728417472613832187279829117 527842461697545767492424625433517216222446817873613649
69842224421732951477695252579595757256932922683213486514672361457 49853932131
3633838867527375369999545529777325175149138779566164494542353517651419814638283833813947 89518846546764454476483992544374473133547173111326124911531957351129875741522736786151297291923689
8141442621437558293632442165175882146565342345774194391 8319451559429469855811849428778996134517523599561417342853657219
35265235323186268182339247238847378287358856562519876987671891 17358887814389
683864776414932938436 635159411477852541261685874892213231396918622375494359246873381628175534197513563844266111643291687
62414978618426577331928191317712499742167122856325821249728341446238987895569455263843496282295312 817116894259752938241498647286652978433149631782539158837772944713264
3889383897363245419112744612258456191932721484268889892352976127773762535421984974933871129534 8787752753271616278398757415484725967967945295821623259734197839997142577831415229
4994875293745622497155465595331455768583666294344714837 259297818972231769642885532557453422256685875615773272222342227
9171772744383673199451425533318726158684753521212324222888926737 5837718484331143543255961992326218766248149631616972469869626353386847124429186444863773868436322
386115746132426557315379638467951928739816245116192388 952412993431687664
418778193595475865468355413727297146778435924996642911593712399324777151341635354331 81123978531275937783866689499897157647
16551135955956767453731198155422797461267959761456247583298318555523838892111449 53284956179861269213546385676656796482836171688639219392714
648593475448772116434233825686856711299379277531367 2779641
19276813729317918219979636583687994864276287614746235679533498738121318 516547336465498668295874281399862881872758924646747457388394292158794
332373334521253642172742126251818854965436817676186472668746638776793523133581 18842449259197837177975
47619861188236754694129922974398343792643446114851831836923249629911761657451165737574321318995671 139778343652615955788686362485773531178729115965478167923491265
692885389189124526942391511417477333524874476312722257272562742836476 91758594
426359 19424191199963964357711114825215242297
574732925355179945551438923448558 77878352566378592995518212127757165959613815421619
27414488735 2936323324562529258961748769493429979899181211134589969844463997351287336934394
5475647597794425196132669192133683 3215149147249667445151186475599878938217636989537655389289849
11 2683979765442426199234646251789298849383217368873544126458326349196264651387955682
657655198632359787424136695666891423974314852884587359439834822696754619883321674965636 559654882158294
517591979787736411396893613436227546534837 9726336236645127951941932863181559857
135135979646963634955977134657661887166279292784944562315928438366973 3342263755332875812117926575354486576126
6448456933198126469232385342566139886696925577337884532253123618483 73157167981392348442435522112519445487137794251464643652231374166832974
849887162317464413978343631599227896979816358117218 572277452234747426577667795877946216198241572921125929455573123631223773272739313216269
2536562458526133722327722653139733435928751575847879752293487 779823969372578251821425382
7983693615845829162371227587497174521791944755214977186786464924811262693637833716913419 451918682756659661191188152693449548586754515298162644622594866
81335944221946982646568435 9219371484299273745919879
292692 99135678554577493675736114811129893
138558693343714489624937658598136239153479842896829399699413946324 763717177189165978571891164317582
44211586462454787752657875667473157615565934781548163387647312511484564177713345698 1229962766816826
8254 75157946588436381461727172765432583779613981528331224945331361311443597792114
92749355319623186411129447419156663622 14845588526783674924513536915728541653554588198242675222151677348222522111627851124112282717491195
591455772624456794952334537852546774136588189711885796618538923274832927986641274192725 5851822149663341929193636232239331917951194278584635699421799713462432
71447232291681565463351413248424415142522936976247512927975494512 853382719662745392529991
613476162148397543747111567497221458454465571395818557259631248767355791739 7335839563773442281533119685754382525725995819111524219746944568116635
67878154859993762827779258347536156469399312267151514118642351897763352676 289198944167885437438943224813489391172365814251711489921172314552246127574151762646152921547648
419928558844135311921492356362634427537896189313269171552912193111887573265343758 1163762672556539612953899156652815662827526991991517796692188158334676655379727
788398953551428 4236266257251687927167365393375763562566669675494444833619696132935549846881742337679137162987688
978 9436376341397758644646634889534118827749786512529639444218987673441
684816219716743196417372846238 772286337172892636349685415663619883287861688387681378276217744194675374597662
344426569793545418341466536717456378395988324293 274738131682798666527974778862582414373876423365332692291835955979816771214478191614849469
1 5
5338669246212556734837459598155929354721896278613538489472118135974474688617521929225485135767 29718621322848652417125756957947943587421469797959275728646169379284418212
9183 5818833737368343229664686477716714624144936849191
77549514 86187671672933896699445844495565763655689692477499213264722922126342787188456311596295272
31986265294916374893792599919322584896645188749835386867751774528774656281872973557175231628623143 735529475659792935537563581875739159595697756516735122556898481621647133565449456696
688416734953662361845622545687413226847981363967124389462244322431458 4723487719454555751481855562877692495546965
96968984 8163263851117896346793982933411773942449983599256119194224511582681283427222545362738371855714
7676898837298511358218113871 8521933139798292873827141847482193823574455497216399155743455838881173582862849647644948
321465975856726719654565516475791285354281783164813588798623449363658133664 6854236667788987811952152466177594581136658511278416393539215528231279878664519334359894869
52191675318675458817948 14672628786
79181813389268524644 1124762871972865461764664537791668941798676288261358258879989
993395754898765745679551316369675 554577111331333212357981331759952969984571349791216851212
96911726615146114791463644167631649392269886211766199129735638 87246664786247748973886482291828781199963783626738492191855261927695
197991322869735372476173973969521669131918777171783183164116232692359342667622355642 947574535311117859895358741611732687176125347
67523636847259575239638898 81373425975584477524351146784654862918312642475212837
898245221423243464236374468737929693787697692729781899935929 573683486722375355835728959128849541331589217827643872383851544564245
3879415461494487276962655444786237817344959188786137986633458763572 5342
48413572474264 644325463
686262267551381648665784899226297166287481629822469296997545392239235465992461854153174621298834 127927186657522282822337785412239564476869844
164934396357492812776112262 1784832893126154892512513419159
67156182895269964586245739348624243472267546558757639427596933526 3423589614456792121625558254987753546246518327925691743698699335259755458125293949888272191527
53285627926869956458681531639239919988617443967727964758435692995466787 9217253827912511853824388698274654555957783674719454385245869
29985394249916956772531353972194398721855432111714473129366227546598738786641439 5665428176283
98981 85419983479674721571167286776579674158419235526984624
5145853621787885659428451234577726958884585988162535539177376694635543117127361 96224955365737256257252856654756378852787246726432245168946541777115331711757
1552323438883393337 6221684672793459361668263869881
654764411767786335299245182835653662965157377276943549499 2925413596823761597964791856613857283212579741674771528412713131293748175973166511227377
3953 972787511413914895657246914538138219255692811759317544559154452
772819858596715713288754353439392762758134232437158575893714579484249 52454266895225337757882334818946122799285274148676566856418222718735
5396131173988485523376996459618429713531 12138948678563427
57117859648747413765471755576 37984798875799825476836583
46897366193269813461785 5
49414762247193169581 29829582458768826339792
5359529767241 8339816184256415358
241415191744737139217264538236753389982221613297819745473856 138978595172454837154136965718684
84766717652748971151256258866447685297651528389131653655885283754675374 463622586788761644536625897395214626693
759954654882793813897717162291653244228347872445387311741428229 13919958832217999678383372975219558515
12362487497566745324712227345818461317852233388234647 976126436766422284891343489823536
2 38458755738773544746963844637117382836416676369649485837479361828485624817139243647184197
9247826983588151331127462544137133598533414914994429216655349261 374388447399836596566319239231466886879182323686813611422491629792358279551979911
4126535571584342529595259895453877854739477756593931689377128829891947371125547723 58515785893
6633853371234814831681755366744189941892833922936188655653491998736491972522977927492781 11
345 6633141616731454857294446
4331343967237885424462327525325873798768283363749869565751614276 95374
227726831322294144135668622523421353846813728792437 292178325611929399544242439156946298749217911271766129119232749
7571844855358853999598922412913288126182688833534643621 5499957235661174935123331677888333769429283524552529392911371657594439865233726262797191837565515
4274893575844223412293398573514235671169547252496148742595688934564253192664324649379582 681384255341385379224363473171422268921544723359926661277753931924579
255294412626983966842875287264691941312315343838119923113239 7923122473
51754734732746482878667682247349 447698464167684219781583443975867148936242232845453431115967891386985666184988752267
95832439242399521434145181643165755741155 287269495353985692936975361964149459
4439562613184884187678497596927931783548291755679754294278 1481738349856828481356661948295513572991971191742222786
462683 8145529366682247485819247466662454115547281676961433858389924266556139912481
13986897153327586349823794838894387468166249819762811811772223613 5238591613331993234391881152789116824919517574956647785357626546626944211488944766471951769973256697
46 11956816646433
9985252985 64676986537979114548285319625
7552783691384359632459173481868893781617 3714575263755343466523766233575246485683139755617917
7282481916141458375368188397146174312327176282513729255746313284114248813992714578 93427612952593725233294441625474488526629871687721529259376786152756976851487896519961298478323
7225278111538628281677792421781224148944816533388 2177
6563458852681653179831677938393522515517647574999563775454251298319752162596797165924285 5581396483696647818139648135431553333262961539396522682848346834339284667563388555979538943357672439
71147844438222731568833477852434936642 333922949488243346363784397346181924312184894886867496317749578148652877826
2942743869153348622161324738794638694429 532643759617183688346993528494424626847452239812364368756559496874298644892462879364
464 8739317849342978567864
2541685472 3137547
35977195881512444779985563529449572678945658871926487934196258 516435314129433726946349422295919499856353756593876447164176865596411914989655645893962923986459
692646818227911178537281253977577524681394745364233298937294216596622461765131333699442135611771755 2698358638929933788
15199288591795261339882737678531627639228359823812894267511731164359918154449184676813259443887419 66979152682114298523994495925214271666868918914217179445544514283881962369737716297
67173487172132213756975584672844737781829687264315891841485671942535368223646286564 1987758968535734651341629656319467471342724196666225562947728199515888311544335396
9925677371916577 49568833812274937299876942732191537342226961146864376274
588374353374323196339 5735422926315698573548459657948193195631718483433757335386756236684182329
2662175567837511676722269561147346391268949 542994651951288551784434284
1489394675523965641944198729574689355172283266545613579519916634 54374368896629442
577886673827381384878587794667357534135692826217296358287619883971537628 99853335125683315399482946582624745679259397435
232598868998132396649576428517692383122451773 55827841189977671348982422864413325487758787281353222
82176431374111385263675239844643 264372232859
93131928341461865475546513519898497994161617324683186237966425878146822735558518181 8343861683278
386844769236166679567514513251592329865221545753682185654651641573723449884896636769 791683637285373636135357
162242117698971614296459895618624933214182761873747861678551 69748393586298
688793745191769331641729455764488 339346711772439231425697811614
62577231392171616188993746117652921929662465433758265825739163984562396563619316445841514288 29462537288814445385323935
8475721995191537324196463443 8944932612669618219629332112945
5993888692753269117328354943441964214294126378318461 771923855624547954683338517479841169832396842
32443426779166369248676799591599619653287343421292227874 321133566615432389522133142628156298517282959277127453257787871456527839744579294222782958898163641
1115194542228396869559422186951442843633622267866359175179799312175264765368668199485 41992215141861745754345436279346714728319262121694411275457268772786362349853625
37421847974 868399458665794861442383776543657152795655581789194199756438413684697795958213524487488
9138674463166125699811416874354393538118575273468578633176 15235393381189151317721899141655114356348538941584216118818619747446781653573319
678154167798938548588577874911492945 82
121871632115446775323468741292975225866887218798357998485595513553335379334473265227655723812457 456478332472915997546785868359
582517573524297543353154354325259 8622874712944459723914824315581621854286991655542943219221452211819884112567957394124711362969281711
54721124254831927284613134137799214957314382821221699213541 749842588962452958117171845287986339192659563278547331413681812135545987539
8376521567968451751838846843882117514417134886126 67168134727347555423996583372984796533589237813718762921
99332579798387684975915162193718259 783521196281124793775531273122545917858574275788588627
2731822216475221332482694993621 663542152599571664945565979334124221847634457226123
9858256398968646476864751251628766398 78464913372966568
89228845715383938582357434234218863745798759398992479767595571577398218714885472444186451 1472339862348213589487667551948419926961229
4981929722459589173285216 66954981893245843317992
9 87925
4425136878214727591777854769428315624 342471811551862529798469577977191175561758534955527753229744673579124986687844719132
694671564495477129984857718829979682425119271774531213538669985553585444186246716849895 186132242721829292583231994199884524159526
85777375521115336886821844858717719755596292687297798954291769465998449 216859347144649488898459462144489157367811566498185375581799535842946937854168471366
15815113 2525689881646595752174164667585748975842177848571489469917573744373718
712595787951544271242244377745268753161817649471 344377417775251229838716456636
26625794229462545246396686259422724441375354259865588414722268131515878695669986182546 31229254119866488712797337959159719157759954212935
855684526894258376545661282757317996655456944674632816981927 16567326766526962224161262761797723888816737356171827896665665583
238393131422531895788457929874562991558587557263657335483721954 467267891214385729635987538936393678549
7273558592519574329 77689566768444318654941958995923995311724887233928549678
95742547944994575237353413212592336734592778448964824574764939873252713179464543461668797119547354 28529557262855557762
5145742969559368161899329626489689472436347425341 366111257254648693144999416576279828538159
826524361847317452444443281119374744197494239318639 7345748
62672141185791 648837552223164521485277755634257616249561
6352558597747331715587136365664417678539435823747231494878186838923939841112412697679414746931 2737785389184477724583313925691247817619722
996781775244758494786144225963865393719154835 11797193396375259122837463595293527333295536755581966183186777646154
399646951955377694675462334123841734326293 57
451171669627462798612442484355876938443433 9815291197288639696326
62954593728744773712658519952563454143573668382584216474564146327 6249838248463433369514585449483742194897148351853457
727742859699291969178396293496711964546263724 2812859479728334698522189696358339191893498142633865723648547177365574772148152461672643958676742583
926858312596274449467743841685556542864124372763369631865 3566866357287952192292741618859499245975952417586475263512711533676168329413959517
843653152548791254274322346942 455385686629781813523121453565389
7318764214513587564427299159645526258392745357881223 85571649588745123881316716911877378517675714254725333238852733755871774
846814521645887221376772529465332697537121673716622229773549482932499199 86752484229396233653926377751716339788133394127737639854
31784989183 659562861713256943817978268384596723121768115195549657796135994453749
3655572154947263745692812477383166979346383597948458745996336713383445421435621 454919617391255146898525236318752342
3874317876678641513186717268449171536885674537251563937284486223322431419224915424 7554785159196699711731711628792927
87185811378644569682671221663334218889186277 32559545174129624546646365241176159531899431
2199155562586625822318818282 389975296647972422484451179522156854433133466365143626733897584425927115
99865283839154749241972156439334436196573739592792175174693846567393171311445251227826688821893 568335792473685349979366245923198152278168626125
2398631 9754767169294746946987645437255831687168511992449419542554116656179239823692
219156172316523328829458754851737321189549734 41367587551924618819387214794846313829278
8755634765437824414217686534264798268292788154251688562535326273645282369735416114978453155371214 83127833417339885293526275
4334671263216199934438588494619713423638262464428677469359332497337813267472917368614 324355323971262267361672957132848297869564413712211581294632699726644934453536387533462172915171
3682877515845635727518127 1674489652686281616425557682374567426194551626917613391133888797382244462639275168999
7526936696684754483275589897972478814487181289835 132798
899129331841431198688647239683812944578144857796614792653 414729978115842839218634334853591388639176556188656741641348445622919
441257762521822724192253782262224787188731169526979 332477619364478979
3724125368442964366573952951592443429892321373696723227359346998569394382392351843195881 31985282533896747196973549256699639437271756668
294478638323193717913993126373868141841627541942371766625768118136147123869151362444 4992544978183176738148699671189174691711722734477271582648726187889
9191455199478385738799882519199819331285225515177217 6442164126579898373568851
64619791936699164245455299 4536221638
71794296472683384686347533395488913381433 9512991748545873684272158255842441685396536967
51 5425379459529171
1161245893728227699375468262367639621 43345968613495284971966387353274395166514932992324259
5262986973858182917479149712955718793881287422162456644955764313928959477187816111315386375599 62914895764368822452274161625317656452287732641617912519841181812767636843393912627864821385163223
16799851359436398143127375967881673 53952877553766161983597443211385433121
544979564435188776284648475869834816933684 7497189124867425845238896716164283217332643371875761434385
5659245277378792427595568492381773134511529596281789934384828466716778711853843619517395477369875 56752538454718841298555775859
1867746996513368794776758122986521241318149955 141391115318636823658254444678264224326527184625319451141
17413484 48721337452649548769885129366478172367935692975455484943245799627667
653898665425657293464327585443461468238722467426534177459456875431387181 9383957238689463416599584928184171267544949823443843518
48 637223945931816
8623875529467458454159 582157321836464951324312212589743952923775816461844342523935232658654618219
6269361165767976299216744297353479 85348797279731126369662778898877452711367942641195959698263198249
534 931162594966572177239167548763934264726296217138658528355315991768695862758939852551977
9587549794911633288889588618143612188 2758172827465154743632649838665183329
856662858698235371291741 943814492914867354511
996464833458589886923481934624874139382729316421325671453227825458668932947927738 2327756253645787836111468898283667557726
31145346712238231739844719558966977575713554793535127386318981134188181189391494816547226968 375461845643765754227677833139814577448484822562127849157
5828235925778521815461669919819394963112976473549311283349299415541328911186143196187175565131 619132688798369437379113174447445918838656124646887219232567826622228738165747951625281155159
93497427699674349739999979658524798 1433583439246949617381417576598157656717846234513147746957826966353844532772577241455388
63439237858 262889311441643871876138432314496339642431658126125292331912314129939236119378
29369211574112392944532136149524361692583652657252498187797113445175297988648339554164543377 891726493373642148
846319229311795949426667399823483726782942396152371864939351625342367744932997262498346849347725 6874629948657956471289296256625534851782287867541979338215365521864836123823766584447456
749566772377475961136696663668172269 345575538326116696
624862772 71269753914156244667346532597475369582451988266944771664928296911373187338144
48687996764214345441482749134721836367719534365273229263782647924779117 86925736438966528135452349277
3716374437138422589227399146221549588467686412 973
759582527294685486383596345938657523477832659426578711454178552198996 5324273689625315918378284383684235594717318715288
7761664333896267652554168832982232 87269962915273685647848833597728234591651223552193497681287614
9498175926423215382231554265238447193686574639543387949 622776713632264562134411497589741423553594747582467762822635956392385337369575554366522713546146
611787167193938499287142233858246771377718538678545149335686553455329 845821285916289125147696612689793717536716414129421812253833766768381
553863 7129359659641325831996559649529418427177512674
4 1125768424298873896299449976681546773
35483 59698
6319116872949953776613982176865252373654675395659488941547747966856875732492219858151891431 9517694879574891236939595265268291912139847665658531914827438175454
41526244313171333357447991873194264688624595931621212113766936984282 1136444316951898278437659127848164717662648466559928856321562713497475679343936544364
7147915984558913818495285822998726751628199916774 135772942568154112514176616482228367273441442696
13378739817444455131923366938732217315289424947349814814 6596253889124159525858357923925175
38198166419898121736965296522592816739788624123466137777711613673341776442725642381444 755687887185766181167455975536287377952789163533551524852861735241454951436655794444722226149642292
589679836863785522975927742386297691947277931557948941161529271184781963759 4858576324284346528581857197867916664141754455528194193979934239
667843265428741647346657525662 972989121423193759425928221718
339116816921361726917399495518385498177289611996337697829612873536283165 417
122534856854813616723481469993699147727385481529922678 513817735577163843328362446786245548325248477342391
138674532911298335444832924642842841331775198145 4613627977442555167829259593711886625172811228486349144933836129529821
2434989662333587338135798253226 1815436565216138138949428
8489665878834157791255713246195431948127237174671978587745166793932218156214612 4739499777756851256966652481853151488788924597586695114415462816896959941225835242756582784565181
8754961314581437559699497926925953286683493395327616696158925 529355933594799219486263625753998777886619523285512181789
44628292197264711985811398866816188593874619454342687234258811537367366221843978886331148926318245 483215371272445491565569837872714513958289789863545511114777435846324889299498538184849672145845
538884923665227289974834371475929963446484766388262867221467111761377851822832319128476796169474 154264763735378432867411545923159797373146524839422938419625
1424817146248823679576112818189136828498675677151683687349897137418 8545851373735217438173822151895849827296899568372993352188821312346473436
6354364114655719475984882653177429718332148299456 2899322
18682696194617616987694483299717848848368888158729865874811235449611174886983255785676 4185327692583478799923726581252472
7646743559514914943529187841626796193369 7683335153557268648526743446941487522926392218683187
91977 5214549598632131
5 393698979366375944819266455777815399269
91946111 7831592265647959324428534932862739597154713929871
75739598161421884868551739862265244747731542349287491192533627453493 414737539788179914491411167436128177723954691966993611644159851623
9568268365462934165437317631837963665344 4818175984542124735591927958326561421277236454485188533636271126347421
3 61579527116331937566646766
11389363378975652282653717255599571169299275 28664349467712648897954517325128819462662195225393559114788395528482459152771219566
12353559969772351969299541667356 7895411745224975949321
33 256997392781235552457338462387862673577244282
95896622499722325376252223885217 2396245162988752665537212215563811875832921878582648468238198958931231689946
46639253263653541293593791462655729 22812764376524145812342234575498478148446247197379699543789319213256617355573143483
8665461157556652973227118244518141421544497784614284131295355656315795 312694475868526484837972586569143199
75264555837919497 2621317578877461689333757246314369292322676359785934593
1635655129585329 4749814146692884246373946784634392681729
593332841731296893588439923974817954228632289713663144972715648631377337468617662398819 89629443343718686752749946347635342159951212647883297621524566212577198596388693395315752658199596
816 923639956481345524117858319966795171692782152
211165869893826738821566 74372646896536614994792838535838366541394459987516655276121869635166636485226382623
55658188241186656781271655929145662636853548326468793 82282524184936665823344414
649317293782963125659122792851671252716139895484888851283553442918799867652393217244218817452 94874253275151675822239
9924855876923226739415914339389855618217261714598895527339384991362 433243164913496716
466719658422488521295433277243443622 6586996236748218131346869816912146634562261176943319646596812939
19853577733236887255775769395923138694852858495145249326327986212162545893646245124145667 83362748746222415975122712489615534356248923823
495 33
6594685671335872634455368938319216855953199341698345 56917643593237786763384925667
9485484862274867319389241145883987233579725448169945711146997996797222225688186714187135878144 421739457567
7 4914665552415888667231649248974481346254863338
58471247632926353751948534566179 347253367925169711969662348796227614891238311132119587445483241257713676838676313976868571187395
35432195548831939267522469641148863114265559257826283856451 1363813322292565664274812857417258166447377621793161882381341745376762465976272169
169883599422643723494678123389224199912151278157492719478846287531157995922684781684672547967463395 1437585738996866872881293614383911811828789236122433245
7832492481574331816553317614578343166141327718712723815413651 7278743
221 396632488379961358734297227261436967566142685823713188433699924915655983345774683637313343995171961
4791374646186425164212411561668542353341277525342725826168 87249593482921519271241147225735476869414978272
759227769638771977348656784331542822 54641861187264126778554559441
284351185725 788727962925221273641662
891631418298849368991392799878113985972719194839351129769833679321295977991374 2572564285857584426153426
74735865457886 1589641741593798517119479693474557881331369
84994414169138297 9768627697222147
9346565515763452575547117865313763111145623331142122461546755644656 92528325891536749356936874653618821218175
8915618672316765475949276589299911748179343245553299643536984535332915596877341 67262585536633744659578365392278677929828563781111416378244411
8168439545854562172377512194557528413331593994295 3523633555455215845994165543414587359
47522553818756516 928626921776484562274955727371394346399168837973
475659687672987623698518 74456793827643229153186664796213593271448335954631141793736
9742738966395126438649325541444637474254977983867889671557331338517622448 76375784498598819265265398737579958316666188835769767234438274251981
368389657285493581814743348218112361731678937163245265566984296339993698952665462832128895163912 958
2636465483197613662494769458245651336233377719733674361812378195886397692 82388492416916244887929593564463971668562963842135624633396267
88618382726619357518427634686433416941525115 71578269568318856529451513732551413567482767616873794312412244875524898219542113353819281
741715255558749557364837838883177896215675538725799623273868321353896541447 49876431513523795176863611958141713311196357835439477499254412975633493627454
7 268549849333269942376555941924759236578691795191153664399574521233275435389796666682859629259864968
661492294497995568282744612767741315217771 6416373585795491473377782436731591347935538674142716255596
497852677155344716614437415186284834686266175765974867627462263654871763 7674248932317551655844728944914
6229337656162384712867 51466399849826921168849294265391811499845221979647751241244218773824729167815133217673441821
93177865846795554252998745989499433648165987382364131537831694288884988265231 31214554669985913568531217
69587487257359974218814494258398224 64422536754375294224146561663134312421836942559424217379688795275172184675343577872
39122882428324271814282476591874514451731561642862188848426946237727 37518375158883296111263146732435215873874515623752663694376996896622159173328819527435441153693833
4232243978132386662346446425 3811492768455753427796688421496387914415914229773431896
37265721737944 7979953412656839927935168555944
41 1989477946614879189784757495447921117697588649554366964221769286585974654653133591
63659666748391277321795671931472766131211646356519883541 5389142556452755418654
18818386268166629385586913661839742212942643577783866988 5154938678994172466197513215564214194437766296435784197916446955671546446456
8656184528281292666246967447376991255916741945949593277411762895934376295962799846945416 2724745694457173733578595884339871964465622675948318244113923944124288232267574
829326678286648546569586598847789245828588354154737124275111467319756627469977295 6481278413
918 6338342446268724894516375918649569797452226635555544276192467814
32897258553637 855642681435789414311432376369754987435934626789526413286117441131285123859457236971879873853294
3124178676664134716221239547746756385767931544952731124925367214942545328273577884158628523 51552594631748551219363721414651
37228314811741395386857412496223728173361871917221977726837261954684913531734533873381139 91756247388
3149794571847661314611226 919377323445175585535824164996835148386389745466787434563986814727127465425526875529653945464143856
7751622948792979834728472594536632682757719441733 6479318
546926353571826182261729763895739992292971348757457 6367138632723385852917934145944544742474696585572717969759931776829689614179758382121779691389528451
96374189478698558941852971181236469471354238822337995 1945156148818171266385691931911497995618638843298831494146586887256316833841744751768543433
37576486826362513486 4223876811885818924826668912598
5563713494361519269625893984792324866417466793195773794 547876416982299392422
813114984543624723761432191 93984221175198188256445217456895268711629367
76865524795868412246429219547754434325825954179299113767753 64968925212877251545646573546394394768595962623349744
4611658648673898923399793336818531184263777235798595691475451313654343884665588649477265862 79412222
319775522764778374188567343592 92967245475889522335972567813646679383338821854322968121554974644549922897
67418481827432125377712122164526381557155476947563975187189959986656568549239 6756394151929359863396437317838219155128133912522955168485
3871894849621334395778978384849115613662579977861374783738895984127184854757744849693349546861992 1466447266293626
24335916358835112573 151663259771436252
45398158669517675433646985763855 48485623564799962363356819598
4888224277397888435248782657471218379532712455697776249139875775124695715343 38917837285622288885932811773171462681392846849633713171236581
1971962725446471722755745387332777127361448774261722585934777 46758828261143832982179555189864422737973661352356
247672989778383641421442196845478845142281662562219864276616292523351351587843535182749863272 367741158738923816229989819256165318465235234383843397672526295272
8999836319266526934 23244835433347768451685971435954341267178285916533912161859167133371
93722167972 728359188968418781369494835397
138366956962837458139287553634761261422314141732474693645786173185267 3589691664567737158482593175368687929164433216317366167176594747398877793939182993253
46964232839983696854548413332664 6868882889122257479155999575326925566943874649163865149433913712541978469
297154911473371278 8567
3316278158711413181778822352819249239326678123849191587169243154338628916957 9479286294691141683643593952245821742824867736833179959
912668653157661591258427678271193822199988298583897737392866786374435891916422 5488948
19891725672 26372983
3859 8385268469521453824463835297275181247614819979151621579249
43117548648968864886712667769657836421 7368417115524656127283457171537962981
96584 54671885443166414871287478949923859362283681
28969961225481485973249835755559353415399271521122598 7415793971635485598887443254992524815696248949779422614559615982576614542142
86219828423932331255181483967676496475328866428629616131122479953747166757573918842276966362766132 23331937534311675165722795358581816566587613649939259297574941544976317
61433649326571189251433842173 4325393492253638749772167327389555959245986
744762723712234132716926641756827983755 73233857221889272528685695837894468823214773763247264555146589994477877197484447158169
644127563948686833422654459521357611 22721976149534863894
4147497351842163379834874273196518598737963 9797557562878424425693554124
66892273969179159799871415378743927265177316496533938374743261538782473 4236661654252912496531571314333514498996758336465918646333298
791576532269226629469666853 264813249978248255612281359274319712539184224589766497183387858378435527
765232963349698473546452345194552336964637922985927764855777387899597931657996219249612812793881512 293388363149932
2779622242232497387384817641564548526853689986515463712842283844936 59834116417271356597913279266322726196491578
225623144624776167379792963185226179482686821552514983627945663826568459797913 5459238333192374525436822513651667624767347889
26571659523762325169562425742877694586554412221532889977629951582856972219969269721121191979 3396246374865884778468837661799196194234196592661285339755957419714686961216934
99734581295354558751974 46989247346
645316847343436374 232768884138631457925991568459462542738436586681342858584591296519692177922521428
183665 867444425567296889232365931857541413869766233363445452422383682883968854316593
1369155145912528 753964683849234538781166432558468539456994976846133386264972148638955684754837
918141428383992659638743348756798715545968537194127225771723747657188986369644 79324791177571694891792219793822924
395745344255 7118341362753615618731323854879
85995362672456859443773513 482138324338946835135641369552175544356358126
2446697552213119462127789779875839289732997435923698953 93819942478682772368575447353659394227316529179727872
8175722295279665297886835569419874224 6919684284179696699434141713831613681543123511636462164435531283
9 2933928357334967424258499996964676436425825897814478651313847554976619943173541953545983743529688624
8654174948265342261591469641 963289434678815822474579651636925421717243987876694994247985327524887819663419498587544594751253157
317976989315723267116813861783717119735853425285627627146443571547523357847247467 1517562561747646135248164278664618693538257
6877681371729824283772735526632976757335986694495482315819333292789 699
4715594873654869526633657361634366668531454691676184759829596185563878387949638214645958258144 796913758299276
789389263563983175486521717413563838911152528914283941833146247465683 658977977299522746365671262337289852988
315985479485155858286929154917329858965485448945217991573718947788787189 83926981644875186216789
86326252877961862499853798921779 774856689522139891211595482235552397597839722972594951481259346
77927127885249732125156794 8421667895195619455884563745677334951376524981627319288
88289297716831123142651719281962291343142 424432658866617932267629557965144161524486288399184738141791482669871
99928747248378497248636133388592833692572337925639264175119161817213 84156983765867498617388819164389157657912981
342529264944126946849678457664969785434491912898543353679811245916948195784356179735581 6937399577444562873425794422861738577749774512528846631469965971479978826578415792755
4648787999143 35747984494351459256597689728172722696774442557436469729198596954984
3748929367619227141272678691136683451415869775724217886399745379917183823782128263256778 57675712297471527999754111282386831344727
612668687262771639199731131359222441724269845 7888268189773272892735245721762461754351416515245841565936329528663367543349957668529866775867913
88841832295177493633397799861758718977561539825295368666826765959457874222199371 94951283822277784396513689569295579216667135489
91126178646398446197984912573699188513591689639589947488176246874911339469462571316446733844138842 52175148373265453896338549259373541978
27334937124643391649327954581315487538 72284796125289175228143317565386932826
5953254951988884775475937824451627781869 91761839497215321941422566298424333289716242186619563969767225723658535175596769688926352
9462193837591689313951268365566196217712764821142122724787341787661 3313429749973226471951734332975842589275761136195853295668214
1418486776236533961534875649542367644974959469 424123948966577267362
1471823527147821732316932851282313399477916774654736658749921 11515611962165
85336715131666467226253939617514147679828141258858116 736167613719683472628977593919422732866773559445529979845576894271525159777542486
86131985939938833689263927662875153786619257992842658551153264223284999212948763121135951598874 511216151287188224334945233293257289976575193155558319592712616
84348971713354365766397241 478779834658552366674627565554698718473587
58518786172565353321147723117684144156 64832542683
6414195736299572614255 72597274945626428748253957143639157929
3399775435711215338114884818868851186 2425532386746776644458978381315721595537342792542423671564683337681389145427731544562454876676495
77111455216897876848388353397862998252247178298356712232884593699545957951328554 25869647
4689652352814894551719965726194764889765313975322261889528492591822462213336957415488593819538737211 1686482863499632475898513111753569757825626543493864196399714512345735434244537933594482343686889
4829873721223738918234315774639916642479135294678559169854919134568766326 441492887889541553258293793726366
8197425836277968172438149531265456385486279 59883836486298339526713
449614658296312 769166471971667761323897413955448999754788918527419759576417315548771229319978
49186327755648146944554846645281974287374348899128938684517413134114782599 3124443854436796467966287155915189417668781819
83289497917891492822279876913 67529888649881281755824661878669148732217188672776152875167357745991657464465347143136454615156
427776898212869986596954975212532993336764456898897984392818437975783396913139789956392354975668 19956489221936166729825889453978588
637683543625587667968765738561759372583412 8
72396338698857719136918438118721741758976468599656795178412158378821616354577221989733296454 718962874248611252188936575655435547899565464486482927364946935399438695589411313827649
135942424186674315647899178827269353799311875749952816577965999891384956 62188678333851298869665512996732553278933176263776445368852719619886167892961241672
92616596491897632434986359185557358194223844358962165561187658683778282236949914764228179998 8542148314316463477958218271158991116834445532
265755859194884654765 51412
8235673746433787678515827251261692227948156141 41495989826224852689626366339489949997299329522654258478876621866758499615753695664189599524741
8843219882915825383475723555994229236198261968294335957693399118198 856426374889362511335864351597758439124645751
6832991493554986145889617524419622276472876222 61382865912266141739213316129481627393734292613577819268221419248783871
278532382123391838732247351641257959282695982579 3314843215941248896499996749866661135156
19625978857832145196761244474746544615417299828387975216558857723975315786839245938767696659889 537222864375653
26872659687457 74599926684971664256834318291494687764989724498681363193457219797226118
45346671771816693715424157 629348523525616614447598382927
236287215813216382982917181923941513663663229951596 84253621611951983219
3169 2979
47627478718155993778626158197767314 7864789934822166542781434768383339635831613376396
8357822942497271158855267892844191153 824864263353549992284127948926647343726829387955411294488766371581796485877164537711994971
876977868217649879857517178252944866632549957249 574346832257241474499
43415495836832584255133589895 73831466325356622467375438322594523154831578189793781241449724545335295317913553875367633
12255858168812768624172686548383831448764117684 164526
9546738567697685918267562955734781384392139892967447345314787318525172317544631324486454 77987661315764899232569358374615724426828652648182533679295295698323866146251541749156834753
6481594851588995196476 82776235214244865244
3739664137414462191714447255335288153125493268 1235334416232563641299685417868
49183163435751676579933858682825613964758148574115712184 9991167
4 17292895299494577628146973644
54794572623184922374598117313861 2589194938631751389134848462648737514263913164432951
195868296552562132219135515114864484781118954574516248276184872536121355283857348585 65988973875332427579567676832332189639873313982561354129859344811497959
956157882296269681273846582251734345868943 911933871391994378998684885446483163539321229
1681162578597959219189 5144879832573191425469248462582469354731535352954776454832126929759158693758669358986373961317617
9919262566862685559947 769365587154393282312152729738729263316541466384774728817333592682
56254795981564556388971453773531471411488916277641 6314766245117883467945185436
22631752814732779877635377 45
463557539123126418756375129548844467855411297945478644198269567325 9719167462592297765864991617879743423583951334761627643663
8315428818215326122216288454945525653492794879474191528899319 51256533972457167119
8634584479579 3274
255378312293215178517813381671576298829738195 921955194991895354297377541917952818
761941222485474644889326864584798719741459117339991615861619378 9397463562465396119351343797764971615377875794233268712767383664394718
1354884435193478223136756814623253822334264335616214658363 98654989177625762667411299469487448825691328972123
26666949653768977272199389546757156277565 867867138828495665567767718525139278797798
3247791734386376351668226513279527952894566389818815462914133927381756 6242465151517153456594468428
733624791369921826947793264565834352494258 1893511822336872991281741441869474255161341313696
32952774228823 657172433222437998765271539443829669974622658219
33763765538441724197685892965258744718249241941618734256 675926728262539146118631225449
658254862942883243446786262257257529244736887232141284 1131362745677983961463946396
67292859318426637611815156 965636314575743489642154727952463268
274117426857828855537711844946278374464235 2421857359349135525158665965918966836287338172932861216469162139289225871
237356558564954322994 648
2433928765983875121353817262266949311589791299552672768483943433716 16768373194837886384248359733563756195
3828971818191689579131536318894274172119831 4844142261366
537289966696775692379467833449 5765644115678281729858651821352831171579483735913
1989 656135963295778694535231212162466878643235
2663381133449316224277241 734866147357616294951458639333418497
97994561189181214724863255544376 295883935457829
39389995881763762282974241142559468 918763713919829284878564571159792533777416171583823957599829535878493321893
443617624471188613 2571848845637198834618454731684161439557819631747624
57176279367912862882968573996972862114484688887772781 86775322124234452942881397982
314147428863196721788932561 82329242812189471371666287676986127544
21783386994639915561264299164126761271174638814766226234315973661844134446352383 226165213136413488947189962271887714467265679274452
675716162773857548887596839241393223766655477317297931578334849537661718394152681137978414571831458 661462139759815827
225947238847478761152259266676989432878721876993331 52512466925
568494913325325737223878 665591543827974265742649
2417622164511577 664911358698654569622828932817731964915261926588868256817
44153768834585689625245 576199225677341893729797593774828222147398714562883123167
2866358463131812284366428235599768418344546149928 6686924853289
86763845424258592997588127861675924916279485566653487638952339124677229723975 856593548654841279626
342224475774617519345216 2794582263659693328272122627932791454913623387941636189165
334 522132926978249941
579782228746324437274121442261777395712542122617326563349775265252423129556 937846777115385751777576826414751383154412271286668494893953363228811
1731828651 5171917181385731746469412788368271652275416241868614796293412388224481118289517456713584
