292
226367313816974778717777529279489368582326533883113916 164232
85389752433 279741421274348256995782398989472164341693777658723546
115471254291 8596831763361879518532218795826594532164888468351744874197198431448
1 238361944255459
199713365239 8545146647725859561183794194313296167862778856657
41467846728175 19142373727323741413782264698197483686961
63393534295283869258737333891438429616717625963288716937821813549496527694353 751552343467866174684258313944778292
57668698159761316515389291128669181914845612195765324774427 5544956787726887941852589979462858315173182859226822967544875398531293679861
1589211196316725785881879149292416929471512499426776 66941454573886895125327928134
631635145315247 298199959963368438963587499533287779643125339717
9535752741193479937878742761957215 1711842923763374183548
8414237835781824237962888459235918416581919579 3494985343748571254642167484981227612594911825233984329762954831554175298375875
13361562 7598339928315842598978714365917977731616638791895335639488818771153438795557872
7268799589887753139388666856893495729 83956497354142398476215254483434566241481228393182559577148472727516959557116787776614359
44829711291267422829291663 3353428288213647193429359541968418594198597353163316369996817579824994863375
45657122294967445 96454781114936251832411179938514725489571376821659841683286277728765296372584989226169726996
1147857661946513391792579593865648913383576892 8999624916189486979748221969419577
3693922996981144617755674352876685615958139933641156927 7977137975368723524875395469418234
8496288177866812739474189733 3721363992677596
8768482695 611762543955329536448988917797822577648396881635328987812627464777441755471381174788655695696
65553791326767228659892641493318982782794141829859479341858664957667472629463528198534154372556 565722837497378921183282257127784512636141767364953458345995332156337682892818625955231827762372
449777632183814886856115965648643794156197376548 6823237421366156174172883231969861843348668565
377183382184148792526255995452412464183957126224612196713718286496315731284447926476544778357 17654914949478585633431973288127894948913346381486819677338992816369811399732964856952748963695
4877433459145521194414963692 9852561221394377
4165825932184113763719632235913223351746572245885 2894914528428491
5346927625254826258398178713245115 46683723583786693246551632174986893228
6949826427337624692325 43869974465923571195445466
58833426612729618 8985
42513538391124689532339143328389527511789397188596134158932521623127 888376162565567587473533169433535966577146351486714353542288236519
1148411188644332828386553168523513894983343299893699583325629787755996355 71598355995429193263925529944761467338253723117616471831237219781447522462971947
59691117447832987977823427166431569559149269418989328736641 248137581556414135164128521488727746756384
74882315647772123891585625687518666141493462822987474261745767454693134 5399541616788414552748272685115884348528553279711518462822332813174989
8851869 28357449345163184276134514245246192934747947478329413715275876715636163562874697764276476192
3487256224377597456554425629561631675992765988264549562318 39893271412148734262
28268387843168465861982834131413631322112727632625875 57
877945346685934899531695321312649499697825719619 61391968947516423891118244451328328146741214865823961713626511141325434253383813
471591877974617299882847127742582127771282646347813 1997226789999299282863517688734667871312227555195858718613397778684522655183549636994
71594332724278448115465879896878497215264 86817377897516639671412756774149632654631558393432381948712946685984339982499955
96187757295741191633 948579337
2736699618623797215871635188692694462482155412964814965673354217294611 66361125126588341136539154555161169812821734951955578299727283654482532681299153275917
8222161465567695264279693389431179394469247361755497747367226775667586652391991389425 25349684339739728796269611415
8296899541233283367252985225765839659817975947784156753979854452849263281844773355652156714839192 83637996211836345735175169433917798955871175896714223948828777661726426
969286612437397233223166157549955263553875534534368174579964859523811434387979921744182341971292 1263674882882641867664595156253149788977934852361
68144996865393233528428537827436196 146664559795175648
361152749514325251795118488477524392931739812784398788675199552436238464394 7576877396248927727169464977125626491751549833488946769633673332644199424415675587478
9792481471947563187671328843284639994893923899523482635323124547856 142818792114819
1425111222168439869996797296453387927696536864393828978988424951394682715764417958 74375
12169326388698339916453 78518378172386838861274495734374192677125921
981572762 35197686525695166656886119715841655448
4998 7222228113499228468754524129649842618171786437177173282287447646717199354353864419536679799661446
5768487655937492739827524334567678147651583525812196651935331929568724654145851 9489883358981526772
53914238211654187546867388526317322399291745969715749644192996192973971318 877923559999759133495439815158344386321587826685445335151556759913489786971853921541945
51146839841876651855778531425758782494 7852472873457641938795871778387668311298414983922275218382661479683548796452842878791183876
46945832672145486 69255388983692767718284753342339955893984441647272558861259
98699213688886391 21824466732726777397937124456
491619947651485519665999188272354149117712479153179599458728722461785842 6894844467624589369824176471614946819857882653284124243189
53981118676977147739745294511517615164914718734445584798288152372816556 535549447189842667869614376442123445272429773
493738393677189643433853148526249299993961321132895116 66474137516674281168757924554299288129
672571824314498567765823548369661315378874886 243154773995275384624184212644655952219671161656647
67312273515629111 9675375574986158415894957976763683924843785459
72367945168198364855577142557613698919746182817367879291784168647939279257174363759 1865425393563835498234914187533859833346924327474122249176639762654933696
26116818314476972362991668835241361742915 9453631291499198783811621497556793392522327515722194124264494371263523564677289781591
781791382387267664 7236392846427227454183763659698977514779332271483566285331748187491296319114821936767724513
724263861598271336686472465934414216912994741255914879835546843819713291747633353322812365293666981 5632564571266549588366895274913812223281781784587215424
1169766382991 2982911955914969973718466733367629733139777276267542248
2215346972588219292152636274528332597469523418897358538234945 8159199892391532542333167832
5362589591528822814442888992797134749655851762611276 96513636537983499175199642
654111623429589887684916393967269274645215618714274476329214691648713947728584 182414818889416966613
268595874259826441442626621858341269397517988822828761779918767994799589281161924264 64997583892277881152775467223613286187148844344488915157281
83862565374469443 72957414744486326
68845697659228525652756159158814 22459289559
8858191238996175346912175757987238635151456859846 447493381577674387572166755794813525
394811342945554337995825883423626987636584371418983695188593661948343545614876452941 765295146213383339882341135439123444969773382197324332996235
257258328361163883583473528329382222279677195115613 13617289365689426241325643972384493885627257292232664835573824525778136246276942
5913 39537534697624881221235899777762262226163967692915643331587489987748995188214695168735
1289912756376914777618195679627934243475164871814519148631884337946176137845747742457475637 281828884854861615834479724879734549963625475342328516429286946322121951674463333983915
22817241162349623696348496196868689962982184776515695774975515131618832872786369945224133731175 4276124379313262791419611314754458366824
77663255558622175763314174378812754225 63179955419815858677795696469162995227744261727865353354
178375551718 1342447
95523125931766145 4998238536617929871521885947151996952189845469124758793774416974257627926884522366183289838
6274513195159374835 4285478976823421659846526542698926847717266159683139
6864411742458976855124899865312391396 114756831144125688175974231
9635535471994483687413392378877474999895652186868748265629457 2343833263623
95631591645412823344547852451469137282187171954153936879615763283668295334661569246447378964999433 88159365363898533827996969181114539642336
7664665933427822 336566714486982697
361753921234716521681236 981798243415563226463329466248571367433562279522829729394459281287525753767321663
843929984794998 44995677439619923674987424998
5554133426233584656448893312888624883821789857796139685222467365249397443849 2347323387334851
889855938765733953619132184751674771467382449376515371226742665592324255977129454764666292678927947 635832211595182768664735326226331761829351139645618382669373664667818931416
3722716923411925723826749354664434144273451993795199354772856134889599346215979698 34992576381455251459832661856243678367329934797241319397791155925886642
2485577679 7393165952738518935412862719591853386755981156366999295242241218518679851845788
48673319674155172 31522598185229947585745994384871632876341823478683537142868665817396223147317477889411783
7668519851259831581252185989375892892174796811437949983613976626734822573366444149 275741362944612412745657571185
52114294511223419697494921448122466983648651244415634745652971916443589 58295617683596317683517355797693231991373566372254697819583693898569947191748
45967941683374681257891144386977539229576843357133112191116452327165378 84481469437696427686842466399916325483472366863987248865971
34162694768261265152167523758344136175829349845617711857171998 117743328887969257452599312
2547381711697265558537261346533565185 883963688469148853446389181287
4626121623698223723494 9392295875228659167252668129787257642892778976644452143521686195639635327213857267
16889247751264227632496365 9348889738951721612113187114647892749852543419532639288749368817112812513439796548446512118
242299197883428921622282433755241365515129459675223784369927148518258289881896764176775377551341 36456
7643676117788959792741651233 3347188468652431279691866164563659811533382196165156148
35316291512113399511284143788718 616325188533314614766429375523143723384224537913548458637377974334926588997335672674
898676864665567364912911794528239717383889171283629933279616529346993796646176251742127838813357 33814913472
5663636422215148356838393141165985272638928 52152371797255918896637649149985437795589661841923483568487733
457759988232285655334391319843497853738274812686654181787881 8719343218325511796865824629912798843614384483136422855898359668943
665964455656765272243856211863477751419326393485426765356489533358969849742466563732437561 929422789667591582489751
58547417121448873383396179112766946765312832569827314765376755985133113666814245965436541549 34318887672986318115737963495413196357442815167887623796191267518
7467573815492948534761144723947371391993611657928632192349929957916416 1744682437697864282244382381968234422959538486
11826693822195982689623124974787762365 444275548276746333917755897593499256526859681382382377197
417743227932317452 5162926713635848581776341958279821
8855351 618284236682619254556579118826622454952375968675573689658583342484259478654898252154184841141864795
3844715687969667 683242731129418128657172834588585994
37437465882981419271555873233227877348653935651127775428415715686274232753229347267318195 895981147581485586161891891248389488516253393864276343979278532487776
238291765599534357225491161655984868319923248718475445385 39645721833762442517849168747435
5512153843358762573748225999892382312377131931135687224425967596359747223924755967245273 71685447722621546734241592344553172771892832221393198439
46281588248537276424636143197641393268932917676296425798228682546779178536185529928339996 683124187255782922184383467429
3756839753146192181332761622978672255917811199335526992 49251626428199716662421482594818268764757771322992151875536461634937764727852718148773966771629
23273717781211617498424 51475898711468898367769349472456693753722854977792691374553654582774699793624
3346327843572674496462945257555361767787 3713183339266723843771871547461481984342525711657897864736126665882523
99119697476464838874938254818269981432282577698415297 3822394257964321138337773712532
349511998676215624387987368219417433157576793538245894 3199651
55178172276667173331718467145688228257237985371312523346748144487357246641 18122392232448386255957335677835176642738916697219713861316391644239847516557522658572
1722419776471672797382259439965956186497348892761242589631125661345323535445945487884 771137332418458123871486576693766398849388
311982719855757464117933265974426758541922154639895423247667968186462715191651396612761972297872284 5
8437698994858355113721584862614634894491495653 92132446449256858289792644616647845383972368147668663172881227
31334747611138299377358427 24434381636552151272931835311374327692757148211158722373962626765789884
56747179672396938828428279122959288721 9175528459526329514298176858513647151875775539126433882261558589384952131368
276595561217957792215251876571935286623932123 8272227135624356557876947793
9582935265242867975737577535928128147467874487527637412958722267255318897235961813438641851499774982 4841626678182885944731238448365399778499552891167784559486998999633611235
4317588494824158913114237258552872657946579463655248922667553741487987713414128 975378318679227788348619485553384893927874134672
3511928697884822941471151693329547391224979992312595221989385435391869679666973782927 316589247773825173146634927745532278715659759376231736246894149959275652168314954957668438
71779917314524143445 618264195829823222611952566871821364853125477866379334982965858244168829427339
78467561126647563543626554412889728251221762339522 1739779456696259373572286911922625793277757549527395219955
88531464888718256252579593837289844558212361346664851498889373373136415197369272761568962734157245 57655676658648819351922155558513762157449388144113993561977316873284463
4344858793163868226322833955866244997971158841354626234761634644614918831381527956732662936 6821545894824486
77536874458827571884673358854559 293512755453169595684348397278637371949711
57414424326265438291381942779888666533495851668374469749415888348187576 6122488573271598163261124768245597979844324998112649748386487689398919274842971736735
33 967541
684515979974924262678986 479824823673614954532678421126756224521148449589816877381285462594391874995379154327
29291428762323986427745526443435437579479921967955623299939695266454389617 3746134171336728677433495318921
45812497818992155411236596779235677486281125216444662123 4562266658372725123228626845973543951131919134666523861783339116819489639558
88417983543161395624465889252318327348732784871535126635955 84374733416233119393584381442647545922317536871346861742249
586678747636295674951742582139 21556135234334952482682245635945948934732547346167
285252993686449828238554513612333842891165922 1731726961644936756858372248957668141162329776143911935591117357528947249722312174483965
7818358328798214447358882658772942618683636241568922985366478649387359195 53524617232683
1855394469556587997953515662918967917772744452838531699654934 52579761297273245661232428189527812631677689314917628764588865
2682641598835943671763953194914358312737952449613339 811756635488365365244959426588573398456529778895592242672466
2165827745823793658131194173 24214762189
2778494388627955135987831849269312572681162833764627171131993323684158818 9741351689287349697461939268572712676881437
751552788115959974224439144512532318759471899495271381678143741838822598179739 8397381519689797374316388435541
224489243285432614822617532653522375311441261 6762945575872137492674623256576453137618661767614179733744328513569621152266796921378754243412278253
972899773783346131896632924625552628996241228137228862586697994624169885286913163517969275 4832178774552498117952266
453917947783724469129735857673376967486346932775422918114791452317175841818936276282341797783937515 9122391358138337892782195332175758341143419217424517584242513782652798969128131524
3576725177713695614 861587943631786489816544127394646696768846831789423425358717
337655622683359643248932234235455587831581294 97355494993549738789218148514134637713
8372672865428557957693463792245736583481865933688376812133411941936882 1437925889138517947399631114433768234449548591226561691371738991328213988376718967732831431329
36938511214533116434984913714158752592243586659412418973341346974831483574341712229265235 6284453953687
964766474999231991412366866843184813597712824352242272153367995644916156326825674323 34733555533633183367767456241729355587288334218581866237891322624664659956112267929729661183412135
4663888781187419717943286942168833326575318253681575839656447153388234 33448448755345428978124723145194922
68624882254697599334848412528411639611233465284124168649128738329256677813227343 368161736357643736138476834738889999853429372383776117442272726417931159931358348778181419461
2787715229624249592976942358978711668679524333149194788162752819412516786152188959939857172685 159121223485466329492152
1594173864738187611589291256354384749299427114534953537 14734353534272913671945321397182417431271183259873631473
6966171442619667958529294763862986217145746866173824927475661312153881444485524943488458154948954158 11837795687925347
392584 435871866144669117812411525546788423576248345
58782751772731711418292378716778396662767 38219735245888486668419154
2725784329834437118235922749578527649749828122781252822944792699279581426442651582967322 46731468782592322422428174464915133447135548363218264937
699883777751459783536634746894976355258219131346769713532465839421411667741698467869182162921 38321759894177889295922345311859156334176397746
32274611561546214133397218844981222331343 7763592996877837437831312894676876884643552979419535
357459411826828232415914385956196636459231716756317455127891116327415 12158935137291316684125396
6383652571879381345228386146521873439717448638834855879441577384597916681748192522557233 3144615
3313888327821486695872234334148596584911919647189789581893312941413334897292 84228437136489241229151172565462261938858411537951181284136916286371112914495552293358194875198716
979932175985669553975774288154148 294154287497
2766313449175934442 471188811596599148873792342691141524181825366313821317457639886863292716
954361338958137529522591566896149985364395386511677356 67769115439328794866465526497536
858754745813778 668836
534538541924688527746936386956948134918691864217382716448879898421756564746978866691925977324285 3366546311642344
9333986751884459157844578379961 5439638953959599719747998391241582597559684387199844517967998148152299991156652238455764939299844
143973682233788856218694774166252194927998128968675658578323257973918882637969871498959381577 955869843781383619714542798534628851648
6322215563893236494476756867396858 9957216248784431866839274992263839369813812291365686364967139
2391684912573521981273 75155217439293569975941328715493142537569
58365699488546733898268 6625225734949275489199845555952532998672621559378266
1299733999295472835518923423813468276987167853644895372233256438468438461936187167891 851965198814
9877992733453243593933184481825418877625775798971267549247259873577644497 2227229464232517419414316745682738565874815679839743542
3381 33569726898488625584979639385857989592222542687675615457825898286
7322563591292296414 44213452753464172534588548361278123426664553987375
368734384777488175478243784225649988573238224734474919923575593633278622621238574177173797191 352265627538682519466354558357882693588724629561156715232964284431595959866473571251
7171332284281149484966428366829595114916123591827 62882396
55655987644768519933573657234349792357777132451273447785938437723483769954173818863658979391585133 35519959812415683
99811877383488528331969689599162989324 536282172741385432112668258482196763634552314138851562343795344152867232738626369425591688988
367688371564451379134736937487753959444626844264996816371895894722518635665428738849881893241445 9716734241228432913358846414
1622272291653987717586328631541411537836756248223198956592761249477962948671926465631252455 84313395997
3773923992796512962267684415922968798217294234533497721126251564942437932768457673 1993727972484698646154956261498663718952634713248171141277223417979931
9884225787467469224938122835442438845923642189826682411172121275913293953591189499443749196474985 6221432316795921258778211188734428633785774352995914164977161162967596835826436918484915256799878
13818274251123164386531418877642974799621191285699933424167633751139 25
5382147143921181256627924769434 54486543499653899738354256443838831832444113383828595356269934781971528
335151683238987592271969882748842813534939849662794228735672 16741711796628747565338552932454657182533191182118251573
18276995329495499873654615951524143967975221428146799 333283264791164996416571541
7619665213169514949749471368181689237386422246221381 89499722823544221857683596779114
316778585537125235541997593177555871481131443379672281176199295566947243766483631692824 89669534285328891191679277114967364989261972658792978766161
19685548633688429691 57694568971851238
6234935882666586318798822694342963368633798372364761166872568971865816558677574137884888969575 97629865556845966769698153446355875555931321546768771
435112912376427419311524639176321573495577871339153468772443582631 14989522337793863561642888619533988768844178334185
745626189757714947329878723324441821549869577332371753455612745725249478576653215557817353256441 19539379337584595345979277352222535844556769889789453368296371895854387
361342 5765224631178215584598261147575736411746412
284985211554526881757328958666929522278451653478665437257612557 7837565796147265232575731239264329453
5593 9489483146966187591637679462771891493672579983661842153544549654
65969147369383683124477115694368675851985335261286921575263214229476284364 8881975483746974732
78816251152961421749664773289191318555575578223425438995836941494471452 22874348452455479617621154919
662216364237133514749359664783897947728949647138691982754583857262 31776396719316
53514681274221866126862861817591542364738335428444269526369372252967267988777484855327276194 891354832546415823
335486998382134 667549492244144235335867
1563144118314138671773982334984348864394519386452957388268569939427775431112837793393 1727324482951
175169671626854867797425168829798953944754129747863418931298326885 6692527948454742546826921
2626119865727833518392169432716278119112724797255626963385563313261884152779938135926785889193 64117573647626521239511
5262159758479217644642334739 3729952756337759978486145829789949227818489464664119778436325157681922461442694234691581139
43978255454158929657728419279 357377254615677339544233615484627595519598743259826856962815296838159398868732977198
3654242 5341288557123755278897139326682976334865731555266316489132537519761
4947174788664392583412244728578 1485397651779589196532278932954237595493
1753145529416569124791656648 527926128117577159382479423847457742721574
796849 12962593768281521765765318
16661152886956567188939267177 81272818288288612494635195883
78259743931849216126479361458593969759186946617429 98187855455718185691568623329568271765716934528197397252393815957913982958189961318693
1923271353947896918495812396518215 85951221276322134973698849979671292559656628948
414134824975922159837654574951343359156254626958435984785433167986887529789654 4666952926219736662366
467616962832986665315841534285746679557318152239756742512441838344 33169312943882563795813362145121841921726329548294273822295812452185778111765659391887538
16649 64645719719815589684148975237196838161619435168789458553665
1854677931166729483178614569922 279243491572885687899363515552425962741573582379618148944114984584674667174171669161683157244177673
59349631685546518636586544524537246697491 9447357717929376395495964779411786291782833531337721889461627264863295654134226641925151162353342
396974242546552786225271825138431644719254612795828161861719971646257944453391788453 84284219227528791959721552687
9978536171459723784859616 41398224127127687218687543988519958166929835626967389263893489262892745148513
29493684797486752714468678389438275541143745516786572115242384875558531889252 456928613133115914492714989747
5185774426933466121853989736613972988799525183927991565252795939766 3576957325827492257686476992567527865217589176236
8671637469178256895524176435235823526955566556276471129164663 26155661225
969843573528944817572699151436968779 8
715275322197787261644112571656275311212543584687527369278763491355 93816541214897
25793691294956125149811262868462523326894357411487 66836697653935292752312937829561615286395388958156931416613954
8854845261894438548488 9627499815588662917745586922324347657598794
67964757165649113242518133959682282666111453861327641468579698595 4137774558265195584661447639735259522496829835358654437344729555
98324468661482355979693551569883875895279993931959444482471631 849362742739698954733331144479967873
865789 992582188749792321451343368167751562467836222722
33838491582181283426 82313119196196541236728835588665253522456749826846574912494528924888767
4353692684467242328622539548817538987651658166324147 89245593881925355155147799726154267268354943875976218
16381114614859117282488877 443773914752647664951652497181718777
76976824793129863327129116332382521892665243232433542449 31138947771712649643855391935713877134367837868592592419495948859553253361881311799
9162451335414747536537144718737339185584919197215696567833896729792226417725684881844612511 7234149372323454536996678464152391664715148714558914764926397437465528291319787949673186832739
316671778237235745686145 25651967254442587281991498942348466921962772331416433433394577457189295662469447729264289711
659497795311444976792788713518427476 9849474843623552521362
3142374421937243317555426529113558842428116797718512135265464855561195793772145289 25993582619767924425739282672965526263678144456747316838756767426828654859257941128794916581717
476397414234985734174788992886966417952637751 288
7346796423344623452552172522836424132518313515786372198164142661248463634996313324528937699648511649 8113148642596674957747915486382734647975952664639954824822
4391413514582887497529496317 1528751861627
673834361 8557946231858278898953376667961481112772426461565979735555414536635562711993165478362791921
36682494188569999933731787858918917 18949839821517274454977896288612938186784326631547795262193354761693533652
38294868129852643 9973189
916 683511197838163145
7613734167822142681 62734776887455211614298
7871415598436459418856614614988213977167726296475786272547414 3722273238913589342644819554253458142648844324
8332945889278128899924226351579674538877526149691888 1173
1489334667244772468972815113651482859358223374632561324682292552368338653985423334997249576934 6585236562268747992254494169966452518583674226211248127478293554993
3836233321447591956197335457435454738552534754989254 69349736953987421949923769
323526259947299326394217367574144552128418413615343231567273638384251123152934367685699937281563 9968534925721197393348384444123817589348989163356122413
7859674388317359974432843416117918781873459441 15773873472383921846935958144551599695864788847216766287
48618527426119363927178641995155612788131928984679965252921 629
45433614169222539924771399248991697188556819831758923 96878494252712451
115516551616768243353786733345433179258788563558895888766539979863946233898391984225 37726946863
521673691379511453626389375589833188454584595891712698546 92751388257651887882368577373895272371183613514851466646612739861713978777535879573518517
2816446637523753974982136816164145347777645 589843172826778832526646965982584668248625287217895553871561627137686547677841
6712645362637741681653231583668271949436 5342599
31413127662991554861239997 443591123561651323817785176426472589828544579341236454139438243849495426256794363
48647133241589121775442381 29391391716224535
2947661129877588869138512 6918922429769864495631121584286664366573471524445599
87856929 678631315479931791845735678
49159163173144695712537971248427471641337148458651634863196153966283734324784896747482429 199733193839537692582246374799619466632625716755283953111123671369983495436417543424999717718176653
655438464426 31158715852931818411161629434966981189812725867232919179147825595277158472193888569634
273923261292235757267779638767162131575159 341781387
54738656361913385761 67212976666381671534546
9795351627439598597385683149477853344687424314667531 67248352885919162589745455154398769849958592119522421147655286431454886
56397553612295534299 379726479549662696814878973157449216872454725573915541357881487936554221577163479625325933
7462677624519 272975161328588714694898
8446698566443474322154182977418817451648559479693652398396368579433546176213154854958554211969 39994168799131826496287825726568648456744
479413395571338588 89921571925141816825165917857388459638337317914824678776723859948483262428912444441645
43562437983155363632524731 1591512946193414698731797148567316746985894693318738264984941
752181743732527296737 69671636263214426116238434224296
758885127745427925765345657763363947387889496292341734376219522753487792342 415818
4651165931168222589533969923539133989875896753783461454226952815774722333 66913735315186956873867416128638588588991595316249284142364349434946661761235919746544
7466365149549917557768963768357 21712999942862923455278316859188553266461873133433
5182766644722927419818226164893891361187849213975699489968931721533691551454368 6954316
4846814275799577259634 919673483675434794629114123933966939291436399282221181
3261942797774566741632971537979972657419982777295233815458365563561563535922122869219625559792979861 96739785883768711
9921345127346626441237598443445995865 184127474983561165462874588915884487565218367823859839415662284836325538364465445479287114859
541679162962 5576117382123812297941287561682
88396 874734963148999462651593272228341968939426933213113543663123688927
