301
924312549548538778694117231124782418133767492324213689218222188378 2577198119516355954171
25793765797436 731511144124772582994577515255669654838525537549818616851973439225857118751215315421429
689354289738659392727988515 733998163445686465553728614952284922562587381564815825731691984
9661765995373688141214287849191431675851956779471843926292464457632712593512 4379984313178164532878774122553697675141158762945963514399225721972493488329669572
97321644755273968389542236 43165965699368853582624891557133321429556
3259143939883547223258 7292792578384
78137774129299764729486628142959236122235846194194641751 59869275831466448214811948194753185573
43822243496331 1233833
281 788838
658726939444587451699572884314578335595255783948633538982296732399832 161349452167379235489
81928377 9625579744156717416398716444256839261354745997244691498833339829
64573276478657 4179112355274314498433482461181143472275831
2592732261266545535723317155332922628726994683782744496 726823125834629362367822339985966
76114172662264332925364983162722259653357758451485212194794671269446359939231948122 5546728631312881291783266834721248883865168532275677997783113987364442
75986912 84593485593959675694138153383139136975988145397414964146497931753248634229599141393
786266574672878186551373815842728221383687998338654668473813229323156186794548 7956116828271812878268958799284851455186896123967249291
3451626434746664244391572999959256694793824855944266831436 5756118952221469948381479285876671693756634739614434737555689877711395225327277464485488277564679462
9225955977245474245856282616241863293 33688696193268612427947424212935149994264434714111291346836573886447559784
1947449785534898814973463919571434381321625616274334676468198644528591957649888785556 786478225569982598391973986456979673395574625932769673395297498
8856126644555657895742643163432839987171961549428938499264657481854612232733747227 334179788924813927465935956864945991224533799141215184319819826561
173524966568169356522644453247486746165149677176263539154269968923415 926347131956168317733829488428182779116
835229795763452361389382419883644454788847552835196124861578956961399474481763 4917799578757565899895618222672
13475646 1716226176632266821359479
38364917236962141282792693734738458511798216672215279169934958656597833465484627426 88248158289896888894374979214721394868235115441112974
4494478254511688521827738239575217187641337162513 165769625781886258669714836791456137548654117286244143761877184
2318536495987475118396189482122412979213854913 3777957966882159795389899711717566963836272612
3461637472471163978777311781372356466763773426361742347481756964763383994125585652 2855956
1615447718681516364536477726451596774762913114513662391219635294382746839299218775335 6785362928939537668814531229596947534279565
622124663758496378861783882 57678869181776121216247623366519139467846951373195
995559 528
51391574314 186393813346115473334633725568693294978481276468737589796236
92192573699246476729832244988745733999637986439676595586987969321899885397644888269711471186 9996621
9267881125466343655663375243956272265885643176156378341332158662657735723424791179733937443431321 254117289339333523568982982627497518677958818436559564339839573772212965316769
6874119988121785818773994291135796181331337966578369 8486236757238214918351675229235124212938897651583966
46197285475117 1577876214718761757981172818
839567239139136 84598842541812235
58421366533339547633551547673652243367286981853197635511819647622238842343626183579741555623542 8933
326935765293278558199979619423987196343989487687177943855749219921775995391358944442 9324721494754168394969997487636184824282493962568369677999491768913572621282688237987577358
34712523176384851 19116629694626364645448244926175446346136657421373527812227151887199521186774133433788993911
696486779737122766486 774759335395919931257462281547248653953173418549733418747872592442614
6443875578512 356234977573134261623264775247496996557953389756948
89659322271767958523948512529651766688511846323675837654716481651922 3811254548143529896712321732291468769626629588
4544893265317738557742251834515483828874182158279352232552925454634739785799821571 81372183169549471995114944154673418635346421
7382241415815749449368291637171935171273974171363956 2677654887424765
58188194587154574158698925877 7835749253938
31 5667112868446675365575919775495747752328233621366354815784293476586141984267581459219549946237986248
23888557535243131281183772822967756334 868412384233384754158218133747951124983235817499
174772893637878161718778185117751139294519863926426675398258147891636 1813653684823672157766927912243861329987283521926399976368863721275922697871294258
9342524931721271 41724254372151842334986437417992423831611391736569834532256996539123823642972558447146359154
992 7848263127357633169553371151147438351342845929811999966453523255597944317759795652385361382989853
15731949 7883616561253196822
7581192915316453181264873895318454191232615643573174156571374877775989 33935965634924721143732638838471878711718877936995126181476
275578188134776179849848461543595758464863195698332211244536961299266 9276776834792196118951486284299158873424829576212256223983896977133299682136936781588655732752519
83689965992663982783365162655234273586171763329 556898747975936693693691718998979755828726158431
891581957532316622429872395657395632919932999643282926143 9735589495614353415822893226913735465538284855274993614484677928185791953111948721
569492173172839827696893997839225222912695846372517379543988595345385393 7842946562
6 5553489639738
11279713919 19186135357419337143842426261659696449731158669829768642819396544127655121665845
822726882475238869112159623677994972457 91857694891
8551827652312 68948549346129359449347579725165949723533414786944884587316759299666761126353584538777733942653424
94857162514283762549639121753 1536593569724387159527822853395817816717394324991486254967846273855574965257684475
8843584373132872732 72873161154793434496735521879571324135711246175922598421243929116376566415775613422237543828217637
7595522427569216835531336628399568733196125824231774225277327598626238744551 4636858412678995118723855247984796586797866133636918968936327825531377257675376
87 471611674724893495397842555699521373853115355328
47 65947973692225837572345664382993279715172559977315683629429827378
127751215598188674289419 181355514351576134614561981173789481781531519471451769482513147218855785967381697598
664295338515974792922988687345157932237478894184684647296472884711156594655557516743582 453135762249342568592426427324737979775686255499816155137617219198249134338528842465958433
95784868849233533312336861771237549492128433 51972
28172263567165156427621848792232671627192741456686327861633363833 16774947359835961115775898539289961919323948655926
164715814669292616545458133186355411452373274891935264867497562382758237387611947725895 3966798378919525264441231962646918337548713637796612276578421334245946591493
7694719549791351195945328135782369594584189851114277888753372931146464868176779671724582 11967157631184872681223743162183791279836575779966887858312969477654817833645228
143679 664964668
71519471162946786993566277 759477217546
887846532866424947693262613661883332898337125298665499533911981787544 692435679131692573633473947467171717455289181984449556643612
13974935513713514818912335359277571939967123931323471256437971958894464477873224584984594622346266 425216674617334141513253296995458795763191889373139173
7538546147125926663177961738248545745374397285213 6331759751523
2759222 47814922499112713657544626727429
662517297865881343859548231838647673187978831335216666734343439479352917621 72971662742346367676467747794673364139884664239
3 57566632157384654585425138889674232144113351627627
239666464428596148145892236236947149 72893752567244353649
2243399486469542453927386391226 9125265159198845918414793345243787
45772613436465434728771947363794779356171994415426145639991249787449988 2158947935576676193836196454167445556747713642264354674796982321416347136565197343517576244
92124918761377 514511443385728384879777954394184177813993933231561577275465
59484349714951955199277516432642247599977446368333818857536593772566873259726748159976119 19317123286197352176832681392174718954968273983346354451716155396792672737591452366814
4637747965154745136532616318743346853224748746 8444828386484848596389474985434481375984648273592
7113626375449227288337128511868977569169139739 7394255815199365917255887392597
1317128994349338178429361877396963992896366519728865594555376764385 232456114946759293443125721514347738349999515
6898347524488616894222847317252323471176517932377243996169841592164859631677824892572416 976275289373345156387412383442614517412945664646363865699383335275562478348
419225841711366329268754936392861148693156396654344217398321523331 77693929331129597388173773341494
1322959264372985284175358854585388913191671396695399823551895922218241369472192 27898642657723339654844246566824475966365332145178435551442581
519758121686966742566526973988885275469649815931762966724264292 538867362439479567321265846151676989492338889149263674762232915
35958239313763765885638926682833749494581383782787449336529318 1994975587885352484628274914586767645378126761976235451
4199682186647885292828672114882935594878998422118 727399944868817173578141962689482469938277299442635319334238797575992984748
87993925125182382246677574147298989424827478129847435856857995933865723271272449428172355932874349 17344918125317545846
46258136188396534122986343734529279594311 245596533487755461392177276158914227312643331745989239182838432318268546379778846648
9242586355119948639496917486174827791645727649413 14987427532519437843671
3713157528814154518678578648761766799124286187148393747157444676 364614926935543312453426493156554182753
869923766944586436 783574672433768342493553119237481771876268246615497494834831554762895259152648491982527325724112842
1584462566344997794922562698 96258892638317733987468337462313269936363234335234528111663626785341134661729272
5872858241896562682434766853438662423 177956
5669996262213165282884284435341193742373161564355392933812214562243618 5581859645942628658666386112721
87552117489515491553283488953 92339767445562475493989367325389622465
685286369182643912846288776121714992464759554376887731819826959654666267629238442493189754239816 13256995
9726736463111934515844724849781823624539461147917487932687 379254294559386826132511531648342179233544939248934263379156287649199384547434544
428633154132166989534933159432457261383354423698837956811266 28875577312774374398247
882234673579877719635181682261522829722563889414639157985495631 962831597335491617585755859214464152481619688
15579831176249172163755666619891522733486 614
21149125445667245643826814828189812991242956482695898718465165728753796351732833825586173455 5784
134694176117274834515395981882925368341425831549932595136392889318478978417949735 356772587125295251854888
5724933954584614966428121441336162388465461517225 861275344568795293994346231215575752486
24543942758643586326987883854781547397583623939873824915727455373744848617521782696796455371 9183388186397739571163515236181583253466839724328211163791964591785755582
533627895482938521812916784376562325298212982798566772 17265325413225665318769888665576652122163676148969768429493414553737753
498513887986354842825316678724785394472158461557856523 7484176542495633445329168733133112249176
4624913122867 33465842348756845113
5936545574438941422519792567662354379351434 2376928594336194871657886
651884249253872326614467194353542251 224163755145949294976937197
4775936257956873244314833373879992274496864437511362978239 395279261499472554451451887497369993531322323548
758618691972478898952428744217211814662174644444233757655166966392162315922934 92215789338617292367193248579624864142467792313387197669172
949879864469785494929841551211395298285771 482958674695
93258939823864643119334521556157812963921443641192 9825863824726827187377972326134233396179158739575147136784491486642195535191599371
4861518292921716495429549383849275654632331728367585571874758911611256264986151666392934722758264924 235582275218628168859957126487782124988873637749757641612967832367938216286399575
6868137147628281313887153514235298259833324398659538413362257511143659937443132874 683177433688551994811556892343587919615441433312579427397715647175735491326237476299593
973163769779447344854697555667275691128493224 261627775891273745258873552277214282154174114
3916595899746182475368242 3639525619428574751471948491629355812657564924165445189726748939933623661413718449
778845984853267198934696565 199573538914815973877468656989167
7961788521599292354 57971435322737249818288231244595559622681749
2333158492 5493781465456279318324899966
54455579512951251815518841811171446877767685159 7412289668145669991593249277223359672217251876478899142672842427883434962489342623
12724137333165986932825462748591 595754769416215792963979955456573311717951456894351841239426543393158794671293179
12788612968874937816485197441275878853655854491654845237354981363942831217 75488288114724678936771457755985394339461325549238661219622961268331221997296
769471794528348746528866627162221833344 222554347222769243526524999234312312698363592313523117924597788571542899374818
2477365316764714865963774626532182772199154765661812717186678857 54138731522694699466
6112261 99536337274287329418221541898575615579693532759959141858459867726668761113286648841812627933958836
969844439165999776371163286219475919367779861665752563621299966383744968688327547163 39146629359366565164277332853371
97666647662296772492697436886836169577645868697441914376162261488622 377464559258979659667295325469581193665964511784891159975296312789874223512812724876685977918
54251529743999161948813698257528268493 2793227688324415738737921824627284775553781573474412957347286595263627419942385318
48347859784434788675666842345181869884672295814452821662269971117444949787199447158 952814527185529973
27215327386925839741362756278219192323111259858221892418864689165186537457667155257587426587695 7812997733372232246433636263431171416135442183175
5763438742797499769636953322 582752836915564912269576658477759966744
25332859813185946527577261792454 9372962391921748341184336674976468259
38798913733613359458 15324959559
1957346814939167822179764785489966358579339968489761991969541632463372661 8335677793524595685359844228197712988619119356132
16825935 2326727869188994172651982
139763881439249 948882574865915657112418129658156333169851216221624324213692631488759473981677293554392956283684
36756948336783177387784866375161872247891456455264894895795592848877443432643567367891 2597396853685643283768665288935189396715857149698474652346311837268952839978291421519861
7 73881369265962343783157759556894299499291
617999682328173973634396691261241175924868496 87362195416614665773555423831811662823344483813491689499561961156448236837983966963544976953171
247744179798263129613949872264195231796589232684775571714635351675312383656736566633374925598469 7289424615415328629342534841895552864511861726368
687543119679662889958 847651392184637596
358833557459436144 352811653918866998284733856128831995597773483271828963
36 7683
467511731 97786398987318377992525894668432586
98881688839937 74334277565568131273
33112387897479371327798221368984324748462662328125342759997 9
756185324112746791172958354652324675832568691915141155497734233991 4691242573726579758888456783419
63538672275924196569989499 7642293123686434476658813
8436868924215574537263142224392243 983755739528365663778972577858471572249679519851141322529827
739726758269839184164543633595694855762816 3266132992238931296679281982475355111915141258
97789336 537766744581592816292291124275583827764737114221127138268383369586797317674959531942
498485636217684815984388776166324547972471971892 971931439767324622884486899563885848395649834134276593365335496555444919917849794441635653217469179
792382795128661977712579734498484235 78821895231856276861348547
4794698492177 751492535561669675167245939777729172128113598732478739233681586345449868295599
937114572248363451587842626146659154726265625367 49328534435157346256457835649147938549266576339224954797659487454639657792941746128236645
548124 528756582996924514492262167552543298396543158319326137651648631826
26926272857585645698 7693569237931786113735881954839922894928178444798825358551552
137573913866786152142721192313488552811314162661793575669174345388 284675779281419297343242481142541659545319459265943476681723419531896966528648247327685164493536439
93986888783399676488947 788356738381271185958483757334597696146838578372931465935824416462266666596823571417372986657142983
79755933864647443656826866862264345724598796933699948549261681717939183718984952934833854374523 8391322649815281443352824135
475662383784912274246519927822544165629 3233273297557743814658747693378613589838232537145453545632366315849193188717922162238686794372289118
745597255713687575441 565697881555832478917649836777221855281782398872553
29591235583946546763858757131821725616 714585815449623834252248321223787899545134187198139384518654494996747413
74533891912939744931449911728932158418875866995749971386517 1278888195714293879312521176126294362748459138816464222445
8222921394152925885 4446331537928417532947514238527417625323224128
28434181423486187233892146 58851816753192553673688379255738546114116852143692854845538273729263691997781516538
1251587611551572963331693235448964129511569288828392878144433626 624992738482983141642297252599273988362642334778497864449985417316
6749534136 885517896693
97878155648542163788921695297769673756247151277683745896233612289349934896764127385615915841858 947711495535
81346645484575358189482532324584719485733282998596436824741519993 7431959178354148299474558741319793892634994
388348663666242438146 492544219451364688277654515597686366626863688654759356677496272583
21 16296366369939166826736626739139985949385163767121814563291742947696414654
6871814368759266174277391356574132893771698 15979814478497816356646668
39364794989172876457956385282132163677398714755194862338821831711644796581181531666 476779389624975411343841151114
86711853779255538648367287734992 9469198848612881487289888494894416673663458213457918867718948233874578542
78965949479753988783867818114478838287 576135553
26632255944517278858196212247156616437317871323533629359541416783985327942261 57521341342999499463582185796489788255
9573181494723427543323546296934991787179516552152737453358546121561526932633498115448397365374497941 5779514441411213289828842132836719525489622437132643918436843578772244
91572498969374486866889835436834 379882326683236686563433774179762965288442231
5495624655683265114412471362576231697298267422947676645896126351955916877479622137 8343881144711543345
999227525325732117317319629179166272552228727428384255617899844 7875352152255363569344252418392152667992932723813911433285488647957439467313
9299333422376782552545481263487953937118761668737499236843284849128346656268 18794327283555569743178916648742496964657896212134361894298833195544688254117434667272
299527931195773335872587549 7392575934454385253651791693234432712269826526781931413856718881922
7485595676164981391319939265589658 4252429774655471184747432157876361623441755612997
288136499648188895167192564825443715984567135864 885433348955161429315354157453863236428439817191472423371352649678197713369792373632115683794
728498768386691553172334782518652886 238544552298699739131243373272636355173572579527821165117272658543674793468975
3281277236593987476494476353721116998347 784486512698438
234298976336239745197336553978571 8261365138846736762898945
7468293552966532147292967356577492997137 886974639825379219947
363927997381416847193175534971355844856272233393923813488919518583445738985922375356111214 9251922229691671749589688643556216957325947354971675165326186245812719
9964836133297621636556676717878933979594668853657528227 4823836879743215713615832145446358677199667672628213966157948268197216234134257737413343454588352694
4222991381427111876663226581547179534256629173479815471148784368133794434236285875552564844486 48335363
9676681235968271319585879424868128654131882392569751 22676824952536892793844849384417963324456494761536131211199365316463642443231352678588
7679593259369697524496947291212886876574331 58721117164985221
8777988214446787855591459843782877 37224243764436674143984944396535697492165428531573436
5622685339913266654451793112136357677911137 59819268
868 56996328298218
9725657562486823279225855498217567731852786458328359427921262911176269432368347 6556764349739635812376475599593996324818772364938417353256913711571351154771233555628869277283
45655947656925644223224254931395315212634472595866465445194957158399531773456762536339669833328373 13554216521376545423796921863719965918397544
751128577673259477233678943515283223335972999752718173448724548268318261277 3813326514626541674692
9358736375526643467125762542831282753939279414325517419 84798844354512485488579762399193243358566598561331322651947861384883499796744319725451917514467
282814763192331184235512718229138672334356885 2695319649223517266453364762598582332199665833583
83843146465257956788981394741952628461587344555232533285142681 29292265675382172116796972
9573631555975166358462255347387596594715626447262256244686786965344387973363847793898172613138727142 29248346944
79597949183638964444152457185981884291867131185521368858625547427282797 9617732125572834551442386119874517
74114969144123886615818749443118254876597132248758391743459 595426993924815715498653944144462796466182716816968376923144998647429165473825862829114
25821545165339226876897274738479694473822793517676418861689865755278958883823 846493242296198931785821856434983918319444978127623623912224411273198979845788571522775343956
8369424677386556241377312196478695682419621726578533779922911645575183 9483331449655477995867729993449593879392622259382889784
1848251649394118455314112625472889768563177121 7133719939
456878123925813497635646663818498472222955569339726976462386214895232 872171893626998211673112543528
12193877834172468319574778793 19751657626819255319411499733942518114412235922446
64664138353868491266653256726624698668987941756567962677469596898172523759649488492276699255815231 7546882258119865287951355967648197228324713813987924955233477759321314896814978894651471187
726769857651413728825987528297753358314751316679215972856675658276783651948758712754454861 238761541518747934336842345369743436686154525564733139539695414175645827143931169955274674835
4149633912544654792322156855813231239268147138218162448947989332993259484963351366333746242755384 7668
4288788846271768361865756934159696451564419646277488325392225 665126479159448388972578293522
62339988817382441596 1939438862662671929791288358873734548729865768321456214439352
7967 22591175143389472676268529463752942348674316948984124
421967599568157618149821598141257734395921784247525698673294241413445542221312521379551979646943154 177227456242363548117519529251144
857441116622335857453 6282213267299993998649381216477458375555398633363447445631229325653198827562151161839
45823667437428 6811463446791976485623786383146362585622419718534929197283225855888761822962
24345189151583192826995 82937845983481338825187411368164854319859763238
818992698187922444163329995173398841771429626375862536878139173653694372618661637118 5834312562482
847948477259942118496846977287446816361127 372536956789396276915778779727133854326475263396755465343482514999255729965578282558313
3787782818481694728952342642359569 8156427768495961613985177115134984957974238299266793
519291356682379749934139163697372622964936888585 2982791221345794649627699578633575323187968995147198546961223861517753915519318372495616129
14961943863218174442251539344888317388526658638232545971933 678525669818
5376365197471245834989287578515491382241618919878585718 13964588311882873851855646271176635958712119154577447741625264191689
3849632318619453761928684934615532697648573745314152321421672186643878981837356439277219727819 63263652258128773116625386337246285342556242488141339494992739422915
5715 16187799883733395319245
9647986799868799591217691991564942981992 2915848431514866659214368677295392241852957728748436
31115358365588192562221986246675387891323438874319275774221 95372
66993969648181772852656531614119711938116 2864445916293526573218565618443334727381453646876977984278616168815928768453577965183568
89244618215948849224328528896153887549719251116291527866589656177469534154 78
9946418548693943767839982438837951479827688365721991679399299 1
634433274367898897732545259924584467857153421685138293262146263773625165511558416359 57158137912597368412441
1144737495684174567386193856589299828582315412 864681595168986239332768984637918583537345571136523183418285686479732896859535
55 439823963752578391779
2615446425494424922169577245217665975533714975545941364 54322338688286822734868556541224723737977689378422674952833347537551932958197161613186349548198788
1475766841326777485776821545659269529317582 7632765494
14543226365616792 3267615269545175749894234199793931351768623195633299619454667799878473147166997976
8776991514358616868285451442622527491918175691592974 95788249783861917633972486816166666976418176229426345411937582299537486566194743
5812777481553561731945 3795812372869787534362318846358326293547963
8232294924281755819966265582765147547454825635345312438 25733449865848956893733264936561211935961745667925311684947311319
412265776181988623178427161448952889487733688133582876882189848247947953414968588197523714385 91957567212691416591145522534172314173599154727659296511765524157288987942677832418971371
71764858995732497545 8931843927196
63853659429997513141467172419834342288465251897668846462244524685489349126451789224418 552158174629251635183344975471475495651241348539
765211275682246854675189332923529624294395473387221591861323863921175769196168186137887 87379714433716516128495579547166889689614597148992
2476173643652685468 29868182777761688
214614276946517192 51469181543329363459167848231455329345636766242816126992174269659
7548615978742273298552994361115249279833431437346671759578576941617641414166 94493388164655525722568527138659821466134197163626871513413768197871419
54488854426552628171535929 21117221825515767454635667645528876618889373197974863368142382555896553
5886377997547548565226923869952117646285362 556329878458524138374355319858882618254415554324262165457291
66784197626 285947219773338689596431774499752984372397767376932296657885754116487715387318266231617886154
795625616339757684725158768596899245262967789293969759249739659551 298231
956652822789537254488256459298396253927222827165266226865168339822648351742869967945278 8981188523442741628826726596
32467847538132739314547492856754956895616387983158475331326817537188956635216351733159957191685 19453966733698371549396245814267227328774644552211984213611274956524511541397338354257647279691794
91514649752896265316348678376282352633511263392218289193919627 82
37891394931139214473226627774513747458728587918665122677412727699441769119134519 633854292412469697163824321168747623
94536973988537897553942376934326429344558422488552694595812579577175241731343 442675119495788912677584844467879367449334951141667753113245935
87297953489724779354933795695478991892629314895636665446236 4196254684365541883637918686913946115225442149849643449742457231717785137698361351817
644233796791 51951432672337338112223478771572933161975628182646214374611465878
18579365785826896738247794751498379919966841415161491943 9133912884558522986156178284365233319217423812344142135917432869184427727942854815181
7918764383833421453499643876681 7674513546936923386344956662934
9342764474282492568944727554532951721259112651771628395473965585671924716482168487865 8531964554719481389637446354578616297538149883263321753521169154119889
93571135618749456932337167662965572112885256347357581852895185861 8625478912826484659165288445164692557
157379241479972 2999356489654423371597481316893589975269211664928979181193864822798
799878416465283334826 479438381
7455924955337515546 296516237196595313625991136366249463895659566864324931379528795558262123925987587
93655476931696319167576545111986875524496452 39921524281976597
3397271832781815592597723733454982356863832 8945726246954531126413234555
69737577791776327798171293517543226113886892338151721674625394779684364151383168256836935553269393 51639973971341759864549449345566276144
276332882643 885817353345371426921248421171153935419466534599961957862324294346793194
2945941 59593749999545219835486946999791718632794618583648572691721611243538764314731292
15228299172645452819985441626254239426164962841347 565911258832
4375354295415659899411584 138196854695128192
84616886689116317573175326565933437929659685838619572658147123823719527124977587889216749572315 58421163888821112948867913916979255646215371687145714923574844985716913452157611541914485445966884
41678966482489544541541813198413346571695478865142638638638586365414566854975735952836213419923535 9245391332448587651325755899684695658
66864666916379393728864428898279484342729788 9383118718377959618518629759862511483188739564412737356
953 776347682493781149737795991555687813673357936274872241775584126
869939778968613425432517941144677391254933194632544545362155493533531637738982 557651921986777197665381173134635777371286144153724417573143591984
119994588743756372 5742325526933393276358257778893817129837925338341594541387475217489887151773212842949697819
44 544991334146949182723588376497643496614782799145476125379643429771352981938399956627418288475725
62123465365128765856353652839474185676473579946165987339874384719485568548768258 27217239437257887589565487792833534227431657172775888243322172244133
37382134523669212732587462215866 71787614483521829257469113866487541422597398882489
6417869647189956411 1537516223
6624589471755481987691873395169282751964292134771967595395692 68857917819426629111
283419485516 5287145827578523479784185485173976179498618316838866137723593662841537357672
691251789744748283373494674113318732763357698445283234618943283939356677617632454159219559 9724556971466541237287163542762882998495361
329668618298759522547676599483221293958611419596982612443572228271893815837537668216 14143799713325639165948472482487463962
5 43912997561497834966295943986832282928252997374349915262931
39845978 44421995684336343559313821548322616815445459253616
8246573542448336388588423587367398163762386692274577146147691433329664 5541
1745352258315171292927245 1792562419163825191833266125734592446842852775943962145619
