320
743854218923282879351162328 392672479372174943682156214339
7438819481746899845334231259598479516555629777354148666268217468 1931426759726277357448278394236859442553522365226298738916879625978557724219867954328
65665551234342865518 32533225684422832975345743846925111111885872859621984991728749146677115394141
34884323361788978647944 4191816761457633951578596619299485813119761445675136622436518719
582882323118291164 8877462989496877425494263755365971995443573961284885834553495835654868999956997411795996797272531
8385443919293148517 233892921188393539499438843758
811258199332791147624793197637557877988776656568188795316337631622887876966434316738881998987215 92375874919614795163614767815427494654586267
7958748296687195446694962265559827259518493647783414283 7388745751625335954468658671791682658281746974976218712573137949266
38378186231469661947172186437595138119922 25136133351582226521326381221229741513471639183599818958
48872485993818319538142418868 96369872387545538775123964167282327876152339
5488896397997732323676254382766744775574542845532847174229293661159121544416852 37847413318521826167219432527352376642759427258347211285268335
813688118 71325
3713358737958714424293892633693923828385328229884123938 358414415832747843172129497529621929995398166393161181484397767266861972
6269871349889832574489971834 96549199216562866751655616926362329468235415548372671592893141473451589125466473277256741438
12652847146235826952276458457411 82993777972249533614719473816361262185438339122418284954515283
327413429453199624712845545 49157468968472132387967863243644955493919445
632716659813169156927253233917836952915879398255557925949629455349222 974417317848486579982814862812494592815739217977743588228945927789916664
27869769645573768 178157761939266862687531656424496489284163429284438479977222134354496248713859266685583392856
12545671462824193473265427839457336856465213449991848189384216627746733397591 6226937218298761446
961421596732463338622343252591679221566456338438433 6848
12811139635445252539294 7865839559944974576114791162145313218493572844233367411835423654867733153
2853147281136633945412179361624257732562468372841363898 691988143395995113734663132752771974688383788
52437244842179192967447351894367981523882388399869833 128921722718648354828934228871865497
4279129195971874915575322413 6699826435137543922246641862725438364588685
41748838667973451292688518942341371471563 913358625296389519239663553722443599264543
453535242441 998867824289336763787358556247993487321799198637179
422443722719443563543832779512135894123871969689256298333668916894647886417389611253617187127143347 856851133978138499664611595798317525882353943627398879542969389666618215443276522827917318
36382281439349228862196643211544714195948 3285833242281342346381711746158277837343347784476717997136297472471121239614843725982
9181245459812351717969794 2332337726966
34756166739469539556648649356 4959979344148293933757763411547561388685319325883614357983728195547829694
538686548872818472244442722392255515353724892647 58124755339512624912315125623676182826797739534569629698391
343845652912251841222964498963845811836822455171639 588925732753967926932464257688638968837641458726596858846418677613285
49491711628845917297323911953236348258143189844 5847681813738212822184142441484949424
27977864335876415636792985783232579268745 387978756481745
58263223693793527251558 6186173252143474716374146
485583496761815953153493418573213192623617694 8852916687886825113992917477561563
651447746249615385612986741489618962368141284567543486513557996885293114 9169188915119952439185194311116794687693685439227
351 86585553231147546489596621487842523377189876347784587321155691991743877313123949813
8463969198216389241371435761883863227993361542439791579564896255374737 693544288356738699
44483548834632362672839967886289998627974177195 944719588178552781917724841528158598698155518566928814894469784434119328167923529469953453
5786146624659725984671427867411518563169236627334714982 481631172452429213849618194447681778428525993934375473447191616346181598
4646675239757792576775836611645423576861646 8429959568833296879286488652492324435742447816592877411354373535263385163315333768755827
83998283725797194763876625133474594325415866661547566795879158472697211293327878679 134387967837769719189565531378144715497414111512334847841413545511982966238616629379425638745791
5975751324916855558988 75882955871161225717949296325792663729568646991
666632955913857787776981469444658948287289678127965 25615995739732226819673448954953348729947327513378725432627284575368783947398724753831565772367
61317825635754486339217157946826351594827458554385145748415794889915187 87666742723597285212797445713785644675477774984997496962933577654949598181634836379192349866365594
729276613826493111513832143749852985718 8211471915
478529695571158367531191517322911883282748933135543328384719966244929341371284115 276757313623821
3855889424359568665128928334786544491875397732551677 2372763194911155679475371312421139492672964
63373185776927757416837677735744585817552629517915423159699432 985459226425
9993443288292247837835351512779115471952542 5247846594438793915274596
3238696989284527459453249993862445561471139594934328281 416392242544766133
9747857571364152391555615628437881724137 15762
9336223492556563886998883168467583198455194713611778322784883986494987646981272871665648654 75912297676172952927331523314172214647754557242213785499673138578893
317384154979777972 114856622879879624431
552438 6278746583925257262772546992524431961883319468
62665458247675515961921561584138712859472933874737717 529728467814244413393176233839
79239957972 6339211127164164166413346933459487525397114471865323466548249835794599658599765341327269
43138193433566144552928825882246757336556 91548357331487497
584869548472353423288522 999562182296646769186756
68396862579882412867744529697696941541613482526121452712872629466989164235244319869545299 99123571566414989882528637985147132699157158495172382133154
131133897196711659656463386793385524248895679162282581 1415448546638138716731212492637464945974484138924583583642673416241948876337
2469336353378244658562718437 9451996232789515381882939744865888
35366671147833639798469753229811 185856333983923553769994927157438
3246735629546874518375589 587974511311289731486983648774153997554288644719922734193196618
2356614111994228552415884942297312886147323631222696593297338879116368726635362177121793928244861248 157811418929211546671588723722441163752533456949475686469262413242614987929537598
873628551194526221319711231734342673 5948774988168569275168962652354481682438222555
7317537213369969271886383175728521449894284825345741986165491568214784288879754936336929 51
548367815845461548793244888248761484964997523148761427876552653825699779195938778933134931162951 56351134916455124492947383262928498944336617126195181521289723292297727537158675353658
21626792127323818536555288631743169198165415985492666363282988826856124982991345 847215156541778614512929247171555121327643144799116235241966133789693189483765732945815729851321587
18321883273921244422257417491 3559572423223595922141789
279652657934177357138441444765372453153146475374441912828199684814496 42777211324242235845284842978496
1141115977132185329327777583684143475756985452798575739942612472644 165
264138957589568957313664463 41867717425263265737327328221229354212447751863918981189954321925691459448446269
627959864838692443272862781352356313169318129143567862687821533343584777678879566444856671552174 41265826761411823588426649816831663714512113868219596157478
41557988514463379718424311788894698266891989677826144529748774962 8772792967683531728961197195482199
5885441932583842361628554572563682875192558915137481153428 8321519779328
1974277745765125416794165923712913883822332466612344 523228748
958215194879791361 4352387699683139
9421348442477986488161499627947257152348294331936742296663143299534919415768363752791739315976493867 532922429471615369823947395
51918296854913992783697971937432563742546948382627426491461 448169416535547572269349291867113255282458982292269791826775984438241934547452321845
922637158172259679524493551741648991667985248271159853922452481788353419765346276563824869413879 535766224472153987653365549777364785846923674491727
939975921751441292986416875785592377453629915421885155956351475679524224669256 153935473953487977164946235
219388611425329289816886283845661618631354735328851647347389711699693993627478 8563914281325115213658951624947669235
9267919282424658939618447135143949347174823994286334541877787112314744716758839322676 7886844251593585981579231154856554843359849141141273945
54686278238515177654413183723886166776548399377199715814731836952295325238933854392637523665918187 8411432874776196889985222662279812348927694111145567256788172254415475121929631993853365642719577513
155483852118 77367715861335915667589564483316568997937358834276426194454471464829
7811989592341664412369214252968293375842413962139832929688793479144539 563271361622396697499675796
649587917113344114948332374838798618758371958121366977 56271
331631433376374883451625174792969818 22919618763844293193171328529431869274251688
327468251417161337494468787174621351648822324568985398439178333496598454664877431567212844559 856732474976855768677759393252183936444885472446926845786671828156142125822765947
147745471659763339968761948752844372653375278486385874659797279895771755221297 5368959769373452
5299846635819338617535459944287896662458492681 5648643741366585138271442994167933479726228381471461364562173252522994795818885143788981539
19372923535255253942431746632197295967136718892162973954245 3557184972228463717133233273
8687437625377347428958923866254629689443749977641435513 1496661687424946783382848529354581482976489626663771
1988364328285452626715269644599372262525656853783735931138779522268412717577918577851467377346664733 26621
368319 62191333748811295196776533645422478121429551358976387614526563153515859933
725877544778189541772431 6486
421189432212352874441736245543645319886432393545766187519242115526254547376176463319773995585575 658668641379549795985182281299948745373951933949
844216165396693984645565971344785476615922748361166136992495496735759334997813811568 14193463593771831527897428838152555737578878247481862179225125122997955277138186395374751159
4141436412838464341744411429226273916195844 6339154157
718431753313149784726868114 5547946823892475747679149927298887474644158769467473268519686268155588961385228531867386385167
21542727936811282551736913542796999771151313275859 8882784976754758577888133
8492316714 17469323628853276799883769789762841596766236179744492678391
129957175284759335934755549299279772533716352593914398 57286384247792333817298767731369823872994352197686878373451278341316881431272
1449136146187997259167388561244248768426397972561319574445213662784757952891926249792627 77365456267152573382127887994567
4647964478872961485763138943767317 11184125938679789816416199974778586793743572451215799189732239429624888597223599233172
95251964952516 646241135653438258462465915448788692288579285532135632785424174736367427174
293449565881867323977311 791573681
59544526521666719 99373138468329
583144962975384642224334279849386392184498176 1597534655667522994359946927627399
69773488151191116134423426666253292 2859681123435471718145216431674241544516333323421774524698862617194766976635869882316575497748383671
81124417235177494333865349 94684133259159835295131728181937611179416653755798737371944275726399175557
913339813548176891117514298113726368927466985358723125733161275214 8279398513866774861461796911388834715597868515473613643894255267518111251586343758987
8173328899476844842358934931255815645 3954749249959441891681745813326683359722987698482767337183869348531557159
19729998259857868396553663244584771934693481632154457415328234875591542415224996253 868435225852
716598884563689574341975518831476222212779888286584326595197426192 4249276777889425537669442813864145791918614616762229891179727232634863928758939487164572872543525
6685372255 846629978463532921959264794538348313329528
9167991762375882615791399327385244355996115378631846112622189225863985193 86172774
15323719466375342878898675461418779847137755684765723487321653835393631348854988533 133399845916449823293295584382134291148295277277784464666384965
19889571755724923196422551822 596899175835362454627837735732371232715196969214165381119596329398126494189163
266913567551977562229512967655885686 263798655796
115848279656698946243277525816491591286611227795959 124636539796939967721298735463162677356194877392832735339243351
26654633593931147314163311943229925333144867686893848172297938 7548855434464668837666124834363471549666318635259521874966
4584635242444133589515522977924457656448197444768112 47152711269523213549231345473711226493635515832569679789953716595295834889
35693987388914188534416359469831519441971885592575344682268 25856178472147167674644917943158432929352978515216471182658821578458766973222445617
4738991491552415397649143586257539216392498257662869 97887398383233448797227566379429863893597564828354376225924898114865774221629718663
376657869877932455577438292376653482359889953655515919487463535742317379 6186871553783412516398493211335428543452431693914996672429
664246335532133 831384994676521694743266792719788825748842144185187291713435251393334489826659375882
923557191249437628119413984539564637 568846257851743479448215853581499976161129
74819538599224963525521623969828871723442884943416668566337252774177378229896341679769 84776254333534764
2276494249969495259562247129245595249686621172971139887276891992251391614717215887715713616979 566944786292494149
837548847174938625628 489556984473723327371725638582182768229697478482583366863856933678329456547754633
5798919564316883552235597189717182616391294159382336345259697357923523466294346553391356994 5576163718549928987167282794613349551467996715414937284948861365438953399932
2114327945311364384595776439 833218439328761587236677389467443762779449212965249574928
7288592744563478669675626 462863996499729474393
17322698 343378837431814542769792911572713811453471164369169237918989891296337534362383882847423474785
3548611676385733244451313459954634694238282523244188483179 69352246847138629487879213736439447697
25588171139216858283739476597787343627668933786818126838844392652662869532896 74339672325352789534662551722177497616242696924252523389319466162449666
31967515398536277 59196834363492315631794533924371
335543259677578599122729268211132362817378587628255178358827716972155682 923564
2444427889814372715981745389924163822833673613286347272698438258 79798488336581463371459852998755
83163192993568749747124239677 7414677126332993394544884521861386
62861258124959625563513783712666334784341194167371371815661656 6286527731372692248772783934626131628243665445331882672521773415238448563195626
47781153636613 561265866857475632919641462444275554425
1625676 795457565499437193385641158139842
865825943967626737556556498573196444558635194621315297496324259 8785127666818763512435197993584778533384922668348723372481493188683712849721869617646
29594196546436287558846 57765157334858593214716723526513
434419526354835682713521966179762426753946434614431571791513898188474674 451872
1525692639855958339384537642257257187245161289239654622 7597731842998135291662856538457427794892759372157169217215523347628438169988869373389198
9656264621225978859175844498575997433195581741942364139843 8569429613227
5445344625654 8145719343492451884368598814453834684493591
863746391122389573935556455374324197453319485991918646266538595151886723654232 41741996796927227353858918932337
4185573477427216842284116983619223266831858767431865939394151445882621296942 127747346111827982523659639426363833414344947575325835641365771211852957992327726659432341436675
81315485748674192465823138253 6882155357961194216434163756954346489845547911942698269246747286732855945415834244974396218122233774
3225766118536982419728926173572183557634112179326673369258234115336 21113299299417875598954265317924874665742838434544422226838342138791
1387195336395644761369456122748834886497 429453857
814957512965199251956639458868589922459665225684538965484152262634 2374864311753679468367739369496319611629493794234924597914141314149264464467487733
848994151419388428381176282533381867515463862966885461895541417452666296546212294321488621645123 8621994499511699681638941262465882937173282691793293941646193755447774647356623877525
5513984142317595989122796939541299637947311529615461794784878221757 27237273484477162874932526424215798772976772142619575555261382241846417141
538783381278614825378132361386312487519 13745858544882785517485762746847252412936569563231634685399788855381845346415652764463139465
27424378148564831485946534975883675593645929141814559337621568645375958 28211461469236258942252718513948719215288295
916268322286824322362431756138279977744463657486871732343189766273611785493982158651168 4321458642563968627538628749499536337521182321322645726215648
6741 1523797139712475874151927365876592975151242
537276232157277154149744671919292726487133724819797773752625 44574596121543537927634838929537453822279518669329244274172257231126977389769545145
98676478841955632831245289572365262918242199554732248885289363495157282963175567762118238681 3442426344279274951275412795527753271786417946999897755
985197822357324457779798754869912961513244145329976433787696 31356372537778191342158681781951635879756276314372837385129251563176642
64971861664699643347349729796788477552 15883888395323774359267478537711481635
488219358231656777981272232697372357152726217443328481477182318337254948311848648934124 44586351592914289799186194293139739362532737918753111329721214278145686986431252841233
25735674369961916742873551523616979793499159224331356752173747284 16475443513963125311257723482973818833263437311736951752815283
698482841591253662995764956741925867394586956512738165881987545686512829 3189285594836529
5653395726451149972926273615197925961611456559663158372211235918564721454979376851448156793 156777248448993727832954989613668571351225662658
555362833221659256691434772398 128671481167325393641458839454
1849364553878961397682718611553534776948467368692346177175155995 156793132499797254259761482712576748242252454523413882543
254127535315281168564149672899234181154466523389463367179583635514435574866761 59799523236445221322941917987714251624737879766559962723215221129
133638745748498724774176782163341854864663469786286828787442295788 98892
33714965158751694898 43699296573338861337855339587731793292564395683865371597875
12255137483976637846624672775417463534962939 6926126941481665798789386159656923938534428117
6585846918266221327117366184285957941992761 13791189117216236791293361134986
3136692573849751972476387846697459818816272374726892636113892 4963943737243519891776392157723129275721671258
542795764849667348299942532254598975618156761323654765952388916562 969863688436283894595724989469461736323822332963242453632432235477831575
38747452734821446431894338274227 3589159416347844857952364424638397257752989778632136524598486727695
4477285813428671855477756576746129914779961285689914127364574957658676311756131 865625494847
4539539256655382387281119961199971672445567296268591981321223313686273831881597973261 2247633648852735445511213245611355583182541
8512337713845372337643674121795357844715462341466545449233529116599795827634572936526436945 72552571379488839354698262431342775467567817562722324
767791616521137497981636315671214836114383356 414313516647915836691625353723181994214449825
1218449422257546131 4937888563492214416575274676389911878889618446928849369239943618596248517
32929294494581654624 9669649743965854939114545496235273986253185786311155489918269375318345962257285
9378649845161434 462589654774266183368974729531234737852532592
6371143147269793777558964463548722638235143798122448469351162126189921872768873 8926317314863228165944171947122739641947297338337137263847898117638
731427917983888122146867344 113565727147621921889334264689711
8736127294276148695 84164393347527912356881275283576319924156381792948228589745417465855653657123
95941284661212979 64972848696996344726569122119161934971161874296
7666158117417424471226136712955386215356993337665323941774273569294398881191841766 36911359149728
28683338622586724443136678857433784614776526761958911195 1137512392255879914
29766315135316966694616569744226843258631468411984286755 849221674282991162725941566212785969796671522657759372336172
38911356548821512299418 8948183614467729515512575883738987628984518737846811453699191981664623636729615
231439396741522917343521277614272119396122251656131 4653738779362
214853996959258889876311881777643416 73762783297971877776334432995681162594652774747172733286639269
5 86983311232945736154752542939996219588756733858974349136578186189541
2141244125896294261247724749487923257762923979688838694344253376373689813455657749774525315947 3958811495
787337448 9843336651779674383371229
6 41755658697665711866618793657696115916349529396763
5356574411344793359184591843899585931525622995332119747636218636387564422271 64477718811992444234138863353859771738643354649667
12247844222876726334832763735926567863828655253681534989378 5
294699814685773117861668266541336968283537473993261282274697426479241366319279911538772297589737 38551298653697811637626
813275843676433562259494631531814525825469153469298549286963676842 2483787574137795992387998733171194766412172738144766348369316763877854
53218378354178564124282718599592154951448557459438938345763966388812199275 54688473461239583791
56651277586612758929567411645446852233876427537172 966249525549874753433337839574557516788474638112711387411974754236991657127776299571696654177781885
675172247424896419788498445686664818458143211267975242785173117661435 729
1678596579725174422744674396674133597764553165868416153285234279489778855237738237 729662861324684489948574469396292483196214165675
7858251514712436272112335491158528769717297577411947123746284712645584367 553115714226782621188812357349725789151247757218445867746139174716245314958792
2916536426795177647762788632592553649867371345475745862269925279396841154182 27474344911384121795138784351137793243831257257343222777544215719724232169231585426
63335337881245134697211592499557673862444226214544915252489556697259956634519654 84923352819569255
6124785736685849274616456362395339716688368811248779534946665897147243659881211611848 5624466857757737966693613467774692743346983157254186117569976735821377653983375398745573
877899321983949698166154969624772862854253349 4771769781317565627898859633926779687947717836969395275198475537223816198595146569611
29415277444465951758336919679552832978899776359538256372144155761736393247413716 22369139337529121678898687929711748256
69666429672899365571946757923 629421929734578529954658959597923753777339628743345488625523378256378854713337186563377511
433792721559875748935547558239446772293515776189 375894811762
23145788837141 9344562246758837114
872728496512839239663865977783157961829959282692724684694832344524492979744398526664342857135714 873895925559169494672611679793598251372847834838814976743264525284688111415927622639
716152514213456866122362975652542882586581472178746113956985931293637251698591918285857537662567755 112647393163957845717676878476
588627323597215355349688381967119773643514625269979 63
5143761 71685487173145526387795866245448
53486125672335444224631588282233214281171723492247871476815779795468 1
2666459265122592419218538355844713 262518854863224856913357539591977278833923274421882585918254459622655747117498659347625
9145724956 8547925889919477123565221337398876145325712455771142194945694329419543864711711296396479419129842117
8943812582542565129528925287136666986131915487199629259 622111968758379276478
42588211487975882724439296668575943138483364717261521613264324659361799224283899698775786 257933745615827743864867573571711916423885823682695786629482277592387149914419286993122
8447698358837942541322426277511627912386787142995752173962136467 141992935816763963427217418213498377114925243315739279282299348931417419548775882
7779427886277 19887
47273533382767338627937973273212565875446618835643175364691 844318946
62183468459117349981162289175467817627762858 453624221974238298596791679651645221795346199217769149316739344566473696849455963696752693424
472313145263487835162667351796279864466521684986561694725653394874 81143476163194948397778232886753954456234554245748145645752993327414117889625595676
4724562498693439 793414881729923842294855947564751652666388418315914673617531844
2613266183856234383251736166487737895192292616157675688684392793152533472253688 72827248989743662598518139243749781351524321467181419958674567156946591
58977 22717833313927486626121322656542149951491541
81665981819193494 6268918587538656273498513243116463675752183594493464577944547855447172229364397255196754971257
8576889571775443471521777849661983114918742241132433966765526878614815342 23641559516972333356386326621
36662961329226911952 63
31414891438897223692913822253642535831924138724649873275779793872839253 687833637375912557398439333539524995275739487468161795272262998693262145
522982189562428246136511457976327751198717 871498919814522774968845748
68858853875775 239955524535
352493149926193921485859869248572551924213578922114822998852298468815244577643 556946937321342781923837267895496548241745284353413277752866452128652
1161113637898771539644194127312916744717631237982967476192488612537815424745154328865248 7624471269728765697898639564263816676639359216
1416445598475495446744815317995257863971466277853751961293216 78325187364815289226168193446355656642614996563
33615516371693669731325528423497747563744341674352963463874977266296782972127157 5439994133333335724
549562453899667631249625932489986925318193841531284111217488913458822344936 3459293624248192617749288281925255262977817194963968772555399857588173783994373
55433364244682274445827536839357462171782584433593547859919914387192213775725577271554532748 2761578346887914152654
49621619453477473477458293121345715738236162874585172965283784484683674691839495372982141238494714 58359938472642675231877923
17555577525943845966998625919893284287618982418594837122692868827672153867 9141653897142549613188389799743268
6665374626846278299766674312318528552153493746561274742455816332117846852246169224817783415763325464 11771893292168298551778726533492491941421721357779546311259869362552147
149455249785865595685479386643592894454855425418988516986221959289926831584 31328513495382294818611854
8651543998787459482561476876194215155528231794861599945451373129278446117976734896396696 9115244938492361252678559217237511973248385953437164575197213517762751434
32974341551687586815629233382373786 4629183945681916668531196566899988962193897485527
371931956442195758954638197845669939234869 11653713556734
19562358746383314316985834518356 44
14743415256744964111764212752218336345516335146818593562284132893378 973973154391913958539854788678319396
4987481683217925599187311894914357636391595322834846272 922243738169568423482756991279976382657428951
448452611178456659226853283157647171596 23732463666
2369383787717547359933839181 3998339767323584913152679223815543484537874157322
5421817166877115245113 1619683317517851249559437263956985271635757555371614166268245467953357449582238517986892
4352841855689474919664 6334983968626683225
83889769112439224874943136138728325327833699692795411911665392772426886315737842342251247457661828 923383682162465687172159475917415225424155666538935891
665483141652137121796891967851115294859556974349576288355889896489736 962832348618768331955667486437138585963866249876429624178658352146246817516168954686682288364834
2812367449592326638187889761773279433542569351587497533185783765212938486676381799844692815597648 673689999675365172997119226245221732291115162579368363931
43937 312142191814666591278325241961639272518258428252643375
36356819394328494883666735579682624415554399672689916217131625272969654564162186227191218966641212 275891815885458995513943577869649729491553572344116277198483781476438
4374563892653223928495747925564524727 155496632
249477879436859411751324937922666531521269642681338961 594951314269267693943259553864311564
7638353564334148691517847898691589954486174817936533178759 676718423871775277752419646387655652243
522226581556222281612158112115311521865388998943966277 26391264568451214946596787852
429678794624841887315921677874168677494373533491 761156663373215917629
2857461371823792125815799486115325897179632425 65242588596
975118371678744115534354759469919892838973819767874437417243745573739423849 273446914351182549315398616646581732313488788785376671196638463481373774671428391434639865448662
7949617262224611991652473619546878349346222763946275428397359214898414975841815 74185867831455461961448617693425459613168414536535352765862346652
986537162445994958772764833335741182199391871387726256498218252342885736627976265612837563 36777892289573
3489683436965918323178755826115456964923261989482468877694333567354497375713693192576 1174173559686212266131291978942877754299
27169135989117662233499294785724394623687339955 9557593695784118254431871768864778496352326775676378365867456287921
64573543495455315943571656798273427979486 33543891227291467145452156284731467634838372136583694
95119911829987565914943926126 726245345241279165614243615376244182946728853293
489911325118771817187937449396169563428 1553266663629865657893621326826663962731
5838366527684285796661783372974743871327121927284 7163243114515186553887238976711386361694748984341328926977537671517836471924135396968
84875417664374 79363853738455721333926753124264323798697299657
7761499369585959682118753856 42845875486793995238455461391
132338889454169864228225631987468273365489253171447229293819857 39288624363132116418871942
837524994185455396286785869552128927959449191613684753516822967921168631358591 861698267513979142917482841792346815373781875455137789645228966442321768777593
33885726849155996127491923811743598431969818563747573136661628289 746384956156465444757657613148
536591675 488896896175723761355489582536937811354144
3541344397929247157136771245991667281778642873223885187641243 3872669821
3465225882753714527314576895152617533483715484465869463799815156252912 836762822447581349217483284237839141413128661373272252176176412137221143771
273492162698317135933864284333252261655529137769 24555878392111811229578596464477632291822486
769162 35759485151225151847798982
9913846557676549149295454887267217222521746543485127939186252828374547183 38682697562
1366543442663145772615693743566442744766334698216913186145389549497977339184854259 8476835695697122685853328369753185392494312779444959615656915633246441554775
2712624365932528944689676213232524152 7719817399686459386547533735919943933186156883693633746735334133494744288231896
98996573395772925842174944788298266 896484323562974694679165633118467484883659291328
8485454328411942581664114918135855847754596171874698133879316724183313186974522131619541657485419172 22491363189893781521568176
965147272372225314722544321991597927529579996438771652849492841764967122924267851373824 95699288588198698465289861562832854275476
11466537128776595141644299525249329171938354524185861298365125945178895324642677673 5145455295264627958
87654866345562793155423966427248222956699997549779743355 87542562199963893192161954839634951887951984656228451
6354545851828948134415323647231984471248553579818166949475959149321477796494667 66988435656477581545428641397556665742742
6614555458816181565388994555684874562218772324962629879345173347597647866561 9717228973695
783777499353834832838695991811494631323139948655 329186965623437816611512541574349
63499529384478439172394246162738297535317446565478881914777418858875984674334355915779993877 4764875276154733786474576999427667316341274935939319311653632177265249593847819944825247254824164786
65595461129881365475776732881357265553334889824397131148933558339373456291331243199663283927 561962924168631365958881522811599931385576373471954914436563195398293965859298452689435592825194
516117939591899835289162348462819166489467156728181368513882496745437623569815152 29882933135469
414655521644593764716151996822846255882965185612884935857228 6172623183927639265195977383781651365118234549331479629716876234615396715199
1192849622133965499813395985792253897347597692258456519635867314467158375382397227246 89849996377658186949475969
79561 8421184471537212974229121979132511669937269426388268848523261187129
26364672465517554453149742157742977161638471286531 46767916515145492771888252145451481418198382
6389569 38559182
31742494156996183195961799763747359741225595522519389274515649 7692757263188555775525837795429711747835636677191546364887197874882672163634532865669
66824839 467667444417561567552567616472755459947432
9442984188714423613949817542382513687883682 782366387781711425227434858481337325255741853118652329517233143623221874745978
26786517932629224236157595711322944994658144687681415116943 2173468382113832348185291523637419632963263766243389671499281
84187918821928295533455297511783596783327 3475329589386424368771811473339351395127759748415486664671824
45694284664185 849472233689243392411976466379185943121616156429833735358569
6739421283919599355875812826339997217676388768822399146948967816257967662839715948753311642749689682 3464866677338367
1649385446223894935886241579566222295532582522428444891995776539395389356166464554932613 5517371319875
