490
1728973993169289378115315 663665264996827532344415665389997598993686671649593279918868378421939255685196533359477887314324
747398329853957987145425127391695555342865798711931438921429627617627263447623672487943294 438178541865
525457679352678222142268327433532728294988176311868724593124 8387185293345611386122492925826465179346714629631651897
31899133929178675839127958598343122793114443561581 51681331277518199334457897487548549653919213732979999155
94595834959537235184 6296165419447429759433372229384647
4353865455951495123541754898744118265342854726151171965271467654672334458153775991738926 512483915311866323211916533948789444934526769262255293448319476187815391684793999472928521258455696
83685953615693968637363 18825516812151268283555782614613617469429283611
2172383238457867666243398579393421 388282113968918244476123
659612492769279998815362883826879661315329183455624136 21454382897839451675476451829932585337362471827532117378854724189757285645469151
436178385141896915859322824984889729816368578 1889279745123276156164142513363366763828763777
1758245642328211787377736245947296969663378334148439183581255959625587257219725 3968942286442922164781
1875563161465139559964397712771136472638919421 2369746953662759386121815126155857241191698628885117645812594271769651948589149
3599391855293343758666247799995975368675954147744537683397473754656237771251733783613 999538611155437899784525945429965873843147643222224
43335246942261 958299357661
43128129272182946566725218774172 679312775883725651259932166745545232727894353232679
4156434518497823372937663212922345491853 9778642871478945271156266
45962483686538283993961677538212952149776895836356897679949863586 74673427152837428357538995468947962141117245327581449114899822335617643135888391888348341
7463645856789673761255469582459923951712261771773891619763644861468773328289118142989133 235535618965721933481239725264388
817294452598725321695 67259176488561782388
331476168688754476741759855134251728272868953368238326762 4382221835362755922866877181742328
642819196844475384156279387126375975677865911822212578236 7772423224437786732688388359433617198446113762835177289227882623236987464294126188842946
7459199315689225164539413299642578 2211911473688186225576316563356316947443425495557813245247166251343169967245
732183322177899789598632267485397 2433923
86861896696121763939412417947928388547538231825152542723391315672969127 156987599445687281494588595613117663384662785339651169485335941784555
576164395213943731888536239534734242133146772485781957995 89314918612322589593337666135566587689686
52128264478335552538928842729519756524644361 6453134953688568998591612632998145782332825663931
814621361629252524147492869693195134243943144213 5519282715323989128484355178438366
748293181231635378432581611246582916489527639137695 69651176479328543362755227758778627477559898294512251938959358954432459384446746149398827746312
357273215951773142795216374127124428143959263287297992342675423 3769181448455971111974855362
5184176983134755263646397752986722764129779278698284666145219476691236378591151278471951545422 11397
13241856795453959895696539144728288211692187922825583672283742488336 82134417799822713111822
392655921454435398336433671628127143 4227172761813259422143461846196885537856832165545213375824149
59711669354 384529188592219348685293512582124915363366
7789823434499142147396753731994913344385496428129935978438 314483421222743992925321688514
251395276483866 875745554833857399574399285399258787127832261276997143665298791412417438482175991618961
943731795649279183619434178961956853147274456496197756844912248347566175524945937634579769719 66437287663444739116298711544677784316271479622433953258944219762478555928654238
733313995871214541817781745724559589896428518561929238489251246397 8638914567526314816638363361118354212273215868838115631219196
796241368269929341461811343769757878 2887462544561578261521832618177233824778595634462568879923617914489958852517
1938239452292698258115563958148594413457534623623931987492565818763439661 8721494387328938727317348239571391623537843286239621681613488379629863728667479473618594336262
2629297564644496696497386611937686555914131982215594143448542757369329873895994882293767946 49198529247746784329544896854299991912654444717271121721245273647637412129544533734
758433371975845693869924672535245481116819321974 1568451992528818181233
891935544658577291664155553175779715484218369327412615248157132962658151 7489929288623
24349564263542962427396252466534468457877139338593139326522347793418656487773174256369295665728418 973679965336263544
67675941777551179575616358135647418933171523375 4159719678173473376339244131281836974818216989224833555158136389293363226834625935646522911485394238
737873243838526759592864558384858878624953852931181 77318564316786448422971753121685746192662
181777422967132333654391551835281979163592176373473178361348243718816547611992266718595 9112837929712
7189384395874412338536659562929462648357531351278934316771639143443172844481522953966582517594 228493497218925888277451481561637158964446362397712673126717987719149129273718922773
786742968591948421881469522 27322466574872413192283286771478437436529664514648926513642984274322895158532878341769813841297
6598 353924275668452629591143114195895875467852474354956179879211281766968283836214712786183875471528
41978296167338855741439146712246412452114859669465254191564637786283848677989444213155583684 518421419526943575125921
14448619434428628243182971855891244828872711613422131484869241 813986312999715975935193259929477317983658235766548717775397977715372516195984385223321912417
3522894 842624386652811316877243293786216393398547369846744244245816264389663744375975215
2213796158248686187774167857894361142577272346526764238 19793917278619417469285816818539833519316217
96823626716148979848416 2994619154699737523695554239357999971369692525911439963455984434918516961188238611433
932563312184777154839944412496979272258644852619576686449165781485117832763861434 6156651999857782813491822851
178285631715476214184453482789765253848716478223638618312997314997665542544157694679617171295942 45554357661672863769422587899826
4628 944856799418566896474999481788229116262274582932169693512558928
1656276213394991532621681984539454598 44199532591252246795272358794585962
8994123439815114454785757244296146125374831854177935463838936543673854724529317523557 4694848639149413471443965
98773487138275266681183 16697712172282798172
9882345165868257278624696545781838447211433129341688814 119748536854667
33767431546876163625843521493579391 91253438918133319329772161281714972318675756659893123184185291954822693431172817172
3269334328377731656561497218775386371545322926592391242959614918491143797397942462 735
34545995998884982128783539521183257142954635349326334638752151484325824366 2826125964
61 833877185573373
5635679718687257631999858852657483151774745 6518754924469553714575984
34935412459576 65714599122213112114611339647966617417671664587183366315467246248788712911656336295747518998
36699364862124219269828889273 37627767649299536182341926745966
3539144 13354992935127111468828839333542267983827326713272413382349392938484483872823369549
443238216898869266216642337778326496187947722885241723811241358676521636669146845193175848862251269 7242
1846249958215544842773992676791643665216444572353147446 82554212928156596144
73226497499859459177886881786665887 2588148671
187 787285713358214375244
1938782288328768715999459761667914928698632115233649494756843534385485194674913 43857113284278947132823754546896912117536465223722998595471347223885168949896
474815341367454834269326711882512696414352792418349148932271778431134794853986524364898 4424422369825488587568355858934759753169487933494
6926526239398567778586923871677263849353285112216997317227667449285 18279989173763418969523617787919347198181565998889533421925233
6844161 6563317127625148985521593
8577372169877291536877754266666972 583339289219386733791452223763643266483831137679965
351896961372668 575289418726799742936785883552445217172392156
7252211931937932195255633661237928134686418833332582522367739895184226824329725857973879684195979 3426297356526813562818132153459844
85769574651723854336326875643387382466528185974313392659297632 34152958885723512226875718891474741211883749973166741127739479876191386563
7489387393367 2162453841626373825876
59281972571636932573852348723237381179213657981187937735944198123941763323854447923345256884 1391682652221922176498371732349828975131332699795522745786961853475428578271898463756956267621
977943835735517871933682166896534173 237376954553669224345853336242388463647572811349178729993225976587349599394761729326
7479867437175549297288775847756835925351943979 19925849138693692456777267546
1489276218949435321988999135348964471348456968267691285344742353952196 246681438943884797
588649231256948298986689231918616572759923958 75926966678463975879476811896681759119552765368425253914797318221593639922744633151275232573
6751671817333195387374995343392886 6749394797546418233565778615852138316368298
2411279293757622 52154667547496979714424233928632744911585716415247631224844889587
15547542412414925757277589527469226625585355383159 264471572752345574432136665429
91183124848558548218839452659564662 47675784561117622849131783971288181334854925971722995661476447991185211869676672
426197318544777883995633832125471396994513411517413854232882969327592357198985231628631692851686 88857848419219879436631293343
965223716927167577179533119539 37851473883339891694691554124715544317349611277179468699133314381439927241285713377
1154831243766565715371281856794239576938444916916642178882528188925699 4998945892458255318682448917626212274732585887978981822961481
43544126335923473 944287143689878134357517571373165199667714983843449974196922584464312367932358526389881432336452281
43484121372924155719381122392194169839273786629446415479796239346692435752313123162 1525274
7256 3969835966666169478673293215168691812497716894358295949637636128835143244116358959314883666735798
492933493833822324637164191446446412971431665338626516178272586 655435262487376986142733217524912127322876144422545139555899641758928945877176571976977959547446
5951746325812732875251968819874668788 3983
6568625 77685818274867166347333396142264275249863575755341
58392 9779973648421919851427934687651694673989498737468749931388227777527632922882912628
26886389495574766167645611142976 8956484128833
3982216817118671973625453546681543224298127558842843795287136755417918948554955911 237463813761696665858721563858881739842324185499581447872896753838357183872581356467556186526559636
875377525469242199443676554215995 64
2663183862546973967271874825874 1397384694963118778494413417161995423226933846715486776981775572977289292132312579254181195481863271
6623543176596263878392279954973174655255138395499492819668699496785 987698294425659441747968544619896847389738918355638853525986843797996694576345162254866256983517662
225362613567616711 953577468734281438669565617945159792655189913211939
967286121957165482663453236329736633185923654 5693539588665627533
58938177241399456549179239663249559258297276179 4282877474642345124965346125122344519559433318873194133639188221931919
3 519683715664744665763857123998545534819927381684379199549582628357341374725297216859986873
734122662736356272312652571617664 5196257122388324246712841855293598131755781433165789172241486427288736734262441557259983531155143562
3868966916888218544132386 166381696485914724616219611217945758594732231834514273235955
63858491215856893312286447459292423371144 4645544921763517
555155231472379233855179837946754857174991542951893946 126778873152598711561369564734575945992326536
4777471693225357383344396232692887 26869262946743233159457557211495234947717885843437355665836487995
769371889146119128549316891752729947732213776682911735986927 7319543431688957524327267824785433587573441163845629175737822424675772174323148557
9813677927839792672557579629133585516269312962459549164889442643767698231135335548586248831684 591325982777821294515511949442
64498 999357885436556891435828858112776879232935397759
651178513 89356458
17679246427743377547764499671843548588497 9342549662931122418744471765492
6524674741288989678366316615255933278781741735882668715295612339223247876761331834878337736761913246 5415731692624691528679721619
3214811632524186989424564231392542715177221957571487165812773195676251 362681593116774368681147238395514541596846265964947875653755747935276
58242189785345487585884296144622438125971994696558876387268648735272238764278214468154774 77655321944225953861
595794922393671738335155312476142129696193971443 4411345638546718447147159732244779869446295444446445489175
35265199373692381369493695193116547935737858243847119339761241418 34371717871218416572859317812161376578871628669547823249485382968728343693993551615159497862
5772259257455841877829978826535464885832476 1171733167658983815264791727296
174144681569584134891288524756617776778613719294535584668853427571219487442557274895412186398 6888275467386717376693716528844258948693347857481311139548738913483867488941377296796813345
6881562323262646328527529422578591115133277 394278691381955628518598471759153346358811882941618856
71294261242594223534893552756181725 29347961588228167623899244427198629785345139663182551997515
144927835785919827462864559796449764876537116644844184798117628981323614247631659282612326847 3552845475127245273914485341273437923866729587467863459593317435282392737298859
19174479529975168331644444962756222299934387517215387 565846665522969176532212135816
278741954638966834124819736399373817468625821892441248479391545184694876977235285333949938733582174 455426194214327172296857559292638468322324742921181445235259439492291124226652631828
939328187834425725844418661413633416424218577655791965965777711 2892675342421479659453913896149983418467611114483417864649531
7669817256112128866533629686645491 552321612821522851657518727357723634647423842998829458997375681996268431997564122196
536686952622578263894845837142776889214751983911234179865822983985542431728118535667895876797388856 224618626434321596934245447838477425919941759943912359669741689393123937365359429797681386145889
128992774894184366199795946117531979321265421451799578 86153142118261497846891546861649811471836811819281954946594546624618812454712766763533668778539443
19944316385396356314145347927513491674231266995674643391222 4865526579235778618236676258993614877662472636272959557255837744246347891386589388891845599564417
7534762259557226383656512881469271964 98523562484291728924573227163737697167696
67213719268972 72846219544293617562551971158955282135189537545
5264326736527 91387371477578747546877298334719
116838692715449477637547941935339721473269126341335927417495252947954568611147262926479712 14989864887138866525295382247512927748765892863759468429135936481887122411984153461681
94774854741693687477327867985227784559111943844155755829555848464138412 59494486496587163416412199869673956
876577277123417897898342976912859695374792479254381638217152953136251438237681989522899728 68341553474823
7397959649154921935173376843361765493489145646877543184471 6999888836928444991714987234554468611192683468746527796295127492864477777845474
2579512784933667185922363 1753276453399179125966995217995275184951
86128445933886169691328746966442833746186255215878784911 814988
993331641962277941188489795271653728957355776275697943463245894 7646444
92475545953363324429864421892112947458444833589631662439523631597372547498656675 3863266139743928747983258348859825682455917
16216256534621994176867861949626362124234131311793325 595932925554
91951361147728948536246855144389517246347478842932461676289589711471 798245829245255352473767365591968192562696135312466146991816915515615286897372459696829995654
89433777674869579889977218889811929572972185146933796848571273655477535139913345852 2913863375645648817951673
16651644337745127322949437749357481313221655893292523618942878693279 945774782793522312216531516
359196326365456578822114881 63675185231833781216747644868528174
1189498851125554488161993593952443695332126619976819273466362686229998763569982591164345 99539324682691314832364282586
8962965811135384179995366515772993535196427821258666632554567579993652 99313891169895619698347854275699
159922414564185682427796621815446833671856141678525993791657995183 6615172291623982894728777563262685615646412898151977
377798 19517958991531923767132897723163243824267768355123334391858331228632921728746127574619
57685919 484383473666477336859665162524585549828193277393825429866233862245957269131336548922287
746922548719861673692113 1946155836815231645
619712816485282416816188584671354419582668 373742321329314774955752962898139533121943236939767684
81651951886246161666562265567286216782716545768488229588711741819474436621743974 142717237417968663145717432833925256447374174449574513874158449235288772
4 59
9777315781521835577469421491421378619121825749892395 944256336465315775167744657824575632719764157584947213984245946
4455422563373423933356947921543637957525752972649798411119424388982697435868823129 5745
57761149483352827945823478899216111815235787411591724887639377 5455959283168263232214148622853352
4621547498326365987275778991916245215954826852378266628523928127312168458414136441598 722814279967376757171545
58299376999915328448752558714239473269679197784172713326182942488754944841264373994665 211933161619841157848427287995
742313212518147266834181821487271 1774
97952594785171964882271349549187355599859429129319676738783259962791391865983 295555748379862555493868345478741435281567151944593384494993717
2745861366632387539784696851254258118268165218766459631231237532891757 29359859177396559898911352626734974933112977411281543757842
171563139895954173845694711126265777947279351322912478217595126695633 492552866881173271459298452831718652668234772687533279776266993177178886186616656516276982
14193223449472183481889127 11644945759779537285497138142253563682492892429
97466976869161967152653752266479276132583567257995455425595667257718364162633377556447628274694526 83275256744737911858854183425699373613926954658184889697445334944515248933712
381259211721566156649292897342827131725 4863
6196495462894692648289865684 26872632637578972163231934414763297216438581445815999175458868673544166
22294948144859487889544456929484461861481929937984325 1845377
239267496387962848 6765815818694964819463568634
137597167737825688399687493989419275494759981861687434137336 85932115321856741889394528996273235929389
483145649879261841488967646488296643556872757793139634729916 55754178179839431182741551757444518281725274218
9521471375399797692378278832775927519843642867729577 8
841986992217883872945197875418936383584241564425661872144947762829216896128689513777285485 3329399722822592575253978
774959986869449646951922285959432 5
882 573263677913936272697488169475953759748261
547864231611494229446333217782942949896944149719259591662517 68644934428598495331151642138264934164912667223218585321875
57175655191386348835679954244153 682618814914496223737235944169172996893659991225814134
367828932943928689929512845874858255361528675516788176673583917912831394755987561292 219125556294475972396295687887639433987738858293
636822757733931742773212581189296922815223214489113595744432299251219885566229398618217 19538959953471769383782413697949823713236
5319321626623986321245733515982624227688696854596187522427434154886556821214532563836247497174 2956623879289558573265668522365471738836944224
574525236588524981711413982161716323245291329689612329838158348217385119935481951273299 49454
593362387444636955482926426975391156391258342836364232 9541434893885796341932192114894639119238832681345614691754559141622939678962369446619141674512
37165522297 47952445719135726334719298238469653436886373741
553712537646557385 6196841672726968785239237685273662627526876675878328575357845153569914467461618664768896124393789
5264862894347517283445934472362864891636667963 151625628635753312556454438834773451513975594
151463666535953464293655 31299667943837514291597728862574343
5221741638348439939771119957972867189913757987596664558 44992984371947273596837178478644881639258979795872351823658662849771168591512
8725573644531393443955841757745 563552722525124657133528314231682296373276795218625499851689289761647259162474366463618618782638622
2713224566525514673683712426322868873533675795563571 973748151279763
6677198147777472257363435 87492121595664851139828175393975865456
955952284733828 2947795737436626199742422443522749997921516148858169333724643774666792246889
719229563194554192595432686676931553271733466264 8343156158794422155967722574591557371617964
77821341952919892758372588291213317839188692858639733582284784626396557983663287168213824976859 1473262196858538133423392223212646139815865631396554981995
692249686328133343177231917776788493828 854758459638947579758638416162
22381 5947185581814175298686916878948231856964164764
33724 28187559694521155631171254465136315135573144511554784
9915796854737824559833865812185967944289339431664379843224289275588733435253143418516256197811219 19338164168327669181
53239175629649838112181939473443858 834958313551986529227926333754215838331395861152615675449242451518
577754665582972366177131844981873892848168994535981967428647734916648644638122575917318989474 19158469734566356445843716471919334138399824831681817141126855428813838324
8398336682165139163783469222 66612485314743381994547
325577178836751247442123174535169564365227931335218377245397 5666168153934666491126332
8464725984712 2354693874452674888881315266561987325226562796791358624796
782272724236587382982 4626948725173872837571728859817972138388763195986269663632385615826295192
21324977219855 31292193856235781581
15134813354899161729386329192726318386361571885131834 19756948747245944934488415631656825776315787947
8546256231957496838754384 2164251715899511683615829297138935158494832371526844423891665974874827657269622756818455759355
948 34356115156492332161
499137381937348726556545615625339489927929976273364266383666379113928467989676531258 3918419499129587233523143747783158824972292693845
2918533232694693864515438976284437745433765489493682732197817817123256253647778672867815846 35477983291131583295262594447749779212274557551723223654496889747363499782
6117131522148419139783719 257464364484615954667662781623919669327255677184565389885684345799
14463631875666 158412226185842856531264378359891
1891364218875755349669953339391678146593159865395393212146615544555741864575132376892959125346 868136518237943169122272524847874742679252953819721144143476969147286663559456614176
9684693252882112 533468998235154224576227756846663518584377628889694228216779284127386875598311312316131551
11488951 31729753774361496791649844924735792377688515829596365218427149975112912
85487335459266781154767258285387618566227528345278231542314797322618691267168639421845 7353479667232653957856941852875459822862465485786198319392619924248
1413866492519646647637733764199844275189734685991463144 854723113755121271883644485667666716411391893999244932662362812631681888554991648457638694175
9221493359159744927475212267171738775349758849528858748897477783687473755981764932974257926487 41883418936926235831582732
8825241361787167344847938527645219315844388 88878313779369835137432693696242649497337747943989981286772321472877
926513 5341375759276824946432526388472738787447494476554111981798283524936467878159359866821452452693875
491828 75489987277179869755282492456552995127725148679543532993456687346819
91147655267 3689634492115681311436599481831574
4292388797245938649496817687519284638359782423651 17782554818112291532457242466777868525723
11382358444427567 44337174735918818619371479724733738317374616187172539511683
52296222291739575598796458922283963574828816434889627758539334953743848 1766735899181948254959241279262788339376899
3185776269638657778252936928967279395545478289575947 12989322131797893468296974439734444275322411657753189999679914818375797363
8337839449176462113129445347823226827549334317344926661595352644 35346882517737465254741591291869516266396884724488318121419225129524368337111134849297961994996881
9647623995491566691158347817438613254647465393213468194 6142289958551139654488746183981742925352248152828429995672586233442271867152244469224113714269
77933144242883699288811862 159135785779158222447241778
1785896745384668194214279447979 31324164688952935912415649752428978221331517713568393962792199458464331174322585869772199364572376
5492267893622686533346219891348327694638756859379797747465622898585 234896887876837992448294533628268752243929927795753344174545165271193589445311742373
5283214441713 569242135714721144971724472142812366195
713734958273724568179982411325426821936895466839322819123423484693593937446 24487558794211328189692866291147454736511185468616984924578751952919439234645623833
22832126327467364815584611958196621646582226215674595764239757276267287837731852874 657189219847821317295514876231214343796225786135968225277584971
3913986893926666544864836583283492257954596334434281512936984679496123446 854693615699961515173819768357651425917987211
325253226387277213681114992695111652191343652 6366154233166659799
79297439614297463766371671758736615235228132873545454533339283371241198272375741328775331547622351 33218762538
756983416874236162877633172334836515143899355822743363399539624334611229 5685151359777942177996658
2468844173692355777548353 84635359313392286352572645563797459769256423256793246
549528761487285736212522788 5959367363527121557555979993528755951217852912347243563284394454131
7662947733385893693957165451821955499219725777469764318598358342323149571985 64388976854539715192378
9368732887864417798236421233898191627 96
4845958763124367546962887644422373445365872634 16619442675929562389381154696694517196381774586728465735611994
49996266235325826556941487131147575746459839865584957246875724741815727354 8657939825823933247734966631131175595
5787612264679486622236736555218878532775539671324643712825183475699173227239452 15357362397745584561364398397497931976665415625574445919174427978347162118946162856244495
4527371146959372123918422673931481499629527334196164125969 6375132636348275469583518295277849389749387651645876197
9388458278449745219619196185179778441964674354385592956189515462465863935892465648542155455694295 235528682615744276746689833112437814795292637487783559433549213726465937943176194325
2287824535174122591172572577798794122751717678129336435413191715987623822881146444296745772399 1955598671257264258675999548797244811733453968
26682112116514428561865564558384191823151264374967819439828619881447 917425127122249428564415895
47961197366573839618197417996362779782118563847724484784265 753432874768831524329923556228397742569426767486262843355472563351938127977624262596841754825197
5879579644582647178281763298832558155567976948444267 127126741667444281634558925324427224272879657927326485746654446878
824 19399424168755611693863791288682814313443174697847111757972625
952356676942362564 479863544289482916973189529297669564976357233189988484789348575717656422482842
945632992727 6825191677897572749726438995837227733183
446889889868541145429386944333795241875553731917331167133386547 5958574843152868526976996377584943945418143711429256598328314727727499388424
76625726678174287854269321387485536473717652833272248538979671587936 5537157144984542883252343755922547181571934833723892416325829914978665921439298147239645131
2937657633421934899432177816911976397124131871981646768981551224641198151525132263 73178124745424746789671895446898431663712695714113263737484244621921
448155594735779944329418151134238366517766918896133165471184548833296351671576 16666993734375825278996955148397241245847456847421823947262243383811482
2657649947848836 7295917514265789694758619888274529764865173721658674228694244
5827127557431513784573553663233342618343646323787174 85326542394237489675776815885937469934
185821594613181433861558498594182497822435793461117613651115824 26337681537328166454152715592338649417352234923694211261932428652592652755641232
195469567816298366412477699745449155437583965583166143718631665572242333876625151392934332282 8713249782723317
6359976435343429675644663851672178347955169711314394363252491 381127622294259916977
413858418356244985524646679488669584859949288392954697649614161549822995176613959874 11867545522493233231422486775969457375859198179692863345851112224683539653123
87373512987365717859857814593491174325514334727195963831649 12
1362786458933259615511496927121879926711582113599777853313865984681764124461749834367996574218953956 732777166459
555745 21731899769985147648492644542286251881788834741722345749732712
1853825376518898685 24522493181992493527633596747948931696924499133123645125189893612772
24973342554426849181653878893623265472331232216843821739375785485468251898639436728749281368 48658
22336831843167251562145448961936284411819 2418535943916732512168768841186423722226411166857491599997255994277777963
119535812517491543 124936374996832369248711217491363673292135928791154237883177673794246899614197481548327113816548378
5952762411124829516291875399137489475 27799242761522512852199343449137874
2589534396516453916274193971857325892858699681492891144515198445427348873976899 287958391986764222782323919354
837853833995972381882426651266858554496831621136295754847488385822551752358742375 17946617674541741936968817
698577561882291721867384693764487562542325895694446321465164198366389555646438364 7893487287994543369729363483553156536291544
89395298793299977568191214941158895 698
17532674519484325437913714655882165373497221372977692119262985117 74394332713722991326463247993687989322838397626338639886887231
48322541732543229638581592514618488937831381452249639524 17238138569783934146271228785245841543136721372211475587595615
612571565214639258417982418365113988748275212678312 3419682812578697968176762694489455426696118231971239437
6282448366973184141595386652788878445192993855856 7965433911724929461413525331853169924329911182676728196785966394369943883
25845952116748586445397 6683126348891287
152473318427548296583148859132428766982 78575863459239587459375415129488414145
7665924443252558233538227 5874
1451679919961225711819322431467269946568212517925755742486495481796553867994 967525618944698568976133547947814363157228
62837139625618959158548593154374111659371256973244656285939138431825466919732117968681 56689722851535617231597715917165
9824158371286474227413 1918426451818951745249692658271657348182482128519666451
67823983351919464592144765792 1647523912729582436284
694488723994435678276462933674245878543463178149949492689563797886776261995926398349 11772849462213363456992677628142788243581961927238616282
63566747475989325577622927396275496275697955839471614359817657884916572 887457651569183471795826534592796616677695627434836729937468973554928383977
799176759978545423713122198711669881855267177471947213378998444652715546436699116871873323595359814 44368224935556
14786368351131727552489155413686689472116567425974134977524865889518336835588419469648 34938742969277658258958912397161844696195558828966457
2713896461344299593864471596291214938239 759473942941962926716596468297344136441814354
6246131787185354124342651293488137266155454169647579391736218498622522592386188633513875 23628322199272458259674524857666225695316365867567846151245952771855966461696796
22313313618687559174171647919486117612698984632262931726275878677182 7634653357166923564762895661657149827496643979986759675296
745267674275715142981159995956435229282447395 567668651686526615314393225232984558658797369929436553871279844653156237985922347855712
334919146381694584129 89622447
98971292495374738534685178376258197482219159164173667213938513782122448331149579598122778212 9931589241479532886
692192978994548632761924426286186331491988265372327782573851498 5992146758
529631778287298528634594 53
5875368177756253165897879158869117545765615485573232742557996859957226185 645488211974158968347254218317736513956635542432252
97777423698631723526164393792676172133681888435294998156633333843184283657576458325945432111899163 238768971
89792426669983692299181962245429731861596866692112698498498821756236124417111797 16672342961481344996831523466772866927586678368522811569111236628315812546499948756326526477932628
11766151284143579482595799797694992954585768434738497275818356853968 259896934839
6691411767474334724462794 941776957219949843252718724238724524269522364375322685143827375344973816851156825443565631385
6112692891954364353591739688614719773879127 53685616279752923426
27647526 1578638674742991711948437
967867117333697967213768931466338351599496677844564729654 8539764754592222195481637736991142441643994637
35187996412521972575879869895623794295815214728622638668989873349593321344816721874561919769848 5449884897415766618358358855434429832151638869469545822349159817763422962845563
8432825332675322587861671478927 2957318666961329
165889952252829289178139933256323464177882597828653575595276351414723632297754628671624 521184783338724446685673135779868896494194174344478736835642658718856624923346273684975
366763513551918657173872467121487365536292342745778162835313633711298768976564926369135974 539552916458341146541218486313778781211311473564918317951416124755131741751426538642947733875
8499569855412481124859697 35594312268135138134759578127666158787637412943641128693284767327449131396197858913916917975674194
82819879441599852448317627325685717527671834762831749468457455543247447884491549214185 51568584275436126
787944796174214488652333921414857763751852631492528248743877379169259239333247417465126818 95922767443418968753144535659773997721696654822729728215215188637957571775589937347419225415662275
69481537225168672696797134615627 8392
959155388686782913391951586826575868446633157821332347697778665725492663283112198463642617 7595625641768612
77839856627832711124261547571319876486269614985138373276545571679669188596783779371456936698 697439921147637665641241227354557287361367827281
95484651686249918668672432 321226935128936282962642124542493494127788245687153545576398312828324664582715167
44728239932393263781213499114236337522587113272451519943259 1445778122852897377478924121475474691923
96511865872571452671498199541252299466322551228 983389857244792745116349124672
2538526413517853333541882378893779961645422733572343862546285647 892767356685749478869189356132516673198631798528512
48574584515612793352265681428537623698488496193589518837156278299322641389253736189 96331358446621582597641488543283112975
9757399672136 53752189752878
472269645257224917575995159146316779125272934926356258 339357624844877488767
29762872522317793856541572682216477487232249854176289222369531436325625168178278194716999752 53689618749732368197823
56985657964894282758795392629788648941468817344469243158 4124454436561563859865384726234572
356482918179227889477143569566215359118124123889 324835568723264553314541845527372328
956239785873697551 57416736393176647966765275921711372829377529823945925961836497849247269227211462368688
96352561573133473744189247461972678569219244353468343821347587638776254463371334657171454543882 998685536454886931121567592666373918275772747791439664533246987213226256
5989693794619474612851748413324575646155153478374997831539516 729271162276394877377949416353453336286191293768
13296114457246541934714 639176413923737141783264491572375772113
1426428274186639261862662665821133 739472284987427287733586718638716866746164261166273444673987
3571876979727221856391343445629 72679629183655541522371517195444739441554282234925843178344839829792958763416264831571
9516769762976822391749 8953366232755713991649178776523951252941289725394572668271643337381571758325769158423144533176192728
7617623817617621847295517771738976544317655242173719454428385423556316596677465726262786 176835942755818923114457729294857586697
956912779476796894981749631692886 164762559115555
7688753889755763515411182817687349386595293447943298267324914592363461322628953892593448 995721869236812561476465168616246792839754837124987317758249578547223477999983759474278119947
836588756374642776721949793 33291193116137155167145311397813955149852479442617
973999945251353225839548988211561537769682841623223892217789667697642144111798 814363279833732883385255884564481367374389971692898484192225765186487336927416644917
814519757623684415429619948527411298188 323431453567727358522242682715269588689234479545627533893969454192724312336657695792678472695415
8768882123341816785898828995415729748113777 784211356
5381774493969312 292914875784169578362117565629529821111147128171199
7239621238826217349119299952873261121 462549764122861739659318319641735619936249729374881194621574264765423365225536
4697357733923945567733215293357397229128293948 738214375935713951889854741632264126139
1284326922719847172754971748113579662963745 38643859259431991666619494282471958672457594935315198478515435571344697353293
7169841699997576199583512999215772122847334199998828486671669716844449982313386553185564521536 3635347332546878146812744538277161661269467211634586528866557488671665375879521663845341523299212155
29958 898775676639298598511681666728518268868158454532872923525134459315275
927263752 96193635213959
681347913745623 147963598433189229437186692644334424945662344881171472453927415616887543363779579818397544149571
692786969265335 62563924874847417481155359339985624
97289 57865266125454544675988526
76691392278444573673575938153222281549195256523525175485134274716966193 589568927679211733419367586144995719159618283836628437344621
277766671483614792414142611527638486485269913955914617542144388858842276522533523683679847465939377 836773757519
6376475411485727856831174382767423385341398162 35239243212418981337423859484486486475643623422812845835751566727495984421245767841832942657
64249842369956699478444 32292731698897729785526134158773411549819422944899785144149257365979167361
11871557146181472722561785753 497234558475414454159858969956
3433642786161648611832756275269727816246847889561519377588841895799953612549 58864195798154688768272367324265142959689216376699693217688773786254384461945378535213528667
948356365125739889681525193 638426943723637233665426696567525238171753612167397683135326688388
3558772682287416342242787924268 19293424212129435611821574349113319874564816287882837671811462855525221883653375858392
179919374432484871144543747656618758993855331351819385466934581975265423925 1545126394117478612999726587152638256942191874749482169651334892254242846375466159478565
2776212916524694766334494484795759475431234625896181784247493294121323565421418 581143714431734712397277
4991945134929 4574316325213672142649934576636669812177969341744937714915934
37516113738812769194443995236713772852412785731648997489194152286673697786425979813915 45195341419876496178489373791661324948856431775712243489368568511328
41144943395583366184581847895733629918217281242824747124273 9753
3237992535121825121997761741444189841658655978438497325448455676262224155885413131 56469352164176
8194892243941264445594154946 985813828123169152113665697393275441623386124711969459986484365734793667239188564
47478978383999433798373566924945976857 66623564523764411662537666249254337945334372169799173845136256792713319764599
76172785424217853736359575485222134782998438643987447344 7289156497672334612859178171
23726186412371178693688948622511164592463315151172 54356867812
311269528481898318459816527868841236232298891421223729232944219 5546668626792756
84763422767293888479543859751939965115 48433228934225467279
989784886366733681658261436883538422269617769884588487237892312967466185787 7376314873652521169752621872399722672283692395682749841127788864632
5988756143269891987433463227334865828497661341698146673914938654551113 1711819571797358818
8743429882764185364817851516539193824972456776643999549983199548728118632 6933422777778116574456525224597584
7621927867397276232717454421838156714974377963 2591296827744961697512927893487
3137392531925178444446818564538434769153763 8571166183
51755512777737 71636757753435463327384196489865634169189557
468342157627883429322737532253956242865943623157621657345259195125317581874419629783893654196637835 454912519485665865553881884525992693
26329654436628393823566655422452933748315129934315641263723919873493547426 84841337451968617363442446665197927616314311348296983835991688369
119965949225741311994271 925273289631954295379388397815362379656272366476858439285124478
5932932342 19455275272775415947292661511182576356824392392355
2255957191619937361667837813476316989786365359468453698866 3616465783443994346452582489124699413557293613682747895224439626946366242352666922719
56452732213366969616655765677147573355438358147464235 97461616468526636867667498192738559525852629824485539582277739724436192157318979731271171373924
8749492 167839348297919982223778341562247167416681534162317
128859455578999382329492627679692789529433264979861722444455343344486932497943864 88456761455189463242349817138459394493675695432588749646363329613656724382759182
9473564369271117127237985889516768928428825387 9865354632863994148515586513663146314741384358642158724273844615745557571998146926459693622322949329
4282619 1238338346787479173439527864144414152489652297751543249476654678574589213277667918561474
361949226127577335473929496164261117836485958245688749192967769716389 269
8322559736216769 9415425674492
81166251811278467445133164182612934857889361386884329229359332593329342 8431318791671171369981612955643124262635832748186659666672
565136318423274568595746386398339226678762153895518493568229997958156543658489361213432 131693144913631486412116971521646517868379771541399549314538
95427465848613343267467662148 3318364612677164652888798353288236923396728
88727428767997483987619331475159219983268873968171797624519916912744921137495157926883595194636992 986139979251796482359958852389
4258954656426585585284615261366253827782459448429621313197241289985931933254894672217352754927851 39189817
68615719717843743575487823966642511222883727453186376543 84519564814375218646554643673464
71722484592823424429517862527254172797321669158899561 233843739246466456853823789
3567411687265597641129383858161176487119899864522711896788229398 4371768638414895513849678355951439881
896524261927877785595435369344832191575195653799137272792 62695353533363552825645852478577837
4293765751978646654 74667749294161788977617977491215145334524419142136235
967167332815818755384651464637911542453292939841687945749687863678934349467 81959937765982923176188295574357577585141899572447364531823159999516875431315168748333659
7322922819274 673318146538738193792658764478242551541534148854526859417271552339554411241797338251965197732
58371238749551424625 791382141565232211154393371714495216388713359321426394694711325142719753
282556641133272962236415648997919589867586746317184139627442812425382967 94932399623429356942782464239492397617726574721
26413289 5969298927988412538519425341351738753442753246435887188118
64576487884151383578494779246867458245782 8986816412999379888333482
8382536799625221763398 679915618738129764348196883888219539756448851
753587219236594912365898712187955587313415967758145268613241117359362471971283355757 5
33992784383365281 86378327275864795
639931136726228251797925947417235831525229695669323382983375584 25432587687767
82346267591244162868571459582384546526581838437397388619 968651597227257783
76748393875361389713596282749891319677872136837744849431144782299483561529266987895481639 5372922696447634151644545752195611185515344
791926331562652745995183219367485878876194231984188388984235685543275 1253476729463795923719655157293486879363379121497151923586986362343911426134627193588239459632447
15758672965456751395867639116159216717799918816956689727 18368151696924179682481238597758436399344247611345742171955
6164472193972342616 6893136
561746941742758532354141517361549675783443552154754933498823518122419446345912914579216989729397787 5412683186497789866973779679954327317953238893
537228955 44137643223462633
965991465338173887 42872442646556348458363219499848528461433254358847848719271732985353974994321392892
967786629154299742838411977699521266127964257345298881826142719855 1261349563588526447824389442661273711244662324178126
39491888371311572651275464814942243164618295741963723219279894 88132834754396525261566614889993933253996967456238981843122811284526
15311924247261883819727567249914755922 56666434497
7353132446567391943134666334793463958987165546364296692515744798457696318189571489561793286 933888821248627981794895653758124518599278
185586991524298288478687622845173558522326348 912271859642145641516651994437228644644453717153992685959
179531176773757891741112734229685392721174412359315947766792455119644896334164656 45762677516198383717728357423297151812592258224526884236531814699222417994579912323444
197669624277426233472631746735179 522343989624861469553373117172698543596
9498944394596976949665975651255121972191597 434873362829624452559475398227436824833614871415957586473
76139255958476667397921337734648832483761318969325973193535486591221192712947 7323727689284698568818491469378513933145668
13774644284473179665383975497428375264187175821939776227766218413634966179 48828965577172689935245751864626353756
23845959658217244474422766884258568468718885815419641937197415529478988 72666
23763815489387258797877825 552571
57398774138491485183272664734163892533223 4553639524973149212269566815338423521986632321717577787385459255561755386424388595927
78888691451971295873127719338918533 335898367723978744
873844727959297636468819747452411135894266511541637489646541266968 51289243
8629772 8721865494856
5618123877126766573755 5112561674452665652921698489836426788636469662466455625188529999149819812426772273143223266
58452925482838139316598188168612659264287 851785348871972
2793 2477272944215645446142494565924252376438665553353
8357877412788938644875651337973254952594559852958848993211365853557821463747956453513485752 168256941719362338153586742
28865978362875912396185831732974439327462119681398434 418431799865467559313894937335948554876584939577479132859933124337345358338931
7239519141999881232833631676549429263233861698113723824642675 592961367978283579321836765
65896668752462945549561918512548826419862966264212718 933
646323391619815985958923782369967478 8122875299446655776554852617619887684955978196672675363531365882853792336199
12278489991672126465694724232784537387425413196163527352352637764934182538272142176 92419859776695387244634573774883497679796761146135566446762645819653473819661642
6667933899314371284526274614145473982184786922481994835367594156589141 4154964546494
821587 319359871845866259648587646
5148454396711889541591374875876524556827855784461424671826993979651268794326337 214477554213971988639456878224432326222798631898544777997948625669964283437929
77946383113439795861151888471162294337354635721493211937865 1132727388837755536219273891455576743471656797434274215271595393467428
9733635429155654786335736439817 627631978698472815217616765665159644992874765347853
2623388862343814962676963562644387828967671447675524 32439972393786538149359738823577664716574244459885248185643693621786959291514
618597492639428839711499968279818725297721422162449136234289524348579567869356115648 4645472981456295626435311368261174931254149938916419425852367695176
216682174395322352367349713837184221167517 9376339618787946943345923356932727835251684366135557391399
47673313462693189181816749244477 53832645392171739899561
3327224829952747126927782554337296265634658441419525527815684853 1223246965571122724324924689199613557158971111523114865124623191398634838362
1371697265858916761852938578 91527469681482299425597175787976754365753469569542777377345992121988258
459588529866628328892411567173343342364661859247917327492382458 324929945655513
9821469766934626776 3399141921421699145958314652496777594241
6895 7965365662271665437672126952664328334311271732791922651813
647585564822758414275961298583849 199159277583429737345931413627524242521725773361132
7881952293534282983618861326244816931979 419466396753588657872533181276142857541949253586174655649144399456925498268453768722435936334559835
685263315132849171547244651456324991 433747316441
473987471374651629526346161368375917948182531576656393328864468274957253421487778 3253811648893958135
42999633478444134428748856617623312514784862893171659169449479569913216887887 42428334672941928931987778555226664367487
216743896383447298172 83212211191628175638915131672827572855653789675977778424265769581989325269643589934467445
661424366187373984636532144277182528835961738235813529819683639217567698648831215448569727933641846 966864676113231396
54831687 3731771811648877478
5576223942168448447523591694191748721969 848945492226685591481575186913491283176673316399845189645718781898
198158979957933297761216646567277939822332399435142383179269279535 16386
4663223123823494722245846842334873478333873195 42729192417339458947894827554545291914997191655522183831521668439916496586179172659982673625734345
7499322528611229122193496577143847699999468791192623445786168862991841919 19127537869761878258167689282991538198615647346523735148542244
7752671891731937572947288495334925853753293178147677922539418625475845141544215826174 551482278996499449478182171572667431223627963263136674555836259253548334568834198951395129
85262624764676699378578363287387477316373834452572585415746397427167324517436126226118 831831768265366219588917238582126
2545878872167988718582555363672 659234597992889641433114491563499653385218
243672757234219455883338795567929861471223416611143311927131462647892342195774561293768 9168798893882341776795497611629172226899694812979883226514123246
294263363996894516593488192677516878156538438346539936344652935849964373 15843191488
52173992919611276547793245345833687359957821184535741313 6
82889298282178422 562596179362638892321512895494931658656
9964553956367136457651161198335417924983543743 54433231245973
5745159551983118258188198485791893235998518788 9221772882639526157421367564145861483871726842713949339432149842457422971229613231638588686842
8419733 651361962511596991841999594391353645554423346884811926
26835138576511555889499218336583466736287728 962927765522345247393315792224257651589112861492564618689289882298881583548624512882281135911754
938977784268774255451 1925631322739121257
223214221452747 621266
257278343461921923988943132677616866313662286997941154992163629965155991717658271494637719 7756842463367766956672512556264662814391127872185417811815259452919551
52856891342589497899818689 4659
