782
1624497993341863766665128888496251971929799357962266515148568811113496557988113835569479762892611954 817739184588112589425378387379422
77782618398241677267356563489283892749623329526 51469857127832533
6149371799496722744716435884828538398394798954268259544367653741253 3451714949982522517766963815418896169752824
543861972841833989886675919228739571252847634 71592239959532859719398468328546126712256383563383638948448843399254172627298
4287791374339315388 733575115355128726315756622174657241764184589574986715465522715211463549344517942571484961334689
56162375985833233737658645145526611794892438874219675255298667167293171779616 789212193524178298
477272863635346136 883417129519246268527262784137111435295163747756837
25467496745572519493362364317337743731275938653924691213886418995351982578382 7128754546433457226154613314477423733874423677716317171
45591581131 1626931629227233878334854323738827337947
7329 321346328535732478917873781121598
13281457949449262615689763519255196893183938158693875696422518643669737336678231446599945254546925 253491479335488552441433263993822769313622997687228259617968698347136768229795
741525579721657622677996479252311759685295959788549369974455244177973352742417361291235249927953 23943411781559896799782179221128729172237882376491635885781134174868265
311672266818624512774147239285376219622396694155223888966769461581476636563717 57183311426296673111468313872514
4539671787831836422799978115998241427861855617241936675175639487 6457835155289791242939336318493161523937631698968759159844466664
4985258355412697617469418 1744397221852159812157262242393697395755636454462
929131467413669732866582572859768821548483981348728579367944659877965534265387655431527557445981514 56593327215222992872347231459343378184518726548896729799653912835815499676366127475335
6425395791796443195612541231183129633193 77267294454
591726528146626616256135536 96988297519382758293181394427392661399986937451423253213652168719767
28768831383385497429711254571816126857126 866222353932329598673966533897691852467482
8213644399252294154891616731883973783978516925424228838499673386147247249816782483641264292128 92
737198127831886418674 8698673363189129597829421245841361932876212671249569
55 124127399484883582482512987263131644712277292864
8394225782989785797236411774796687185634815835272647128663778668 732879599631982121794682496935489469772689221992281158
5856958322599519715168289947812364255724763483383114231692546 53358544188366547989113861583625136295164
14121856541725139456347363117283891928198385259562173733274635472218252992 24
11451766592521543872198662193431 1128788983481471953542361114231243413266685247725
159717763181426 549261296479866565686393928358826242936787846291237586598894978525427647974937734427413441649
736851441 3786683372188261239
257515983438356726568298774326311671631567382871939375827774283612423443971853993942933921439448897 5486381431714928671486358337127563965443275899347
3242 3752441783211817681453714378656241511656823
91967554561783592735229133516552695171796695979629365197931381444636272 445284678698579211654386514338447181
7784441141569359859522124561321112711993552458558926271 2129958337689561557278378176819555472523317487726332184911716488544263117562752275976522917337
14984837196368543276366745126268476622 2421293633798282579843865223733667142639994587214661878444
3868387614138368177857981413666294999968444723473945769148782764494896 617873227197662487569886636423937888
851444454554538947164316941 93222298184451372686783
6877284695856678558686497175457419754287923 4916153359994
7325 51858378378776861191189
25989959486573818675383137213818475371232562149 176
51735642296963466952688987655793722983642474474686258126 81796932676214597953128895275697789195121883882768458286128962799
9822779166765887661166479449448565113581298933749621236443144543469321242584523914515329274327623343 31513512883961887171425734211648813
17982562982 67615987121
135687568721733789464282928255212554136868926196388613978176611355742267829741684136797 8192925344769664755338265537649544178797761672685756366838185
15752668215946532474182 99333695229814779897852338717322517844738576884529619874284
265162386634276339594 978731384419357
92735598121835763983764555815166954931134483274191859876179828433425432382142751138668145346 42131568844414734668444752693243569765381425597393935829431543763142259649243145119839625198948247
9134651853969175783774769693445346614322728758489331 828876956641956823834567749478394378981749288172597311439182646631166793463397578828219793617
3294295892979863897524387695846173876443439821951629927934837741 2542266938185892461386533744524416374759591281192854612827218584278347
527511434931121 98147281117421838279859237836526265116966881764454884412348749916669316117122993446
942 619253688554637835333363675953
73348612955598 91946944522486615559429923244647369143455832671866892786364576676415156826163465594
4487477234992528926768975727734574893692623662683364229438162983269221836392573897476659162386 434312512161863912758817564874337568861614313529
4323352487874364772567893865 31212369616385832368238568493897221965552239
2751981968834569658877176254455 5386888767748
9794831643614892899524125667296376656974274389767917824248222427338864467612993954431196512345 716911551658349644
8457392929596138271269228861262887462211 5261548586938455311389273175994481783486466757943476385913587629197717328448689726753476157861615
6352259999156417655 685888223792216871629978617567179359549738842918532261914113795924666871362474126217
41913719139849668422547799166643268643284458481236732391494675748833796413 87847827998291796896
1568 933496999379921817946715778352461772972913269712179957559339626918994553888821142527126
9616553871441235335392475532447223296661 179555445926162892292987947325228275937152714986448
41298917939731 363317756972523536893244334385578
64 2834
424621222571333295133682692557341428874795182589136441724191586868879389113692816 3444214
775449165626876997194739295579246558852282431871 132241454482522441272291694215732562189273949265392171756718126399669893237446855696138796
4741733597675719763211713898525333665881442438841996883436519471741 245471725818216969517456877413192
3153652431313943993756125897224257681547718214411164619111134469579688711 342411512447247482339629637829
733258854461658531937215333814642536457634256896498887742147385646224879781199665961891413453186 122
32498479513748535679646151697912929 718211994923742882348152971434417938212857437425716779818698386
96983197531446 785534156663697861321534254177874636234877287463117328574364484
57226184458122632414991238 8292995547559477292122557969461147883931876866862252464998823
685238153358 3878345122241693325758356456856954482538676222958458784879592346244954899967357389877743373744
2159969717552799856634181463281144944 655968759645879175
49581748859361517127922876318871498 66796819555468424813745286111575174534185661349984816675257996824956
927443855141422531246838368475452231136276919795895344799714677167432 462163158294
16336712742394734116215456996795889275553882 465635255443852333321982135666258359271644113227875476884249465111782568259319223476
194771738232534137425535767627758 63797234895233673312153234762597697356424122351516394817362994341255195212973648766
3662485812246431466689539226695728447329724575885436263434 43183839926248977595876334787499
4224435236452218198599954799673826466753833573141175935 543759728356525734559646748699786437561633859
4288468769282976641627786836966 687897743477182234146891829913585197111292998781634376925382257682139968255736949
674689285265996852774826919546211583184161298562931498131847529311555721242579938 61491976939792244
7287612115426335724984446346 1
33718424815868895158795231283829817579256579385726773767647631955239443697644815785564 61455958818883675799
12799672981136143632382573982932559889946741342169697734438687 8325349
18442135746218128867232612933494165192987352922524665332881686133744584 92961169875876592239323574518737123845676353549362514
91889953245628372439546446131341895 4789688271414172293744659841349942455899595361577418967579585337721927875
6638376487 9663451594562532533253831881442168
6267371944649 34197744582873286114
2572482667213223651343919223222896974662445281937 519
7392847852216581894618133498243489859584175374467625457243654328585947954446 2923231232181222428435199549399179752573815666774788338999339578149472
66452142997764599525333172687577934843147763827985689639236412773727678826225917615747854717355 826754423814568417278262298384649569414824895835645342458372258875257587736934192129428384233
3991454422732638777142122843478544513935441819 44149
8529733642627793963677173657516394285535423579395442877 99637556496991724119253352698368243942916452147553741486788578622778861314589
692416385748372544117944875612351469756194883456124584745259366772366657297864255891692 119257148575795958351729429299113167812782778559
221 655241387944652751563774288645576445898173423327665921977614561138988588789132718137961
75212113956241256935331625237 86856952515417518718942557631485321466441312983546482972955339
7524448843439 2861968276485561117232665839986578598186734664293847834845322546445161648821568571932
338 7892378326496624839438276255161763427997413825
65325796598724792945246857748988653888739686184822985672691 94246482215183442872413957684531238462112387226295461259621629289784318924614244
4668853987 536895584118595966357242
48546539637 947412169
122446772631128712721612156 512226796791543487526562393496556782753313749315914366364236728367968273549253179283898364718629
6544685178 19181826138191686554266938952361911316243587279585178946114326818683319553649
32232155689939341559291299 7846148232144898176248684937165694216465686727943254456895898579336472365864112121633739897
94867351285568839224635834466885456224147555255511533967555169415398133599216712149 528183216669183711836158692659329
393735893464173513474888628561323839237237468942599161439935926334282856429364793686356623 9945834285713524494895917947183551658479126483725557152442292434134219648274
58658731385259733541145438494621752578 5953747292668189797727395812531248845429544445279865
9361973381973686816594973232895576376521479617956517628617546471 2474185489195288344475595648594713425913538656741593314892847962519626575136525
162243886866982565398645 1325417452438157593596813179862167
53272759 4441564959713428696474231834432743938124486821241443599
7217479642131618136997889436418943393363844911283547546565319866526833784138384295957213334965391 63622346947344663635532638844176748868884587273617579667681532141596985592
81535873229499885814528541214889 12849311599756841973312437883324498269259147773395619352
77956454899963865646364566913599129273891637922753348387215357 345715964666881254446256417792159
964139825615586868999683163365257644897864614225137231 495544484632773479945281352644464
8856295 88934531147446864395976394383851171342485753286453695186491185713849385361414317527
9552944892958167139329 5161356
79872939425523721536274582485 55746398486552942539243354695343123245778536785679773231
762549528187479858176369862148967522714448358377826865144667444665616579865892957 2789857839832455968158299319932884
86998183627753917626578213586722882833117544645623669676386 15815676677126275168677623249259
898618998794426751859729361896431485972422112534261262928167427376483358724863 9644437534443478255322623588446912614698119525433
965787936 979598825563549181427848883511322158533758963
17318269921231886278247164446845576616128425 31763642898767487124951
625752855737861811329416155939517871495162458765424873243533853293665544914169429 23825685236781441525728
51739772657534416236618994857858 146
27549273757476751863 271676321135498126795527861396114544296614273957343964999412338723226175872519965428669491254422382
89497811466529127847684919539698173618621978852 75283633673566714691635948256459887142823954733627543653377478289689
188598 372
12423457363521866342198289137281921191895831767839399188697921 6341743
7844986644273446461627666352385965892454552185513164111943443758948627153972162388934256399918491422 42916412584975312127733291787347333826516448733896
667524784277 318252534139722446281621353144296144367377115379653589526731261177712563686248342723223244
138341468938739917984546184754685994845161 98216925122111679154668886732557425924184478367898786853616699422763613113461827582839582
9913158369876315636497825159833554661569476554914932245491862567132439 35345713863475337899548
5146853781188995369846245138217356637369656586474155885185237259626127796 5982354351197478746
657477886324536487662674728386629633872221565124465457412647 63445117
3174111165932 5
564537235182265661247561896 781478839494454277546536977665951184386797293537632299159489684164314199336772118116
516789412793837434882466592858587797697672815 78394193674889685626859
59834433254165947588384372246287817699786758114757131782498631541529419199713772828426937943 212799253632667625528586153982462744339
922854431439235517563663463465762273541279617943664 988394188961173455731455646385249421727586314379661737593694992169495738413113264697879773568
94517995745581171553765787144567521736398389674534358555838546988217892116632339299758635 391836849458923256978448621815611844491247821139814326266429983638997581322
3644219565989478551188556658751123994219542986995337165493368843379427541823362147178 1678746313771265429936122534675429632328726289
566397568422456116726495734217763192594935613464417924993686659592 11494541494972197788714437224728882189854178698525531312237978867747413429297257611797471198446265
7912 119341677298962823711886697394775796
455531785134778683457559272759956262773553885972877666457711734827982 9522123675229573717482865164672876296647889925837635653271247613158111838544493869746794999935296994
4838926515668142538687393677257932473822245172476264457439961519979723 27751531483815583114397143728563744564
99533713411787375727252162422533612297693679119543374883613288614513543135525191952522 99473335131733418795319717391747915174598328467633126561
692862956638668296718657984216113769432 324591331262711185593
514998371965858848 912359328836632157542136497655825994241336327531942393561295771331193
91891 391656682738566385369231359848987242961845895426541988962476467252274173762851362
617154612415525318718797552352858895277586143879712856963955146442277939577232745941126387491762634 588811563645665457523299246932469188679671595978692185758372368
8454524256897963142925966 949395215998369816662178363313411884276543936576221859118777948
7454573993574596435758573758193214253765 921844619986255999149238696326415135219156837943366613567619823
73462251571256673121458422644 17724962688765167222698818751846776451916481656229421592655496211739249189189855
187323469497636698279816781346933373419184366526968644615957955256118642426776162989395619416166 966718728652537391598
99335773381736523454686554988612257614663956533667914556586215769511931213942867444669 3465181122396735661988941144389799536532
848245739981325889796 325717162822165336863599897436316357934534519
94642998747653486174546969 645466396388189621389769255712345717
466638 4213696535589384962939194456239689
464546485168117523859313786823126641 382375554634115945346299363824293254319253
5638391551391833775698762582324 4
8156334315395713876785 21868484977465888361747843823143786311262315493734171135227472828925827959216
44231714722274274152978643822842141725146379823832491318151187647385993271946418761647764 96111179725456462667534517363495338461318672
68797434634672381416268115252115276391616372541648529783725976439643718269327471825987699458 657373
5799964211762841636635512247949352658664434147738987812475164839331249 3223772118
64139353331618835465537858689162956148945266949922781361864295 5296782
1734719934 4464353674241886
25225221816542942362269537345785484583821548282197229318583297346111539 482548915552264817886145141179239545624678296111395124888598916958262944766974
5499512278196629276821286116213194488398637958639125 8276858191174738419154441
4667192974153339515716473343213481617643955622569518736872894795837222875148168232354838859158 13445257417827773942651322166249881446329
35581126993794413811889959173642 794916278162955961725717678828221847173343941133964592285245455677749978
691113917433519159757341 9167288167268911515627751227968214613856414969313459974931341599481744156
829837197411634251849536572147571176656342362527634 9524564613836618394113531864576866311337212459547782164927564887899365411632495684766731
6732658561696846214941621269765281657133961756223952 32464581963645964994416474161262218687191754992217268748456449169239696136961879996
912757961268416558671468483497464463817161786315624285689832286372326685 18856142881331968711127976181985395954848581399163645286962286326975884338114948554141493
6661282298955843856888455946828498241397944674946376133364455237976514576468271 5243411179514476426761145399538626973638125631417561826598293333483434474382959881998697
194966223637275719277279221116818 66295683956266256769478394522858417232174216484977926564296
7797855991178818512794426975329439883742745497457557918 34445246392425655616196975412987666958582376262554961152924224611324332738519733595139426171768
85479958156635154799635955138563916813439442 6332142166842617597194479777792853266653349983477555585134285626185957589248798392941539984459172
8969343728791891554919665616975282122955817977664397428918118113 6665716992647116738234638754435446915431381869449241412154736913277678156739762712776446289
9494 66566492864785538295349874491963672656657465674735143447459929272512447
78957985665514644378 139473394
56549338 35463231742427464428885895124362842461817431279376897367743354544252138547
6595788897174656445244759754124953638674384228939928843656824423514835175853483182452 43171416652213894491166366584579543697527288781878635574868845459
171254647886198655295985946966367518893541714985261124335351 1737179653184756483748
852696561549711836118651429143333178538445116982567571775225621392894743792448 52749263946775
61443173135752322361137412184724592467792888561657956882628385898978648 425391961777464495854549227676818683439132748
4816915421955969264153568189427983962839359252985912972519444665619454586448671982291566426627 971932342654241983694617991855385615676267155295635
9825415924282479511372446674915555735279913916399547347 43367657632721353122476427561698672599975455647833876823858623387241211992361285761667978
2256679583867943631178258434229524453394282377432155553555726432134168529186668565817 535841446525439355989672373777872787481673834454465563766726293989
661 87274922975516385559
5896965549788357576222674678628982436375636139792838832481787622193669249236148618 453422555856865567864978631335655154752562427986458151448642657355587
352925659281696373363216342616499746884438989724846255881872993163948 77946218315315223843299443237983224831719725335413993772222218645642331931825826277
3468214382546723996485436371841572913573845856739316248412369751467811471643392 7333671472775951322295152596783597934596164469594711124871285219169524748293287173
393681978439258347527441882778424314564779322651957148471725538171635247394284784849956567223321 926584778199663267981336137245963
694137944559731957789944556451391973956389786475867125552181345585396146819343 945176421387
41396411144378654389928663732469 1852927952
43725315287167983933559614735123428325841891789951788823434254223181355641722753248563121564722 51146
396341994957721137551318991954215958235333955674347974257415958516169358652323253335363188942664243 114559144897113458359831675199286265562454426975888283579945677135759433167633991152457547616
71925164838122594321569794967257358817191563333676345932954946759921 917721589651
455424412969594658126848111963948 53969852864426764258482162373564699412553792254658337956211377
6526975481573489556386263963546248223381673194 855175936184562583237577225691965981549288431256916731591439513687966432323586329645934923274462611
544499518199372144962361982838264418973811381475726964388262937137188566675297566 598873252698847241878878426787574654612493824138517191684163844619279
4324773456415782455839173393468713618261245518785437891936423233148132288724547 42517611162935512449131127321688818153277342671842817629247484378
864962114384411977495324927538784339637544573148469582734996155549315 26261294971
55327876919465281389796758397527485974519398756655721215143759121153569618748932285516891467739 4162582361771886575549318
564255247136453354835 83757216889912783563473821198
49162636211415361561895379417297476931598282484316 949229154214291288891679512793542358388953413454697431733
951 8857854676841218394856433994275696487528777566485795
415456759338688177 216123151761142663277141138687
2475157591822636713391147859643223942792695181346872467498321988733841276 351736151685358524342
4714591593698442316497652248533465737438344894159991 513957869932694186845843541156793299621968658438559352147714612258
85892792573453 268893985783522118648595869879874686153138933735417687372931898638867917385551334161718277
3 5144128449997274619991528234723951862576628
191582631774887719776289387529957857374141244 24151141798275599174973531611989287751754275184321817834728527858982179367
8175296597239631779442548498215793736259235212484696776929353485477434879483218873236 277438835227369599812593696824255386459681
23411767284498479516534628623144145825783 341413537953
9819657555694167272734123676827254485622768981835277791862135746598217644151914838 146528825354343
9664356426962875448337174993284253354792979137755919768756663287377972824741151645925286619 5569113296261395366463296582979274423495826
3186843577379692795132624 7934764755812878667659853548748219342274776557342241789367681516355
45916299658883916 1896231246154185168512971331114671564836
152466125261444561963329169482437719785223938611789557724989265488948937632921693439518 2376563461829531879359481777292151
61975163952816 9899153536549642274743936666664539917568196319281779453156784871972949561442257529294837249
993474638656874798757217223493784556247175225911347147256818453994886 35196949864178376786343827974415851798667446739935165661
724682343176914274591676194793794573163776467267546997522479434953357514876347 6287899422666552262
96843679282353463697835926725288147869326 36194215113716812732859114487288718724937414833882387755898152895425831836534634594795714
7519859259758364 2247123669
6647286677924255968673952722259679391974126 699348951313424231183531
563467838226254822396639477674281468288578467 94596366158665634911494763642971397113941334415161191688988255715
227521727321261173986122856818861597134478768974283893576426465313384195837 534484728199579615284434335148329436793322135523586578525289383
27734242653219813257166756276639996945342356622449472937 176489737949472766878142328261785336385454112481572419373772365374511228587193395976321435241113245
8456834339386426113332314481482925627573824251582151648611 139955133329964476776
8975445982136858861265343149489143183635 924
335535348158644192315896914688736891855626534441173368115366 2595936861167193177944452319573771
1262853741673751263928828288521242115665982358877114911472172 5959778879344145895658342279669387151972378761157
4 78277553589463127153854776784873795199425674874728153666169722695414859279
84959378411119426972614572256137166961114755842517 7448891913391837174871
17698589163223663137394455836572141366145775198 58353824561961648581735981168567142884463972
93829545533743865821738992862678 7747859611577779774473593157354595631257
5713781147984329392469743813765491116464 993413317455783515359259947991387625292287674259787999726815425893738671895727
798841168386949431466377229552562116314381912452394639 276355965942162887989553597968368485829377172725989195
531911285916948681319751367363321685914556855669122584896485328466371421586999558143837828797 4526196158622582834936151237518578837171471813867223268867222417534488
729373699536171978818653 2821716856296689
68732381932336 21175564556572857987543856631632924659845795319495453478417925
329443492345369115622247969165237426395769314363428583917737477777494222299191939374647 1125855646945466458838887
997663573185367648968662937589145537581521865336613 637544666167253187867794477125933134299171649876615678
394243412752569926488115266789748324 47983973185199221612773247245348343537115453889641996592317462334613267325947155897
141681779386128559995624341168128515841515164463278626375274892475296838349245483946169718391967 48646654438519366878855165317759588524711612575863899846714221546417179617273773127266297
35984497778862397647383135745883315719932484413883674 55951569481334499495242128584
5366583414518469146114512943745897241648891323873 98194397754922615346779812389171662727525
221968287117889121874683693958156125661688681952936941319 175342484573723526639129762686654841111778187697821919216411199
681558598939813758654637981515843362485845239499452 41353726585527537237845271982499455459748934786592897333988212592463
9872473622727451375488817157517743863981149 7433975817333625757389237786959318524617489257349314782217
9921637 6553231177
912896999576871126864223313 95272732417153297269819751631945936559152718
54356214576195431298319896257229557213335184931225617996278571395772631746463852744518358917 8285241523847546835947997149292467421422455999487676112931969512378799828855729584183958239337389
15544319663635235417966987562953162195327871393596219 36449652823884443254458752193784824937737775463822
65379154 76362
778264567583888136796878857537455 65
514731625332933256833372 4555879667211
431495612445941819589338281322194955681967484353 768717
327358285235376818361992792563631418192566 98798127325429421878367914696725199148326366621454289546114728648471753
9937648787344272918487692738821686188885979296622381696291473148658773236463154718 5361237536811458561282536139829344186239934599759516469915177446384648325783483699397
45764526877973359151119164659944431686277959257458262867443845325618389277241951176527483561 45831899582474219896586362454723773248379673
4147345949893638284929688399341825785744796538254455 8
9465492555614815744 19963777918447586858837178115253815729239628255619488361554716879925244397931
834232811296345358583862814122228135639633824776485824334763694616 682662846492254831485342476523129634174728137594111718747712283288222196538615595413484767766822297
929395751282567537476987886769459 846138863389752822872772482173742933
16461629982455889779139269992363964974569885553652169484213929272165559618616466522357919839534585 1883258563986816477876676433859532838725
945728513573232897617231684284428437984886858671348271992584311452374224 8336999465878116441365466567856638868188368872942744667812338371813178612534435746
39927325411528573916395264685384717628346899 32144627562117
6355157531479623554478622146596 53373952496353724752715941863333484123684565378995765576319
64777545 37992376783322347345372775
949113213191898154677618317114452755 9122375947543639518574613236444632564
757441732576688239185 773541185874685386641722695852
337233916986569938631696665719797595155379777199339756845935761748 999634755939779917159743687672394341961223662
32436948466649379674138575415921571329876258972494852688346279694255939983127412518 666783836
326325125583244937438969989576398418671942551697 4841692172674553472548895797429342958
4644437448517786717985326352991983992227783536936626844683294234851343276763751217389 373671151896716264688725328136193913743989648551338
111982258772383868175836 1389541287438531682159378915794893622411493658913354651161735758336922919851848563
68857146883679218966417913172397773342726415234819191786 19693667976876477194791916935949485145377393217672745431779768127337321292
291591113556982122336531475455949314963698387375496446557784918 579277845729229957566181212621798498997746916177437863698113256
27927175215511213888255162989327967481426862995534485966613 9497252856
435681761128178514487962825428248956393598369975 48284343198395587456169681583655893176828547923985846775876
5 532996427263966798173962922556731386878294165485693379361131945231831348371846655475923257653943
8611415623716747263998489982928563332969323227725 97411656456685595349246214429627624759457696962384128496398436113472615953892687553664497436
1388812612924753442358131525 88517398772254376486128722278455331426699858475397959174343652151893496791634912
6169551349682239557647293173775171332868367579223193251764732481367 44615973399258998469522922133832889848854884371937254852
368754766933598948724841885913436944521457665473675251951358834382183929219416273 15562648859545335999951935173422438812
62199439365697457552939517835516339972212482924197959934973449744966679816495 7352285941522785431412583197655343986564599317178589844567721153414317545561953923972874359771559876
692255423689222968542787966166411219728 855142344915648952353242895489491597672228
882942687469528481768831183128777322 25749835945982269811875651631747525444
59392819 51143275676186926775868951957125669183275987864378916
892436774567571377994453333176288798835523474913383237425139972974149848316 63628664745
593454494752161484564525737973237295747699145196955585579193765251626715259633813453537763794 361611769659247176762472421668878887339486716796
399185974262369118179744121986643227793814526 838178313367889984291956146341213414738
732255935284862223736833 8926392614219224884839225438858382259143752825259331194549771
159134833414346478564551487549378112447452186367598787 3318811631821197613174465268651469981171938688472713364331
9511852338421297439156532798847771144794638883594572574333595896884265171836916352356535221266896989 138678311995439492798692899821959447582979464162683257113863547588342467927162496871874381
3648422125695751416167878778283594913537861562996979 666385196176386499363
177287968986929415229371825582863438157754653889187155769337767297663569585937577466456633152 483337313868552825739156467692634733895295656139932543352
385265295732912284938544271732459373824561247312929318427522218249786871328428752744281 6289745758651278754648237295598887692314627345312172172153693455122253922144393175732462727316719
89933632535654975235788367177115331285535715276748391978575212254997333345216979458513533 5112789264472728254293586753484274391153554337243588
4581351578955736616867493614 79766182437411113678967123284464815336121174264767324985357127546
5214235829323725165531364133419473911829812626829422866523 7781466488768872122275747349268987914927115878193488367423459782994997785264865336
42422778772318888 719572526617793694228412199329724449552826364959313714828294856939226319
38789153 56768717352587832619438193577988154631492212997966881169718684278569848725439237565799837
236998784846673426586827719917466223932623247417641586617595782775617672419 63489369535326117764825253995493567139925994975769948561145751314349821484
9779617355934144128776576181273287543791269888831446459968517 7559278515858971115118132444645926994797953891662
22847251459883793729571727841674142224736667447362587659314747178857639749635495715923668185 8394333551959677784843175733191
928993321621111996433923614893193467788756723522 375968371542665776186457772147558844444471517235642539631451969524363497845478
642454984919656821879 351517227349
32766426558711 2776498617152813217176546494556758857897199555631959845461716148945556
68781382765322858921847425242834237141181262776742981847 938758816632957991643932436525467826468111777289251555846726218565939363377793447686246715497116785
7973612327938673189587852964913181158475441372572861889581164462174337 3546688528334254779973197516612651664947545875689348634531299
789476673921874731211484767785952395518514894337481932417391756467132214 2497549965988947286538733243765869499291735825552375325858
8858539111982885586644714275764 2647478761992395178793928317862353675779864253549487728515468366543326974581696636675488192962
65858837793 7841926168577355931533212396332443478365
2771111223329131762579724193 73174197741116696
1549 75554392186688636959895216741345543783225
81615145254115263995444458521248224288725922836639595382924399 132577754734356354546917576784465538536624774689
495429746257325867979567489895484692527986172393291444588231921988927 494117453816868994646588164
41622122645673921 48854671415568458333278446416512263696
1588874268288275 6767163986594892675969366238885166743924817617754511995827
537829168337939366926118696424549633982165195546577258121398168752537994138344616742 24
4875 2595149637
44133773572113549943572154833141123924335115879512 579128992664898198735466631564422526414938722
8616386322858425521297888172684597552516438293737416923128373236869 293973856181328538394872171
71797588866215355822 481126262652274936246956358776651567389622451263976657473357332
6117467747294277567751935214231219191 32662882215185323875254771126167474298876777878744488769518916511316277971652293947223912514875528
4417632243471825869826929945468353699 194213611251351867344662824526868881796348585119245771162226519788432459435431517474188116
296754322819722469438444258588999831414639443829337329253734138996153815621432245813579 5162342923482851779674653
9769933 28511129991453725791614994175771454117125316182865273516928282
7175926412744174733862396515525867921681466716169374895733139861249179492347684794662647 9569124873598224743678123
3229355254428927952789226326857623667992283456442187392646951837996545296891172216947 8649655711265538439719349449314411875817254743498665579688926836517229285413577686818333621617468
289395924735243254629516747195495157174824986433352234652478656382941458976837997245641761472231 3554255828473498918855518492239843773587951743245274881739934586271813695583685793311298898
4496646678 797943148193844
6734253183344333432638114674943744488251418333538452269598137212253365515 4386897864438951198
64559584571578568734623758536268626393121763277 9679199231985356212742
67944817 1842869719334479551439527314873825167112759214112874641423781266277
917955416175899482351312916193664797776384915419973497252344849393631288856848439479349627577828624 24884646319569168575688
827423367797682945232495183699427183741881471693363497622844349475898167394767 6423113424114216229325445259726249599156424626
786426889423567924738822243834845921383524249864956314451887166531422936 696267386246179313937467761433412322253725733644632265
6282393312959837479582293114642283755748176879377587656268878753 244531568752637465787896788121291687832879918671738467769786239833
2172426426152241486414613 2776453919288278734928519644513966514193838165578384942
9292926589251332674926393198154954343593353549966875828784344484748545597391248652395626733317345 35991477667927291134888548711917161326598396626298618572919874912673195152986119234
592796624464918476114492686268933626 41277483469958393174571513424353424524793771395633619928828
47382812886294688633842239211427134345623482839518582359 1922324921394372966424888892477617381826233423
814637466559559323634575346242737233475875367573372691357236876596 824421826692913249419956169168919746919851732
68914111956214984785168886147746952177672265272851729795 42
9463986252754 414212155824649217952369958681861336569281263989948844615624491534477516352687161387815
14 9576122615815555467894412541738849525453351948744663477
38994742951462286535847188475778979944446256945886582885387861278291864397172 4478383885921853385476932349
5688349 8859811843617118216431242244882524215235264759349648848988351636354746844235824395575972958
425 1
568956925918543654395399438312278735828 136771667319792985226384712735938636184655752267458461363576592681942931168491259217491458517353
82349536731159221348133234959877638759971884147649723181628388391325116326359513595787813965497 119242772428184676576311287554861537831971857628538
98345717963698684974225975 25977533672447323196844356413197476948798544922828334552123197429824238492
9743565984319953652671415812777133786147821114394956898555762787752534778832972263376 39739515844695983948131325493645648312884583941515541222332275425543687
7336725418814497746971232682751354178245268281976 188227691845336631195252335381218275314738966836
6452572351686137951841631762121317267662378847271372145458916349454 99939894166924813672616595157871853
26536254412243854841571612666621588451841777781364148269896189964 4287452783631897293784986633248
8344634568387249475191217 1287264355993587621778191145
21549 614894423948118427872978644944387832736145648967743793688637427898822871152792236652
27481769654679293841262582364774564662112187422639837125366791878 697928715555824586
5589255599631967276958857721563594237498567444842 644764613696962823191724315844565784257352271148656241343859332836245578793864368917535498459218513
535131476148464977912529374455498124747361697742 98275261596143926755215864325186841628132762335396748526731
65 72578529813214284557241726899
73819825731441372122344811191433532544239879842647838787141684411578844256592 183616718655172931338782877938115552256687787511467469185644384963576552829389852552431892
8385711665452918396832789188332319165375955415188 82214231348181913685126364732697598596934435651186669847942594491664769557638718
8988593327 9586977252779978257683489728116528544652686941537312366327382884368456819
38636814963521 8186644638983956819657739899933624826935732842246256329
2238141473312215232286474313227728946592842282248886 4374592433969825877474532
85723219 5125595234219537421621743196514569145463643148382511659471731643575988477867465287583621349
653344587528987352216863491351477392592615953 17747755228489441349593192452637125718748386
789391421361696824763525562 11494568125316673354755693385216688147771782372754723951953624
5547272466339459369845485422518698224163714871267745949693711149 77364358884485141
75685124931333281249181219428417742516962251953285182666225534256352553769514 489458256734326275192637318448218469874734594333783631837649271878386746225699575426445433
951121335867583678112435125857676175919536459886 5689752411585556932347889937865151925396113872593659645172875
246956623142179818593169339274816976177382485853165267255758574956526442954475991417164485172385 272412856436267669931692692692358227653526818951
9921764886983618468548742485789647 554698497799156954181648773564
229398996953722664231612336974646653788222937 46557982814349683637317829792652229394529412623431867919438749561449285229236152677761569469663879
753872923958259111857324487844813461535123499816213321569854 525244973146
89787154139 53839349576154783763517292886839186216438688934577877329356
591375698637229 73532879222189963457113721618138875697633572588521671349444577821717213158454
4496 4949244272
662776 3157931421476625314644149438522626429
43155752381286256492797734872398153362139319351523529494128421263 925648388459289
116345399366562834754571369472626571476591963353417336438 82282699485887752771784278451486683983
746673685725186915661363127356184712828 275619424322357618572764317184161173387
77873479798539754521 27363152492515614244537868891341963581661464566514143534786493358852513997367871254698146327
933755646862132273519815574276861432845965825886619414516777474236 442334189262633246713834835571257
7744487326129878689379985998816724582938619883272353883 741641745964864465951726357897691313786136299731921377338
934514823463725987723486 24769853771452387993462967351749733576228995671782465672
9832212978 4887444726753435399537577559335678912746157947414
232394391169196227723238172882969372188686127 8426371868873312524913414356699648831633973213415384896345388962345485945845361368
66124197911 96329319942549479473456175486929938822357185944125353913514576
2373179156141798273533883781565925776352571563857511898598243964459154236428736119152771994146 1632444788361841129122869123983171998541458284181821484126664253753491612154848218922621
58333253978212177513217412672587456853281661446924324169712962 81769381325741438439574585141819
44539 13754779827367771945698999821688
952851841787695889551493 558571718
374124 42226363517524975998795424455432661
27363556548195575617952796234796381556819128983118699532977733424242532169879 6241661686748581881149455627454595213143337435364431983133319
7412671745884925948396935717981828835732962195795551539427863552319335215428443915513617344223891868 991458873956231314554969263396476572364219634891626398748192937816186723682
177921169242381859181237144881582611544884945325682332982168664742659673 97944234396343196262586
9445669126919569557 398357173382637854255922223794685236825743334876496534531223863439255141758816377441
5632631219957617179826452452691628955467615529621817983996628941856958 78669388136992187339154746282428192655122217579432472947421936381983572441284191657146983111475729
286541352655389685434 92582423581631216978959225448627823216833961339
45661856892645484624656657 246625871865797237242143579718217361221
4981956568175696899 8594365213744863426812383123812333938768127755541675926428
684971592989345681859993217546264891876125664872763959243618316671435115427161552868664348 44174485241354756146679322374268622638893513394816712278581791395167949197455769364
65184648526454233818857861579187121258955276578442459 56949
749398632876479251121697336832917646125191644845773634275949689575158339288542548589861219812178466 379513966429978773773959158279868144158268544516913257917546994538164835364539322278742
73695711133155236325 658
27562578319272821425286512963869716777433818934198351444755976214 14366977256897123458276483725155953238441281211591298555346712261516738158191397
159318443551335295224311 49188523753613
6888912792 62855745873124346345624153871416448118981365761692254466817255
39886834314795679964967594953876 85215176642536926483427275695262265738497435
341247639448383996861125422924128612929879283917445 68715756388431654573633
674165288565772477456358642267511673731884778134243238827263846 94956548214964652836345413954424434837581916385171
189175939632777181288328654126351997866888942121924577389561339751132819962723937383225314127 95532492856419727196418499556488844982577266715758977467458258964812741
46579481711352336155626445324724566653945689797627578 384887639974314633698999415616773
85557344566445584518989916753516196954194645134195384567 8337565884
654439155574928538559233959777189644713263691319882193149455447429878634424 845652914832169216662618821956122913292859694957823452198364683871512713
1374898581297598358891565131866528181338533818741266665318259326614628819917149836266898397 473766183382975717717514189623593869139323662291128583382486723773656289298713321548
6926823928598658258538 875998729949428781972889158913549374966698991525145272
65546484956786282813691918265847431314153812867766828865222856372111447696325681411452631879657 6931574492728157254866272158683916938769229687752144924715832925663348341291729117552687213318384
27321674867241176124649834737968 3
158362457935214823138598685566411471545416819265378711194829411493359 372446654222772652985975999264772196524996194462998178675445168527883449978
6561559746592335451992287568112966894232669527548632378635699563748488239613492524465417663938226636 787812
749295186989682678481999763765295384547998 17869262228628764439311144872165142644978756295
6952182585736122423238469714693884425491513521589626942421163189478889283658614422673284416722 6685551754992
9758858985132644 73
2687596247557212585614777618112179797743755472386246264599825584335726 85846159753558553571697848185795725367976541317597331261572391836839828918178332377
2183729441895843172876961483387799667588856296892739816538 8642773926638956685977936859397355847526247476328425383629552669784152191226314
7955189555193549191332484634612641178738483229565389683388439 966494296
652376187497916937917336994645617177571366446582771434427599965767354434636657551431635283 8651844855123
5132281453262 939933663521557533924576728635755264432354957296789493756669671192854339659477
489951217169495737965568924698 7217471854656762984832373777783579447438181
376376896995495558215813473459685358558454778996759566127187455498717641284 283636132383812455125473153869699199233898295136313139388844722923874518853443883259155773679
67348925718789699975362911613882737985126435335432954759312671624714335779322414573 18272668736715357913
793979152662762912 25676925782853954642133943746195689685179763278658686712375883387248694561418945142458576
48448635751547494999621768942183955653951248867661623912395263574698873491543851179 769656566567472517346855347852332787548774677331358966425726786423244735923584
7962367115637538677266118155596925218545866457393798681595393917515559184857654112518722 1164926863938555215123494994922728431811372
25627537538981826756697783324415779314942275449389989764211791844351578864289491549791 4945969339183974
23233698372135355348613145174195 5273543137335166
887774972891117927496915557 62599641749877922829571246765357393116768394484944593438277845393
334648161795942881417622652118337332368938196992189289956279157567767741944 83664413561455886578883425229
345413591119635199116969112313394334835885366465148847271839 67276199771381614
5684152439472591477715 84459177976165
523961656714953769953286125172895313478813837 686871297954682296343451515771661
959834587445345195838465258723618621488256519287858365561529387 77754948262394392292811438337892622278741247546729223574462274556673683535726
2292736175225583447419633823759559386863945898993188942992719299418336822243858959 3415131395886649313766693832174166537327911111237178169857328862722452297219952
92372382939252721 236267582855677256459479488739287177774
393386963377316938673255663743583563236954195174584574322484853873 752157462822526962988241745638926449558859997
8523 383941492357116698671293393711641326256641647297383913523
67729197479912269215743797366137569355246734869 648826135575188766753818343612427491664965594355889236927697619849869
3724783275772642185146752163171879474347936619854352426593311884821144379179523653482934 48475212244658781887235
4179873572338859851526235924526272783977158598689849838144863161869 464991373161352841642974556473621652341562887
94339341833857628381377495435788983581488935153314293661827 917499868411799121663728689698169885417619465614266574881655462829665563436
4878487789293535878724917949566599545787689574279428969294998561479655513839311281515339184624648326 26917867955761941325554879372943726
296852417158 43999394712462929746478414365164789379285724887
175385895622373431776712925233789348171122368136741312699741441874849791966222995215817769574679288 7925518227345145738162227745892784427429426295536322993537811858676865696514631
73529687869486842381218757181489 73943842914931321248214934545377384283
912327771258621417238 6298883685969516545526365753613379463389923753317986691362338341617449621261379841
94871565596941654997638564 488729522485276798569113275518547849894296665392531163
157414892 23841323165
646943966358567118747134323543714433254265395 7975252957933874912314421995289947759855582427381771191779
4236425862629879687845787765133765162588341 58985613572875586897923963692215275511327317279
139835946938174192599655935344363576368485924144392616493323576533367 17511287661548382741447739945955188592315144488151353513336887561839993495478529816327197812667
46211212597913814942735357815 42837938
934437189 8833389522249852957
5411527537119564438932564417634747819366979438145554268836512255 5917424811359887279425895214574894662892922981382673352178996828
22658763625673265939564627693473856 13977895822322481543118382589293282355711691745855497429274172774151812116131584
49258666145723412133217854 2958494561427662459982823147675789929485982729746735698
326242687887751279753244943677568888886243928933551552175335894897641751216112211974416 6468829396758156624616825662841722894295336567115871361524277582146686
557898215758399393389785258987932942866511466236576425715658565613478372882816381846187571984 382997931625179751169893628653447891769658949912486877981355586155812593942328136191
754712747796114761 5146562291133899913582
1165 638241
166589187629439394698142299936164747769954111329411267285531257753764642327567282216866 237225396731594393892193267262518746883958639198126655899111797695191263612111553649
379 7268628883396298249436681525731927567267788655668839
5233331912929849245435932983599218744488251397587562177636336256567466445439792929566442413 51474738887141586528944234122
4396862437279738918114954242939391674339991122292379417888779766694799316775357527427 623584896233181369273933827516335829673414976734636325545933599465477418292639379593917587369732
997826342919766717679499993743296231 66542535175351813588575914332464835537873862691364483437893693495571441514175718197947841335221
3452265619825135262732613833896873162577198532369828517746651376997219269592642276 4635944498374139938789526181852
17421522115721996741158963674418155117424917365516 7251759227396885134182658532356922521813523
52691234519918197671724117148269218348149652544878682893556935286494923682848758 217643616363533832143722688925676949977
9344657851836583638939954288715415738397161 153132758546186694453263321195557456448337977228291516917887
396783758628912787575483763583382168846174267277353 668684856333468845639766761741176745152464198668974629
48963264727914543639634894889458358543797949356189176182142852414647359518838187662947561547 3259878771815541497317511886697273329742389965459223622151938
53887374963296893197523322237946398326258237199314 7419631865868656612429527875687184237941959933827537328761653534769753147399
1542784744715732153372913572952516872861438179162968529345232873 32893135593644225439397863729597137144424368526367864152
9411851 5163695947318623894692334529617186967777442944169
61512459932671414341819817798293811583423242786787478144398595817812852412438677365664 667634157834692638663829412254997378827451954649633591751575154528928978689796223365
21725919325967111524717257 972639975
2548893253461171477121759937574254 922595267361899423825471945444769726261144755993635945364219353635416549
36227192573139539538759546676413598716788657232898824782467165388822774979261517885768439962198615 23854674816847342237462618442613489686955626154952729299449287856896865
183852972874591136614 9589312158249616
14612326382136945633888255567934432 426
7342743756198671551676958537138287598551658325218766172854811874295166778542 1755792311954286974
393933586598397755892987844273587428186882834915592395552613896743745761233814244494186789976325111 7438189624
22917113851126686736688295317838541238216273125882152939276211618495887 22768727179412974532757334975473849398163171297662819825661327175283622274322
7731723851472681671968965419256487278315874633283853853466811148179128939932391764897 19416916274422324458639487529395696968
76494149928831995767132116963697863394291826425837 3766565625474172474147559328112352891214472
55755646556 321581341748893444962779819792782122872674721781811912971897217715324578
9441188635728866853451126774267662785216877953173437412992112175 9892629637187783823398352381687713114379899769756937913473867258414
922139 4241272196936578522945123127457934611856647319513445886941185157726131894274256249
46534848692457757168281374667872819 58879963463433265828
18937647431382976946468565168547193276711549794669162456672758992656 31381765523
78716442223399353942277156331223914 974774731639521777318897
9523327763549394257941148756951699613411832696887725935157816284129294119252646627294244378 51893954599719562276616377844786249543234823892871764624645569268135312276167948167332881457948
6118369363798892964396389929665113946394565484183513571523375158281187334828141544113113217619847 9341487128
132377455219397327639 62174597975275218174412263171
9456874282741573646973985 5491314674472497
12453715134389638452983769883193849986468758561868665287511745815863665429466921 424971531743
92369518136114143794278187887234289154359 574975932267129996451969727968787775548593962998891424834935679576517
6 93237653783196513264589399482669963655333518474639117522579177756427866751965724899
428765986137191311951989197386598971988589884487489755478591748813915153481462788932514324 24725231142828149781744434861642323971844324639968149885674544348296699622399211742941442655891322
1639577566 768917878953559881296124699571146887781467
65321621635798829161293814684985885456543412473288343416651418294822563 336783916213571223173133451434953418256763517769
39464873441718739188 7349689725474582321832197773582427695125866839875636174
7959222399895591298149678476318471526824811212359633153548677315576627626533938173487 611345
1718359238843681819181 24214382223741375111688486614
2884557855225289865547196473519468529246397975712123 4987444924658
4398132415514452244356779473388982485989221722777643793844821368935995243148415833431754988 813164171189149167541999419
945769718341925149485115725519242794114493643913625 2735312523621872354598659633272868121558264295
38595615336853319744852463514732391889398118859429783845837836378377649924973816234121591 27311896873327317
75257213427116754451542 922384356414313469321722861635377856728241597662385629526832994567413298657275183156451863
23441231687488322329 978732295698621139249699645486185432331781413684439652837431235675573233936543678899691
87119957915999666881648679582594182535319236464911995799279 6253438222889179111239558954661393
5454486245983854199315535958437594822664531425568878572418899684341462926453247929993573 6274265834434284866547296558984445533388618881393771891374253812933763262
165311999179914255934834188346528142325656163116413892921829838519768 54434164518189742179242699296459247526756
4622812771854373367453891565854535139236 995959673737
68341688262584314587621489572834236259879514186768119558129879665727511753195763485193 745566446789348165415922122199656525171633699723563184845694516731564171495
411212792198 94133527776
933234489479636138723954389153382569684683854438756826734877763316766121144 5
379285877372567658553356392193538212556737 251195982787848147263314795391194642
237468575836741995 6792613999743919664849522594982185313722827473916596934968893671941864851857876873878518772762155814
4674193334695166875988 32919479687271687147742955246887261499652595621275342171537197876198232241693549757381821
73282493974915574159171249482924117868926371284229 5441211692745184717647285127416753789566845658253415155
3498498951421633381127274542976716416772439855997171 9323175452467281745921252532636357435277795243425154847793311976211831
2281215412552478826668542229482688712637 43891472274888332982138494852977879
1612724276497714266724191973124991133452267318 38973339851128473951819892866982438714729162574764996244698
691426831919986431894 189435256752192278
16589727444884395986415974328 883336744391734723963449375452817466647236339962141755995643743834646716119654334697719564174541
119218445953941333585525927119453775938625437 2542668424766657738733979225879584648191796277748521699399282435848471316736453928227394279363
264437766434313726859866513183888841622635316 31567612717126668773489894797928464843732652723722
815498698426879882654488125218864123731485818975968355541186217838873 5534223387222311496398968818435155
685858 84832231949967395382648917659782493645992475847237
6639176956426 46444489228742398273443794276212537691123158459514637491933612581187
6959459739237243349294439871768196879448632192968 3533578931672832527767115155191744285449794231579764615928727126354365
59117979365761891454522372297198646546818476718439478976855 8624535432755578
289447987921641776165369689399626992829396128845642967694148569488173258928 817864864156156624922842216724589694126872143447252452693259551541164193272775363
74311324575565245744381732961111676642823485698155812691365486426177457832643 2987664219149882657588746722719952777281163547167877375418471455564382687289832178242227
855456565356126631921661946179741655265277771228977376274758544 55145
44987395116554921853156288285363124749912118447743416459976339336587577511547361368515246972 7958111486542481333186636728291934322839787315116988648675927981125523961968612379255113279
82875232518576199118453669562915936395386744273535496133376293482 6588487813721686944551
294192118568946619941941244128869789364874458825565349613929771163784954414518456236782452771217 52292192311624871479643354425579186651143317338854653673468622
946242392553377864632453627987495416624998631894754535947479 2325724521714587414997633997465851653149442856456532527429766513535261516265325762184161195742346342
1911921697115245738497974228673186247833522196 71486767956344
7665454321632965414273957981864221854 13352235293713193
1737378741563116513333659541638555168861255896338412821196751377 4115312361971615918536
237825713335513914315272558468523594384517122139929563967473975954353267763163643945486614288976352 38275656132946172132117395494718189876277
4437163994521383449387723761655427135857679596751716633387715375 9388796483374396685289592231794217615358
9972732589251133151315697574755777368 3126241265335829769354111715146554263917554637864152929566882367548252496749216
26271966695815337443255117174 31662196559567818418619475734722814229196471921483
8 78498838187288875381732932878268789321
779728259337321684226836435436332711914623754683253 234
25343463341565313752347686617381886474458643823936131568122617842574565517874423134383538248731 3512283698775729347876988
388949844793883839416568184779141454813866363265114192818612397756 828597699398328848529938684712495377423449549835795858633692573252833
5857289717413124338141 51786891
15 955542368418951534369281464335519856125863654647679986872
5181782613976621786385836176196894966972637685233787168617829532287249294547398 648543937742433324362851688667931239855477
926965315899479116711398821749341113172986277323373382887417856774949558621778984614 268465217978981819238169833748287824581958911588369436479836397975255861158984728256556345316
54881192296641746429231 451
61514488194357627156115583954885725577217286865581381463494 41394795835489571172346436415762366111763797
4144898735299952414967177385954552932733662223467251 5149
8964498362269157648 6796827242289868449672
541959271617548374247683943699578518788563259759438771649421465345999212571138 46198983939356616925494979942662449334476189859357944683946464387273331272222624712285439831632266
511828352943 5157312566115839844397
216612857116393174799123453449428781317312758276786786315895259915461464373956874248348 2914212192797135749382524986642938663941498261494986314391788752597128
84333336272977613196873464961433731332676655497 4426487647724
991375769556643635437938374878187887635147449126173779393892157393551464148477352463344235622393886 727727345222628343343636197585814467382815963518918463541519529835815651
857934369411125344775486 13448238915476493629492351812932996276524746459549798719255726
512152468356231834432652649821713714995562513575665794243554179367257345479269 583465159764317987837352868519538828371177277178219691769193595532967758772433329878938397
85933691848744263226138254651353329465457887453445691281868799297 859816848863495365876642
2778238395861352121554972887534458583146985744497 2623129528869736742824255871626552556684586969758
64913366229795378227348146885927433739948559877437771659229696772581284459935 866922356236518187
1398794135485941833566557347223428 525989715747265977979744477441641928291381199551362
2243469972367926423354386499594458688448552334516792432488982344353 7433616764298544115865497814441993124547858921899451236829828617459735744389514216626458397749777166
4778629413982895134711876 4326478239329499821868314423434167873884984684226952726968271114246229262557764883779268339
967516795767813358716442912217454182114644364354564376561985289699322856721958496427979571313 1232417298652958685929397987456349115699649585675286838818575511936653561213735118837
68892685254584211975567627866984838858931368861 18195721277662868823767324955989312893228
25751244541298476168164163932449831217 88333714491615376916114344847462723567616418254852655117344842
1365541855635443678585611346365972992698657157663251943148291793 7183297879945455828884353427219198534157138732851794132337117526528479254532486
6441894879224161594387687981434794471767789494436616527123837577266365969 41199365491761229259252195829
799743871946134439962472381264242412735 8392914432531591136357427563225747421723153939628659175819585928965428358277494227959
575321293721591873919555186483286242479229787578 6759378173991825429282915657726182
125359445547291376874595148873298394592318618726556941166847568 83899712785271343776326161264993432766923874316774131485491
2363649718693231727857338575745891276664269796683564984948885764169143145514189745747128859742781 591942115989357335744746156297378528167668779762998279217
193557518911366126272317 773399877913854865988248424399722
3638383111216 3
241488455738621 2513286468599755627462499176126672
9193352892338299486842198276198987737116395179162294443899481375533235651953598959 5139135442491596149622332224859992249236598241859
48898684737246839228157527427249727222354488721363248529665213672 981471636959898226
3245997686581295769924884358918636817938953782761199424377697877648941511177815611496458375897 7878318827866383618524688878284913619122492764344441525433229491917767124693543271755448231161643
7138831146693736991273545164413414483393351749251117399 879516999115867852174558581917197872616656197991783273
67934853778532477989152658397538825423664331835213918571958821479219469293696264296611875264928 9649836283677978415943538184354883547189757518915524843636
9953382272225562 2883211487327825457287127565548188569965229625354491213489722646224377697747959529
67452958224341128549949512915885389257463246978649287451632 577349761938455556562371144831312383168349596149188
18734 5735759239122931326249478732674899635157719195656758915418332
387386373767 957917793665228523445333928237396215644572563988778569661436723
35499343658 75234234177765
97634924751942795896679184547537 7964139227124784437493259266721979
12975135634789761142812423849374727255952329594615637297828822654339488 11357142723278836968182644473437
77 567313154588524356585386855691213816245619828446
976727965593513733228259139477163748196932147819526156826913953254439837437242743645122184 2329835344718958472284451452583898247789
152367414313719628396793673622343778943455967 6136441899964534114723414274154419869942321873496481292755114747332384962781132713995453
586521313442548433279219633256368436458992632746895318233524685548322528431 1195877273773151464276298893476922314899814798427546248681259313865
43494814154371595677768157834614868822464697361413451175796224279 42559549433934152241388268492436266932512755994933715434441293425
2 7616699893549548919684771691555678499357249627555136632455312
811349767743471638154387616313173842534355899782475983512 7836626215126597365586148718781849422818745211477231786643733696141556469712932248119591313
26422259456376253712795811423618862381334496159469479479214513973446259221867866918563976264392 6839731275889882768228363
47385562783657637418443472938416459429585984844461 4225116377811832355383584368974581481435342662929325431744256639864493462
6819776439373751361199195592778756665474124818416578168954167629339161163177746176468681448 2399131933869346566628314673835
54157864898291511161 25667119788134198383
276622946329687542884652216457534154448555465584271835114126821731286 85156158154474652574388987325685796935825898118257814
479199453954739589435747162658599682668975785229317175224373153992282138857479 957627549186327249435268527968941576
4674473983415512568426815 968132966785261452423697626321134934571938
593946619232685499675778597461144679745158623447441184145522593451724937644 47447983185
7392743766192218818498795259722272677958698183656938938351819697216517175431261267915753199257188 313874322672619657125
78922715992221373451931 1499429284724634977239232991366792842749524315
4621136668973339892416457513766976537127718184826965185431986262767959566588554486 329485611388812125432341261452187545229252788
48495334289333748178254169633561788873644665164962586514498452321312871676594971 23824662633452183538263657761771817143996523955268463713585674159123112336368
192856275334929699999166796515895952817724964912637871615641969259349345891466348988535 8313546281762866178416
2734236747157897527785466995274716736494 86643599585142557325975992444561266562726461684456334918997455777884622324879415538619
7373245294598244922378577443359988 382581742683354137388786217756286858723466397
765599991497519936414623695365851912 7815226799175219648287488782855293941256177949739854898451165133849394342421391278368855151951426
786671235563323187118587693556896473948965178864214689718 462889559987879533
99614786225842125842691591654623747934668 631453
63393247988725397312244416432859323796629 879673452241322757194765555576133
1722148958931528282633628316959966512283526185 58395416769445634269
4 69651371366469484322455827341485787164436643314879249276883431
91591975417 9894578231827541
82953251287115815275333981543665172752761997714745786874 27448279376222212421844495339377529795415162616781837366547268837327749
33157656621963664397946552196252758581397244419138454425494852791198665231587335241652 449731127226294937596974759491368733659983513768249568819166936399962345382554943365216183954836
41465794365682 51
234111574278326959116625722364224815711 79152272195858343892865816111722285249247622941926837685131737
488453887714989 7147778592197565546345567899436411371964183228258929672387337176821992839815124433457941148221
957815485729184333849722933368485115217682588512131313898975659738511927155746 81477612312444854574486822495999115837332966738983926818541178228
332257867194362114229218418894777685434383683333924678537846978284996635338 38283374233887911127867714183312211375768119659739295686833728468318443983838391883518777894
5655399675585568 2811317562771644744396373829649414484
528393499466638689213446966467842463376691766137864 4818137579633335675637348488378988666342179651492673
1844322 6589779951
998513786414776428635765981492823766639794222364878118867849424868862722418 657134612121376464852233729627575528163828188635339719699928864193477664757818314916389
761188515235889174174512589194122486 7351264444131714589153887792546
71375935 9934672465652784478572855851313164311312299452499124324713879491715986
145768691346715895881692298651131671 515875217931142512121737531546667946537373933738444112733127862956434647125737
32226428423338575722565924626668884862896844117698582415995212157131227934132535354219426215625 5925367653392169452385663712266619464988993193983824622749562773
912882643489439626252734884693322865589918525 925829759
632966855641734814 469196419372799945853174288129765216242656523867622412825458363778
1364316687469459454773676844867333529345923527 5578831316421142512267696183145211867257
4653157967146999168775987891695947146833693894264797983279897713965589743837541173 39756686523775526318492447661986773349918659344352821222
6749342669195464719166753972318248214558116155634632931821933642213439942112699859932292532 94132639148148674124755649585644
54939138583141947535859426145452834377289463 988311641413927819555271922191853765111277315531776762925
497779732177133 459568769328551822717778914299918991514587384842727898896875328
43759428187331177473547424154 17337339479763586265337466949626335698876869491383171425254284746639828146143121752975
16784239664994897817178161533311892519181536798856841745565135358653231274941436757 569398348163994734111576522766333816313479883621179197561162269
6669986886142322495527116654961583347886123662615761171354225245 4593872439764228147969253919
482 485814255547277827957
2783528541147273 36468369545
841688337793188932391479496143434179639121589925577767528617229421593517288148425738397236618115 979467548931421543636344396111912822135795735899864
444835946842319465936563256629976753757778715719227533561127784736339728 868966735398787555692182546814291421945312721466254382738598959
89879618574896981553128124194458387378436365 2965567269869121582
68411419976313693989357881171157749739942984194799512788156711 7463467516314681585683934546878453339823197796849753269228776644941112535833791732438358
6629169374649119344669299338222746967712569312429631635373312963983221411767991465611317189625 88421755533722574541694359417537593359466552115388632
527912665514243522416339622536246935744288762 5964452947542182415575458231827617141471332666334486481281
619571 34156371
8832185 6325396
4676362599495197331642672547819726527155723413685713514 21144455579755711217213956758875287292958715284954415647536274669743883
572642471413344395531251368425179762387947174164296731817389585456 216159325541958243426837515483814578887291342358849249889282662341
76785522143245133848518477234314777951582937618121737166278941667959479885 55661
451733416325482425254539893755231544926129685356548736791179528376994966327513121 2451653873515137298396624553976499247745791756762299632268
987695112437432681651961442583142999847676187999293342396759 11358494418391324576935447287699435632489932889841232997443142197281539457187929188429259578
172725355639995495163953131719389587136839797517236941721823872357298394781142 66377678653598436954674187491
2787388375821987985646 98872854124311287441589948674273736819478511826
8689584817813317924751332967623836811192883521462485261356221662427398324895652163381695566 3578111759386817246157631278731547345632837481669141
836644628388593975988539682447188726512196813326 6457236439382992425
8353363556672129945258462575167283837757856848113459896299828842319769 931592493865653152774519969862737151942126919228332567437597214487577516889396926722985272459379
3234446395946564957734634119578499519 5572368163237428343359158679141429972318372564692684119771
833292845288315497868414324132334 42117799249265265
5975172983528519267222737887724729561544385 889798724156985137767823876428838399464826559812586471567412246886715
74572 61236934645969518759998757141867916386787615449485164555269572213763561421874162
46576715922184686271155957669194463364968928464118267472886132352185764323746865313334438727 7574327129373632919116515374917325819827236279598913467335837893589375761532192482179113563
78212431564662897257389613159689353999764428727677376322274526161151 41992149733
9382351696261542627258827688585379559497845191925781228853644248912725526491992534492194245 873929783335725855662954935887591597538496322584567811276463753642798793888454839
58144757445195598363173647952143813563578318592498157575446374632276396898995856587886442785263781 54171485313252231789468775165552541797695251668853
263935398654237493363828269751316354127149827447473517776444954898115344381255233961236873355 88281933661629796574
75963942294369544242928161255347644891168 7855616531641641792126382
6464298399344948857376858634858128795852721984256448527 179261433288178873532134871
63278373888841741468884839664365168528661953781128782848363768721316365648477928399716467974 7317566547815771419595751539199717787515956445949615555345957252549
78296768367644832281577439473315294697279138319 8669794874385881972829981248366711453542141399634335
66796394652194781443317982429112 497129126
42874612155539182327573692319515 94986535422547957516443469747579755263777478859236235633784156359745755279484725697348392359
6854182779847146566892761179298352712476976958564954764998594362527215297275929581 9382832118918924898378314729937294392377369394798842985798694156847927463164296876919268188538529851
136347282544344384541385971619364971177545725991828155 4968758462326526497768657611644131793974327
7623748164 6378728671979631121918922365711474883445
96971994623831565747132498847722846889642818 7656678
56483918395966258854957175291331759115843392 458914316376929892249825374266366278946792674529551476314856684577985946
9787693178216918587916655476845778521914 63828
125529469373654432788578131 7822681142226657348486815381474385776333784844629219565517757434665918783813995794428128
4643296422596 994378725288278486219533187868622373418871987333
472415517869863625936364629671565 6743371943146275752718774532668946969295185589652373134542897413676757755231919296641381238989572589
77955185545972782377352247861593333833451759559928432988762929251941786346117463538 9286246852112281714574869237369724
21386941935768925 46954823293632681512198432974558
4364189948199 91439529962751943592683883827956849
6393985521549571476921273748455343595 82771724619252841268
982289818726651378873686888341277665864695721673967856398699 3453227121111582299559452999129467393228835188694372526
41535736419869 772754494372272311137245854245865811778827697737
98361752776694361659828518768912482598539139496957812591768488 451697
56587149786266142926849343948543562375171517295337 126783579838593993156299173615817713179321347132656836364769541227391422764936161971834356999285251
446252942421567298438487897968986926244752269487728542811992511396937428366819346913787429122 778955784844499319755798221561827357971137985177465889964972851378999341896123794774118461
29745488556617639714713412112657431325 1748977496184638247868415839957119771488629
432395973721932349596 8333189651887555173593434941541916185612266732652215574191917722284718593163451628564459854621
649312383755 34624376376652977759
642759955391395214733939813876565844487898563481117868511767436185566565595249529325536981813951 7669945494178726259288873694687974953541549618687443939798346924145
31124828843326878726944876971136437412463973767874582838464464917539184232645389277349614 6855767
151487236918916358142 198214782351981754436498349639951138923346352633411569957168378622363112939683176464876
291991626791423565269881981669361674864597158919158968652249267535475329482562272339376185935546 2825938465616756132981683993327886769784619151716487176444526165885992145613713
224124565831328162 7426234169236697189976712676229329116999274972271356281748735186483324179683695676227
4615535 1185353
46192152647173126243771556513121394552195 353911978432876427612
119315698438589163944242547751367743785559479351224882 8762474956661136471998
124577876356274149855949551665943184234767554491815111338565426356923959915753243743299142 43358947318839456
49897324797956995395159489842875462594287896418398596 9742441186291357442349827924846967558398885448473258159
8391866133464833174335718766826423372723177174776 863368355867594692693327475767725946
68487295722941641494141228 21235225853869973922669587162466318677853843163232568
1823423 9314653484268138621449227915321297232252992526467855148343
632319196169693744716917813371931455 789572147317218732417666857879799569494177878574564237229564932524785647185551387476952951777
7 782797292311797144727389
18456985731513349873196675262438387234142759195533687977549322997547695757 3994829983168889142478365446187215241261332864745526877736686648919715629559889392417698422824
7976164228 984615676747454923415149213121589453347187728213411677789667339447793785197857678658229191
252644256885327 78996377424439
62637884361357579 26798397774256644238313125547698937115447153
38282568814855843411218785346953516367335796273347 275518984
1839951644559396156481887121 49611582589851921932576596949857333561264864566992399658713942143331294852747582255273337231
95635829937853874149261633381255934844436455183994559551334668269782764144237212294462267173142562 4212
9551662564597239251129875394773367992247222738227486695279328456152 6316475859389549482184923774259385525243457668735795293882622662158959933986815362225
788829871272327639935113339615598 19515461743773672913964959294455487789387741734779943852429278623
18198586252443562479498262441 3448449526
481584576639172247865255973 8524437577928316439448775
341186481436458568639632936574397649713465861869491255251847326 8744188529494636158636713
374936529826157948421694684278645833 613246416913962312483865959745494746733461345343996
884747845735472728695195624246992338793524479835829815551772959173947785957188 981758838593577299571329117239493499
43468219355582273321292655976396641518193591731591788149 3372949599437933973723686277582942316246984941283267432996595928493221846319622927
7868788748121225975727346741852135651841932939859181178615296594634 15311148391341298177178358995289162157771694465833314354677241813953187
45299337663298727368398712897866874289874578182711179724463511192999641149826884488384 5955578718
1811152961397973325 82965685712221568227791569444395144714955498219258894755534213414391995463
4726538765245133854586288672932625929422278984524885562771429134547291715526213571456612881714537 989914881831162873634678711264819549683479484619744489257799298839341483752632412
4514354879366125218425472262892426211375722526585598827263952421688765573698993812321 36295794444127693267
6626693594666116141361516826647281164336637418337866351 2526168296932876926877127266571763832781421364825588716323622217765273613199855712342
22 876193674839235983837735785535129426671873358476848529416669611942218778366168531871823921222856
334738218414316544893169146172669167699616312148366536462646943426684463 2556745331157732217847753
235367559112443762621424 26182724941139385458
3151243 5486479663413474215181665278546296224853351985413999461384728582163113
147957752 18988394927187878434289831963598668592292548881181886514537936
8558189273289383552165537272311523569788457838819333173475158548583772682625 426356355951252347271554717592563989145558462925547892856841943291617
736288 6189736375114431754476341552574821726943441616418
8782979959342274221926816127921147775543771254872739896262551687555446196764855954 226125943145156653
27698234625963514327111587676732433246242433 4862329851361824985218767829864142957365599986312117192459345692673932378155
2898889815483711288258544436148825 3969598893871556369785316842524597689663865331992529532442442398713
16916771919757648477221942659688383747366397182621528542983714362 6367565454552143787837881923512856377859618697177755259121888999717811941
15986351542228952612937625216821648 3488994637297335196816887415192898215928762725376741718677144275359811918487129212358918695514199
151337 3369923875593222813
5932343723141269464867924782995425866563813723269577833149316597739376932775441886614 6287985695639
7645434226776433412224619458551713682957671515543644714585487458315973 32727525612557972945778931224
45624589984641137979255683879249298887258111445883535861276272111182864291961 6597453932448813632839281485749848641873786985125496828189294157988861812856551942322581451397751
5925241244217572924878689689783456454267558386612826 76918114
42152592168511261913684755992592455699794194755494473125218745494775255 868712819297763688339429799143919193988322798581723319959245231442257987622399114
2655869259654185894172281977471791822267485666 4157439928117192891982271562326859345453615739111
4936542799541189813118636669174591196997318517844799962891369993836469362673 2954488949251844385
927298596557 59417764363685363818449166775947883282657179351537848295
479253614647852281656144297913258929439759588539164586579426944992 6578784528129433
114131517121972765879935226888969 28543538266754175986844777264174654412285496697581782456445888571
816421412559945226833898772712929686963695375147534 986649183652
