62
956522789389933374661869625591972365149461 28579931838581274199978717666526365793959245585314597264445291725215535272983744
17455617691465522925873117319182519115544716179215853 68532888287373146243331192974768667933933259646915755186136911242652144391188711
33757341582698996227592273254532239631685849562147927621313518766176 552173164638947638113267241692491472945299825838676212352129467
629228953584 3532451118654657753999131947215961688237134979746633549847745598
3525595585135337551937171165171876395992439996924437723422327859 3331354262725718375411765633919433592563415924973732993449813352392716
95135115741 7674618291321245596831627395844963811993587949168459212514129179964277858838227975348636
345795626135529168211235189448562382369154219678687412188793391696698557 739794522611244264193954744734339
15896818538847274657632977948456734948649799866419786418883 18914624227178917168675375886746577981954
5797 479984349834358521445394231763871945675596173761512963955572162785312495139824482749
27587914843856331935659586324837428792824 6351335113
3985619823443261678114315953832 138488569315382919523513114812158221287285532134268841936462596879365692287279673646962682
82765914752295631326746246514541734854379628492528533544414621456468185241 941949119147741478484261311132969788895398188142761464852415682353948554435999146646929251783823
45183653625642594455451933771789728212742864851665683259575845772678926 492529464274463751277977565235244242
8443339782388159753758812986147825347936864927664272418556162148617157738771869478289928 485943372362762533792613388275
56464447779672721468961965312738438715944521435937429 2863253118274446618468166517362596375416784322553567262981243789172586823692798629991
7896333457 354122266191443591458794558
81117275542 8677378856625672618398696179475345942566262262142638161361397
324658599593712276332449713421921847 14166682
73274222957431728783965111517 8773672435793182828223492431111765641276559614668772643159817838439281343478
68449284353144496457852419639928981927597426596681664998997782593639125644635373974478523161641245 1921165651266
411 62957123751783835312643835217222698839856753627911636816818232564252691957653286945819356326388342
6366962912268475313143521389971128949795966219644276177483818888 5923737459681789232722912874739671151345171297841
992828998919884685674742549262566745831978164573856119267672262866724278 442229232162862368661349745737415232158856717594346338383294688195959417662959324
812331476663964994576768925 5937858833168594
38918319796647919866368373665113781249254573135942526134114979612574 545194221617
76188559382126125149473746759573953762527725234752561761875297856734771935455859 68483976553773559751479442757245354939728949352838452523774369174142894522752
65224632137528262189188745199212324925951534842456381789323732557911 56718959844955822313725539727757964468649311143898648371636224571953497266678626476
55894269355369299748896 9743759293821969
113739954655536323165883799713753882194573412745913257565221123172234557313387929 2953675112892958894938
223249857322865952759286957154547349962975295425888 427345634425745743595634975175116457513347269869896
424953468574813996819653836237521692759896983312225953248527199327875212741298 92159477985512724517622824854477999835733495734815336899173922749934264222669632474119845664
8753149163749369136913179264652274646176595461627672227718286 3162351652442556923918867269413176591944998521332338796677197164375
4449336945747677927936547851489458114384 995878178345717668822151285432427943371821542111
976385753671311769714688234132858954626642292863176226213833 534564323936224155542837741435471617296626673512
565115959775967522925983257749365139738182814 37135987323414233372921382899358466747377
25835183864252986266327383446695 3161687468465894711
667978661449861945258447531198881141462987762721543166257 41388246578359465155325
74177422166776 4398
8527613876915527166822612849794225475454954286336496511948965658 111473695535721586194766995398967664277763525846498313
28399395719958391473845239335895677375723154549718385595868 434663688573784
2429518345571834288377771555812758475263313428877463133963998862476732617364655886 2518723985783994859335537715488971
7491757298 74865422849316735835776245586111162645442126136
116533654821798363359158248939539512941689595175479757252445992832918967256454188234 93788
36979286382724269676745992138172746448891443822228138251153527146789 837759712612176
48433577477 376266979182379133789425528636437449
3763391392975533918853751967175498543896556516 466493948973637849371959913895568869313581622298728665659864554674515377847333462545929551
538221154573216391192881588369442674594197437585395552247211842156528331662329367 829615484715391
9246223622752913327612522858715387915774127293965827369831457957568718822 872611156659533678429653627244223851747114483418366
981321852496751917517391352264458118684714635418992848 5919762837279515716459922317837999534
3882427918722636257378555928618748161336712629728713478929575712738168836779993452792894585164 216555444
85772416935361659917438786784797722776533397787847426353452244619818832479389616811977221 965717576427458243632456524151648243
3545641678112215266474764578755928463635297971241352 82382813654858286667218422448738979135555656192644575
51563672241327749287324257778756939798 8365211788218878443948561433862896114617888
9 71798125361167224499648824695785424768869812673616442163393926768247422956276192716117142625732
24523995729734263962915589817415527571198844157431642115825844463557 392131737173469
322 36253713672395433
843697452886624843437119287899495193843383352643337518772755 1491514322215622174843338511
32818427517952713176292251762358926169539586939542357157 9146723113563294326597642262977256339951128138391673247542533522482364539638325
162935123365562371391881867255155735989136983534829854579645969162276211468 725148552465664315565459147975267958338345179417339428689458944929766
31991626189674852663 23118511256794
4961558363876881689448536737934926238217849996783654783281316499224342742342818925888635451239685 986297191563597282289643952712856486739
74178761493668778 179219219552323552419884484455389528424349419732834664334547247566
