788
39426314523524316531744863737976797113 4499436266441711586672219189317129179847193834
842157718 78475334398933167345825477155513649
995735936896586271394954678 9221859776117281237596342616616931251784413135882692277243658141461
91911396129957314869354273542181421823379822994827456 989831957357249356959923436763774497231795255626354818742414778712395
221664887322265415757663671481 6647223571489763247
618952111224675817968271922 366527968518554882793861928146692444155476933372841631663156888354779557399752729289
5969592497627722 565813211183594661847457982378165688184869375985718373961178131883442884986599
527573688169618413886691559367733385627386116115253928381224519967747 5354613656956624865667113194549596894425833936
872226976187399179595137425444538 5972496575287116837539868165816919178289555757817441617539153172725
3462937152847743927654438468686722156266842834439383165748714327423417294365676628261489 3918363656167785225742951126463788834193899268742143293629562459922575985
218258787443872 3777386139642182645955742495591491564488813831494838962355615736556
74125934114922728416158481232942547166266136478526287374226333679152267117 88
3227546926374842742583315334373138328998199232396984152746584929124 6657712631128118268923343225949256136675433467568626621967
224368466243324844872321617818419315668225253763969 34515945227623924917618946364398591755848684922438114
2533549915569725461789958256 715849914716184957751222766578195835768759224298656649982437363526478431688625549
29961914669527938 9961512344
33527911165495412786496822339399871139662261 62522676421852361754717338485524111647473457918666697624445293791717
44915781775548351898118741722491852236478232 17898646419179373267941637228249283597187167738794534391188313325417173323753
26435163414975479 9418978456845495895689816969728477853871869711728279145689358278682436691161793649117819448
289717521569119313673383327121834683922636191638611878173 24761963464433661712281284424364274492636988592996665223
877 8418
442154752554 8294468354479392559848839343615329851992392958993634457284345319914257686429881961658196927868796295
387226563668496385269845311346411971764949265618248246378223774818978782743412563746221489366 9821419718642637364674337864228214388348172955988212485889169215643941926273
119567311484166219644 24517728857318447621715
3994329365349181928425422851484762616718115457264558881521248314 25918
12299711616355391745394866682386617464846734224436213362931122827197554911983856962323 76246975577376246399312111
61826529929158786841454164212132533581268662372693215665287 3477
66466127123971836619144913579968454738833379583473522933181458891378663274393765242 52711847699858732444
6718838899785546456829719 64931149128364569945487612789813477345926344
85199346711142637221461986643223568219324865166155269833128478241143953145662722161 55852757464438366995223776567811326136314297827517971248942443315621684183419
24561237 6517188388782224839965126333278531952276972195328289593832311629596688191543
493315566732578378491119814495164938742882846279172622532866225434344435495393494611356966799679 61874937913656495311365489664411736936398673187998318677876846183913294164777167329218479
5557277291857989966255782995691463791 794741
538144762696369272936179152829936348928996235663114671915266265149553145955549871589347997312779 3193623114524937932478873577121757165755978688845241857594976935382559366848192895626556199979798168
79552287239817991677146558648938743316 554159376377696974333681943996327819979686588973972547536628626932184
158514747599463393324422686289977291763529778963195593858215252312144526686745525 438442811428837153748814719328234928999962958896584515986132281256449453683543
328842482554539422455743166273968433273235441738328497711548226 968557821252731893495455314555821131995252272998194241311478627669843685343386494392853
4936842425455434928471991321599883392314599275544374399783117869893813549217192728348752661397556786 8925115998154859351172997228276559483632466814134441578334221729627413872388178
8512272285357856347866749567422633282493711565235716565385561265165852465557816573981899324858452 33742362448767335183195682232891
715155341175723449434318485431722931723789379141126581723213883686761 177739591721311528536663499832183825348631452917455912377364358759893281979218296552832333815
1266578352326229594124751715821922836 9634646699151261116745256487269416823953168417486218678451611558351721168768911944381966834288922
8488591111273173554778628524685328732989495278419987334237398237 1111512884946766461437324612122972732844841498729258
63346785125921722333779163917472675192582756917419496134381214362 91387423122446352434481982947275296825283655442446117168535887971898536925999551719246743
35344865517726179815449635511321267784968179 2884685238586191739111236666588212487929361128821995687348
672611597436438953651952672172628919625674474634475823752913921 454438223944539363539472536765772937539579587687358626
8217569355167162154345359383949671182869893943167588212384841259237358185653656294241756342941 1236498422887
635548517517137617295283583583998672247463 35752
641621334917912697195199421596769783658298525548294323731317912579845631417688766724955414184 3199635681228896111683619844987766519193837811287223959558977884511572845279582954445735583292
4 1491
227585849884358258238634782132315611481897968736652484673447459318283833 3655814823273383
133172187962182785997352854649117363686372642265122196259835383939146822623679167779659624 4669249641454828437639858431598322778155863326832415351321646179315442732599942174184559
373958217819935456489737961214321947284155254524181256341752171998354542418477835833916173926197564 8284566236738843331652659287881938447523945195363644255522853687954547618276558525326377763987522
264427549852514381892889213619587677916842949724713995148918 9263324
12229269564236519112188687948533685996476126552249243728573373137496661192631961463642 1288481692545996112415577249351591843828563994826543188395132219466417578826281294366386
612919531313981241923492693866287728263554379751753448445591737 55598558393164853638222217787395729433494214454458586567664297796432666481843
744924197722523269948626233957955992941219461969612784233683355782421133584665264716765 897849479264932139346
13369214296679494588777231444619398767295226866432266421518359246728191667 545642448959281928526161817187389256479981171491687453416768395841142453121
312863438475228516428211774572355651138649642455 3821175453486817498142663494751
698237562854923316553239616743499547177399682749293481533187589697472859697387243544234931217491 1415417539831997845418799324717866221641442582241788784499387278591
6184299315362331677843645477939594961441446688146696839657644818959468 694441
1347975745358916 44226387359139217328791783418492783311456
4785562337475949114791454438398747699836 5758915321471313815525541787951141829821485154567776531
43794753269441196258 8822892315368732578632349454627158151682663789487949544354168493137
7284758435816293825991866261672566365695944864387176484549756649941 448279377
152824256517241468155251623354542382941214219859667145334493857752842835894 145814194289455739274869122973255313546849126233699393942436894974
381758658147734899472922869257633 7268757652217519659953977489
1176263621343175672244173895398644815197871479629234141568767783636117722175814 9422168145264584531493
2639279332649854554596161481647743298382729388994318381573744919393186564 86776832161361813821824656923872471211729271653776656233258345926522817383517
878924995151453949648818421481423871933588845215246181258257821336119199734569463614852396 316579782279914362147952135471464999721986372665754287341823512851
923511664153136157469367468 624775358674541152844317248441486859162597712119856899733495272197298289169354548129523561276661
26858222766328926333732771817476272234563971456279593958193 36951587876518372686116764939
1372649485567921319967489798938168253422947963294859456968399848444156389866974692482 6788923469324865867621586733435245545672367574882291197343958197118414479137319929885513
681158613791294878565432583547146284 913656125122
341267323199456656214394545883154395382447693 261439946
24579444688735318552296958252236887452827659134488246489 575322222349876362985412486389536572642266936544499755965715256497
8197545493 67266239818925974418292419
56372968835 19898494897584471374131113716371869255155272674723156454622163515544784369293433323
37695184396868619163961478427536934277292216438684542464197676173873238637 4655283647675377247287694584864584667969563215545337858376961688532577353141
24 84925282745646662296693354757865419182
373288384376657293844617547953776663828178285659311515654248421312524263 57588189742438127
19181 468619445588218884573447158971696364166543343447757944668998764381955613614156138155285
6898721371 812544642219881669282854517297437341199473897257348977427982843164691547327251526747727
57474581931419829128313111876273242712368257581247127 55567245117214346614561385568228496373431479398197718496458
6252449359821855857374998779585 1
24241769761931374343463769241792857622111711348679947 94151196683185475417675872883114349349931587778324932516792855
6932821959 352413984987312545748688937262341689611836598359414698173712581757116744968993788859857634
6811377335671581525554928666453652866697173924511734767547961879796846664792372273339821238 242375369814717958978444653123421216425446676766884722223426794869217
32778456757218181619161363463654174668791774493914898549733349612278141184873419886382868624859 34968972642952699697684427864487948445811
149167492629926864465936213839979431933915738173391855137538431 61227974319991
515 7144666876685797
95761644811882462884971149586 354192316631393689956975256985372789442237954918284997883435
7851543628787281858117494527548134451665382966194626123824424388854 916178985955198317379636269593469189856872492891927987399477887456977555431592
71411782897953977128789892295174515384669877417924688753 892117178584786241856938759621356249
28327428136779439149723346465312415898189938931857 2674933965832981533854617723868342792459567995259782524444337444476444457331964215674342191
687234 2591172984259347576466929978943748
84442614713414869817252896742 158488452
4121931544663349184331229331127665625985194527234931423626787786316597 5453422134229533649664755386239345754242254257963772915926662561588515792696395571537371
4447219562817393424492286265452879938928553827836388658949219349691532617237831246375724171582219 36143645589677271236735421891751674589213778421
214386525689255457129151959134134342335954748178731 22682717744965282652488
858949614639378178713128567122283754418379157445594488351151968447293398356149473273154498246 66949734533491654713437395888344648282774228937934137717317582735
782267784777912379179372268272752799585736692128148783714647983158297186112874879712 621294614994183754182117787287626984714715563494462347631557929
6299519477458522648864611246761681727959261641949574652328811112728822316959885 696322434114861512666766581383339254744127274755186814754439333559449862339653
866611224679242167648977855269514573617345641168459731415696854865894829647958 5394622177672472455181
465222846156677272742455556651266385256843122827981836653797339477242266389 482711864158442111141848767611532715261828979972129427618827926185655129576221
663521367931763292428469225721633522998291222932912364626421461854896521478477731276878686871 878833544472418811979374625395764982976784286416658
66249856753694524385954912267982837337675317765666245926771828899427 92871113773689977677584424793265236479957628743916221
73281113995176345882135175384741527474272224656899199 473722257715679
95991385745541785166285418959795956833642123812433548787686442142336955913569586173331927 1864261117
99981171394749764776831723886427196368726 715232195233311455862325376312618861786893163764881995475448
6623298859387758372985594125693948893596 46299518838494386467591588765957949118783546462351481871811613822746156653
86437434 3165118887541958349453168239153869738177959926644382164278512134422239
24262533657835288233218278425859947714813728859488689757935576342 41979941593211275271424223133618523379891848749
74325487265771326363677251282617515121254 66499826579889982776966543871271267682944452219542986192993962942126977994966178371283
9614213295376156146187698573728771316324 924
67638619379581619994545 4716157787638
4181134971585233648565918318543467577947687926541261936375882313132248399 836542927663376648
32987429744487467425226814435924944678396274356898254768557882643227672528622152382949398587889 3213135425726398871584919381
562162764977122997187132375187399811228429461841649476725455 2391562184923286478737876691676361439332411326484458863346769
99213345767416549187917889971562888514994984684577715937256914458483156723371192441512 77721812431477469524319737593137415664833997634899329417465524166238913387
46918363349153768517931 58524136735429627
6996 25856862331412313147249853949649128349713955984684365884763349259231991391768566
3 522618614674363711558557845684142469534424
9637966151459688416 33836295965317414288433296948729288
689558987152985991283535899262431119 5371771778343778599692335179389
52122744574265634382673582716362316484567645 81159187266491416716974936164976856459578931527642579343966
1 469757387558282515923853671
394525231325628311566696742219811196253373938185186677849176428372752717753588 14299119879767564145
3154537264189122657984364823178674152151357326414248697286168972298688265 8
46718819779845336249211132448484833 794
9233689667977364172554493348879823922745635179111973748279241214232433166552289215653 2477456254295413625522264992156553
725235451979219464334957249348645666568437516761147887691983348792178727352167612543972 15231895294252586143339699472512694965856476515198142512917412433729582578172857951381854428121293
98675638484324411761789739754246796324593366965474182617573355634966 58737478828798299373117429863855567986669577
469546915687433985388396431448347726821494268142535284485755872644557633275459929 611325647815494612923128727238989252665586827991
243665137619347 129116663891296185897826631482943522929434496455486736263741663386172252736
93235498828353637692533767466653148745339746578199172711236126741594523791477563 948886573532157374659655955185733188752322892776
492944225649911493 95819371592396695198567892572948118522173691669968224269597899395227881256865628959552194
92395894454663487423753997271239 78953631537133283577237265894897375492
8488867781175788439714396247184121157497595696833 523665437659682235329552314
2616735971919782762795921232911977964113662138673891268117159965646241868153992296173776 9963752858893365963114743719876879
28742354939188418471876836575523937161684861339725789913339225216346661379423823383 69584334179953949117314151169117471769297179322623541133116228456191814437233822346116839
8394915234124416686462865 572285463583869568648836399516952797313694368786
731377 9859116779968361911888563943293121471467451427932186358571447662166167588
395453452211566335849158985581439981342837651487528 5832262124712527978957321274737892579175361776578666214632578894853958
4131664322274722362944871 4523375724555836257248932584931368215627924298455281327939459982987831533892315981396516564994
78963968445365468544437517425311737758 223221761422935667934157452545994515479153981459283542996424989847946566487971792198854714785916
3677614 85596458582226
742562792955954252587938225582319 62351799585581559388788925892634821286576232311
773293815331746791942837447875549826435193627314313828495981576236545887976343 3143381678494311319858359541924481
662857861646725638571114331181816771161 665899983331526856948668657216846548664471217959286371614
74142837127853744615956279754579215663671667322765856737 5879478172247766648481939237861
4123523752728851245354972758911671764977918264324348 2885428992294732979342652532317759439537331498166729932423498177528218
94724524312492872615447322 785911593525925123414222239248939366871717599978388453234344135248852319677318676383754276894735
1916159452912711753166665916945915657179841883426764995253982211587275136394261443763951317894913 8494169687119915876335146329681293167954885549354589982791437256929151998984738828159614
2479225894831615231558925651898674341455539639 128286118888888453298832335312332722594773413864868952312847256445528611638842722679997414693
8974278542515971592376998337574684182598685956787 97157839731514275662851853363129859647897521875635797
821485681821782713624717767285496766277945841192374449 72796496637949411989211991747626313868471955
95893662669181694 5934631547821859372979846
8118697664945766497947457519532132464992772817243541418854763133285229844151819647575853944 155498226863356513226367737363959874674699743182853643383743926912912769758513157635775928736481916
558272927519517293792825 6562466731325489991544658494292594388855572734376189734996715126429652631
893341492172438646625242 752786324975671867171392354952
47228341831539342871739461425774779861147259234328721995739564284521431568274898 66611579841867989226524225974349441145649786172921586987394163252411565
512631485 7815527879368478995617214462282696731582766682697333866665373964413489811144994765286147538122924
4518788911552488981434 7462466425653188784924117555
7215319182977226 192451716959836477447469628196433715954541684
647348622129558634748573739 45421632117785625266672316418267223663842835585639855219773474785815182468191635
8996136772259814939755438341989771632419714538784386816339398998927697991477938963115974191 7
64385862429971267734725195 577
543 26579
2699678799693169711572876577397171735368496266276248146987228868867249932313 5695245854638926545381118697598943427321342465425695448725322742111662893487272723887479852522492
391397317788737946 3849456187845237468765399238355857679619418779724569844355695435731356632664153761282883
67394288676986311222861259554189513944851695378326299964771729848485 8373287761436644714724416288495262853392589446426635639167
3245982743623787568513279353371252156922976732791296988 762943414462221744841799157387784911658514493
258554415164467722789633382454715126136319463189975974489553739876992365842972675248827339 4681824248787473375472142282581626159249678349532217291712672133613348934
356287139816311359671 6757
24718245696327929992758359342396266377537218822278233729981195438352195 1564896579171855362287619689528189973745577367631227114175885883134364638685
885784329485785529837821194338326319776733861344374388748348577444427245328291 891167856912463537444525893482
8776633534416594178477479354669866123466738347553723355943168375696185458715441937 82875234148666385977323
5766369738976781615665286621627385389144682992437815222584699468718578 2183676834986421652263511896848917666696734289326465395863585513224372
769712428551473786596312559761655148311839228434939982256494899734766216736914764459344683779581444 757274216734956897821163222814297646875893718677288529533738927334881538476936598358
6698541172838826398268469593967193548892171585315555355733 77
483443835992949 879312628251769192329482367161887369838
7928783194 72359329254551644685667434428324139
2819771481815865167796362342245273756944226319962216379276867999923324 61594876287314639227
233342486687724944522583949721174321536257271569812751815395611319269173491268291588248359427315256 9559773939
588968251569294216436346172114118573235448 9862399532357557951632
3549281 57545193164142587311
3751234561185168121783678889252638967392896292519678466439645694329761153593245 78624953456556999217779185453954
51484174799322225192795 595431433563785112533738811817896215785
578539198584822364 58853785345948728592859629173469856297263971253524919932691452875227751546123952828393879581165
25247431135682113242344719785939381172483474837598891138188687976298292365658 65878524941383233648695171
79819436881884757313719695444871557794482755869652875331521232873777664997378613199342 74962487684
7513635656593244796943976114718469758339637416285175231146661594812713366591694342 2614962144522113685267364368824865652768915745773
279748513158635561883245249469617239116432894814938598422591869367618843356877847934766 91653
9382719199662862165885995725348697266618962336894141296378823395751455153177895118656917 7417899111687888
95585166837366441343153859934783869566985984946829197849921 9475874561736829724194338743518515472297479563237618468146681172258547836868254159884117461
2279518389261558559642383631765561245619237963766335182391495645681396 54699851371197751182793721655596933952643649295895357276422113635
335 18142735724841345819264376752273139
9634688657664715174473881522695181775583326916449264353151 87949148
1858389324155225854783115554213131158649522795749444 34259721754654214152281181755684953847473949273268644188687373
4787195856579427449125625462964 4871766627859419111635679877153178912676318437341183426676156937617424837681662
2281398931987675523597736512918945512495289425937439131149843299724124561789751442685149294826 62443417849328924212873359623214
78935122767163 583167285548555657516763353458974564162757481487511163558598184788725168971392486999362373229755361
6218596635393939 759226297737352771387211244163657741137491
28733857315619759162946427631573132415698899299142314366519438629281746195725634655462 417761616188373865191226338511735747426451982296473244387321912994649
974495869142781445142236439846352213462471251434479979195849364465649717594 54545743986683784439793378231232623136777961357787721685641385821213655411388924611238
7844755544262 6141182674573275439
4323212286166528226975848 445454854121944828496297391119785825893472895599118433
817946659479172221576186 9279757138685455171194118995
2435762839521664282488522318214844747174667337857868423941453447 4495469314138561716571611678946961997433123853
752631247281936222131512287946297951411876876562 1
799389645291621949534532322453574825 6764937
97261433362611772357366368378314144143 14968132272937837442367418358131743667491998334982
93176243867177912945446841 19334341189354414388383982479394548766518536198847656549241627654334925279985875
73484968945817681483521329277159631916958792345 89952964157431689399774965462316828115427216177223474485864711716372688363296711415395718959876
569219793763715289289992315187296495618938532122418955387522686758935276781439 53375617347763962274573598767959733146126567778347315
812421961388145528721115857849625273894234779445838848679557397 863315318593249633983132399629773185426348561685469965943968678354
137253282532745496112233326848193192983795331465581732568182979381238672566861893523381853 945485644572154134
88368689123466838626473763649259475434676443482447956289788898177239 33852947554961445754553961
6998852696779211367418768881953 99678194276851547678426884759535784235
61271969464638595586922431791255293 7949467
1455171826846939222391595368554464887981331373962469187869519764817322534141111 724271365962613492271795283112775517639636426332326
52326287729914717146681541623393782419574855812648583683 4116962817988845439647413182881545456285362259834
6446692348928567252745174877389858362946429286614962685952553461143233824287453938132 347911684678578382888384495351847166838875655
85369443144542725434249943614238119981583479234454118947967462111873184971998624867878 57731344949144859991982695528185784379179968129412817485493472885598859966436349379129996322468739
197955863973444413926813553349185618267492 5658156251714
8481349811321472941626645224292563816546925742184265499179178 25231793785575146374588687476912296496733661821479
2325472488111777777999985855442688837955 51527844474933174399817618928678562728432635147633241749958118433182232397793
87781346369427865 8291918465928813161899462253397299
7713123462642218 9633931515399576
61592 6161937579529455936477929585933369573543436193225395993
3593765488485377417282543621817844761639774647926141137529785566747944572785618376463279618387559983 16871651384747658633975148274468853574985954972481949416329649323442633759726758947
9134963656681635137351767397519445953 4579867586112642333916876225431212765991537659867467135951986342796887944439763836
32843471973259537717225976481941479517817937244512995757662886313249516722119472974 5825541753811741911687193922798774566231176614328597669757298872182564836888
821898392842426588545172215616317635318679762889879 15491269967693139394538296977794213
814137751164562998324581239979132852751647369991744853644414897847 45392441236732254185929
897332253237937926676362577567118336913843438953913214395193736275932 384737218
53599116493313625135861575 265996771
52832645439625 195779482815825341177447661323777151
47519832192241172952946295132728596268255327678914954 2869219912988381932541316283611366
7641316799887235994188791788431639791945386975389568761119819733321114536564413 539431163392454394859549247769181411792942598828427517391286835189551147921397363131958
2719165956432972666923518124626 37296318
7226646221638634968734392122311377582724664444266545131513898598113923374254 96592731256114167125977158229983196222499948455838164352466124711439321753853256
15628692457421465525663276295764231 5669319931869133924696615772312859219155291143631637397923917471645796632188923227688344584
94382617789226639147269254444636945159858751824959458554223877155732824991715759876 829959739571161995196466758262691192693632176667361442166645999
57167459386436319676841185 27231987572597169437687772875716894688956
63773997925587476976416188213912571176112839662 46583276331618716167817937535813425412772926553
45387843411178185354822681479234937944428115678388364166586847257975247161554243539482956854352163 195239135858866487719126945243412823227852877667778336539325718773541758117165151834382
1319986259352 2613153219376935214614654346653744679978157512741816999938186421199586286232
45189241114645272793611316841396234196116458956682965131229842311612921839179246518963451193 519556473262549239135432218966497496823419677856767756459531728974816151525917
538588551321569917238433174217569557 2863434481896315634757143664172364476681462779431918123289196226731
78178394643162443193272516356925526616512588835211876196429172874899747137824938247964196752459825 73246761225576543564994421887682559273557387426
983754214956297924433127264659885678738317777497546949153259274192749986475263652237819513 3135
193847999488518576125694 226632136991772426413986494224873215576158916636388624481271191825787936151883326713765275734
84995524914242395452763747782496124 21339765151235164511555826611735938177316266218978
9925529798862297576425665 148955445895891293947799218198281529792874722193722363133736447187671192352436288284214
567326771473539892292811352114644872628393894742663266 79885751641398
9951262113644548521972496 663898686817671254658959413558838862756286
565946929356875617918748247886754542188741695369777 37887398436684753276229171484172463756893748943929247
37844167896567728439539 27329128498815233566468272271882585469286768544813217621688395856131128885766241924515514893
87764871381969538964643316532914349979829311368237896378277343822699186681223473946127123714 748952523675769456445825782336336353154591448111639688916397656959881941
57376111619682462987211281573414223596114 93593262746237915262449
1781921166536839988953644486499156563 966194562235911671547431585417946
1471293652612991862163194383767357463823347526 431326542974713357944544139511183627216434551397581381651729211889768313248237969429771
8632311131969747566153245668523556816267138512941476347644 181918862387712958495715169323335631775328486842986373568625944345287
9788292623347565775438149 1984734997694119781733914618775193911953951914382373995878192978
5142824138988863399849964515416542751919998153714863761126596713 61974166626752881
17679344557644214644523653 5365424978569961556927392985336167869534867759952491994347268369358997385
4738323343632737983924753258658426799465364646438425 25291144266413323443311365223473271532531879415382282378727733884597994336116668854837574
888758671849325663184243339594854525677128935769232647729772711155974241218844 33644795653458689322684994327384919331546246723561469994819518636976335834358967
6891227414 2138386753865364593191676396132927837587185927
1762576894989454128376453614411241452942387414594846152423194419526862 86
986444854758737366253583882998 776739145266
2136183869984574629637753881319 2135329977594236534714132749721738916457789793775628769524441893657645545
42325325187829164224982585435434653119131776616714858241947873428696958775819116279153919439995758 91162549889298812315297871696891823135281846216
76919771768546817366874771998973835527568292422576 59657487722435511233487791
631883534823641642194917325583821725613881646874696983539623267521 1757946531792228962931976171114681853499974898187227251
22199382266991232227232768272846995232614729912 6371956333474927159924682969699227464298756745146665966393847914626149724787185589
23316458732857447555187337147831635779535719476878589445518375778357284397164973532211288496466868 5945576817983646761967613365927746568641212596686484819149262714535
4264886635799165129451313189728256895165647718496194498959255185222682698299423641666694888463769 8571811276124124423531485982978198165732736738441918553747283156
2851333655178415628136146328745742943 9939299984293
454346168255251931613577722 184538649259424821791676299244791657953717681982396651992966591985961367632146373625521431
955424853238565342872769443529244195785925191829697272131119445917478212463992519299419172428665348 1337
72614951143861347354554418138914435692539433399161989233816373355495254945151297884851 944487
771651911684213625862577671327471783376961216761348989245396399936691825675296134617975248 42472827436161941149258983815232616528255488396598821546252152353226544621592359
31461881856428613726127727475854697143487285382 869334742672638279418469741146286883585678192573262177719844999453859579345547922629183359324925
3847856336713378639685612176788 49291521233198518973684586682611427737846364797128732199
99646582565528321294267884797612181631 41158342513746821659824494851122741682962724379982437251647693356162325963944728819
736628228855268549734467267651635246181816764471551 16355431876331454838594769111143933535924426227522695
799937185915437956581869212797887194415917513973619647 7682739978643249823583616967881845335
995168861219638799892998583341426351 3146545247796984372221755741353298298355516754
22966415157125446719736119793381727322588199524971762581614477685911265615295412735 75163819166287849618785839243423832367359569756638264831
58868735151 51389465696289544464698922881462362
3488198533896924489592761169252672275783583799521454453535781234279521957999554514332344155831232148 432372153441547328891257795378654438171241578311544934689131922548579887827
5213 81492982695626172839756641886262755763179571872162867436993422
6167448473465382335238561583484638363278314159814864476649828391312571864217297898415 725127322366493357616181823666793518617573898263
28735911427536175118362176377478679755521187494817934753439914695465759831859343517744188262345122 419971547532856989332997971227768572843899978674427841275733146332342435633721673641566828912
7889528462562847541212147934535287248482241935522 5172433881881181675287371746864961921429417887612376858318628464532121241914698541216185842539713
545458669689271998438485182391329749425386858344883213 8956753374699723451357663494683541245536849841858924444912222812777
5579599988495332674377611477388862714186598714786313558461328965849726481747263235641 4161991457899433
92389673146229426565968794684268626272811527325737999318962499212391958522917836573565479525465 41888437163489712619989338516162697283232731411491718178232981657441565668
628913739686855141777643491499972982222193634992814779797658144815597574566764313818691393496363 5963729123114776842131427
2842652612611137886355552618 925899684897125535137541541935799154825244215921951829897124832623652231788966973
47784153145696519816548474655632982851691538613213621715238442498118157 56156122382141121459924918247397346762
6651871319263378287357 832515389
566366121163711128413541529293323564252389498129569878242152296655783125349564868845527836376112896 1826521419857283267695957728173483498588832268852597938215285461388527853867382247448646872597388322
1529835699942671129574593379486552548393221353286943391936955941764394996 54135358729555113341718546726774424318241978857
66383572189743728792823339 74
3498222136583 78142847475344355488495743162789748542383351311417
3974413817918944543631831123716942858768746341727272678826625967631359822863324191535963165696 55189511959683956522965374867453452398927421595399874346667251434754339878899557577826672272
67823416519465894742761572433 4781319434225131649671473697391591555519775153278321291142
659981438426365445618823785295254382881276569 44218275942835789223747974482848
9693336229364737432225396896932378593822891769824955661363848327 2622116276813575951419163143731378794923666532347454646974324185942853756429163626578478151
42528924853311756129157265562772982445159111681955733878122348164455799282587225297379 18924166998
649433 7359957539816743991147495875592357178975626513859976153188744843154224458157555541656595183261511
8595955753421666713766963891454761384 8163569546859353155715721
114257393841647595527179597741613764938283414319571323612763952836595416744879826687864 57959194272611584329974415587261872362391285311544271785688984637998
7847117983124383176692625114524458849373621 125682219617632282562974892422862331395918661369193156781558685637688326351674685697
111331317633253714753286345981943373819243692452867499743547697644783988181258611387833485 6756692392952563581624345531549726
286796355738867135216395766938367324195166274581 9334258696
66515461823175632413732538573411665476591293815573544872 1915284658
78846999315585446 9852146119376555784
39 598675895125683647189533298692529673311712982999213662233256976436351418914915313338839317833637
1811318711759692188938 43587829959287694421465527992751932433536
987192589 783498121854796986745418577137355989995999786215626166366419312373136695495199431
527171967493648654681641643147149152886193763865885966763949543714615 886323433667247882426761133296583546117545885812722281149267824
32843128547343948913922753339596215947716853424454998285345695126511178743215343556656 85272958882128295869277719757386216
258 88167348276546597621214833515225622471896974524595453559354235863436672646196461662949673372465221
5984745 931347747591624916935283198649713272571629566922535855431899737569874541113484348436198511148255
8149915287874969255782878471 986583741236691913345815946819972257946343238657
922122711184322818237211675 5941264526221258
17341335464393447972992637823919455794298871778482757455811755222437157934661485367439 858749556568637929384
74784494153591565789431812843918121672918859938 33236545136452326284679277129149686
467719637149343847349385768368835485153643839537888178969547725316385464569355573557394 9736652817576458994758448242551218632129811578556285776478618311879262947617443
76394553 939359167895296369588985885746337296669955774333765755238
239337739417251867874559427655843748576741652734352522947811912384134678726471535125192 86775919373356214248682317791778853858376527869961455994423833719644776
78127376865341132125415848114697399256233939338147326841793196358275883 61224746915955641848843746719934551
977825415867319523526575463368916483615176256272762176171 651
3826234324128554939138832981962479573691743894169559236666886674789748366413772958 39798851412968848365626398686912396733153893695
842851832769987938449135433138495413151984312728577154339 8147712293232
2555869856587469832747381818924482175211795345293738771294984239894438434755697231947364222783 263156619492796941623711734966681442231838
646644163614812 8
2875719322739561726784947892141877474877961967248249317778949818181157338821876187543 384594979254847353239911794428363534857438968988743145467147799857319989762219
9982724718334127739727359635871 67969453489558992335
4346344451617877158863 967484312715
7914963112428589951932954715654957289524 9473882245228213149616655622163288
6237775739191318991 214681179111472945893138758961128966832988476119261239999517721738561451238444221143352443754386614
24233439881398983997229838 53534951223961377
6655757974832718446316972848 7935849454539243162594746
6914292137439546438881917252649154413236592484515522 414784739811811323823534527236937939983678
11951171977589266845154725587969932396355626737399169619115773288791123699889729888 64261965931175791971655883336513561129914949525753994824424566646361558995567144
2663134959227717767724428936528282694384 41883227932949657925892519192649742882144443251613328
2264572233128839764317689413157456926994627749626997748 289319897112527632121927839536546388175833439677575185248327625787974842535531212466214422
166977845268135664121462878598497877679563422 251448278986722395762578844912122341152891565781668725182747921111
3311595263553413885314184799322877612548184648237597879285128635874 5757963451663643125636132988451438474355362286429641941749194314
69631143461242412 287128177639998935619736954861965285746638185238
334848649631958468321563342574441118623823133786533159592 4212723138186972968457966724271399352286657842451966279578595672694822182396735572188114656864759
984878296965818351517741913316445153313568182347171943336599822 222481525
3439637969516889324822173416498565791692521761553141262997262619875259157849368318947125 822988834184497583142413821172848227197812673792554871919316732748653493959147752347
58738179956917582235954186516355217873313168337414481138931854715933255167743 815585677228779617463482733872123532671242287482741374633751767971767978642388944694884682
949758963113981269737631324366583451823813782834439546 33961969626887257779518
7971925951956217855215195131126152469469165164278968166833987724646312976494635683666922586 18881517462388466487193
37887355623477239872822131131557115252872914 53522363345671
3595892135436552449582985761238145226176733522859748718428712589662242897177175381974562855 944532112732477427414157221257897662652444916819846874471726296184351398787576129724491357
27359288978924493297742358284225622959397864664399591478 1176566318983961148729734213644383687731221139
569528976849316424653937366253162533797876323268575636248599845793779121363249728281 99999574394176549547593796878896669514598176154176
47944944987299382429356318266881485637281488 259714775633243846465526644524678352612724
82754391774722398675534927841627697463313892627239318866991943753977954154326679742913 8799452282
9376291966613246573497243442119369548123887712837995896236645336321 872929998548826936384358547417897994161958223886
721315193234999231971951682858567155288613463114878639767418187498823312681689134 688996167538388129593214461572611612929356226917685865571692419991629949958538598669413565517956452
14722131565 5287935921268552134649193352545865925664752447561
286634611693432681986781585578675511158816144118429936272316312841212888 423528522381953134881815387888413219515162722744365156867953363991418584829956891574349671
79527998429786761272163925121685 27225741973629759618859676671263578397248931535881177
6482497995477166212945721677422461625536275199567721289673726846718825176776533638152855517 995193828254846459619982693897176594751
3912332875531374242581 1423346352821
4876739788325366489882924 86
49533661973193291784494724834614566932122218277256264616754498688662427768414 629836979956526723339127217582416619697422889574173238291989765463
233342417369831484443462858855563828259891796219674563931349974396 55745952922467
3743295516882316546692671583841194993381535288259374818998744822644621739414874617556533831479 6615858469711836483867727724928299279
63719955297926592453475281154419765923239 14
284551319937413742158244627663176631457745 146928557337
22912873279187436191452949742848187639914358641123253747241929585412 988844997981873935265638445484717757847962979457
223311583119282898961767286652959119778351834225839187442943322545884166783227187729274 985832698812761387998313243148161364723949487533242419
554137749642979964859112 54724175121642867879116475149963539221437688696675511276673154691113618454453197264945392632789537
77581439173776924136666354754238346753182 781174984494626653595732985822874597344848247843343116918178955629623454492955862688713912732125277
9687697879979397118359695445618261895317949964 41
48868772211 9997213266996365463851843669923961666991484169195696556349361513446
9688128394325522682395353617474112579486842759738946461725669 851567368781217343335429597482945753382926786757411871661286241355378773
6699383256455354249545957525179873577769723782748176269685734888818156915714 577952578862152287447986677151322
1757214725126997 956858244188
956 897582999818791772397531434891999552689227232279851549983559368651955219448251483
48756579994937496796839252492241748479316128728511121563999451748339451431633816 813777471558424555589286685799742349
76 538336619766631
31798258555245615169819978933811387643255873227987487188668252421643664562329815239 5663955796839346894185365845
126935966573757489245112832 395112391187216237941313154262462219245514767192549173568323542484524491723956775
1563339998466827454885428292472212596382581184738386348524454929197882573216357 34786676988622221121897453812717722666377617964859
95826 162987923357834216
54788466451788811418831951 7183995214738493233725883814388
3238259129982345254627399751636596672363818376623853519741851533456273249296956659454124563958882 6236976136491264244985186161973843298
4938516916493236426885572514341721253628187884164272553988671514153131488 7779794818715164247438152345454677825252769791548345661263524272614192729813458721578284421
23224513677881718583338699493885139512133815 141371639456899928828367379932323593443325763573874148941473812358836921943
2644613957862454778946365462781959962573171692964272 8881253886613124196619
466785912795113553238766742997767593913211835613158965345697 1454177741348121667514226566979412979827386195587653235876852994583139773366124642
6881 93439349414548925962762554
4722193181159854848333354477587679771661 61229649771953592716679526195694144714474643678869132892867181242756158
97628 41657588477181653655829211649182528896245715246164249165
86637459411692366471639737592725471131281894183255756552 83384679672738596932764171652177786851557189778223747174174961768
4865934 82144998818816669342142646781322217328185322181416433435323961637743648449391163651719652535
7875871522689596271543233843382154 4421996736761876584119925576446243334282635824914948481832545776833452511842516156
864195254136733867937766613661298363831886313761381363626567471413918147855373273149296724994143437 78881628351384423564815433662485
7 742953544712849348243565244293436195659772878348647615
244344196773229161281494249299551187475391451289741125585347312452845394229474986693956375994 63475949127358711198934927511193783697639549748853962386913673658638241
31894871716615771933521793541841748953688677239128842639769452653357192519942373825548942 8573317184447248613357731764977948724538326623197679614797
5761812673618757255852695851958981946716518792479619334755863384412985791679664757692257446148973 67179177798491569339345453396312242385219
555965461119159477919645136415733719338473256 38718758639277616772179626595954587664966755786328238164891138272481154665
89713395664383549 91717421991866566164915434546
94173437487792879 3714548237493395398349971142487195922232376254443
15591262272434235 43433996
122461852462519557349545716741458518352576 29119523765719931
593362826337398767514329745652178348945364482723878418748736898133918476176513814394798 98
87714515 3566675681317623343
55824355793724974697443526513892791362925141478468289721857582693121781734 414688985681645867552457753849845
954965127387558411129262648 42678527512416844297984895335797438265637914689592854394786568324543954438181811838565376
77377 371418866733271578948443819
955138498374691191675729755174584166978 4859112176971944738534
9736934933814782611346216 98398586286238822876218313838685
76137587229656746952927114725292413288437259782589774938629243417323977818378245225833263191 7722443691433143781569468327217912168281734947975483576533491458392738289242159
69596766881953416247932156987373163453946278181423584724399472762237353831117745825 2774
78274934511321272175397 8
384261836676318466864348489322572566441287177493424177 97843478678215147631464315348798
4556354832977865472323332558798568665543226955516661133914296399749325244726895584875755573 6645899831361547885454184184779363542494976347396791
4385597435941349482161 9455591134669891514584966137734962519328212484936269477147344284268896863995297987993
3435437823327922423133254198571978943638859924949211471671192795588461649184 7738176594442181
3687891532373627817399563585974619716762426913742658485834482322352556873847885 295429815459626792893362175661714443
41138147582588233 6461664287322
412217241376243754688287297281179812934248828672751532239563 57475794355496622682114
95957146668512985163612175765423259865745996565578584387557645747864375936848 4343618854332783584279981247735984942822476976617922675623926119422977
6723334495682238612633858654579192875323 9948169784712252548768225643113881576296175827344143128574328435866635669899286
32557641984291787797546335246248224685886753615761963986693364534342459276835162747611491 4245948314351971548721878927715758781626489
8871455544423239311314362481543998877744853775256436163529435 166998727194335149626995543955376379416657342952321236778837961168895142
535566362917524374496684492188441951651237479233818636419556384466954925726487819477946429331392 892622684938619445259
32295758628253369878112771429693284359528188148977311977263553632 561217157479396486523434399531252829228724351319774456
33734969639926381854696914362351294583319 762567862275799526852962864421525614634526743
6938868336 56617499746796682349523618723849957572965199486862265593982
65647172662118899725488744232654545181612527628618611548914327544957629 1263
9124274353634695543859942217636623476914624128926523171844133579449355476323319394192789 1458884973353525319936653959183774629815138154517142496364561
36872549187279768838249928972322291374 7662118463282184775951357467182389531688663646948626267652228656992456
5521 755566332484969452998954415374123465619816875355731721363511495884674429362
19139838866349959886115767782419194712 2629591534356733681532566999872118479297747539473154781537541141136725289824584769628
384541711624471237313881947964997737969323871939238613177566 2818988899658888
428722841952587157664941464799783749654658688932691342991 16233169762253653963413533869929832767834276631148794654277679339283525626613181226128587379
46517138146498949621688564827 83369583424678296389485566471444877633634666674752266
39468921564112523737654987436755719679136196739543776618142 11185814689655538697189941824256612323974224324852635774634532595426775223377547634693657594438
48127376219594794343678199762544 273731583753332384896873216416862629724322174341637468521269425235941211941226982
6663658765411629412188489799331778556445751455323477859822274999534819686895539635893443744 851196158463434598295262982661
23 21664189631221814121743512754737913167749113584678198178656245694631978945115983779364168662493
97222986945138725647547354785857274497129852 8285341539814558991
85617352186858931 193274541569834826467631724275995479892927518851613334
9 1868923682543115534151444951774419114619779342917352343898952451381564567562575
9688717417443729177325125167622873 893271435583584432496715197144756947987514718864325
9256454112688853612528181516126443998337993527375828649543738541934654733541619939867967671648282 9
9137661252568637491666611843469474417519374577682741119426153394681459957258663 53557772351278
8789674254533919236936328764435422458617945116189889159983657595388941975 846237596888518511812322631367651335376399758626974
832773959514625199137478776237542424195318283368393673172418222519981394 43852816245384374435
17963429236662156371159114121138956523537659341676842395225576923532415876349681959677332635 522499527822663944425863759668586331923143476
176372524819895277387664424133674261196993866175813271595275214746991915668842951987 115283133381234928251258168887867345586537742851111875
46244126346789886459552813 83471659933819487224273487143798772479465284239491733479413
8413866922469485696415996556958285668741889248884981213655353843567539895454124915374297 47222915762645634758687567634585897626573919456565755
1635415543284619 158839
1813864996287548345614211552266949167919453698966719684193177293345595783793989 28441892785212484797697
793699784769426978143562594471935 4514995615571742325558427712962224746558856115779371965589496686149866
822734223829593396139926959715295412428567638829359135792129217627978191317 688381622822318
342968194687853648513448865897971929161916514952588885242384582845524252 913387348447577166416967123653995935741486931
51358195364724215541215852789379952591298253518149981221419868619169178114378 619683212656368221498332335276991429267891944572381193814635799458778
8765958841195882926259974446996988491784927142353822266171959544417688641744549421788474767748315989 98738748185332672167735424
219346537212147432781341735271725238543442433676274232 22776238276843554265999815561297137268683219
77413295492755914534297364463437985263969614158821167448726582835987 749916376192512888276924384416614848485723481231653779745596386732114281265729569113796756859244
222811196172968922859624217 3673257664751676963236792491319596758874692276396238939299415977147173477336987493582242315
49277692522499214879947626173849738828415583131258116178898642385573867369686732151861 12627722199645258
8875849474525531338356681596471219959897148579356759581726364271644932691769213613 282871753487596669291934
92522525777375434685247987165879493578623759162163238248 91614416377189616475817374238936612271
4615494521524161972485442325963352 117437188187937888358113554477128573672358248282265622387477693449957662974167675615948975721323
8164896341459153721229343288765923718154296358399799623236317857867779515735987695 3
43421218 2995265427798654295762662857329144196135157479137795
7925731 64177681134195996735463533479211347465869491319934237355699241168945642213
22122 75266818412717169724447311722313413266326562857829611779924
9214675869632422587286692223113994673441554238589644969731671618145761285617544583632 368794154933644344497823395393559932444198928667343232939483881734821566511937294
52745462388262473848129412336431245672483 63534849913964846456765773899489859289328577
621633967198578183193713131733476539317885582283138752736868489464771163831763553572449143232 947327648
6641112651517514637283835364215442142958494285514482266994471 68183112774663642858669191217592414118285739621828791553229322432349425493463
64221528257758468988244916127744932567116674956387694818213373397 4612365599999658816824656
4324582763226754426818169182542 9613225144127728825948551624254676871779145142517685731382786
636523141394738298884239623457328639528641931 5792222532687484552253
7427545828 5111398258339675527758362217455571427618598561487193341133889316429223554723
154866463929129235 1668831868416647294611661787747625681974371576956653493526598762199645477168472749
516528667434649677739246697236538159834398128831963865779546767 5927385336424719
95973153927928623467992492419273851123392418435251352838658728893543921687 74246357545448944941528936644695249926
98598 193151698849344113985348459443436459865
8616713888556152482764992186338755473112438821354742646849184717297563146639245957672662963696531693 8998736124416238974375838544971148724974548581577145655148324192993
8263215758344921566279921643865997985955 2731387181698286327928655579986642544219288495349337919257643398961917399189269619454627498
411871594688144153512786376183274258888859687879781117 95461397585896933818786133394597665148573814849997492513665516248944835
6263549873658211916291481357793254649633755838654169422681941891761124518866383429 775457169488776178226785367566552573462165382855126
834752791763892117714955193957529923138314182468627272 8634541373447149813166121929844299558489451363924872552573587132459191883475494653248745547
316173125284593663452879862915 83751896391415696663225815888655
68575528337522259149133498773291841642147123848742643185543962466648 95769595855748886687832594833136496255263749547957746927766913172659533187692819867195327585483853
431571591545599375586718582242923429415512317321386 237363472778661644569314297317135968684397235196259628723759853966924439335
74374491153368233228348 788328338841768586359144216674991611327832249738945757261996591262134111743548
75933351547446416176118947421726587233321254695 8712981367749727468471893316948331
573998523927115353363722988858128847238291241854116613791652457496 692295248773826778445988474246642437865275332895464
39867313315811291795825746851698823771915654182833569636819385344832671479537618826498623 5211351468356932247326339617421593732339531531772522
77886427938242146721998588122615417457515314182964895158326689383428443349618 6528581641846893331425396966361697752628174734286823723287699615491582192218356331561744125968173816
8296161294564382125219245192151654133413359677153928741345784111296812 3221358945419525664225588734395293457773211698396747278811612766633943
278866388397792767 9164881837631961863525493226696965384427361551732754941
289357616729978613164655665542978771421648347752734325615214367934188471543596176299837469888439 9456541917387621937546751697442152624288858842133742728125914486133728449157379
56826217382587735612227681581856249171775414213864319137329677152859 32983176678242385569128
13441235164837554115213848869543168326971137831251554892886428131868983817727841518847972157351 9695211963448568758526724541926458755825752564163814237181858128178221841321244843386
221888664548991239211131767565541526947147182334917869845635343238146363863228 7193856731558445162292235364114565612116285496119587438885996433587823976649873261636757254
9992577544149 2513726521258473393819544929758972
932356267632 381685571785127233829243837819543669617532879289973648141954935199723678475493384899488
161399831424529363961244881837 3742373217634974162128288
1513421428435463417467788638915324847 6
968713234814123776766381286 3693297434826435665494
5621 73697994871489495529377914481966147547851886476551182646712
7153747971379744523371339121455151613752563543458856724585899799187458842114644956174393 463498468681773177392137319827128899856132773577489356138452879884435926134142699634278257
526377275553438392166428368766733177927373365375312298278198775398889198483 2712299599492529842659279211518817223713
235331297 74245682227744845634
597942868145847414879963712499785933513153958651283416271483258268 849581715294717796778748962894221762453
9658996781676759117982156264283683117922787165731886358647619416671967 931318288328239513986234278591237948693379422534344
91645544679917661966664329841568875289988476767321 6879294449298937691434739862133248996372221594947659934312995196197584683128982192393295776516115444
2457816626378121447242339186646368745595995235432935599825317757844748484428833298697 3723
511484197449193168112421 61297729282
58424975644287241184996264723638986238 15446388224317424362677778974128587292359329592962152374879784153594719879314693883139476882238275
89449423566237441345494795858317914338313341679263524943324648537377148683 967185396882122419
936953125561312617629234839825689166241718843918639631427753382454948595512588145727 952779683237746492295414865668936554845332835852775368465877639158673462683231764365496
56889495914161628679449917232585262127423798652846798787476266779795898582556951578 82464689167728883434163381218486238784983464713494
11416245629445713741264153465923164334 7564518339192113389824288574368224
877654683284839 6698995946
194718291939176652853 86265183691694134751894152677387564911572697397843311455339462197131725813654
87372898269765931556312842653377614173913234853433934276542157153587145977618 21959833726833794561672952179691751378
865989317614661268239938585973331735467433255991935242936428858319526449336396453692287748584933514 45989535636926833881497339117394912828828578597469
8789445757115559525 35485333474711985998933749247987147846134879951729638377352135144576587814653624
844235771699748913475933225885527921435647714 264345769547916472486284632115293185675497333786311149822511315931685559956512
81786344849348935134244485681747569382614117835297446978714381 3662297399954669129725484887926981128624625894873615264437456
4753899971192472542169761541957964371618672128625683831141478238359135259466464657868243352489221955 67995581563314322167495495864371983872941867655748781833451644534656264933318329924958
84795719247865843532438145546922982176785613939 8363516367894541915349484891678931493184146652328151431429137586882241
5227846664313948176576767976782565298986954243336485421782313598827366343757982546473469689782674848 33782492136576257332897347825172696499817634122122143663221981655
47884485822568985492147172165338751973244717758925324258187333514624316668893434644449 67351629124123371366455324253948289
578492748726253862147623442 85493
89216 5684188914834184746391647411262129859132434823819892293363217286
146526366143537445442984265719424784846284645729493114289121957169776873147246819757928359131447 461884829458899761898134948569327256577271745723463316449517989528834624212129995
37457158 98319724778918443716284569459643766718581279641963218496519781516
4879529267228339255442187176747667182325442574466 1884916672746355497882922767411386315757939891347448892266729116631863558365228644968173
336164158877378498751657497275759686 3267569872338964531511934914969827892592198855929419463199298247716357586522765131
3145558727639717352124432758 341714751454565656326241158985716483
71427644 3867866454852421178251
23367156893743376434429236443827887832579184219951258919636281671414125335887167821798216421468372 1835
44744445178987842256498151151281641 274134553718862858824348111527715
8613758834737818312356329156135791141911971149811145482141183121283694171818774121 645479956643646575211259832132667531179937658619125672337154457828897298346634
5178328543371626418 338616193685787928671429169337877683166124819843298921275
284222189275917388852435452615349511873372499986254182785523493574 692358854925661257948675944981439898526387375666254789114212331441784874973854914694
19532415785159818139117656764886882434831357915616147451332641941948332147741676116172278496 8971795146912654394971924915519
4796 15597996742156552972548424837191498582566512788464916832
547874717324161854372 498953215244249163827791745616422499659649613543565466928548661353594828664547
5149979666593148527659716826813118433748733698564553774839 329963583423452764841791435486226861
814899465953891674214853376884785771 22254955335884181744337697356737934197
885816613511914693753549535992934232582198553345144829456539691 75649439811516389636833411888824731984392338445118582212889457473933876872652299475119681864
769246364542945432282413645929182152623816112 618132414737538994649615
37548862422511741118551672741232558261967253734 86977681977299295348277796252337343431599448481254835771155934657229863338
449774423154285484478723172267296178749965883234137726341313345515452519958 338
2885972513946126948826751278948795198571745349124475121341347497524143755846389924654716645382 132873947917542247711681236644272936685379589155741118821422131197
6957669552516159154569955228666414762394166856 412455561352223
12326267266547321752445773132598395548578383662543724 812961541463748457981251126264577939358198959733629354194684646136113993
2576315225532824114827243588418445977868 198815738113411395811687135622391847242316786921448192383153548231557228484317977223469622711745
249931336519745676973434213469567889122322826277211197434859868575836683716217837325241937335735 925864566717271784637622917959657175629185721312299267296945926569438515389146199279592711629
627112498616428723167547955569269349159883119932415224218815547997314195613442774153884132583958635 6
8963515788881163455628598249281752197291332495519467431863296539628 8456475473797187971534638342622893322
76918527581627925911718438299182 4553716289921947654615617222347
219442722596134142589661556932123872486776868315216832235523469762913695537 855132921441544937259664589319218434626957362741455143
16496247424467587327522525263524548884193883 573299679394985528232356517169932777141138348842472288916955261748783577453491384
15216194252793 3359589827965285
89923462816162567751598361999397727753567523387154688949565426671 111275489825951867579753891913717919371166
252759552153464869389428 5576777259933398487287588716999282687627337184486187123716571157726913471663899916714381137782
61992474177336883368891427298984536249453243298128554965598672112655725197641945117 89895249483369285279368979734942385519351422236351188888129357646369333191659439237514523794334
37546555725155997925973159996421481 664241
434287987976795816 475494692367131431982823488774176237989543314242266782765479963235116348869853414888795
52945253164344822552474821616992135247131642879824 35363647428935458914264771262335177518958947877296594995726
31351688589679773631772396463747556118385925464785238714261134456498674882839322825694121549479 381298476473659929162369721593441833839621615899866476482937346417981299142139579962
34981612233154845134892657894451742843799699541512688212928964448896823793246485514 1252
7628311162595258518613591683791383439453139467433322726987938571768193832836 8887457932496847716114389488759363854542641886693119457317476468539411993
28261881374363876711717379464378454991835733495611223397298837222437977656158 346241236316266455331641169
482713134145589653417745763878533316978866964252531316754886653788771286662264881 922685
354228512752718555992651692322654522773991 7865439458528343128869538329729884834496864745256589248497
985123153369244468669259324755221199352784387239553429 597196555727393595373368418175519248414569535534744155372384532675953841
93145898224883919727382864893795391264628974863723722489 21228349374314321142643632
937216662418911593734463449769962547 3812743684721862
727411851829466621872584854335259173935647533 9633485432756571429355
679 329
1434249499816338853329397933518188519639811621889439938536834 2492
24568863 44897
13548724 79527511298684865962673
47515527481389549996482168313373563848552663779347868147538442282978199877 14311317976199941531198634243225918951
834514772137792584157528168159836373525542654646761176 226379921281692593764728292166946511249694674852419378935456416354
666498379578881718121698994789331782956889 32533237117553698224728361941896
811887449385652814586515199583587664816594361952193935434119556464139488323354142334 98794
2239739863943685925766 5158369993719616723453911326284662956746
75392454922252251781694818354276951389226747498319483373378191783684742767 1667462928671798828
98358818343155659297448196422761268466282634922 418789569927442451922959643894576481533958485693232431586456113373137
2966894913296814 7143266
3625298668349558121724497 26982362162851461172613176813865272463214426215443266762854755133186482185
2643741345289333244818169276723729593152 131
52157744 99797435167138647172512968493277
61316 3629132983514531872631117111298656991796718684981748723913
435629513394111531871216366818787738119981967859926752159754296 2499118461452136475723965723517625212587684565111428596114269395227246855968275353353
22225456342388682568464356974399884688137165 14419264251372958442135135513663597241481355675492674812698564144798134628231225553663997698746
6147977852583726728873154798123175358456672517643471113528452941897451685 336647843722316389352671245574431228598368274294553132373687232947939922393134264721226472828
984631356687987317297832588586475 492571277358155419163195798562539154484182857682541528899199129855829667257833636
73781594883599161564419884894951225964677121978813189128553821974686534214177182829116325262265258 81215692638269993383588635959798222796586541196154612747674811519
7514618829936483284915853788665134464328771824287872425191737125461266461397159 231821781888215158179323529974164263882725363164
86535848754268821734288394649644392644549448173452585918966478634874631991381462819673857514 231189444333738897624914
17212111413147594967751962986615125887883 2736389933746794
1557311846934685949467223128795842916646535115845459449731588864556625798216263316237763518492231166 225665295243782676198
32 15541777932685115877565535461514851349527999694596798
24833989845919669473831913748424964748425579155552145431 4263989798953791437491761782543262414727541294427155217189124466864892725539873686317825462991564
584476829488497157382161144958988478194615766624551281443557285228324 99219
6383241266653382836577556377465844389251464 424879348268
39717995466568626654225267451277379 457991598751965482252665654264134231989932962839278768
5681325246349623469439461842994544598522967561651451714959287425183347989935 462969227842822428749853114713889422688552592744176454455814
3479396246662557427919932234994783591624517127887957335821128461423177255999556 81247352695327414987763725824639868158359217813715925222133139589867352457442761956122377883148264
1163378996341441566 75226494195543972833417769265
919712613983 2257744734628341971386825254462718538686364355524647168
969141764529966329436649498337773921846954575926517735728946742873394548663597 686939223682623652984351773821184698524724911663145541274247534162263
97533752941293646518818656178536888778435448968249565955217516131213 843624543442521575398745257472521722989559164576
28671594279875466636888732371217434 5319575991231258494331731779967813232888315789837722
25169718318389358176418672466697572811548537999328139927774411931652413563629745 2218168912933179559128636675741188169571894594352644445222272695352149
653686438639336495796679892249764856649972957476134218734374859675 952759152179531758984384144
894417988423954611698176619544554578564734219239273526521584 3943981374136985589823155849
21683844525547132387271398355942556445935245929675918 1865435179677247198233291247629231384144382858269889362165178941328962489374315612473
14546565675222164813 6311564455541232719125463732
67263657192225771648945279726482539166442782958528228852118785 56466767266
187253848121849591285885551198671733975613335198625218133279781459693523332497536312668398891571 339784889612771186375179448294148745534229792173987388486556246866316478517281463118322848
3591653494893156523525648243251398629372896661961 2768446679624871681672784584586677
57172483963129567224827369528 6934375539137145182272
2874131658814485143425928159962614457463185737969265 9169986538537848324875982744583947927119747361199932175188964873354
6792852347143319756865176664438712657317958486159666417573968274755348613994916734624923958174855 46584578124169915794587291323221265581928781521996349743326557669833145169377556615837428598
242116785962 939152236631296811493614983875329984683453499977133569561461198284885932232829761434665376343365382
878593626559537433896285923591595951847865412681344573797182283288834682542125984785985184 4433554272748322563481765554725291535675681867796813231578984754395281513644
71915596725512878361726597859677866763355575224739347774759267119763261287846668573871 254684114888456373143793434998632649323227178698432171969689873912262885589383252
2791498879227649614447637545964541885371763681 187599832961869229372294888181368249876698792719634721494231859974598746849431878
58985719491576287996361649492438424617735456715776371283876745853963411444129497 3842112649864314
66685579526246468127371292138536467916253417138826973531349955137666216436 896584648422236423191489292697241665277144957571365692246124131644169238134385
2663664916582 7752847439143744278356576513121725985277836766262215937395425271441627478115124951564839926714873
4143753952465657278137374393164224656122614862999266976158312189997 9718255277442695493878918192163747263828565365113965489436269435722186437893587988351573869
65376347598425496724694552693582534896137 75
635397351673378762599866359553935478712296988338395148223272493861493818673915387379688 42796414895716297263868339558328272497156839515316492156769571883762959477631547352947144179477
248 919951721335
56627213449495753691294696748973698522872324736251948179426854828155745 692726585
37265975685656367576198619549854647796162339695353242 68183397438
717696979371263243968533211757271454689989963187963152741319424724817376 645327124976549
97988983538373254838483724132962177191116282 8295969863764687382531312555249783
2828412412363616248686667356946342586243 57692942185686443921481195325293479627783265458493695631857788363967873539979297972426172525784
63974573761931931 6839939123254588815132826691576854641345241148418944566134218832435243429575568526949
553135395842984252327238616349841592747 716775232819452811385922346445596531126546284337237812338128457774483758943456898554362
27225361 99116233363296447613384625679634962322824961697316388
55313792559578939422476759184351534 62441514151786524939166113749176397198669926641216316976569187877277885931582676894387925466986
232967 34616288176117562383783529692643737867484368749784826979
4 392943342431732426486572525
314151171358695813382967985742569 8798428129663622177436939574611
5899832457353 33181196251671162486184721318929568756614269771666729
9927614764 36147499924577282
97226 5565381332864524738731
2152551213317298291469133476911287137673971132 7634135188683753658988574
18742284963 86552485757591774239249257824488929257391996772595652916135669628967457559855644527
56588384213488567868118996666631 397464679788183627414641137659733332939923626672714741422859672486
212477129894383746545222783873111578274587564961857835467235851482649 167652656684469752272171971438899
686956856232848583323972784863281165234237165733497749738351425613353147237787 72965667824457661446365623459141662615292656
212396744924921214442793471224568135339283432359726474242445227545331949239386121544144668855291 593679794587981891673711566991974714525881135196673
4929181925528463268767517753824766859168845188557534765596917717315569345985 773534585721518358696542667776615886459
73 8341
98811144337513265111545417549824898363 26814817448394537569
284331533297899177721813675379346643216179258175513773294529125536123834193194232968521581165974 137359248643
8668516479822288837273351229316168211892394323924774782374312164 6721574225969545883665149559199398676439815753562767635636546938536971342354
732688125692466635159665797167811117837412515744513292717419163368594 519929778231944188954657597756256659514787
142972671543539393425942566943857535773626732366631414195 4635688564851838474887293448438112273148652931231823137
5764179221643889283786733446279 3281358617338385817372312113851879614763844549623388732424543754944729486864592976842537575643
998658771826365569356 6267922373627142689597938633464329894326212378951287549558584
12333391148411594937992578188459963327213364738222361623252362687612 294687529132968982743484593788739835255442766579743968171235676123722
54131 14
34566129763447964436331612793918115839244461 1448516143254453843666946856289417594453153672887417389236856364741349194253384361775676452632533236
4322127918266288738599856179468967914969738999931256917291185117111666499716342485242571748484952328 2742722421165372346317916142689759683431368762949919598637694
146675612669635875618596897 636135846259258295495694844639829325518117271438636818872516342431748927254354791684517548322613
887212733796674822685572666174432417682885876158862 2685826394714946456812259669534567695191345938578287349982426
335563557699829784118385583495716555189837537816196145456274 4372311469541272369945854326919243881851725873
975195132863439388933352457611216241964 963935921144126843355266187774831199817719768811837362482161
95492945454272232113926849286768886823368386888718777568929419277146178766889697 974272358186927767761986363
9154429862247865272217589416764774184329267818847 756588115987297379317635427761267173475215358157334499378456472568749699346517584928
4342652233492512477571163221249489193348421468635544556165185665383452 245794471669113493271262774218556742174973289875342642743747779294352887383615161911441723368144856
25845846553544563564447279369847182623383527669721349731515 68277485983
54525373763265368412952748954179975627295598 987392881242
6955842 744712215
1654977218477251534194844344834183791272 237921442389988645824326469894648866481391855327499457894
58556568 39324536274688
89558212373629463455 849497182334961986381872263263188739264337542575633391173719696947752626
8927724986988913284615793983293552884497835134644346977 91784161542
15969563976897217283579195726663719198931514 4986323182786362981727933967817231233437776776861411498225759586556416285688582683854515
8157581168469982755154362869885388134 43942312365736256831197759474846747542587715623174953
6726779 5512631885234682984491292291466335963465399463777
9973929362944548345646975658276623294794536128271114729442 52895955594486
6145331972292415589815846443425427141944467349363691859534814 781825618818514146342348718886551574271895191496619861793477739467
48424395839787967431 59875542196886651571266111196778774351541318352
7388479894573259671898676124866453145687592861614121518133781484 2835271839655635233549138612451196537136223948325967387995625735184367179631675373921
571148678182565655471591882653882243782337522427983522 1749911772211748281531541922246446975267369169123368225
49571845817291912576275 312871344947628843
81829581767943585867697172698865968626899235765241 793855641857955223155178971295912712757378896928785
29711333944574554861911659345775513868773154781144212499182517286285759 2194526861881744739428349851591861744414438
96689556824317171776 75711269338495321773495195796521333686393722375
8726522114564643765998844275192 8779367772919424929628
586154319141766295683279517168794944827686795491 988453891476265698592848225449745828661533
463966847663134495862868111281835715316797726762999418839979185769675591528861652133219221 87743258318669295182867876741284719416876414163823843891165955685145176215465633
61115643881739358746688866562975135982723645489523154286847432729164225697287881139441 664681392812149913241254
8464541 8
5138669951819453611549749586245395479317522777 5364273716292155134572165939533623115918882231614777468438265693993936684127834677758428778827637
89715853969834 3866672977314356196554452589566667282879375976464882887469935974818868634954
56318694848671942815335298 71246659829287323557399385122149573266279733212667583492148441373871691932
3558545765541214732784138888596762988411 327566173913242364291141232857749285739284874
5875115393457423889342385718191775795536832 52923923564433153225165165941859992621641
22598826647988732 45
7237714266241927626836719169285986646227849752354413 7779744844844179262382874516746
3851469527956857235585319942213834684118 1159361286472547123478665728791867874
639677736522396828287272527826887754794647 44434459645866441455313749434617579318459934698455795617237296931914566
625557993369156973369568643662995295 3876838417629587529618963575688666867776244779994367
35648375718318792646995157429984889 467831332152835
7736299348757421149896516227385911388 71521269275745775999193845353284466
111426889584458878168796124382185153 5617469298641684725887314872656949375197283286394619684
63679519421383629495151322192741853561943977999869257777646596619 7224287877678113935629159218385212348739357615941475947892124272636956
4769374822221129748891 41813281219139546744729613554248596236268196384684328975744323
6888688284425274227655533285487786765474191196637413772192431852597184444328526351247155926357 9676429
3929733232778676616385517384926213935795694633565442971958846298748677564315539257 5668812672256927416
13189255684426284392515792369425195996891446581382915955115385764241164892 27791611971349538257776926938884771449489586669173148
8612691212857119684 92157914469343819121
18327527657699119218439389126427986484519572458951892417618241574837186253 2313336461457556285146383324659388441348963672947214771616819852276522562247867486745859964347415176
57576821754314429982349471376815414284551236963984 822694837244857536474683
83143762714317779968115589786816581373865877225449377259648811578351756324898376 96862163978478149385778528525686253434191959693841443952545289584662414226541153887689722255
2318215883271825378744319785936162917 397223579222324332336938262124767815917113135364895895
8643269961313238619788334821792722936196777 683172391822213783689858718553112
495776795198124341984497886947134743565879965351847894291282188683573978429189163426763814537148342 817972358671185651978919472638463748957513982177158976463433147667745586
3444 3288864899314899731378419484473312171911975147622483189539857649363919996928265624389679536733453579
361942687491644413568246291843 34863175668641163597314146617382477715715734818
65162665783392626314584593125236665778695252154999574455967896923223419195669488285361947398 8429556873921988741487893811769541237949274917777
7168111982142299634975415274253974551381966372489299336873856149458652641457125 3317226769216255159844887217435666391966733943766241244929424261447157766
9842985444294528673319317235866966532449111512815286871915 647254496154144525148768
1524314185365727117877762154538192418272693585355227171581891539673829 1386252452189
88263934381615118 58445461696365822934798589861439817229
42334264346875163975739817385834981695297339988279669964661211129639636331466963739827264329 79129732379583175278966533649881539
1764956467772893563299169381244376788641522896771415144941259763293316464246856943668 3567266918591986468285644167942119258333
992645816561315552165989873866492585782336969739427962389616727514681979296978319235514841161 1232496684122823199371532299643568925316165938
82958246153345782772789458873152726552684 67919193215227688545417313462276957961567
11838215425861142351711712788788881546987722355479455523374383131486917 31
98 262663641134492964813416435874948556326785161356897222187345535795137446817
51948435524889312216998481227512928768677115579549528583195421724779245174443368239832779493377 31578567214279596663742623937697628123564154942194281338292883264193679721587426321
982433682795815231185194742125552956657437368721619364236 9852
687773743969615235544691284373358956527992428745981758154447 885363477464161458411892477779473196537889957792176824
536983735363118961783346853724363768731661122828775432432946357132653695178761532839468 6781765232129972462143176255237254423863226892888368763149469668125973911952655
965344676729193448392311553446525697266655384346311743786723921643561441941745691664134 4747614869979468646425236837298796768548439199248964946411788316457896433617526865566389282147989937
318293913616612346175359123386 86984881685426774191271237873468246753273435
951768195598899691853871757262963362462332444538797797196149174485473 73785785648855781998523381695513398995462568761417533432142793156998768128496949253
98464186629712771 5771161816367723684258
83845556932984458391213287798537198191577197339582467647973919572926643511175588 9576459442734292697511775651674921943815734856366319682482
3275963681147254392966673666237522289737326694 31722732238512493968965595312827731262737923772762962686418427724167697826
18817522726449198836687441541891127283668316168178536588417538 15668646125511445921122741336677
3567122767383228856616964583 866133276885311857332745773364444992775939836228948164718444893389
264344975973829767446712261369978354119662447213234956691583612951896 9164119887612491346583293557524588134353842158875671538329973238
26282694688729 585462218113858947795977241846389817274445559452328
28149962559226325415297193156519188851612733996888696394 2614839595414617655957327343536783533132
48357574985378754866853971619354292962657886541318352493387 768214694
882377851 152627756987914646527298326166915127
167644385919865572872515949668782667881417366788914181487992561462861944986163 5921927679259392
31297937252645538751119864871396589928692857292423598125335982 6126546142832998136121163451438745128954958731165346412576294742995673299
563 182982152228746965461843584593787113479938623867526628396186419646756527248428715947512712928335
145473657267842741752925349361473886887365945952744713113392524186426437727441 957549599599322897844427797635984855569764493
34739985952733527343111635 4518936417665338521755537189328616113831291969285741648236815934971865573427
23876863685676618584876147577627364331964526956339594939466461355512366153 13176864566444536971329674787275295651981442564143747968784497111664584471923271979166766943
635431653332777271922187 63361278395996169988329391698
8115584533676881842529186886556633184545266513784232731179883476327827453898789557568977818 893153278442238756832912222271764943118372
542572714898283289225728584187 6745332499
573382828365 49793172347297411347455991356677
58415638628595736761999174473299427229751596813226486781692185278634644922719199429246582326 1915229858483261786599599984533276411378314853494598416887261664498139833654
46448613291594881478129344369492772884448993487254435442123911 132929398539148847512864
4474727423942229669775466982582841436178594256337295588313128173871652886 93553571482542971998116465859582331113244562651319245431225345264674182
4391431743799278246867714114233427 395542826555658716829796325422167575774443495923686387
