555
125198784592737 91868674284299
94632429642943479727578936414699517782648872244438966 653958797594719222486821116782675232227543697862699337986111659247523264313866
818484729426989637553353661752825642628358751267422917231762 8453519238458831229823767765698733954261115471639145589223784
1751941758665227346328484255736531845837761974868244463231142268972537477663593622219434 4567561429634429647542654228978794687439215353369345673618379697436338948
622325297248965827353122649787966764972657 14115714692145358718142582794193246592557818314769217
9728812577282831161575435516151564814835887958315181228969725759731213529213612411374171 7268433313689548318967713282131274
7452923694581841266615386743686276429718457512478786314946163559879 74462145224777918983715519935323674741351386779586512
7528669398941665423115535885857351864629535247642876823215 4739591943423772446763574289386845218958739523891639115788293
115678143815741753983279585859547356766946443 28814685841912371
75299242524373679117967853823787716985486697427421876755296849853158565885653751587237512 6475677359418133874
3632 96249593243854529253748192968351226829347375722784464725783351672593431577716976793165611391
54223187 24913782942356626838828642287278128863741338167865615777837756393628799583933984717421545
188586675263157813763225939592 4414525326157686111114799653348935427769572958878515184184241722816758964185797935829238459338
77642827288974244361523234363311889747241234778297652462913879279441454385719618214951147144464921 1776474874478111456262826188973531151685771522113952463968675954673611813367362176646762759883
721541436917885526396184355348373469216422234267336159441393715613394796543 858461
514663582567556944878394437333446617499546347266823352575725526357253811 6153183
6991288358841 266351635274381817463443399718816513189472795553761941
71613269641467868242338848493446 3829941547954525247568727529914362242285849631
785766789563623573819158562667266638162742324382246961614249777432943125524733 9751733
662685426962199952836351539569947272 87546525272412147854148951215465729724916766842332236544
437953554669368348532832834762425344696 737423818956439991291261168473437662935768439185
21163445315788635167391827526484396959591919466447657479121545478177939898567636271196889255221 714274322724416357522261231383737344226618475111664
7655955293443189735689271614195576781798418864259845848373 469921559235651734124715739996852774527576476376733876955123787967643442326193416965771
543872937422986334851624693881393132636 212989178848653828688915236536661738868358436565175945763637
5688358967961568 696831597398717213583957161559427251292781733535625728647465578834229786195397313424611974811621
27653814641661995941464396997378835597335152767758922576534617322772371535313474 35398788117723483748193675871224923594485445471749949538798716867357861157743566617
75912171426761534755796977531543228948832599222985994138727348 354966581923215
9622996511277656213523347197236838269824725367938316338472189192763795712426919287122191 8864398684721827849417667578631682717463612834434513238733991977211838773
62125484665984678319945134289876119943334215381946742362484524175518 5116439
28295952164491792982912478 262121227869975415552495678722147941495474428297288317492456491448
54639751514449678646735236775456867627241573815724477887372852 636746653685196499821461127531562651344642237979772366383617887834131896367286811955229
2869593761285971455729327396564279313995639785719423928854384613139351634441698442 327716961
86289561673443177933595124685614352115585998763625854948423865781 56127385571255535821248
89919976621979865238535973766275227129114569243143161845395774659387644235 9144967979855221711155359189286819144284682889683
19997625174791742331465848389899567311844421481819781523183467248163169461656 946393431945456325726761158267769966472234323346169952856749193377437539455362798943267921845472532
711843663682749756492286269145947875715845429412658 4342792273431594131333123665584144877
49548189965568839236228369128232485216594645474274472753699739544133264523914 336977861446785864189322462919677933777527777715459489595619342293464998734277931482344299
717743797967861895778367935971467794473488748466581258855 977518673816286694163
188636396747529456774665979669971898629696799914 84216322759799917734229783633877746598865441
797876121974355625567214867413892522855484125149648399414774 729288488987483521988992543365154681776326218943692397356533284215
67488169945272634243983821728417662286469557934936993714 719659358226125835893218939882187433413288947747
5822984816911315529158385182334818444751318667472442435382871481951479894273818478748927255412367 562854354758863522721957945673695856478246641364598451994712448543528266766183743
54581753479722251911353118892454821687211323244412339759791153454213746174691327169761257683677925 57579814277734492494576584
94597561733998592952491789628428847 948473959419229677982686465237662751
393 927965167898242
47572488687 4976247646399483245638472644164336995257436827388998416813633388998281692645
38497359492768281699644792222158 4295145159737474211225
488957674741475268898142783663967579891725421862631846563965753861818528633122695 74994323477544115651157549482552587647961159896733666
13897684821817622134472359917379496771418294981711114924233928337561552431254724967935533919 9536495365667444979697987356495639436263693334231911972335645535
377279129827542687975583231882 4365761198641267183933489728524828235653761616279286144562563965774693328751727381419458532522456
744985253218886769798178698852939687681294649438542956875384331 342965712475525971133919967958897278729872563888693379498285214549
92291142271262292962788854617285545 9622489934896775481169644
756279473295226426267437 22454627
4256321 324933945334976333295942647228281
9951431261334539113735219348162763685674956624538829553187781934454352875594417632711183759371575381 9155389146632637996396727226624573946866598294483944759828116117165383938
75533791381238986747993689582413253966713157469368865379156629868731168672 18114717639447737992878941217315722537277471
298553241733686437756888266534535919941484355926466274813121815852455325 8423743849594721891324146315211875371359393718396239577592624477958696381427782214436711591694792
7725463224582753556934266316512445196223295141713942 741845498727827411546736749848518337185231847498878515116839292221328595145377141622979652
388219823388293932738957321325477332725349562969228858431131913285728493836375682974125453134465615 39274644331954145
19936257834252251382834359518113822 62
5364199981752557459252347915917486 1431919614451384131241
93998543876422855259 47694497528418618366951153451579155174574282771886569568493514485826216159731247542
5195575256331197994535762331131873784425995763654272154453223282513195666224 3791517861537965917622457626827988676
76669314176153822158571638215859987218211834326469275748313222833914 12252381925726441367188667574537691
64255655232486 31312812525
1638166281193151121 54361319877327916676837881296842298954425373
6987158231875922419545248281117881497239191255149627169258227171 1992546587641828848947464151577224984395131227396253573623626264947949417639358273496151
214349515692324228842126793289314245836186378694927323726797613275987 12187856777312828383195172888344979488642271117354394869
61615542 716989627178396496833738859178789599267
3535417243564487659833111552963618655937326288627138 44857453414794539652332778315261128549866
46873684536439269614447677138529929168 285968332266615396913787499414765695698233861276612887152971245634871332856445
39594161648149446346657347598712674964833987747 152934419996967647239996939631282987728573458175463955197
896146284174547486447263693933559851368 9734385833363935422542824332982152297272843727
693653769 116281615642929723519529558248715418727343846837838919661959419981723638559
76438196856161327944182179212253425148744781294234468141573943654426127872676676856489889 6879944547742231696563817981993
49449527166578699752911392967692887875512592462354594733654358921615237677188829454472276483 218868123959784272366667566817256282714478851333967247896439759166751481784467758368596445911949713
676754945718351541192326394386354318389354574178138566456981426836686334117892 11684793894464969888
332983536697187583791469553554773538988777471154373 84357
8637229111841 7922115344389138399393772955499114961242836972
86515145 97848443629246628456578995842354258591786882192461679635398962581191532
2735746747726935329125792413117384755373447925272718352863632356711648498681432352622445439417 856913737579446658654141921413322196757392851443289324
46886244444335121685277764895578511967262462189276789196322134629164254951275216 94898339981416936874493294271363665816627362192481
576614894514361582966971375891533487372354256763183523791758799924441317161121958412424 8434976841516435843515562853785589121799428322958937975157693256628713571878634
779162424614958169868316372521447653415948736559421326767135972513454531919871 69753315253959773772771412878426783266157418
64 1134879582946924533825252398722
86426867612298535622519941 457364263418352194348246531261866266998612767535987833917664693251211
9613529284157722211936339519145173529 8241899199768395243249545379999321489195379162334957598334
66129459475936977612825 53275784691226792261146433718885337329756214688396184912938739816589299469681887352223945
5457 12367278883543244683743513378551672211489816939359379
26468414244911135514515761956718391999875585645372265433246764725389461319991532231965479 915479117258145194359419314415589612132569693424258648547191493169975172293964993981184464279175
27982621788682955684555141478131 842456928945743858188285912
7985493712418536543863 2696595653972964137511275631126282366789768971424736279698419551936444611311468989883498127
44635465423135318984923312233411937936588 99495773669721693642721769296421986317542
4817144548915923697626557331798795437742731489194274429335441787735972112452612924125712181 43612378626863384965865628226573771768822439717262372635768
4718989937283365824861557712378174955851984723623131138311822149978146 29892355146927382584765896252736
275981169279741 412452992435811269919781898111223792876
42762751136271266315846288411187684394764316324749485633422584978559778815996557 758172951897194222965631737311265982813676792392333684328376349289279911991966783684
631312952925581687513647249411254983475396941333347711593316536141 9854521911369767335353252142778143172648256389449825951979355138781758553219412781349
3371343494238788 317
669196749 7969964
36793 614334213787744422884593976759
392935184694467694925257786158255728164337792589829548265354138527 198113549854859755198
266845179217536925678538873151991297191227453221685649759533921459327383 891289657718222744285261497869932772748387174371786172915954
313671492815278187954794747633966217665399279376171292978676 42763959245228595442947696587264738981988772475598837192534395798849764828699111731951
964292728438493775926513869627257514876761199922138812382133982284991223721 96712
76472271351838438111724452468741619598297594325453589142738274218272962798269156 4255564394484988753492989141783464188341862185259752536177694267712438884412646518389
5 319265369712148228441854823698943659233893835329126868841496669785817347195528
8679277547732232856974655533538848943249647862415945432617389943329293413434823827646286752819 846858612658632548335534
4228159673468791212984113121963343633476333814919654862964871556 35178
91399934438253299126264766948997791676355158326368538657797327 797938241771683247569352677762792699929284779523892472851999463
84317272927218975466619846954436324835465136631816696258784217682515239677286193684549387 428978261677194985477754342821677643538711869317471136
35718162169995294414559247199252 3968791433744682794885437544763
99444989827563627365119728834282267537796548488974341518486 52598161931744726127233229934248546515581798353838418388
71338642235838693289935138 445633446413749934163116
491841 63981426259491864889652979662699577313167181717446363678283159694817628258322
564436984721241774814522544998366298 192284169132582975492212892279569
4368721724793843616869212117159529973713756718984225135763433886271187647552749654886199599 271628883947526169445378826143223755638641762841856556827419693951484287533351755439183316497494157
14745918569841857191572151118338 2476621517851377593926313677351342294517133647195526882352743263932523658289481955895743535
461672872138172234139785647513328195 12282824474863665859935574955437891264445751768465258519268872247
92281815744454367189264795837713476819442113774348812966657843225522 294363148389168181112414799545773
854762533355682552276353458496279823983785236576318426262381479629 922265945751299875184963828975765283324752671244529768131123871331159994164676338426337
18225114988196924762165225447177883477631992 186655186582798535372796762547448488364
24764695421353835824254869781924272935981688841467877952256752998455256542 6218799667238968469845389678691219673577437562435256263211
34166169239482632476138569778979811862885262871155858472481131839727613378149368161 563287
25774996878151827351764 8321674112957139334229197747669121679663826513514654929861553
2495957816929128418451941955682 3137122157762764542613355
361422361512282515444 67944
599144447154462891131269411454 63217813397215852586749758172685989
6895782512435477655168245185327647142 33123111565941
33557 81437365498359451238255187239368793156793761596364746463533728768979817
9229439695451947235658441588477738916234927961666328651372281584427988 6294172447917398316952446529658282387147629735485332889771591
36696373335356321897793433951573737999867885784884333752148373821961399153599535223445842885 7326736535911934867327558164438214549
7235678667518326823551367841931382272573816783641634948532232379915469 2974335452886639357945454477649488337315451111762363173712855663152619838979134411488591
74514126319951829637278911419132668916897836757535986195 19775148443827213284494467223976429287289921518972479948842781854619144336577479963351689
919876237165677344488831785744529755547272155719666346119158264974957965187 92894143752536544
64711462171251169779896 57543282634762919
2122952324914533942477761154995 76224394652
9282 56
122854 856332697979595591964473114242323583191263144331328785571983259194613355769779432845498563658
1162561942639599875451293436292474598484578957827461436931628143181828631292 441759328836336769879288362412221853187584737244189485433926946417137513875466846319887877152142
737469275277819437986265411347574556791299771444586915923714218883895441894675 65546476611965221417246923
5688667247247335985729572924296112436466193929 5466917543328227156
4887243419438969756285361844422697166281613392988798642549415 95
782787339128265743471459511424 29957381836435312423774289
585453682384513924923971312434114367117975183 35528974644346951259987232251432712641596761671799853792555239427516196636352356559
985999874321763443851199919122835651727523671251765655688435325535833823757886992929 498958959723866543747788794658113144623233
79184647355127561258513577925599166691268152483815147322211438696521912488517 2417299492631651859768938165644871927941
91152981879856687913955237352467288522185341652227594514727736967487624599792913577 711
8969961383131479862335229295721763412558287164677571453178653798987389812712554577965 29781647275169977229272929644892138149763457627
16141245468 33119255314785
2542428647667225658555 27634165847985
48 448517426517487564551553281917457467139941589644799119
261518923677341 445173816228264648537
5229448518781236429347323576451223375877232478994191645529634143466353323761221543311916118538156547 172819426386894131757321467398527182868381637633167438341488184662196297265753288688481787
465158825474921194838779396935358944858684876425559762772319 4552555532688572642
553954985424714886 85831577433687438922975611473292527844987512393579526959744587964737617716977824572925957
2161547811561434162966488245848552244782778462734433544 8172619971886369722828445171971529135989734759
6879463634499112164695162962576664145934783726195333618357849751751832641382751623519819859278 9836867486438133381153179163926522892645294714483285724998269727526425677665918823977611845872551
26693513829722893296577778 413715389972941184846895647544682395964365825488851289644635
599769253726987497552819421 618343372395927688944353526515889811698912631619678837
56196882388788479599166625376571462877377429187655196814617665827155489734243531555352332188265734 689416763837995531177385597732787836237825
197977352893231647722683561427275865932413323536672655382734991838 5785484984683193846385414289584393458162494915471633717285671777426175577617
1726132674745969468524966362973729988863854114864443438894364929 4996484229961217847998969981112933416119
1223156861936387272191244269834445137948361544298463149778 5854754524374446528459357848644328527213165331311514213779925782913826828493548563162929214
1412 383289762231247988837683277835679941481
1652851899585947876671817581294263235124 32142717135926881255283457128448427145836538925814383833522428626874172225654449368292988326542
544476338936695435547217332841969563718692757892132471865923828955 2688551419258774657821211823758266436645391226
386977986567855127953957743 841838
4544622555126796 832591816984732997963815449846121853649931128265311532574
72196658997138436448661788 613837959657494193932217431736978116138725388684749891635217848
262585688442771282937775266687955598547523171223342 5945115913398891
463767346578746391914535266539151497782129388628755827669135117511934246338936174323428261188965 2223754226458771
3613673711757296432971648152797746631511488114759645 3916448214269641389349329
885693891741832435881211981541432881677478747113913911323196 8995471339262581589155559155124559146987771325543163
58696572237682723333524492925581333677827718253662968827926332124596833487149148 8614648814588888949664972339878176179467231174391217
91872858872418159468693481193135979459823387423214 77
97318115826864613232945736573716275293652547867736839121445234451672846842587465532948 167931311649864554676342522323
63256433199298818433887157874367143918821229337657214173862287411635314355245689256222287 49757765721746941184291547537881326246782
994362963742966593848825123439774772461342348745476526 5856928661383922786523657756336687497262328148138257742668356219934566397667126
176484514446997754826294193257699475122782 25733
37369221893367919948151725491858689556274367317822682849942936373923235725379417237718484371 38465
119753523647376215763497829325833935976679278968992537498998383237489747837832671636344 7554352724215761691485246569443827768363491521974
7128627449784693 19317741625382656786796152329535829683139628676446
438539396467611394149971549688515171127286 2321381626256732786
22711978725232625478937554278519776466167233367756915 75558451336188155386461616232397449524584779674294557726732599184617
2919437782122625819919469495978 1685163296623276845786819391146214725482462321287938584287821446358691895334339721638562631548569
32581248417482351318951783969451926767 873785447646546162929542611226958438472821469689952349893175
163717897982759935642964166913174284764842932839 169246871733636126
432177247179473366341229375538842972522552542325119178 748478431444854796551689371289194256764739514715742969868645313678892658178
31682497741586369791536877123965449889 621
37861454484 37874737541119642847354434839726318129828714122161983293221567828926445561446376713127895
57272 4585334113885375311256532432635369553885985826871234927916183493845511992857139782
949285744284277638831879368229861731467879689681587841573585596 63278937649973976944931711545371437327752994916791484139874473289272824
767448588684644519663717764754568477971912444973486673412 3384416942916832312328248373117543627688359642724973454971175722144419536198
66863763795725662851911869 63151194983626596385615467423519218486442417787344453686228461564873967384118
988356339132463487573455636149312694528218158894665 57647368177882642295891837494918535373666288619851975195
219161345282847387238 62434589829427358653756848941414214622
796996131 543974914225257212244626
563979444194879727147367125838537629589573752994375943394713131136281266761617195266957718858363963 57
2621769944755646851171 17319358857384348727511379138413253926887131542584488886
4327273485541243928833169952342173327715978918126723469112876 46
6486858328784184162856968842329525971357491598135932842957682368939836552 3441434229285199886113196874441314569
41327545442287592231145694694432959714781249676732696447643619778682977744974 443839656
82547339678254374413663954244146667236 87442497499933636252818348486667784149239872472664514947799846866856737331611895279
261342153232125364384697947849195459567886576 59821335979787811645737596775956955319379348924719258
164692947916622463367 46748491871312311295581953321658444668168756895494467664681945584666662188397673659388593542326588
14893 77271964345781211
97916196569329895171429766466938671113262 3277789686322399736262
2226249379716113588834966695931138151278633314528432962352714697846431236698294 6726973212511521173561461586485751281629729648611878455365391324881857769137969975461568511937382547
9322596858595826888856783277452349894579514477978577231658628167657687941856456 6492
67815774122133132316265558163963298787762791694577887879346659 88122584523367899266857627371679221272854637245319897225128355196892736753513
68726831478113572287894897771115695798557796542471472772581464653257132857 5761519778
4522798786687151771814722991986734941112753339423762528431738897337819 99919855861348776192
86691871237971713835435766692353376959626417744764713757467613513577269265396819564777841662451 284592239984
218976231236832696486548126891993369156659267676198352214659716452849843616552 9753757375615185958635622
85344845995481779491681452535666393382781378154342353472297598517541334183 666745463461672
5633963359393626597397791 134945838572323127141782462297917713596715458227723
8449821648313515619783381789242918846137184653414339794964386863798659 592584474515168448254
314912854336698471893425455259195995722167565639784571487315547772755945855221565814 999636143155426447885535172814197137435992159581381834998968668721279254944375353
9312546456 4546266434
5128363728387933155219993858523381245429673263377726833755657 159187463468179788177169792
85678377939878681367941356314978733834564 851197334469354581451923756497287559745485567371
876246761529732767743313376459925696876754364826267582761219383198959262964198224377575243 33199972259477795467663669325493966748428466626241775959938566757932317472358642768523589866
111273165313898695563438941765226217697739289455472943783826831381416624186555132264866529973341973 17968919261295116339626824378227698193
47335268987479138145934956297385332148964862391123747929354291446666673221358162434499498927 931937618767476536835888652323542486257512555178294769987598274488313564585459813745678963114787
5443442858423 1454257433631355783894292973491174657713411337738171953251728
869964221678787279725286733215529319286616465238936523345 965126788479866116644451534645689499222916965787169137764157636483
6714117433513531488712958873523642159355399441166568846974467684625498567921814845444188373 4473513184887891427436433
76838444144252232982521292728275431546535887978747135352787127738492 15399399852678152213265514926475114459428733532445
832692451412186984225198 377711375741949461588368924279476129614133877216371535518323579747875559866484159656245495
2578973446147753858357319446517518111128835331831531328212543227474881653814774339651742556592456767 618392415464186276656777244884264551162245327361232527566827539876489543773277267827
428242429 275965396559444422597233285
91285495234536424521659275444261 913533127217316
26 72372958852697846737329
43438684488311199894257262164599399194994962147552 9475
91626711889287155432647564315293998195169453155435797441919377122732 682314638338753627797435255572495614672837585311312521386959392168682551395418856233
48 33916587784718479678565
769712554319784659117547795345486826871784465638 4436177636417532732271588146792422146256976665519938852911
1857712699751746427915962928643981126912249557179413392494538482452936583232796229 6
377174413533552784829554797539594984856957487488612198638743989173115618767346481827117382 3845354936693635289566929917735214412449229749585295582695394481215885269594161367838895
23391472689813627828624931193942892616681923977654768919841 418593995955355993778931118823726268174554184238851256651744565852282666
764849235 836174491711611991788
998973586561951562152623557396278763417848836147554633921993144681473131986971598319495 5364322912661113
7168768286698986595878897912531767833648163597843716881678672363768793712191711292777216 6475355512866894367293869756481131991421548622788683998166668913764633398287819456657926
2522192863943281299823 326979417733458891855586
996332797292176234525 7641444
82692877423795112282599281457669664113249327187847276537 94565492781522461448788696769218631261715782432977
9362719418572153717993613839996325791622946621588761818141554356424152374165 8158585143645392191517145553664175282361475458281633174545633711544734462
43249127736961666767222588227641546 41163537545919465238816256663354748336691137
42136494783271775628272531848749793433866664813248191488913582339949633238395242632187833757968 116915812165118724637768631519324223598297784437
94636422674 59189836217952635299883759625829443538958972221533114555792543469938684581357757
794568485657644126434889764765425233533879384881898569 1674555537212512
775218367345389459336312116499769126759553277356115 47336292551529929217358826654561612711112168392
4885247594178117682872387346961559743443992147933762599793658823984784844665879249513543 618323638526591381798257738413581128837
72748784683122961713388638624943815425875114587887372715217818 65933
849578141 1158426828178119327
2811888549 61633884918794221898677369584298437147521
97619827212749354433211249394738547686599754519728685768229242614674846839741517375464671492 2531198852977721685476159359497185697195167964483645671352366481388
46118273491576666868961 8698765829232439383262421999173529698718569796718659599651924269971627747391286485459264663295
477145197145128915717451397844741615754796495824978283728798445878816566256496494662333731539446836 5734176936245336181771384785983194886722367635439
2671391539892127598259993491768446367958351561654778525578559636941711621682365114453392 592542859175943143271665972112195467496997
135955 1
14388828386753917916771778166383958236888354881649593298146642989298 37165879749399292593916889229272995139984
7998766937112619748453654 971438912172275574994225436596662637776243954383845399325511
32255472651373528541552639187632157166313124586277362594295 42617418182714386
965663281365821416295784731266681593812447655822782228854321879221829348 13415711168352213812256792861275484833731738723723127883947462484345965812287597388123634584339353
367489158424826253392739837767898936766619227574919638346985297513 793977876524367172219337456798354537133422832129
3891262167342822922293 2877666415995616147777346428315938551158473754367673
28827624537242213646218895755436898761862972531458429245554367111892853665414 9587438566276591776754486653991776332123212396
174428481315896195528 65237626983587734941127679842653256119371814938758253639291139678
468788821485137413915459932159773869515934166518157769419666647655857957132972279494 653469214713742936944845932652665519298
584937386144468792547967689 7894373695
3256315616341 9779578553946965774492134435299952442747355671253664764325456991538528188323852754348522
84733518826287 2569936936513372799998364413756498498196214439816866845386252111
72424745528115175444351391367167387457885896475355283993672328 986847816944772448369698469982131214511238883572795132577484699317721986137531411564368727694617
4359388884942433374757146127415471578744984327161256479659986993724461293187831586344395544335829817 316323374455625225337216877734435285386532562713686131538735
16294851653776885338777455996668535539977674546264355535339671565498483917174684232814981316115 246956546394478422284896853959158673396123336223332559695685895449529838924851277974495287885243
9421326273787666651951238134735745139471667844884274734556266261498265626248128387961988819 12736739735
551748382454932925345594261555113282326834898993818836992158296762299255 11678256461348468479743855362319615734428666912
8565689461887555398863537784723174448464252942 7397376372966396356466393238982756451829724988143917718717337588692142719571963777255345439337842
362271529392245181784892875525446293 119951722425345134114462253196188857423
32434561158851339951449815951426314351 7567146555218964611859234414753123212858412447214185269718773234917656
49833442485218549785324487887747 79612918383368241948628766854461581578381763
724933978943464846343461156839518752172788858652424473253752125352442 3545832137639335719791421974971183177581157953293
956979214956613924586823922378866214572951996853197 689185159149616529437395693267682823813
287793935934298126213331156351426119656145648325682163197464531 51214831916139734971133597968342369898675377281939764124317199855151283363755738732863139221287314
7 269238462867126331965516193952218567956988817117317413644188694163126638918775328715317836967428348
372195529115416645635425384863767499 89439673486838592149519412714635692118939262196356617681397236419537
847227756117374592961945263857152661987424749957384278 5177115582743979455222455596581357632634466998833
17569339215386839367499886635772312456844897435469112545523229976687422683973754474465225 5226657285664242189733492423628926828288353287225386518561676274272725912954698713443411364182
83112723323231 95145226681739843837542843
587117821681633395 378275288356589253654985359172926461926362846376578664973727824236122597296
4934531463 6488913774742341956396433162168426493328988995277785539332829316461844545588725899463524659743734425
166394555988696 5931676157559444497627328433593167569848863993413726343159216485825834653542416
3916897319421212282215933 52857793853787685615442899271
2822154195896 68965797837772641432743832962669812123314982455613919573423137114496189219
5217529596663694123844143867229767542279618877961611346 6479645293241462468175838597462622855782783535376525111564489837486797482487456699616891
7633113237651596112159347568954733759168829749585415786341893871268661854131352491689511772954513 498
9649226534542869967867395561551799896 43814421761235825
64 7832549632762445448322787314285
293445732315553866738724541426431419226 98179432712464666272213
43574517913289267154481861979256736946593 739997769641581383139182717597
721517685356154973438312983129451 162412825422447139798218699981696192684333637729133336393418714
641616182567439816793124871 477617393544824766588275297
755558835923474469913591 41528176236448442261
37136226342786369884557798831849794651899665244331619561496497653671823669536171931444534459742 9173226885652327763674582971382578332
4518261487319282825913279593548496532673927359 631156357955856279912
49656538484916253139468593527584498878 83
56395747216663939348311447724868619776571497722254172749253495519 927826796599837417521582593995723221481927235157268585998361253187867612652972117256475955
4149355491264837592479236772723659322981812437917885153718283316726484251 65352722652321774214257682861932
3768 415278873646116874324191667581225246826155976636444135447979595324783
53562612847117957642463119469168245414794 93681499652778434137414635663847881256825652833321
5779718 739
28478422811244669221662383882816661754433829811765417782336295 8834798583429612546996391623366159581472147467267443841786734385771199673176125819
194361332186972596729756864689699974382293144448712611823899181496171127626948116971 9666686192292538355786987986557265567298316212678987591186262593876364229247426723171
3212114698597126299389482121265819612563971386564938494 84385313639166823837362637813812268362138137643778175127864811266312581216252
955631255871697929511388183653755534621327723723318878551771344145142527992917928256 1668698538189862281673445462822646197
347573436585643927122945839298567484238767549135661211687372269659261787 742844926946785266498952231568763723
532189875637961437238415228231614798737879113543755712592179594425272455695598 23383254924799277892544155351145687834929968
981729642766945322874514129754367538 5997557
8898999925216983368659914619995114918173214842547783383496355267639664779637816 9476875925392555197835976921254353384253
156538735319824723932795257259671519689526463652599442364868132 73612799278217373537471291554532267159111463892518773947284681854882273422474529743747
8471441542439442395438964377327794987583846452251766386472953352 292113179335915592
52986634722883489 37312933259531
4495455125559896762231516219236976994285315428988249482343661187662791659 9131912317365427424819524648321878369264598194333724
77164182144364261314474255321321456467244766727542997 76252122889
93596335583 518767523167731821794614582711846286435526887991267876
5684671823492144659918682143638931544282512474675983455311658523118514164264579587843588587 41295899244785198794
5985719272772686883657884457449517735552187555729993 93387282444657689319851799
254133285519872811723292997575474253818 43327754591923386
68358263197395265333352397755395649 72696724768519272716413811826222817322436
9938955 74512944975298576689323319272822947126441667558624188742466
9577827718692614283161574116668879314276179359617921336759118886284565752178615618 44497161587192581659852352252834913845378584444923772377332968984948
956447378127227 4251479237263167392915632612123476918888457411837538992793275473342876585364474468694817658365364
3929223428192163969378878293582864566646377537862641415 83987582655468271
6576114756113688763389431777267388444552926315115731224892752487762 1449856621748837384523171442316
986184446187167551915287377963451166784255825948773896521963988 96623979766234486243866223868286816745
9261888519698739989584996423716646197371882537832526765254916812115125146112915 67972416
412255492353184953859314673732839 62592489288693971289621596497784675259147313118572456554969138448762417681428142
1245425231193178514513273868677436647975282477733994163497466754184817244 91652429933467159295681662632271713462744621443344142192921593314748
5617584328728292624779259723863488489971254636468664423286494363584145699392584886628376369 686323517
29143237926446614281628597483557776834948216345 26
35876444519 95617362365647799636984776716973151221326767259837867838145882361736894
8 6286393273627876498567893544784435842556218
3491234958738546894158878595543637888563434665316196229116 59673635896344342
5647868279917988358791529623241443513731648452146348753284528891644413 7153679292783257692166644724361828172112448161657
6391169323722341796485354267926456149566943862559443464199352625644 12711292536
697594731465657395 65225895717877439716662897347898981294857
7848514946846147579184 4668611349748573438351513184543687971433671452
958492651915674362427564722927519328152873374714864599423 7811781244747372263564528
43156265661795924795673299814454698 4771389286
8182629645 84496947998698994444616177714221215471181573945914216819143124249326995176794767521347554
6155836297819812775339575318588762751498217879969454934918 287775795182533551324111527755824898852966185936894612946455741633619476948676122455142
35834597733413483816418532316451596 732751186443595984413822764453566
2579317949313449425368817796751842521866 924
66423854487756751673133668185 385468332255595158156365592989364862
135726415343747959683774241183774767 7584968572932691559646145645316616353741315652815972199747768351931399
752784859939499757239661716621632862915344751722143 7333414823467824959476859354251
9715256372182243398987492975122825277677297666236723857 857474412293348435621
5261722369986453452835194393418979119266325442836336193663547 683813918192926212635131269581993512252964956723448773439587554411541596
656741881729883593729586853819326688622349763165623192294687694562587538918634177359492751 8555655279752719691532138954
9221639196146861878616654663974169194411153758649197646751458525399846493277656368488974435288826443 534251431667814454542932927948239784676176427662384693825341648
8255881813179551875553355782322268141765259947441775 59347783299111755375766936878369715148856189
65959262289922125584541 19873589998577814213885
33 29627344756871869746928678359239367769874824219488513427897648221659518335735
331936145878227467295392933863246779718631737728689983213852584584324584464146631242149575861929679 5123346341739883429711482875286191438375399728621437889956874994427273521677472749116966812244
888187686298124263988379 341322815948191216214911438864376657524712797699125194255225698
9 33454894459491424996158969774815351859362396697643648292824462534494
866122 393479947133112747321623664781879917226694669966667
865377176672823145935364759725363929752477919446895481934957685375291865299535473 567891175979448486545474495651683694817137529
755 58944944663552511
922966577314644191653615735368889719337216814182929729333898659889514134664352 3244239593398883537637278758598138333615218945138129941125949294522446497458134
99139691569454 4572868364419341564
861865886863934571194532932188668826851926598244224677871761579741437891415716758547366485137341142 122937163266443917124897153883186162292222327
47154189491496992346535466683549694797829353174296274433231 39925868835641259573593766862398973871963981582172968796322153511798853759895626644557822
98799794717928951752471419591838445 63215517
4892464288863337285251958645117364694418853715237658421592628654593313584518555 211447823918372459222958731759456874924411859583
4184 617883968641223325429942718898837875937644217686567178438284469133
43212565799917774119489139777345219395995176479497 6981716767871732222977
69532 56548172623261637114
992145578189511746116135893571167838586895184398788773647899613885424562237497217232515 321714859672753693294163193416148677661291457856684121868972117569836
995213874366855397968685987775777819769457156794552146663994999928735559159493967941259 9829395282413346787393572516684374983
421135724826269253341729189554366279888637333972658556471214661765794495562992765839473997 5979272942321881352487669973533871845
981589441321742283853813978667738389933488798911485879785482 755119233844554578568148692389249
5539768518429335141891232925773664417462463181574851133562839574469471479 758884367346541459395795815975682674278155477578635272768366596448731416796355914567
34764676596428796455225747 27229342145655374975638338862721688888948512875329
85618621839715376675414257 9
7311862778365987351842152244231867483194762333391441467693914953 46318929315
997295558242362688183126739664449264245329147966312365881977967736725795464196167168823883765 756266255455326193617623621798285545437453464578773
9565391154546654314544743839158543861936162536 5235238591387351268385
9345827681952949877978213872496 94721799689298967811822573445813941646612449387373255914934985361943329923954382375133415716521
997764521285887749667134521583388824529353333 421
431131511669147631185286293641288914648712443816258842417479149776 1816971359778796334182
5755753268622363347913728671639735119929532129138849954911539268257746799176722 46794341396833672185195826568714666336745353826292148488846324587124235691765636443933273436287523
493566998798273686582424544 79175
7695511567631192557147792659677811842785414685 38913772691215428315454586186555789125862476949243742395459988
715773435632839158226922941242971845536529581524 772333276
256835429492966932173534517338714 316143443276368351448919445951211259317348849748425945318726823351165499575212576
264393773414347625954412616697471456 81187388122461493455156122275462946213487913311878259414786961641746962949382463116875
7192853289754539881712957297161558436379522976727964963818657393273626999255488154958652884993159547 6766698543
63592964984575527589282853719617938672218823743384364617767238435115149 71116219562625787478263949857124445988891272735119792
34537729191241584652488139629223628258163659165281165983 657389549
89325371131889473472634911523383135585533917529215293594 528552362636897553862646259792784126237255272982144375791
54339341825733843314686571551756793178949947223458433875643297185157 52472413466755239788549677324995895514625285855616533276352479764664876857456878467145
42999873455549474496552 5412588552944939223
29339128398226263323366857289841542759438572481 111996663453793564668456871745933283527115264951685292216418729386545958
5282768493381548811366913947739 77538462726288754625341433531
98692371598224359398 218786471192834632427471274517934634432483935751979883319564841678826977439899731196527367324
84939117418967462334349623659489118462837337641672276951797719397744928523387121382 141864123578494221253635545954891169119219956641721144276735654442797136822766249959923246
86877941498424692118357235466524453154982277627236683696593268331592412 376479241919858626735
63834 371565997545898616191238262623881255684423122147652395112732633188972518155839414556
77341258265654469166885429619956132374334733419661134738662649355778882 472193411757142214173872293875279294
2475373549437 82398684586393
425558278484714994986147621461997411362 76125327815549391363785897383
1835466916547666551473238597649683923241563373721128 659255799554936734579142151757284246121864486991218734159355912333327564
6563936368118162587 22661881691542962
75631217248458129 2
452399759744219144888238545393683878338728756447984426137135944244462 984145126458549567531571973417861967475167278575963541659152153
932313962967614 16736285752559113337914621958455511524445413
61724814566628688461231354134253811745278127358773328132398453544766913239917 49588755546762859523224588346857351286849131197322236242263
463942296545912214211744557992319425225999832266888693846476293983129667555777343488642173435264 94783761817633586858369178159972933462164435919769795945516285259823459174452592536773725187
885521227783512658935863778823149974658393216718813938574447388142991684498514434235 362327176974934319243174144444378483492397328386798966791783139594728537966496286597284817246
381575488733996358491912395311351737316639453853 3649732796713213716354222125974196568371499386219153744559746152314326
966827846962563158524498715473991278522478785437619374522917478583291335455285396259782176656239757 6511274982517126249529384996179328795383518672193116762124276727293655
21492251429843294123537463892474317999437224296651979184235596 671151233111813516738554651112845292351925643898322139288658148921665919828987937812
577696467324348637713963127526397648383357951598383712347223387179835817881 8491994324432656493455123956924585442772921913838643691498846
488478962235589681711248836317529557358997735345282199682938998414575483475 91163616722933774838731979246922269343211774835656634
84246758561357378495696361122379336688994151839315558493866975485995482284453135896873246854 97347184974381767535797474796178141183145873825675277787626735158821651654739213368488218677711
8396315118134669198772438486749783414484323897961585475341 699211837823682721873864297412
6624837115841537 7374558722963965
13984288373489847723634456799932991463767651231238625695347586866373863494744159542361778 5242292756669741187473892553436898849326196596
329442628279614539355616936977328459927916717877777858 331138144276148891885831886469378492783744842223364718253626481759631888323856687348587298
8649624 3244897157577631488876323391394691895238647842669537595177824828837561933487
974717229239515959455853348959 2379333951256963959849576985816371537354436433867762631724553921359811779496
94543636348822125212189412481 258274871995266399527796419318225786257
7392355727 93443469316123
16635119677733 6996838195693316588286322729619411398114781883149618524992269671845927598
48965966628 85331745788733242573899311
326225171362118223198815161214 5884862688565358174389729994192172793432737265537534485
3445672791689459917241891652127866111445828811682722244882699597496455157269276268 1774353751574953874647383755626274
482684879686365758335395 314845551975311225789433946888132977698166971315937371282947498815283483477717442556946341585171849
2565272482823555855186432854661132853223781524284242292394328613459978 32613757285789326524242747486459248626838295325
914738851435563486379426383522423863637769424 1193575374876448356872181764321891387282336658427456819357571935289271571629651899173315522334513162
16845528241973678 9249136367511881925683263732457234592856341859213669255851573481117
1193 991277976839468441914183321826516295772362118825244
13473583387635922665878 83174149221418541293329799636798465254168982134579457636524978577413937671671
88961453619327714491233919111221896782268444297992389 15774835
24931834586875591651233186492744588556226225849998856369345312488519 49685378467119885845631398295627848587998299255223766632232611
659139129367978 9913128533253478695513228645671691616513677744165851795995
3792793631514496885377971 826242433545938414778745673177499541461885724493676488654165671921544
8648631243417819998878537565663244188217728994413234 2359929989437576287135195829933398612154839559611466478485167494248248825113285512
36844531818496924881313489423374972 5593511324229272978557552458619935979581964254918293381265583593326798344
94417725792529281453681528898137923129222797361523941562378387378298866721917966 71691179341779531385
3988868733229967821297 12194949828325798769348741625946643246582699667643751431587966781147
55711157399127776216457429772671291686362889426888592799212339544838293192167 88896
82393469271357297979385514671672926997639195 688991638
21641249888391719946911865233229147331544777868448 592629618689861951948544883286928474731864719994641788982867532313872715118863931372779347462
8638232923124748133445819934123183863887282895545966686744 942741643278983658825486924512722616429281191489191445224131437153278419734647763639691
72172585931829232849182256143973 8556649227564
32784799765861243134433382795 962974451415555631858433261246472225358285239299
872711648751254591569223263142233893766131962934818729336331556589 858438374
648195439643486471677415559178636493 991623947311
617867568366722859471895252828912468899675251245478519119378118984472786351 725767118142751285184293968439526155944266222142679758
855688889 4575874263695244766356758187221335467771674525985613927365576511426864341994377786437239492837912575
318378347266312985115864311938736999285529678796829737355744464362284717113 917711559869235
146674314373959183812716883216725467683426527243122696743174723531762399677498596944 39275877549728799768687681474349462518279
8924533818274317176495 13727116182962693414828666147118813443729829167
267216643575897375166732484612427291357219377847253243438677688574847347141725148262693685 89393529941284
416458368621248496421 61923921861413199591266246918561538775475776386385646827531622257465336688532514862882473946
88837551574291293985788376165746947515766695166688182132515998228676725214732393548694995126 19472676792233833563586787535676988238736547317
83369942958337653862336768597239331696566366356435166211851694371893125 6326216811337271963645585661837447658676739665839
44481833242466443697737834158639971234726196979415716958 574598157173628393568437738641996622125
374424492932894358842588711188778311952112891671297121617673482554332437544854435241 6691971658634852973116589493748919474136974168991925525535864681374945284324521759817145489483596131
31611314149322496379343338494933398653463769442963546 2866291518879639229
67516776128611949874184421776988313569612366411637583735272962686247426195 7978714712112665455375447943383897655423496937577929
2264643644573215316818273716354181615489 47216121534675743692325188
774412256422128866763544336332343797429721743342821321165496228895472 49435517359292694161996287757489634756586639142766345223855481848896743138158422811141547
713488772179791525198527869223865365139143982922356114291137565529825773913477124491317588553223 374942815923188846774111514118251439228634983936227745495345572332761148914863447
849867638256236377755985324314819256285533293922929678624639826723349741589944367913572382 448638
8865723275572771669888925196749 238736286874362968464477457266984852689153245424648272289726639547
39855943884895822588943829332821817777121199282951493568999747761842637484 335286852656823742999981278898632598846337866419754462238277737598973279386979387
2451816 668375721548981861558867615139391771528475896528178887
228697353438418893757978966426359355894564397124528 533816559381926435447895693886675711853267928833511224261969645829865991243846293
522528 924433349199852755534367
99268973737339862167349627925284693672314944211513329776662283958883913993458996814973649226224 26119942169716547475834292967986899543839356279982626139987996419198324491499192628484889971347737
52141417744319838513924393 6481863882451979862377564527115534691623589946168125747946921868814798225715581327729
223948834276262456592597435561196673239393413767637773899483159656763916 53921848562955146399828799887398822626343932538974371826424576
8731699854931853472472625368478145416176178664813697829519679887226728649 881253597533428556262399866386842574484722752757728822859112626764742652875572115976454328798932792
7731548359292641983956846869627578956646618332 162412682535231179567484111963282296483325481873963
18618413978677959434996895983854347611223263 443833731734255332676966
665968148554548132626582817 3368771933969918852151333971272585276884647281178
5327555782258731348967 2874819824437576321254377598139442767518248995919486121436839858373
13898193534824167153671357292143797736956322684851449498414657863 24151362359644797282891277244591831743414892327212476757335
9923375553615994683115856918198946877467295136466935978179618854555948 394257548
4862619777359947449544617983644458 583437335975761257725961254321548758911259179145111993578
593893575685955656399915423164788285854413682391463517667747446736411 9378477473991281623643573928954294955133781796975977682274325
2335255899996976243868478795598394221941653393944973836397326882923245593 2711163314497645827198294448259
575752676937984379137825758721843763861235825881645172488342522866 31729881519962336324726389997353477781588948723113473456824166
132755812928193355762545159996885643412597124159188444785 8166389687311795249184815895695296233743867153352449629994129738235774827
7342839127 38493388
952186348744812372167725219851891198 1234424566466846441445177691941263494569368596348186417696
2423889166455985727139276592856317595746956 481165543889154196331525568613815366691319845797996677894527239865778565954342791286
6445338138794366191797767325896749148648789896 8818939
8556612619799935895955921956134999693881179315185319493349771769368231592794 925657597913197656857792849734359749634768278833277221156995628546984218913474684915481318472851794
78124823347344511496817359413314 249122576845676888967312
7516322173315362435561952948317642 11537672849337573131847529184595813633
66947679138252445144323628487 497581258823887952799213453481959176115598981789678838578512924218123283275427518754184962813943
9132794585147135271558341562927221175286757814177736451964987425582917 5642947542268
949941362 161312999
49795352889987775575651141 15861122771516999
66885659122749894212513734114663 724523278817549858217192343738923684
554489325138529814863943653491289468457267983515792491886115189 64664164179387124823616824621742383875399638673926913639967812727133
51327717516568619911415276689111418462945489462853 234579662695971597642125625478569857163792515514524189475399
6216923634179484282466576871112197442935551872889644176332367743 37
555896722756689436579897113889323242816742648458351942473956339557828646233684 685541385315985228824829121769571813483116148
8411113927874441615134658475923282546897929535527771392762838123342943932626 12259698727416748611572736673591221
87527833772756975934875598681624993211759293773961623543899578994555147586625426679718734 1447196263631273291192519175518656288511494151229779589755282823475
889994171764126867677894184752162776976768869446683263462759589 534778478116981
863235377986452687447975866178691183249 951148769376755768548549297597172776459635176611321519211
445867581985642822851498441372817149543731621 297331691944527124942954177534943733989313981693461588447317
361324675132444219476334663219177638325915628678 2445853153244915392544722794187276299862793238
725647 856615482152848146911314646769259552893886111959416992713
74152884512986878941944259831993754817877544612547995335866619419877232417849332956 42782557686295324781556212817479514912154817487223454
38925553755289132644 861721876385281984741
8689761431563236423655499396498188718161363137156125597479936413663651 16576226551479263919647199513996346181731893632618682626742731782799569161581931427116522198
929653961326514418485182 579656213457635172
63718338664421476577188853672886478222347522876613299393591 1
2788285331119722842 15714433684539335847947558729184761655763484884961962219413443843964819469454521398669123488136
1825735268138756929862351575623 43792775436851217149193548916568757338414611668
847563683773695279653 257881235376339844711537643852673353291167374836315991
9323291318461932533398187775 39387884628233853195932515838219119649857329418241355961965721
17444392699597223242561569777941894 4
833852877311 112427158951375433767729396736666886
771632244569673769687234281354672352547976284521495777456238123613957348811613731164727826999 216439376333711792413254845557788494637339587457715441499146454817975275951977145649941927646329
35113631533511695149998517116924357715725445126 18366646847579584613522137655253988
74783434613579753472136359383656445423232485566993546862919166517655792755 157966491756894118292632165515813964845752794512651475386913187971123771965533
9993135475998224268121661519947225487694 8891632612235393616155798137486488261589723521298271223593526618256424
693115799452611932258668643422364647473149939275954237238196538719546734862867263421284584612353787 785225736755186272662557947343647864353388487262652794968679471459553253871
96179522344727427423335413741597346649898655 82985329917419596511513773775445423563197532173781383676761913528193718336543241782
863238922797566419 319181945262727288625923935146456584973642763272242436749598723951739113635583797478893
686 79959265985386945518393778822188651944994272394783561379688424722639936
373675368519635628346747959937 7452194495481439517829353619148351617761151265335557
9289541632632349749293642858526251722617934777829335536351692643919497252 37123951783279612992751486367216953
42879877815921555475185199466661891193112916214544477582419739469141743713638823316386169716457797 5654122432299565283469723134255846961499291441
95759773473349344321283354215398 321535675254893253971423137752136368987783617784169298624927483229376732368697281
92894516539939994479245294483338683368426834 499643636711526321526228553493556574479494747656537949956
3927618361813311693676244889317666367489649949248511722114718143751735781675189385172842937 316376521557853637256477985447924197
74486978268233478556412944615522497492793743594275874894724 188281958458173145167567312879172555645723616724159752694981
43414894439328942398989973979699235411134441741886882915724613 52822696894417281793645393241274457821793471316685
1136934859296648467559956112855429765856752418 32665362626362726419716585291498712693694779368982984541172971243867734675768551256
9828825271247497121991532262488172218138318233267977896473891886946449346569691433148181468454448377 941923774232964416215278582763542937273475622823936369522
544443621828 66182592
932872573524945958328237167958491993795531986258625 3138846639177594579162898467925216967434378463528
823565773568786467159442198146742235545764489449 92678192896721886427677656451174275865849361473836294499597764823612241711476221375397
281118127473861542682258926282324212868724126185 113849979979177776474369562867745332925315576977143885488513957669568
