566
5736117742739293395811336862549113992994988287862494791844313868825148673724591779581368 373483695562528452775713
2528193738554277932319321221755 36491281961349725424836812392
58261952417269471262219397711154389952115764176446124311651259931621969497128175813278971996232316 54613185118993419335137499766936891853693569563939831546488491684
5885488975654434329857631656968114266162798696288394541452364 9229786517333227589996
627822339632493532117312124834253485459498829138498626767456889123658869274936 455657194312196977331693494698728627581598237862696852932939553814781443284354898857641399644491534
66893392821679528258662569315275749265546311 7268115696664784891523713472561743965918125214118895338127767611967259444264257
796937882893872754165323817696334798253874725379772254941421627369198579622 33987224348252253491288565698273
8282935151638279475236523564913242346274331211215388114422335285426837151512567926513163328237 98498489756971992893939225
38525114842391665982774912 2272541119876432489413292372382624977166311883
52484447675124 6419841
4329667338138953994888674514651127248772674555239628873495414876552622978683997138616329332 913846647477226386142136559881776197388825327
45917175841347389213837794754891279841932838156466748418968194475977428118644235 46593798171289437739
24124128364372463169769469913335383139237142129234845897755863323722552612783719366728725834 426974823545871826433575149318891872458821367736738972235219661968
54442287752464943423565767867137955349278732779536452799784 157164389751897798124786449187783371876632512279186958545772779818
372369489984749485573527799837556326474985482597914217582163561753 547355138448225792756661372747224624254195334373194817552166658492852523119232
5429732317726243667 54767423982942629138854924644366883195418387
2826997255357114853 5187686558842999152592436656351783267391587484364593449234752274924548914631467353176495272772479
663191175385461917763358482822216183981514158952362576756322954387629123895785612291432198147 2928769364362125679576373684629631299338654948139393945774658749182
31424529767373571559199237361942319 6247579224819
5514538323643723991775932638534451678827229764185781252474484582287338726835 89364157368785744436549439844462947438139364678655715574472933727263486512153
997448815973738134866196626696482755528829994353658528872722191878117192 51257458241413519732761786
8453768988512 97861163339138664215382379937233688668851353834871215932757815333122354743
9843547595183759671731681254895957 445386396331552631859514641178527446624996949442214527854458871367388343793617863228476358799
65452758258788342176983211196729661123586958664812746 3658146435886117612838952886521251214748899478326796499
62166718462967229 86845176395455654626597994386914751839371827957685835487726
212 1457881815447237321475182344276
766374325947874252578243846535314698341556723459 5246315761259899537243894991583946652618313448744973618147753528521922
98884 141661381449889127611278212122825658726934662364287124844241265286919714959
164843554833275248582732936581792315786979375113371213363719865596711742 8418238414364756981757697338778264819173147
9496443638947769836972 37392644426821342738319628256889238943546781576695364362157427285294688316
23442314333779848455 2184889971122272917781427392293388123933618111955132957563
32255626391331538613924243446967115779751942 17412834683981222987257182886949625788328465394
229965688929983817 4172429977
3265418589161615415198129512141898929324925866777133 815636399434611616575164312991542317539315448632626488
5899478831999346567666478124898869363255676218298335234598618158913981183297997633826 4252255343923614266181868726635982228645212226635496657451477325734668689848689
5959828283239575216551441254185532 75715384872713391243292583944677446347237568163773492775271312164266812612
346828389946185989247944779764895119338976773872253162739513 83561737819416353268581796241422884719336857312892794925495772956258455873287992529666513911
5593496978678221495735589799252212273743339584249333923587871149711375175386771845313285775791 974742934992498427864472951183549189796111569666371674382962798791887384447669683175695329718659
769949259672415318761896858232374858532415397857 59
113563926128863699718297949748289126193 398647429436356133427266838375498543778445553991742939745
61574461369991417957269743316783899415778858418237378796535418382256516799 183439861768834322348643241187915626484776696719314465945132
6238781739924899233484426642239358314944718854842414172914698 515491313867972165139757422424445888321532473
22431618426346417383578143112118467721737519476338297455132136917687527314465545 9143829576348817857345874544395162357414628861312935978944829494214773625714646545344775
12656523321419232757814564879876119277569765659945553741962 868353358951773331411767344666489288533667334749425124863199729843
54672233962312195324834885226431327371291338383745322662765386434 54237475836926413253613143
791217442519882485592812461544552289794351133233334716517288692599784237126 7296887758734772521845399198951
85532251828415157165 5444189726952171838346292174
15834822867722968763 77176555833832195711611562283678543785166276664629
78399919297261256668892492928742886729612228 8199994134157364632248915132557776493148787728981171639327413982387455453722779511425381836561766
2736241829249791566512442574694411323876475696877564441433543165834792167914717352167 9782828228726268744279893992965334111519645241619266174355145663129
37974574516861892885359157167881423955469 852685515125645148579536477635693655523989448
852392939436315261579227557938988985793183984937526272849154265458 719519885967888862461912195617978547446974197614247863854582385645386712796291264254652153292237
2878768298621574797491177275353749698147755976634764791235192925474647924343777157113229 34532814479489339961299623244652529563111937594
59465648999499185813116272758432485548631782377685262848965912378749615281151648292856426254 62445461313679741
278877127713879914369567526536843788937911613324321794932341 13489325656191699798791884547126715195575547451912351935692954
72 335163983218128894926725565693985124921151676279812745568552415384278574476588994
41333296163879 24424915944419465565384836937878642769
635366738722545187922772363492994359657773 88681266248686231531739235
386544594913992776948488458152918615347611752398149951331 5179688985982262894558339619948295967927449987297469217967392125472752138826431678172198868274134
596914757644437386645482934511386753612976458896979648119438952414356837728938411 82155738537896658291954242295172598173357247635153622752783548554727624952266468929622495674325
67772538166594584954532913187491194333677 65284927316231769319314217
857758547654542387783743181846712453837431114319616365939286593164928686339627194433628694 714
514568224434997963757367336935341678949128295579319534674923178272875873975883191584475599 57371746655533435248856435723397468779157955269
3647241216642754879362356254413536241841158119455286866884731423 7666112831944963832123162933381341
464958372233633589572 612488346286782125581572532632857287479472942134328631637851539321117487186982465
46931282968427514615994811 781612196918637154
35165 24486886259555791989529517797632868851666743351768425591661667
975881893486171682115553567367295163668931419351585518547126124274393476133635653277 522194512545328344613921441424317948136219483924461761718123943
55828853533961116135663875171257868261368522 3915651639843997582776192992153526844718588417554
71161936834189748933994584546945448661726 26314445572258165235749196177956726281886528888186669579877536945393564723463325
7898789 837242882
484344913771589 763368389429187645174948617175689629115754634813854693665433865864319985338895537715864
32617236113175679595168538378 46132579592247984234166749122863359623171179943812687862653354636696269
18552123536714967251453 51194299196821149386499368964566946954736957847297151495464
253997317477314361745134566292162485695124412579866418352616 7585414389795228676417546818418574487288466818733841822739339583559
2347563444855234759968823699953692322763 18454235833854686349329372986467563994468362144368813742592
918614655987615986313726542242746315375961776133299821979477567899323125642234 1176251588735434161588111837145687778543749834977879797585741
84814225848957527283 996819952976483468814
7468665954452678173939327637449647319915368857286546114789677647637841624386944198745641919889261859 36377417934425954378536798192972124584367377578535547275595972874
61429 32749777149433359566331894348545711294422126255574275916
47975745789891684215734411917532383825915933847867793765143223877892976547586745912812 554741223264155171392315893363467688651425543978755732411978336754323787765591758487733259251564
968249452772841259689953686394628 288936426
9786813523897286629227742114165646748397368873525234553574241682728353 39536333577663667238349239849487539
8572998916777364912729341587719281534845332382919381365698771784266415377485 981271355373388819128872581696458976615626195276667262956316681288675622538959112144717574338765162
25454221575672814734371199968959188621343142454142162123154624293335584431694128712 1164425753724857255179155118944883391934799584566857
574886274622349644759375454971563174441243725344 23264671284164875
284659773391281677137159 659539285713637115121541741593927654978483169524711665887988566367989234674
7849851 1114919914914864115634644116438874892441117212352153296597879186726716
54889495713792925465335813176131476163345817619449163285788544438148535684828626393 719983628125311822124621395568766325916664253873235231387891616446149
15118426863641563925723973 74637216654514354426765844771451132134875595352792556386988361776978
634519633858799253321766836447474985438287952615 96
412198229642921158956897541958579527585269821292842 2485953357279341527372433878418198837284345344868838694968936287324
773649637682118232386967545299417799354624427374545428668113966967991847255961866817842995252569553 332166447533672351959757363679894422641524511
1742589869 2114154728419985131664419135696996484
612993116264629598768182814864678981577 7893948987611545138953725826792556337387167338618739159338
82419 482816326322913164966223117498672787974134224445652273345
523634339128623435856663584655381423868696294875182436398148332736131 2667696747771181
87469921895798335994563437666122 6526137291558298353477749511595866936391
567594961694762442453856272422 35195414894265538844698297287355811472497868674835438995477357
65227963678631682496529986218512189687616866497724542684474389284918496781 5416259747377133762429691
59667357112568933772483117466226455271833783574867848526368186641513392 2347665676347743
58843 625718287892528149189842
12612996324931171596 2149897874494891115829291491951262
4313361241343829973719872125132 4912344164361948443378854333482
16848426634819495521636 611658582336249565828918799894464226983817533364331388834991539621669775537931
1153936899219569458846452317392224595914729716314581761 2894134464293225
18828253379594281213161687613617589824 384321252376647829761
673317517814814748675929416184582482669945625851554619447773882452317124445 669454836587157692769865798755538418568247282793662192
6391989638419239831652 4927346822725475316343979381319192567926355737844841134418474669199781996714594269685
62225768834725985984332198796497 7421286152771645162953438
88661396774786343736569197189186564855445825418412933136157914632231345567665633328312529 55783489519391331818122313715868557682381523565888815497427491848178457695953
12692751712837455645666766196821784538347142747525597787268636256941596648956132583941 95913824494441742823887566131622257154983784185568798475943163197
97131546821188997472422191589441978944983628373934114122218472313725645456543622158 9139571766995
983162691465354316273264466151579122955588662917161661385369174485882776567962192312656 166
418398618191837934972219129927479 4145668587432242149565913344711895665587531329116815614341185862366821771824661875944527878775
99574311342734528571491732172415562211353786143518535324 73737771834444176633329396521863143783757448353986253537732
172442352219849856471751448178658577991754497716626333471833969 25574659446889663442
467573344976 6916994327122775774872572843958
96426261 887529584412419136274654281333399276143
92 55189723883795597191256513773878985815828452634896499671819663419666186593
85753751417315532513794332641637418196445989157131 3699879191814857648114849865213641
68827648232589868216885481746377864 498212159189342956367716423694697286321141646281883454269565513263487688
29942549375287258585887961598276342765626425852756862663475689127561494962661173416317315 8129485761254769946929994911329269212869347319723742892929791963395
262232237188282346214135248375753371164187383779117132978 2798595
7561892653767472894923197856847744624891124538185954556 1757941253567277781
64628778654383224176943913867942277344967881188418744 2676697977144439218373699221341893924686612742466482693959863
29364464136666533377475544263149869557677195322754135993711841432785424 89615
5732849665651416429652538371995761544313588371574497728451 71435783649545389719733886189798763719723114611723391582665127746265778859953691239886644719
2394393191617755 65367113445536339672754
81391757633842725881664887362453393491337569581211683982985 511485744822651963955586694252414229127628186398357483583219392352978955187513514847356779658624657
5522825558821195625244883959656683517965585113956318543898878824988298229736978 216868569276393397636513565236323969237287955737148767747344671826997747297237589154478179393978
94615887322637 55816438497985112295573568683598572388533868447198629645363357945322226818398854
2533591353323986745618263846792649114 24886715795931333872352646637626231596279627462939695165887197269537
151337139682947938972629111846339829121356766686538165631572539764276757251116667624594474634258898 42664876115351457
99442617781215759463562149177622878372515546438921922429961991934816299836118596919363 9987691251938878731277973861963399546216617784356478347477377562764749
911151575534293319831819171754117184791177484978899889827424997868465654851299298199 44567164528698932838264425
76136682418984143174591177921465283271935315372377 268
835641994957483254511326145575752225223897337932634812854985921827799614 8444857783556374576758295739547862391991962227343129581212159645
858848117887295493346282652596371797879844373855819471474876967112427565751237121373226627326432 11273585177375
158623918738572767712516818194626451944528654471198687 7532943357332283995252681563352188496146345667
7376224887297856759853579241754711219583958453824353924459134822157494767498973 366952812561483923517471151225741394394716883274734329
233631763162724628658941192421786169562526365689764819813177954987169215422946952738552319 53895822331946488583143964451418246972588411864156398757197919942392489
891166763359763149671257285867 4784361867117481975212816669
361573843336429633937112233981539414226766755 761431417524681286278898135487
3749315447536919184445241786317624913348986229268683745972149263727295223364497 9612
55672594496649281993121989122959657922754514582 236257328174692448658566224217573186286446
625894592419648746242259 356495721954542569393859719353733951711
775728586851495794223384691173 38358671366298531748368619514317467461
1735638482743575988313571738978835267316996272492844313672887184238654123694577123748324792 6182299486281475298564322586496148961812786299327634414877132992765726651754475155655422782
42395144837681656164945253632216145861957278361843811822795 94841942254237426838528124319943979788692445938689791845741872526388984239948224874417584383
423631269593892929934492319628929423789691723281467438192412836233927224178327496965179862357393 36857261915937252717263911675146474716497185297127683759737798115932937578
559274578876783628726297544572622546259866 9979854245429217238286976632337386127745673751437737788941935191451466791837798411271436562892871171
955892268234718144573384263527894133146264468251761 396936949745339911822383629719146313715451376675194918599313829244135561995925655689
7361491222678576242 836547934381834923641855729
7511432498896327158437292612814499381 457858328884319275471664799663339
2739943141189732676321472594587134644259931629511397581325556557471318843592525 91965432154748934112284897917579714474755215959718313312775446243931832843179977688
59828236274962826632211383283697453742629563423618769912898616478136 259639735669758625798461784711428182724525258828329687452468874859341
123792348375842621 87974146249147368318532656984591535
3917563935523751297874421182636249388434273885134565617698747253221572174 93231158715678387866655476145255794116622535268175
27249869632138229381995626 9713354672666215282789424274911722671475224146546
981817444252521 541949272259143689244293121
156431369544395415345452587886796274138934541577462126874896773563594628 8286
594852419255562155295233442223554733546187879255699319453136185492634715629891586881511596288 83873
72299796523767124292627547443996941598451981268478575686798763 4464269695273832488337344974992737896996813622673852236482198983913691428227874659567192637638
162929819446757821437149667893357277913914725585225 19631199971886179753355134757
64732322495413788529491927684 571413797743144272848348619551474515297941751847774672689321152168391284516337391323783735966765
8461395951546 9179241676227472765371828644454533997561633939137432516864986865122415191
74532717945369722638174494377179538385235231721685192825 84364872734674
8844762548357984959824811588811942289671335118684379829282889376212642895638241892548447561533473624 227728515776697753148597888261816688356573842166144692734459429741831315342625188883475134
434786973387253112953886835792198993541134693516932721886867375429 3226435225958186594558894213642862919277542828595752267363195475922656845934223349174864219857849
577277181911241577 181713918694571721289556313166773118884863532814527988889851168564312556279836171339927971221886491
77573138782788821127382976959317411835138682645 269523754989945482384248468148977656568468895768968757432662387661355949645478217158225
164927322186658743422618425528 4188384235862658581174858228224925721467685378332678247391263685526269623241
898327663626312483557212241121199 313862957225585664749163327688944487
6746631977632245232542744538669641876219833348941758297492917157459361765219943311523177 799777358387
5353774776867236148228982821247896317884869235578934115986132491217223816175797636364327719881367 85374455622358187599818655789158142981
77881985471862363937615125984948526444145421441722829774297653882753568574682133783729424297158 8682435445612471145517142711881539965523479545953965819744887238332286759
441756115876885974314791958684617334443328862625624313228427495128556183856859678861298483 3682622112957968715621164666422316611184991114367627227271756246793762315321113172822432
2293739884565452677886664877347947787492418285732153698749862325977669392227424828951847575952641 981523435678
218912272491959635283875895859673541563522884139325847957774875234234429 7975638645725363139379964951413264636412888388352
788279781755564855415413894686656195958378939194116813 57852411621824745294428313575824874698359334746369957596795661345618134148414144416383
6858644152874 1218596642454178
592113478819785113974443489572295166957961464984291953892233256868658193853 819252673364921936984886789129237621841921251336649
365586933134611776822491241286452776287778688151849558211943163358925638649114 12368396486561
6248411866512617385 8953637158685944583336126537
3975495992476127196765836458818711279488598793787678313178767898719519518197 9324936851638426743912293388623154349923229844397743963318861599144
5516188654625524885185475113219478771723714167628587253595938398342423 47648141748928481623343677416439348219885182351297717266661819729657
897668262313974118793783719562352943568 36263767143257766981413925756774154881778119529175135
558736984826935151375138738967335381563399 994921
1542 9637929591
21446874621844547466744596314188611729691262765798993823554482717577544114768357464941333895 591939968194785224837622
46425 398342141921452352696274962832882846586883947616894286497
3877299867679 17118148
511144879627721126633273865318596341329185331632195 7844187115452627684515346371498575745655998564664982946611213233354663
5814336595354476928675433374213395828852915669218193921674626226215652947887433646 465244353
16259552348343468981432217832879482 66127439282558364998949854827635468683228641651569575962835568
85325762855752417122 6549187
695576594685888169221324852174586665164438226927941144143162982416873746 16597556867555336551174186276393946526537652461959247661351819217418591947225139853477337559578717
67311453318422317819696948412618876 4957193119566653192289325273119876765675926581633976521823745733581748763942485379628463546619196322
1759721843526416 52437656694677281327
3369195399372247763164617384191712137513626453397956641177556491695846171548299559478228 528143259844314369177296789387229267919
8788776466542329134369864276462374595392529491594238755553423284847223 922197398423648619877971141661159823656638615889884411431511654599688829291166918185269728944317854
6925362677621211914211353167964 3549392768471534865787712189623357499957264535282957964957715676673394
6394788285 45841522832319443224971599569369125529155329256
3879824726265452118158183916768 781344225223749278119918947166252149912581265317211162934894111465499
189797247424614219731356837225353977197884544753863515954847299654929799284426739742996532259 543611935273579938986599457
78 996
565978964555698997727463883576168293344441591713225 2342121938421437226122758698772647225637
552642567562514455647856877969998654911672539618249934618329951151924871873786848 65937745447628141963419332462639385843559453335958155679
2328599812185633734148118757735469435176459336811988926319496616731491245652212233115 4992475927983152971491517483198485967435295775427413391582876548544231728
21898198155254 87486129681891661342116668924155242194917232767717
9646971818482634 58529282425621687275535729919
318628564825795491156786455364359217217635455479646191213862226159162323774211473773 8989168664935163936
722776771 74311256859774533163366286373672755153695782525742577938946861272449465
713344376347986322927142994998239557982575774784719791323645377791836957869418332 34645164386555194892118418893491476826
259875332587922739525246576419787663125569955212269641 731392512189338841941887791833348629953778324335774886287489792354398
83832912691165724378343373639142737758912367752634769173217229282632929626591246726978228 612725911
75693324847933938174152591898487213397836737539976787859955681639773 9477775936529865557417363619754892198296634511165238162668938424459419898153978151571323147816
36863533 34978997319755335228188745973292662296766633578586335159481149
385866186855929795919874931368736418534258929525268946296356334685136464429921264888553667 842132814449467473255225565898667766825
2734143387115686849173595459646994738 15557926419852272556387527596295686336939545683769237325411267335467828944697822981
76716822338744611123957581995958745231361838 679247922644394729247662226226995
9192555852741417136221588734139536193345392939462773 3494187253247315685745715576191414675336714894913179175698717948213493668857193689972224625646356
99324328442816983138686349267462954358649424582285886 55352343
3214453862298652298517576845512345168762821874619411821593775342782141613467745735442 53633586535135514737439945796424241921161611144489
33164215439774325742176411339617838824719844664484195116847511661229956145514282118 91931633771836657448776816716553643344568293324447764317533781715614879743716572194877383388436
991986182 6
3834548639245247259378 79527357646732967615574877849782349655246742623334484312114489
3912318298766372915739371745412193671653442257949379545387486251624 2961734484629711262386656644724985868321239978678632788324643346867237733662358349648928233895333
13925513175395628415477282677653693349195271582893639232421515843921825638389786267548449129 4885
534867273721275961744832858578499666244385127188799 49122369362965951845166721357782653241345186785
91656935783951265798583711357447683329259282463351123754338699379148 157498358278211218368549893785661229419799238651787
26211311252497155354839569626135618756839244339455792356 8118842275747335685785377313522587457675538983437715593732118945833793644911795813329
617952761452415284199314868792272291882599857173638441527686278179885219 6355361181532136433335989672766358942348475762817449881452256191456726135594414136298229497293
468415817522599131728244919737281596981495172815481256692157338763271686113869135 425116253966359453334769232934127279599924634821764125336
422977175397661653631927662185878413891251722626387383348225775351592832894584645746295324859328816 6666917681732571434945352883815
341727379383946332815916386813922317111622931912635362196666 34539699516877382957555125881793992444515332374646711737732537171
21446538747261668826547522436677854932678994818792195342293612551917 76296979956438266178628978864141124455827418817128786
3 551414535467219932976739398835311565374591728
8245223997349233794771399935298447929456663927993 2954585793372139721386734245475129846136835723
555769396634455841156243523877587913368389 16278387331237561594425289726947662432947937326535
2424432293356965219283992565724 29637124269463995852473
4968559579799881765568672 93122436417693782986831944286285984889985918672543861744741787648147614265972529
2635188227876697323756829778299989916256116155866962745628 2182371727351499887867127945774766464236498622678313616217518449532567692441423715313618
929872426168117489192479166527612831462239414936373267779463634337916955247774953752125 29558293666549281517816995491254939379564558666496995476472561663271667259339766967315816734387
14145886272654723622864516277774895926341191423278738896889768263227165254671228894533974482 137897451351539563126938179436257516892139738424825228458
49539341922356262667142828515478663759447 246663175986571389
9814155571993135589772594948344138193217136761776585857242925784 4791273567947864668894386333522935834
175766318668 21283533935413316396683384266682645833868871123964419857618
786973779516478955363377185683486896468267918413857728668213937124463945632469666941785934912 7913488615
82676975549292816133757365934548497314693984 198974644983212591717832136955215459326666
23573457836992 7829374658459947972129275697386228617127952947993631889427634
3838138973695665 8
75334522669642967319156364739934961559498992159128842865499565145918659778765952221927967292388377 5926
61163374851634445 666161774127959374624187959957692714259734868613487625136
76944371361391438677118356231296482856474276562639638356251864762662118882947743392554 458297226655493361479241818295959974637313481847813
856941219487497636966597454298638116172865296876833664355313795292844391376 2459829888749843184136342157176488538964217181296987861
7261528593277469266828769498437946263471336559235742766188329838516637624642545831491846 636448629197793593465642448627281173427245876358768518299682658293955635864174644263822274
75359533541639862132758223477566932584489 928595924876646144268392586287341713
5676197577745225768676318836137597149578531394525724915835128623338748266558798822294595959 693176353972692441286247823255656278924628726518566765336455242538566721881733
691595868726757687383312943815494765167732867711846278182867624421 8364512986
3825813833624591448357863517996411929235572516183212488829723742586181936728916221281335999524 2154289382678851665341179632464
3835769866194937574872426 681
8432824993934387264378859398116936823738797 198166591696391911641162258579495715998864593526475684786684713471444695685991716237351774862249
17164426697488885276934143565914969293495138 4424665884968884553497194397362798344973921369353273764492
11868667784161795886128199274833438971252 789415713824619167857859827174445722527
4936543655232333666616179778266926891986856839546953474494251 67321486563286566418954946121
8279195929399265189227885684147888758216722191343572544399 54683241393299734762118487321687658269686444413242157334291132
2832749361387464446278865895892334774678855 5378767519258925527211749616711788799825958525943376241187882884951122256575139774136
8675888353269387718242532221561478817111475347877683968463426497112748216716951667561 92854142
28342 12621286969821132469378895958247444349739746218188534573166988767929545865924361126784467
78931863287394262824425997142582141689714931277412775221195274425597653959448795784735221643726785 219748325548434883645695435231285462381
657972944421446236867935495764 7618623167359456299318819515834499543281172561772651274871754464919381946922365468762863425968356319
672 65888491483435456361542269352359725345855483427459781854461541213998842983457413811135694186228247
627488837115389844885215 49459217413174387187316439963694489572449
3817971671882371339 96
64246625152383698215212857313545658479286272161574465283732256281411439233633717492372279895 389349683211252781626487755687251518388412367
191959998824 9653
37 58628773172428145158627679454
94547961374874637 287658164774934791976575881346515339363188827869
4891112437961 944131942524721249344448163576175449814329277634696991546911431962334779656615
647439319296165368885 22
3529824691362124619 3441684912992435513939699196541114959635825821767854727513396972631199511471868342168
532751419717799575346951475412994283528739144361164276 627288733369794254
71688563385131831613 887977882314123527261814265674691574378286361268974468762879676551214233795822566644175585192144
91683243652282646451538727147343659363245757121188896431981817 286374685921189839639445145734743433165839734266861754376154244873981525335784977698958212172
681847357934199755127763917 3423722712483292999474323
897859594718251648923519183488175155246271769196889666335561 32522237271525525734499115413557417531246891444447245687894676649
31569414688618394955668283532518768529952982224319218936395971598 4772313846784599
897523847275195582169614419442553332774328184891999264741559159613275897237 592761117611413736433494637511417624459334272194649855315843126596
8 316787236561514115
1344476352726317557361318794985536778618982448717479313578124126956 481276557941128262919768198863522212736995354197474651862
848184911444164321718157513336493529647442469525672817513441431 68344163978871736687219998483384542362893338553336763938243185242521988762467547429711537649918165
378746156169314548811129851933834882576771519341383469 288953847331323339385624
34459854459835959271155659789539777385651443249516136454185738871495422295477594697521656841768 296338955339398221886354556112711919694243818431198867478428844284584283663664267773641
86715889277957671672957282123739163986745491288222647786 773431459112889996252575661638
2 3157856775493789215383
396388171894696166741682497946725797638288458364229349875724152561182361843843697534975728331868372 514472787779468526996257981891436752469916378465818177177463513182858566817413565484698297
39314775511185259293717994661861813891579 864586516754392493884449593553889193815449366648
37298439223646924111743885375259428753998556515937263889943499819561417558575779978241113 369339267623594756618128283478159275166584143924773752748724157337987868674893314931526998
618399 16842934
6462 4959843641273649365393655385218812295881948843797425413751867196692
54392116377553237376749674322482421792424133715889639666 1984365618616142822893573951247724651
52564635825354119321693465287272854518428156669139281917443748 521435572789282689616746418197667998493838325369519941747282785
4382831129622676482434366887189849312214836814 418262134473171311173942985379785958832992721175661156874325124914574934
361137133325448112355299135333719975294621721832681624858879939689 6711652843313948227317974534936392397478277784632956587169335248694686199467
122799744817843282232 354525712626144192293985368585821237381646
93572743257434961922555566772115111341 2757427635733118949694363466936147326986775795
631973646791837472592338984226369178813771348266553766643421538451172998586656494789959855482896878 551562721897414357214245761849455477343699787349661877
6935628789951898491154612315112217972862451918297286251777177582911477 496183772434179974923668698725386491897977533937277363559311992742541453378865643
272339529725453824682528228571372784491471882147917289 2533635792248892997678171374281942689157799286756149939687874488897733393168185899948
314399611139716813877794164149547571127894442628387789159717271585466277861127597183979928 8217
322223261644938419848651924522 62466742753388228145482614484844646983255734551527176139619782551242995377342439671973859769368
3557288973818149764378222132631762582755613 88835791974732819389171359452826934251369199295783462313263637665388358325266538372
4839263958666664849661726417731839298995882815473645937313878672995831251211683663958915817 721159158916326478727168769734654722
3399416125582519976964123399453526461926784192466259456286671435951774136 65752516669436518826742622846347587449835761945554265146679495925111542577483321
67145233244873879167863419943494316647 557827571766567273573485689882477828971867246149889
424663648563474395863424727682758194147749493 24359186552276185862859773871619897713125381922295743452964148118946974591151681961818711778
489814982929311513823914869327488522685872393433761154215283315 1816225829745
332112633824791211248258668822259182681544231479565853522448459617688678354444347748 142545
365179958781746467869147933781835175297828918599763879426266899314368861346 453664848621665722456171523837687915684986894967929445111266924198487343492317462559177
672777 292234471233688688654658327125982614775655894389156493272313683718896
62245814875351276757289192 727271328144365227157583321675
961879363138996345329412712399478641765969368223897912617221897661346768841129557 26584917873665597723497175162898693295215394982346247235134276333371377744154596778217566823268232
797487969869166175 5811351457252358725771559739281796755365888
47282265574166817353492319456512 285195522836975456249977158546122663472524166999365445162179466221336167516137873447
43186131685319934695314484223924899854962627163943736614554513 72688297668435835469
94698797157849615449119577862168981539 2533632115922612869776242323177617485191496257489941482558179417828376323723415167562142287638234419
891854852253753321444829542342769342765765937255475365848 626197378784132595428546977453879628544947939983993781691996861896
797211378567786475367468976389325463664959382215428241449 17322375313116795542689443545874123435
8983775352687169333186624635581755577591976221541539354318727158593967192 961939254937947618117483346449744135738656958758853792271745
2526863843333819358754141428996 1639755757615827
46262387659852182114548782753927322775154662 52917364257918872755223813322549456884436244995547328386695611
53926835571515999448366659351158812291651179999892748463311413919681148819 6587445385113825
75957259656639755446792663669951124998352879896739322818375693178443388514838 5458768149177466761764129779377445551474182669536361841281657236195526
7247119573149269853245235768411372111 75597821729673799316186286157276931626937563588312711522152523592275726716573445382987267682572
915822536646621565167277253838228582591899552762532523827914217238788 314761367614637731583542239319393482
3845369571897679396857355112574869644944989596667 47
229733796342139778354688943511245131343468467363185325961633862338915868651231731974492 77269157642298942497251351121384
635954339235633784336553483143293659246123666766863627588184886628 54732664777267928436618733657798489929692684926641938849971273295453414518818492331565
99913693242839995738591771547 6763521885695971277673127
21429 29595172351985781231314867219322654532125
93917772 1491467758597229478754599321819735189961881954821557422632345
8173942834 52359617813987963493
8596886474725294452477633663189279684477844679331268399774533268951643594841752797786616726 6746557118298874622772412769846379696777537557963489896587489496976584638363765887296982235265528
976587664788892577718744274664365 2339335769188642144
5391 5611689766457375719867255413419945765133233465713171531493756484768451891114268953471847526788246
622677921416774774247165575734151766953486478511513445435399419333768321862 328
9476278423761917863124761892786753797275688874414994411834755973566448183476669883 436412119565511393875
2562597388956831935876612924915521678725434751612317122522359116843988326553733272394672951788752 28897783486731751817645733974416434198892182921411717236247679836574814816363461752626833287141725
42539961529517269327848714149 3243839945481896294778528283981698417547556482269461587633441518643812738275913545736
515963963321864776876812278135947849966621 968587447412613633212378856799
4342218993981744273515395348512571463868741538124659323942424795363 8125361834733938955734934953155738756867614951673489794996415987455117787687822926391
158843573668283738252872829435233 145632637261612537856412681449889911552755213
149772115682718542396481337271372568375631687964147332482265391286976 18384712151754412651256378552416634155867915362147575733324884981811258831882487553465
813587719275292 1771486635249447944959561619923741757889245547853371955959184661967483559775
963787234951624589312772659417624434464193547598 864153662413796981584833475514835669458331549573352125179182138841252236498121741
65442418476615287719432877153372357242141738117365478383775762496829254882919964865932264324 633256919746314381124339445
1251435485382214238318175433546656179581393831 2173157239716897536536223452767797283774395449389889786551623
97858588415188245498683945792858716564271577564572987592974411776 273486716313662548524494139329415352
683483838694594383741221689911723441268953918958 7226772556997915319541336924653666572397637692989983368
58273756714367622418958 998964679428918563624492888341698672193431129614257687182953896781323294466787869886772
992171116323534214388394719788282772491431195418494412457797132626 769331915167949831435364237586486945717
762992 51453144934394674
992913291944814814684983918251964759376116261322353512878755279262595514529534 993535736794121822495831397437664365715382996458324635329135456178331235
1255186717918873572497387759214318763422145514429951621433543521866995835942811224421739153925582 45463558
3844675933776829393974193853412541658428569532499528989874219139822816259294946765444 83687483663116972138568235733541376865758352696699237255263893959165842722111
92223459832559912812629228681966535496851191346659518212931 6318658279754268588433192144964215411738436611586526839187
6634976191789 4239741341344792598954736368
56156624143831 578288412512111715342646325151315291528166
2799727513137283313293243714372276596564 4159673636623648352294113277634844582766229753857122723576466543573877588
677873659779235351623261516951424172722162583644419224555295752442365546152433573515435369627924993 633785
11621863639784333886741872113334128986139433172144879694171952335946539854985 328572585467868164296486412182978
1513684396344694272567121126287231691241541575872354268733936464 7413478228172545796966549743434
8292257882721915872634348546894193522547616688588335248414977344715228572269461236484112537455 2254668217
5819465299659427237186849419212482118352669638945 32293653977631993181928273425
3393349112559554663466693457967764197114343644625141 744311179254494746228636844372338497293
793379617638819529534574449241328514655771 852372329432513716636819618755632579361982736
62619231855889875679264645921243471627262321286255435474171925153738629214866732545854439 8967527697642112666
64178296871951773265777338746 474957616124983481684587149354325745367147231667457385148644291534296484391492
762964787952233541498824998191962158554458945346755437628333 883198539197257892129755912767878544288242525267565286491385
527871917119731589522841842365984147185945944536443925564938931411619991 987514392644243958923159838399147199624538148667527441653715581793669966231
21954595429163254796186396912985959182194585919839556953923355348446733213458721396494 1918114378472497316172885891528
5886491719492613466668756342588262672391862528943 46584498859135316486587166429143841165441339353415317639285359231837229677126335433897176
338372235357218994995988363177828393849684233 772198654489799514529332521298693727988469982289764729327136335896317
49175562344489461926598832624587221982826184259437839657935692 9694393278381813462251975786649711596
9969316673331172317166443286929585163794922 9598241372576813298436264476779431218979458615811168942789313679355836987199931
7269974191562154357 592518572234154316282896786
39259862568357893971229434742878 47613623677646424455345964391531844363349844323341293578648455487731381375153474394326687397
96891591758478295954668249253753 437745242467675626486124476415353891
658118444596545935499793424444384553374239456816766331256838377796272765986422842671744167316638819 354868955249375152871543995641328528614833858766763245948379475283213612287334788272438753643991
3933778677246464348874523627781671436548978866135359329463969532181227683452978332748 28335857841312889352736828
7479172945924877247421568597622777536258656332428222352223564937424638826243295725991717246731594899 3964
22813945714591574161532292176776995815823516561722475669 7528
73269783619853533718912446684879262111864131825344448629121643342329498 1143687625747816135662256615866396936695911986416164398953414761776459685367666827844148289562188
97898597583559942686896319882765281513 6575329953965499
992137527279499427784313172297551762344811968911745192545 69894917576971769681878258872579857
49788242 887852549466346624738516417442494888455832659664995281643
731196835552436991683454895532795 6292427295148955886217666264437263312669336272228775592642674963994682368863345934473662812834891583
991838884137284554 8239349572146161141994
477437796684939882431982 252326589677851622481521163959226685716476284526659379638254876683893629364816711699
74183276337247165843424252685313 49229261827569842249289221443466686746193222267595931772424242131889522189764492183314
445856 55629382731395254883137248139637347669674636599274564321586383315245
179732774643783497212229162254924357548685 42932192493152215
9911831293687144275832225748 95361193682877574883138793619355531616124247977887656395651168241311116244726444741648874263
28559684293473886961932767994821545364277642648331339937444869265694174343541448384239634628 747719363265888937747753852193
62345862782238423844427167282643355136954398972478521226485869952812637794468889411947929227 7717469172226825155549948434548593
141431373341997381266314 95715937259728362869779733648129361596
93779397931438667264465354596266838777337249538265616965172758332715936614194333 65783
4516235515412545972528358 472217751656
7867397369174922621567486288168167756128762583326657481518385933971144815196326398 13794585355512215251162389313825195442864212393153791283947968958839773539694696923
11225881191983994787261749566632379319573383763295123782845331129723794376796 6151983746691497968547731691871997338152476431428532476324567786269941835393731679422577879748
4667633664867393499568149849181188446891194952613674436714788741892648186638636274943383 76687
677479 68897781361497317822231888645613336151339835532887277832557487933228113157951215345154266
659312327648534373645564877739633945363724355765191277439325155649367762942 755546331929971393468853998798337299121
292254122 25684665928141668425479642397184732137621
276 58822213458351917118739886524478571548695641912396828619463419968791699
9359353545736176821227466211359674899549147387529436231229644555342 9132219271157853934742817111423965463368646424442763
3981881997963262541373999824655386436874553937341991324244541735898788523 7273
239245951952775475178754326135424179979423246731423192595891789288573678379 3527135532632
6128 35886159846372757837127552831434959243626457674296231433761
46377789892841915657572825536694674 75964661563717464568334335878628256223
935793322329726765332818354651313 279956957319824478187334764124592139841145319325193945825874261536681933957
263942594832152896856583646476358771295767394972442733688317765773627867133528323671446889557185 493952949814589877652569595585418859675533876376958894888144217516216665441553143241828866474477
71248213459469695658863961412428328257695 969857181916729454915652262258738121373197816314674811213965398342868559
9945186618225381397257457694492774457336895966392317795486989919271713574 7711439689946566882911818176171361324815599111387588192782766183743647972636391553357
945 8167879761988723323596787232147145884772231818796338
559747584432613944823194564432629 5992318277951126997424528923255283934174444662396982835414
56246772532169549188962223881469485188311941966373554415 91511929759576193782274924938267942273124236847628192853582448927923193342291419825513
598425344453215111759475437386236181989262886143157574138753264337734228479178156689669939325939 697794648314972638988994694791922452292678979228599
99561289357383912822 6831724469973156725757625989237
7578997937241735277922447352473442671417161183821136633833566796526354111733232118 893272216195417735539287782674266899695923146936415799266556768236526738323164777132134476923584881
48724684125687887528349593818693727411784994734236397924539767 9688518719463951223177681518954622872296915344214529743465466735716443692438751913451435495
2736783448648267182381945649332911463887673718327663853284887817698849945 23918182645123785472666544243629678573586537636199373843872
3261823834641356992626944449889493298593587267117417646958123421468644226763 217621691842942553574115389597119411624816647854992716916676692495295528343214661738974
4529394542555454186 45173726
777133555158395652153221971186744184454351834965497349 793489925389746922559636792674932739774987611299136458216581182879959163187454173
1858 6441198398722929432511456613875948247441827126259647839125365
646 363883894798699293886272834451349792639623943313136976927916525944754916327145
14912938125926856964917882919473294681829749431561519741712686266254 389748623679376
749425 3855787699715894527751759471913223768198856317476195
6249439176913564574362494545584535337631823712147648282 361579427783137753338331718132918391158957187315573
9915138462629635225827175739241968367358427642714751 634658769643426891681854789635
153367289238279653244799532629795628123282328216536646573595272374978714 2653767753416774882597622722773629712698451355422474688914214743662722732324
123266992353166138616773497283577185454 131732958237848726475815613491837352179826877526598943178496385115691356865459955651639529567746888
489585537186989316392668738163599253391 5369472479415832677259866722551957357861727338482674149455979168415957717879444786839333821251
6837326124247383423777558279743467871623251682452335732241398376 48874722546372571644243792854574286453724128842565412637928852756676
219749247352933483 975994584318699736355279428788386464245
739888487412353649789438346571374415968995456234953 6339567375835915434636872497239582389613256831892434825932598
926717232364639492963133338185313516752342757424698614531848694463556524937358566368 78266638148654347733785
28857884792345812489354267279471225959993255969971731725932553888247166989429152 473
3196992791 38392943964855931672172582139696
74223781491776767328247649251581 156954846946396813513225965339336385451416912533517919863879368
5425753382424538267156361457242867657165758815844628538359246118616997761947 823847966354425743397991459315761916342148439639
282152351 51723143778534858453733578374567969239862712342215581351864285797571298387
441865759375383322818468967 2498222868769494341575837812282223442
9229444277441 2678
67944145849161459319534974434669834623174732842456746938338 27762875849986459118667259724
574452699242337259265656829665734552665383285962572975965695557252 6531328857261365127853528753253344392532
1546718419954 331853958399116576632154167162731276461851619389397434489738741674479893518148921275519
156472328475871218555573329877251712432877394929671494784482264527 77426628538867274956149975837376273588475592465864366327498377618934794439729
93168412863545317219145337 289286833652796125746669251547391432439822379659386858846388886665442989919
4694231677951964222712339547474445437292515986179138261293211 6737627229876258817843822539
52975661996186928634833793411137838278998876978363925189554755 5359548836148154485147539876153451645338693663131428158597123147295462855646539371574
993135951991586 624347512437986216531231728411632712158786333351825442267111316726285153689586816284
35764858273975418351952431424734891947379832872575996768529577394294243 6364165999444
744122519867611434296842 4846163617
267568435633527817 43549411125918755332458228853982293792718283144472968538572651321484926843822646
71884588994218582268236563112855389974548563129239961941111733873433461665796 1198117362699133898362547629159119931537
24786659717719886731418375118843965946975268349871 177575132971922758912115537786229732745932639248653484876472445199247263256429616655
1137629136517552138295462656838629836742779321 6331239
534674242933755949822719269265275313498953884229564988556518945794 213136951178924462891793544891592873747432213677913683628115472187312589965697256753431872734554
44932651181593413812748363654226322624184926627862157443757 216516677513546464846278342
9298285869687891471939976418177225179538 87187661923151698184843261877
568476773377931162197823924989761 397346911939818476784623279115382822651725368923895959544649476625528115
26883811393176568934411413399245294736911456278878148515624294887211284239188953352865875 353378232327918622165425962248953835745117454584117693689799884532569233183549336545348332
39748647212594433838995443155798553449178879184598599912753945421677219338936178413 39597315776192
471748468869331425189 26596338573933559548616
51918865923432451251116113454153917973185918774815 88999312146598198739868217654456746291261562511273711367735697964896973814718473328295715
6913898613126691 29677466898272675298559751498677561155777174373191129488763823989924893245837135253581421645834
8451457754662873865853829631462895626838265979334115863454699847124576218198734246197125381871275884 723516672185691
44513 8247374362411913162744257775915434958545144638495525665441216
548317 87764476178494117942175989966866354682237146367492581189
269476874292493217581921333872732516971159534699482181339356435145986727 162991896121159949549944144916646235565367666373176143514378297679366686355444331819
567218762239941513855668864482173 791611834594849442895377
48228884969763147213166 8142891
85558555545668674429438946 327851954797969821394513196677329789238854514218315397279641274466
37659688217167567153644855154729253349668333468 361121427861929742412451723974263971275173276955895152211925733559433125938261841386969
3645797252466743186539971528413292396934763661482749623391544512799792777968782345165749681378765286 34919725392485722645317752731547139911947362966327242817382387822157358422659859954579826892
858421736694371814154274435153995588114743274213768688444878187594976469976 8287
9792151987143811387835266786964464243254872624191241362934891936564764445918 24922663796917744
517953965398692147379691487828594 43423673327639322189977836617562223511758786234553396
9935682775167 971883622747947141122311728394837314213373853713357516538454187912242823247818291
96171625352688532934799691644836962716636488739222272781711876817494524371876458992111582247197494 3376575874458579265741
5636469278562 1741511327478142939628518367895243559942522451914986315555467789552621523
3147923756156845283669317599 585855868672675427752134882
2718344539584267419326641529362848 787673351528499943366961221472656739544116946839651684515735112776834696
2815184227658641244726895467511224154491813994141471474246391445819431396149137438924864389866868 37981933386794899845114839179545399115865632933
3213637428126226696176348789941229883381243348627534872158656653816335339335418 3612838882886189491993626475547287632377
3358795436855486528 23297992973874752225111279778873694936713379793535177796874753158678482227824525375819966148751
332421768588322423816217792772942799796388648861859921546756487551819972325749616 745129686243276635784827682128111784297263326382757967254865
181746299923319743496 12666453698661445843337837441739689859196263333129184873532641216189263567293781463742823117
63337811866817365927349794211 835268998886587245831337399755214555655756438963847626648378155135414277813286966482188872932382844
121897153149268524243 28619467847371942175651751932856956831762639753866832943992127642374672822783781295385564492243846
896185678715429483713358572633747119 1381342693
889594873533261978116853242265568987448546893913651387867341249165481389296477 48998571643295675195541637519397189829459657898127129195427622765873776963362668861144
374332959473362487329173 3522757564684914
956424229824138331886593415679189462765 71884143137841
98832347475252622792641877457618614466746314 3575778697847833198944326744478
3677949473316285922496958624399474196638899552335428975871365 69319222992537719462863583986763996266615225194645837795668911727469543891178581517666723
1719482618437254282128778177452768245368558 679165622952164395427355498499795182511339636743694171956646547693121645665431979549226399668192365
645223574465932226993413728495535359121212 35
61326987949467198172421233764799387895856275866915524496777524936215 4595248581836977746784394524654872321739327669937193896631854183378986454339581394421154528546
4183916469843677346558521544622498339218811624728451336263931422 34492941623644
9292597791187398964483221135293121237178457 49537969229467
23136315696636813746333546126441453385125931496515899988827365222958839161134894177917756 264376355778254965958467641617521288557259387138
2472368684847556134763476865235454981827742989472897 626599621813846376511555935253896651646454
14715361473979758894752887423993137556285934263184495496188272276492133474217996785 581283431454538211348927288521681914914638137957914372919787325555
86548626189835552945413276216612912438993827263649969886793224917821286431258797467133517 982554351849545664152931561214966
858775316336815293 779485545527693763478559681646599162979878827997549328396969849663942
78719341775553321598387235913754128171451527547396553479581951861814125488 171687619129212176813928353686842758353282889375
14288681763788346678342386534931122376793383255627453982531467765917157124677955492246233795766959 75495383676975747161282
8938275 564665556634461849393
8672574295956429271367322176187385577414459279954596588723348931311119278269868186712445955712554 58981995892919648897561826437833372289593625876217743421674228766787337882739659984
8966394949845918632612528244277247964259271647863757536 15198585398191351492744733452446762979188867985857598912519285395661489492534387542546164647
371149899215215991584725823135228788216377229149547563848564272758753365146574275995 31949349968462936434
445416214992921132363269437523 4549267765965614188374952615258313756381922788627643438561813941875925883175384642336585949759
326517718457941299969998358588852635474441666341328786117771161228461299757168537737285479981976 215379399674488341
5913326369774934283829574653625839755183454778418334216876875416353224928378777726 665439535147132417799936725264826756311
555498819431673368162446862158148645694733694232258332965671216877842471694871857 771575365141988785511915
4115773327434389 87144593653976878613323787197237439471947461927175138332343115846848
247586423 76864339
69228776328122 6112719376755422354736138115439923523817222561662712537712259817462969983713467695687679537675
1934431832149733164898557533562324774397873331763736865715478488932752777 5495812885455581625248974745486497618378954721554983517464771589387721
7945636597453742783311869839162328145966899619422811 993985295548319227795939793992418238948374372992478221275698
748424995747872721624422649393529962796688424129837112166913576879264916792158789982976313696347194 8948739679815379282724875361186998613862432873654855394991295333326878698959
658762324 9247143766142964498235388524941279729415771825424613855483668661587863943771141785916123
934831691814 15868214184244724721474931397368661341755738887791
699799373894271215898192782632585548523982481322627655459791553875494675135142152438562 82578199595134766899614767327744981475766412391511734436818657965277981384659954917646
152641494788429541358696481298275998623724117441759644842922514554994298612219577988784564571773 648992628619493295319327265494285438513496729923121245184355895399488988748717365465473771657614
992463255484834366357338941287328916981239845718847872169912943241339799431923974 6843961249156981894486816245932
8613238651463657267855619717454692 23785492917595996181779295448935761582863225548681736875772193452984877573214755132425
231134764945117149298663787613421729524893275373337 6532943489842939459825383256895133484328613347355821117998353115611752575592189485222462941361895
952579933278878445474124484326448599879811283233369314736281838834216262754171587368657 16325869487387266566379662276116633284244681413361378562451317938832814122682265886126542
976576379 1181954528824755785676717778923267774521278874444967949615871166858857
94943165786766645832899852566558761322773387126323 7882737566389167738194193783418934648658898359866232397561342371987
571633169948819712157655451727175857626466545541815359446663121667575215444419718936644783294 77929426216794129647281985591777127972887435227471417554559995163914284766341579576444782777621157
2526 9382337578915788576931781274837666259869
91623137718969677985315861838121817137769356949175824936632154558534529647351625 85995654614982718561628532727185562114354822864715681473868942243239517393
1426392816123996116861731725945314389 521857694532519
1523937116681744981848172744465982 8637165767587
428826921525921 5963465179892868172
3764828523794559852523735913597892672 9861491971869587524397696216524596935241698981
174539867651596378234596747429574486818599212125334847174 9668976316264232553879662318683471622884653893845135334683181333256128679574837827399315893
33964217271528994561236767293748483443767873268653718887793572963 632577246795241459136163675347362865514864296873429922847364499865271668943631852943651712123
926549236434979232348476678635331276247923571168611881357 6859573961373918139492556824932551295247291342838246467385449532269793212358
1478635224186664519552943682115566994833318924187898863 3386131468782123523547619718288778
642516859167136636661295918193568823534261317468671542257113428169884 2187177947261665337296195293181241212458
872811269115 163564
497125124182635316255394627175713 13
112527915791122856128542216376154282295853659627773823317233437895312865219666717298 17124883131654822366771879416165749132289157494372372855
6285396496399922243197492851827382252281739296931126493337479391451143689792185766919347762654 2953154581792333539814897584966939552453932
2726577528532119835358957 3776555715657169579257113364545715881776
6869429968952621523343372979394657474871195627672835 25534894293457426817994467
158798884526191929642247775549418699134113845697772281286821332585986679398229149444524883347965928 467836356673731765357223546698668576961449398236436969
69652251399923517276 1382394269175751956139235712
