403
58684894635272891915322673136484314816424463598516866319959722599949823625358796856139547 45519469762928568189
165344354971294594662386715431179376778886749665561564245535248 325317844768
4451836577671145738234912462289828145 2249744988339147884226587
39117438 743648339387
2956127196626285621235159799693987549758359989193276469698347982 49331891115851969171554577477992
198457857147259326354224326648593764758139344912529741915852919597493286211517927993221821972 33611852326951772688538625987228
7612441277965665252378118829544554363931942755477515665 9727613529224474254166585723452185456346646364994
12429133891536354386594121628839772668497957 23472486413414757294696142749541188223158235361617586258765537276196195589818889548674691116669
37589935649718688459646664659243245987491491557 43924347591
989926264212455483589348654763272329585118737422 194597318613784936812989178921817996332246752
17561219397858281695767369495 71398838823971753774687
67392216531985181577775925543765739566664334322456844919625334163442277 7143831913866654272522977729841661221157314989972174964897466261352
789576132493856126249393471616485614218375 1311956826432657918394417974719525542957818487128458416779648138
495653867525561529238416195391868373166497276146774354 35933416629391315118421221415489923761855834883619189572
16735687448818466522798456399431197932811863437488173961 8579363428935373916657325874
5929768812273422722956266155381751383259219428152823756568 2287546169159
8893851179556119278784527761969211397461976126328866413246341794645663798267189388458146845337 88869916984381284248911575225838
342845184673657695775236376272157865 184588421457142818235391241182583516287
5558155226196217622388694884449399448629218636228967574173849132176888345472685259 84341494655979221744632696478842414453317418929891275463851442
1566811442995538733692382135287799474346739495292766295351955476152422175658778319865374738422848329 4872222346464647339775632916618834225972
571275875684791522439371275987395757235672537544234182828964696729739979259725752839636393343 6916953665936274716631365694878687611319524517
45285171556318766 31617416
44348166298694552594744998887565543295219966272765585467777524364577989673 874367656926432468726126966894
7831882533644768467711659459469513915149445241287194168546835927766679948184278595634312212643348 92132912491889696862753
591228788822915735251366226718211555116455128193715356729418238183857192377893345675395147 32776796419577695666751262353976993176928962831791999678992586391933666776972415238
91263 5732482764515629998913667848973781864287222449
8248528353876652183737828212675218374117997884985328174698679339272578539246261655154266 8445985249918624435475397554418643587324544386399373335174667824832
52111399462779577151291682898619197342973271736378565371196893841527869526339967341 99958418835677935257693258249112918632865667757952222532412892781569367852
6825556673636831215682764272924278888892773995331141942273 73831512396843484331
3334642714555845587 541566247987792535724674485325348196964272381713172517485968484727867
86894268156225442684161961967693185964228669749 6952914551725381972392
2286412 225959225363654993477789233534111269761861731254897852
36568 346622681482
92431422543785264985599414371497 5947552582792573459735588911785382898363559542885838354
227597219152448692857268255682819732 98288458923433818763581415488
167827211898545198528523763924279836856596543263111132984417851886165727853261425253 581936637259783636841777
36777338172726391455875458547544997786396954 575593
134411619828585763353 4837436496431188741598383127279267465796237428176917941468663772
4541721789736463547582681416783615563179518199778632555431464141763938279668513892 268175241756942318684459862631653994353159844885545572
8617385514935147719643699322159975317245 489886338546352483624285725374685771796238398917368665426952871752178565254
98353683185461964749761584799 155128958149349235166378
545772146426731142674174651243176154279773335321371 3584138859788918893552837423973743462869313
958878883168622877726631212524534169434785397538146928832567633477817793613732698397872678227411 91993412697361338327233464747371351781297895213535832997513996473975567911884388163841662
6658926332216894245187652292712214563579856393168478341362515837624 1998934553819
5942474299851552917 39867741755717
359511888942958861 47484789214646342328335688737371818736258646613249115
2583729834594152 67391314397969236338169115962665657782487581549762173
52288698977549788957379329595333382443914463526268753499469821919279764859335 619761832124696287376936693469757853463371826698664693278
45288876 5849123995827947443295832424344959396259675122167182575484259361767213458741
283152353179852786575297481861213676855591713554216264793676259295291 44295346738877858387574
464146743955448913838356718597368253322124687622456325526182 7922568429289948226749
99464658364748422983542732891813598652953951928952853514442741126694575 6643726643185313812284618549347864989538159149728284988412517577111971798136855631429676
41854397251815623926312184681686697189378314935892361612433452611762246345889842531214175462114714 1379495188123613231376461959243976485532539852887153164251662856941627495561763345464777
425391383276225714751632867658981323491176316452559285569 5752895462158464227469857467563668773298656384437881211368726678365225272157943348278734998126763276
125832889313145679816 479932879353293425561358523847459292579839957337175692442124
4648775327721765652943939696272842562981483991192 54734124813261358891546786898767276596127571291354822213949841224752
9525288346663659763 2386334117696527241
529711368843266663492772349916122848 7952216211746816986941115952477496
26627641785924762686152757912899773674519523431699997246175987799996399442346188346626438512593 69966459534263123419445398935556996963912769318999437533985565128189
27577773571 8428991298113473
311757872718374923754215731 111785225177369684481819646864248672188522531948735759951724319991431495757337883214666953275749
83594752373386764625677 3327794356199229484587481626848344781657459647261757489784965276964317
5568739335533614594322718324992775335 51117
694391 431199749622779483865157854465892272488395748129
832 3845862152193618778944148816292574661169465869412395356845768194172781949525563868471211992311
51361292381 647156513839933659188575681588841815342
4315852297147327278594214798853911896881354296487647487188961 7565333599438541977956645363915545559561312396179364346
4333948523851742128626768393442129263111843742142969559299174388254336 554835768679667485349972511279216447133114349755443937612
959641883925857488729726319318788959252876464539343161167645663718 1689813479668966191475956848983994989261531818771326619321142699551621481577166875314938616317
1697349513635511176536568439974865463664461246778886788463322285961173422758 9111156421276337475673863356931534
123192858455384663429924228566374413 1676434313288969611893164441839147862752288432846792
7498486684633634976239747759536568378752565151944769711348355836441 1965817861627287312577827723146824
2328215823383195112697217651737239185869685598256114382448545418938853545786836355761 73575871568919352166826472192947742774144129914318812632153876533
3969251518281243446778599919229562713565 76757895664581586682289744
2624375175331371126228768291549351117426356767834682564894258648676914826732648874383349731 38698641913611575672321138353876277284587285333677283661232335278686763285
9378826932935462549433713724864233922769439177648789296672843912437681425376156 7674394626516127852273499453742268984825994713762728127488468729129179116167655113934231362986
261229781859959628725252685654294149517776896293658598488537734677388951267321966577611225126163 1313162173837539481319221722325439429564535266395993179579122981994787827913321486547
324984367357929229541389928262 954117436375842
4765956432982789399647263761278811217343148418699764258244519665697384621 5286868714697776365146788288127464547454448142325788816338152675711561922298315443838353644375
41336869976811645328253347 89437682782672894116678536936824482696716845223949181316174386939717342595246865
6181175553542693422712459173362238776854749339 48676161272975
7762585826247764731954669982568755784773832596151595531915854473725247872658692914851 42613131336
7359628466518597172842495968115985668789646746492974483244247844853139924795919568122189539625734111 8481191996748845841377693188513
3643577925953675611888924751167216595418 153229847479842752998764569875963946993972699113711277333977483731826465656562296192153
6628598192865913875755612849784952354484569283619391153223236 6746145814717476631396
878641687157893554664844929572813647291754821244496141745733716597551439612 82727828127939767799123968
79917462695945455892848376584743965498928241511998157949112711767159528946181175619527444 153495
4978879453919187644347246665675821 96279774759624294844748588867429491867118235737398829173555322524358371398469675
78311199319254624965933382262847638794499793227 176296524199862186996217146694294432834697185994843764511625228536134579775926212738938731
861571946465769953829765228435119163496987979646716685979274325787696389539 181986425143615213761347772939144567569161845256664262575754461125279943869429984941681
9375632524 19886522387874772924351194645926996588655185182487246996
866979552354729228139853813 58242589544417779859516264625993179689538581375937796933462625125619432354
63453872135621841986978285935829 1963141494921576982188218668631951564363684915583369221785285675866687354346267277942727727594514
991493814497136977522971595122188777529624934193534452956276755622363499368669969897263371267788 9357434817269155929131883385315727681339967463832191385273155693243328685758589115312299161
32755442 223527791832838985265786633286175511977286638713862391983933836887387186911314189
24324339982884931797621389292222319776233222435957414345188871721221244539343 958998368939571352387126149963544815932528557286258831479427899755611371991497983765239486
5615476925592124833883443369695376794696364287724252113415558718128962415881982587159 35717456385743336681456397526689742192
38643875476311223183858454295924989177937865 855371214962762174593866886738869163911878878844718884259274655192745842657875882719491493439
4 53369327172783353951389751468957788817436553156274527891
72118718112966942 8656563522243365398375179686288455882243171338273469
124877732239947371 874887311
4156656561273397985787916434858578846 836322296774218796594121495784114249
82318637932437186445126937649262422491923856 976429827512685857817174377785927752896615711
229415396275422428413471535131139119649782127828 3181942346467495151283125616621567124359191556841868543278512158389235848786826376635226
514173935921689349828392547553635344642733934262822845882546935468496161831167583 237775576897658719136715894356463853949543783526366796272789278274868524873839
746715419294339993268565941 31
931176217238598112234456417524851834316717129 62861681624239231577385816294311152588632727774653821187883922299648883
4172211557541275614292146449418574221741786993796712671925427597855714143954297 53184521562852435465751911435
5756163323838549314687756457838256847889863331963491316952258665 3435474245244714382387668536561413136379314695543751947222148952818193459799237767
853244199881487265497926792583125713279 18134627182885913734765263455341473535795284526553166871311648993489442226566528
23462688317665921656635483612564166725161713642156247841292657162 15192716933438845943356384942866524345881122234
83427393612921583884938389133435633965723814556142357195147286172893972414261479523412 117358428849734616353
2312476887925389211898562259732788527352249875837259571241162127 739758281348829527496662563835374963553426779991828937446754137468989161143579133255
952199578644747339412496489533268486317666269546 31283922866461252561131256358798622624382293733423369847576496994455376386437
756629958 62453375334647768975
225775538814637966435193213387262 465149839264579436361791138177
2596622617118599581 2741669265
437826497932549219552733275495735464412466746859593558 648897598889729717457791234439739357939571227415318554988639317496449997539425515285962456869518195
64566964712699891743114465259255168567368264471958 1548551985897234537493369892373182344923147926659579669888463327899859474794115938611551614528256118
8596942335923 78169279224828762881965667993665858416449362
44453 46369569151122959
5288967293555421215719239384658164244822847511692668646854384618181283567414665418247635693 311175859119152155453532392692284314348356437743364851619826512985457817571291686726882
494599187292736879767517288597325125867183571219257416122758718329 3494345
315387992855227195498248966217832547363693184714947393554625884262186994975 34199869273552724444157627499415129
77158697161432159865393131542887332259724736 45399934155786958669444257
2756382 53783684994646451518461445572183769986813654223894412357197426171823531688
1822586315972 226572931962439565244332143611963364388323899984
5979651738688192427797839654162516735956228944881125489542917353459839511 536342251269413725561558513171
23957761357416613214957992628995963642871625894325686249687716983711654222957775 128657283722639473836844927793461759193999
22949718622996723181486986463485533834936759391753972495 5175157117867526353121798359675512278997248854
783915363667654684472652389884862576487957758478852613471693681865336862387876533461794419919 43778947913163785536286
72159977348426971591414628469444728744343414819115423738 7115358841118511689415212623588268169931169159779847478178162374412777984113685
723689896446769272233925234774733636611791275223621226543434591556761661569 2416343719965465248243135474161431233155883365611133868993991287444714181994682375215
673326312474894768669416139559873974447771875246751461851436274566761258639529633288551 42881585673479559629842777764549889185881254267299951898426934118774379691
559326497541784863898 97532819539927876689289521125564
176712423636518868747123928889691632587389397 88131361895951299688882994785338758127118827885839338214233648972341418889239748643
39858923551655476133616667715894497628919538238715728914472555548987284632135532176126 874279814677864317418867644785821695411374482376966162642518631355544726128126
3271585514599536 66914958883265477549816788684321892954571992583873193369
17234192643916214488488949488111863359282674685952251614117935192825491561544 8727549749448228256732531192437521646179563491952266554586617
46267911292119277661584751848117923633731378945366693912414954799753756216262258 216687
5965867311861182524639824193544787153 541756715936219296778549395552175474221712
71846962661191815245844346134626463156774354563581148524968 865368368444342189826362574924871895936889242232677
7445247477492186544131396725967673694218588473428249893729429478723531465362 15277156889971131974973397531153359654316934928965758329639361857895529875435
988394323351872747142576771674588 55925193315178642181526242183136378245448515914376937946394879388118379144911
666452415441639385251218442727652861512262773234156513587357636232723529347481754282638464249689392 16648767417193847885286256444711778287446616131362926197689945725234981157456353346398123637869463
373754985352725956957666796151649631584355994579116639629888857281849553716776415995132 6538879886322385458153611976283244988863338366276174856547443
966269561832488339541693731313425926132189473267892282176521747138422 27374746274544877757655129391423332883111877323632691824312
25529842231762726262669619283426616935455893237543787151323538643362965629969252632881 81586726273764764889389482644369737497298792643298386
31349365213927975365622131862295129478923667979185574363729319461584471759829552231749986 23874217987353284147983649371925715513998728932942462374154794315638727949949172
6537725329264663634431496719879262461777618843121925919263882186833169448834375343579733523 79826852811711368231946191121643513
57566142495638116341285 54974836153841146818528766668699973865211862677438927548945951258411789741352947329389581425882
6621814256333716562988713277418464863665 9383358889643981887221637875881749223315434982
1771623493314643392376518538857173823769143147633241514264713679448849883428822145646 5158811428615332777161467846329167158333356
248797472 6596645813369459154737599634696
59483735811992433894973177586439239168426348355835556312949247538644964943497617383845 133788428315462549515843386198353323227893663231676935638429544585287569789299254239
283299518826161366635175567469866382127271187538968988326599966342553251466928419573316198958797668 256327268279
44946887659852818 62198225796377641
43526636397457157433317264618832992799486311749236514261392482283415564771 228785845282976443935464864224736621665719351816327469856781621
3871184681181245373 449444882957928981455365157315964844673517262847721862359415154546931513961721517
999727819843962637292927382283428349159113212567753211499165634494612756983 23729236823855737761916754688781888471222317448345368287
7433181842283137987286421386835553692975378445923148937457912926254466168844669395154316 422413438819789291242588552387329161694
18753132124458375234123286943382526435554531218615152779987114388116145792328616113 699366741319389854312292663525329354452156976713675972914389229431958744662947589377731479416261
18515982186 351331563614388738743
26565482757449159228297294791139846221555355766792193786226514685266124658968393927395144633 72218388148361157291135285397283839494923976345215176914173617214555413668
919774526999712142365337922596775541548843756211698639545517 9515671122871552611236485642312445252651
2895266744457616667115331533849653432159456265648523291118496 52269755333832297693955725813318635818926
15787559275195893667269 423666672
85894338174142746838488915374393 23689329345114478171263811315937165475659888955254879
863166172436727393685285964468611846245175312781792175994675641238411843384111486281 86477934273646147912596761662369564454924147566226786726186416892143374464
455814784 78673958138363721612713956583128438454222542133
792675543698487887936414959815596788162446618985153469124237165488458 65917162578321628348725432693395
1649663522664811742541456124137558549286389253684261566547876625126552631655333 45826649129778321345974
83458832447867525231577949645879781139723887137 2399744469578527853356558732486815241531347192491441349887828767426163661271894166182998546472525
54414369583888744433123324499 3891662642496361623243692875293592265541133384186141552795173546524578447753395464936
489792323392367 5817559368481241555295455627189717272889911149873442417915511132317679141162156162599414
9391851324961413431485846528615768569722286743898827287371788814928 24
9641421326552298747764357864467161216389494822116978764679877387 9394151271398762646613624562321882332364439364714437829889844796856799991577253194
77235136 32473615473782621545666813433717694193994897842279451391
13228733364471567838424421333737522875791863226599 69847675196179946125155514434651712161
698745793299121965311796431762983998717893477858326862168264818467238632 966945377267843122893927739818466426342149943867281788412
75952555113595878637874412324767656182878376731926 9741377128294634921658165394458855291757664151695
8326 947135324974341627924466942433764178416637548337938788934697476244686966873388287836719957112
191516297532983266364693627 83794532365937616511411369545952443646461222859882995788
4565952273223999248792942197512981566749844289118872679696419152965496626942187783429883 1391684844746424561624733921142441877664715622394694851989573791233114975717677664731451
9388655317839954848793927375431443564236516726493674952213997173 6129752784139
6416986384677692521869111524913512359952271886486165114647919218346 7322773345881312251849712268459778635151581229435654646974832239938548688283354126624327492722597
737237886148892199145429422227798523841269782594881599 483566813976831314499479271176975525383516919123158194369614634285537
3189373146633347 3814599761824282696362895848851621497528528871615666
771567116578531773919121194367312215291741153394718717188864579445196627939322897469 885279849919693822967417794313588623858339315
9457488856216452958488851748339156468448481 48116145751982752773
199389 531343875532923
285413553195397568659969669341543246338943931775 18198766397243
622854642957223169496972298988471334394664398269332676398576283 8689941398758184641649461216747888173191121424898637
599365554936425891553446711234372671879985639 353172166731934611284634499827967887166
1291346451617928432775195458823235265657978817117398183345479667 156928673643259738924272761882972217223611637919453498246313549698253368887676111945186269721568
159117634774415563378458539614229311271329998613 926988679
9162552592717784231218782784645468857267318514393743969 1357165134757471319713132531763482513451622811
55114449184513347971351569317393335684617595847396227624921926789188 326659757961168881966893631979913953154781767352
743847664935394958419267439465313621295852422544923326425 8185298133955429234537113367164273815648
73433532246334929452115163425931967789818996462322989 97622499621525699861
6121319788399876119846269126812225537313512458174422549545352646256655634279264834793798 68264243665112217324433393232191148352597833876259782617433991573616284898461754855
1265549152222795758833186332688217548456623954142952369447185791949174719851492658 181414279665252543128745657119364254523593127524816
59487113411223445 987231239989921892245628131567837821185788958426897875981693648251121854694947557
1876488987761236 4181851421784292491813997253194487573526633231937793772423581881437961126972475148269137733938786894
4573836486375494464554823162199293144645418649268149912558611493423253326657585713935765111496 3362135287922322914564541116932965384
71966522449331316225953229229277944864632845752487751671997287287366698888587684772743229413484862 3577917824517394646481544874925733747841417
774623263733 515336982388412862398
8512184535158397914 877779319634797957711566273354762211113875383319436262894687544242659298968245
942463275278816525591584912 655345993942846713333893
7417867764942 937652458711825362767287266493237425738745229438114
2991768382697283394264591893918898896749184195449 458736854483511682468515693425251974328129888411653667125544684474417631
4341652735764185881516125399259474139919389917945417293548841254915713119141926218 4693131353123135289534284981324564882945323
11988682167975339513113468464397419664 417567945165191391495942166224811445936444264334884
61873822146374495419738596851514323959147482941449 536587814921871956346667342397446531934864515555189869232851382129964819863934
738742212985987489174298823841835899273183596499174228574388 21836664854263888654216946583269225681297446672576283733814411245239637852691871
2293411468865632853846886967467719231219328514152248353849 5973842494526811
151964596967969214321439897867 493391372743991892543371739175717691781346286333156398352416951376471692285323997516
7929553198559159912882382662871977887829621277761259972769148831128834876173348627221352936676256 17732357
48819842394 99152217911939511744142331644123118535
475986253879718581368425521365614235121935935214735244572693925484746928952356472272934358477 878546747822795611446323439925637899129383385817
544886175769338442868888271667495732987393488936 482646435635331827668239686177933
557298133288655295471965867845 1943118169543389912717791
1695937161175135563252763681189365364194388134736172857344787821 33162496452985957577794657716526
887883675644996327915486324144422126123744655193719116611163544455161158853974781 39259493871397893968553789129987354217864613776326635721174611617118915163378916568933912
93238514842292243227827959124126268346895233784955642451782136716153 135769112414236
8199562125661473216225553283378913928498 964279342296713196441943948399792218981639515657943893455556623293834438169581318932
589429718359871424 78236422643799623539263953478534653171348259699731359228474
36839544722647984349925933489444248189736592679956 84582543762287334798425323632342954211177994811659
5924236171763264 976622918284437896974
764525293182335544873373752279 616666313114717
9741388155192351327932996417983839224799517962921622386879245 15332145887887
768659223722575926419457761214817 75328863175462586215241479169694626176776989154919175762682161398374
34682566132149322173465771146196614839815 141233419758652153
1314512376456314768836818149829419942644193 999972412827727
33643876525383796617739211792 86
158899973721295224755864241834717562771656155448747398695553515322222676894864391218479191182959 169925235396526284842671861546292838
841272473174313918658539472452696864398536712243334519223257869396888 6293325644397718244476557222356557319145973144665654168243
11 56765756438753444
899692266925257933992812322341862889493747635528188869299998781265 374246687462768327863155784
4248292823299287774545228929596652727224422649727715446624561523327917243445835294161 7491772865377158252312618414326151399625942277742226349244442716381816661
3355221383133196288533552127926444735861591983515571242563488885346473232761492634313531473458596 7659468
144252175723154 5571
517588794216936439 4697953645693933865869636727796722394444552246151271868344927355154191733465524157348241263622252888
71994291959863816841561872122793631192843571683447567243111128 154467246414248382641237565511843485482285622188577217444846591379182959849897679877999216
63894892642152785714768962143395949613389631333223997647899789838619275929 247135828551339158495373322752837174263457432457354193637697759636414894648463376222165
7861996517468598416749381995111395831345867749447494893242362116835248989977 5763667344949
5183296187124395556272346892796835742194949466282585376536476867136712564297958799654435425982358 61817
112297448348172995238492222151778481443 94
75222886169242396859762497315964849398 314558274527423683839319759965737637291238581
8984573884527694319357282832732872596121958763863957851796831942924196467587146 1573969411995335467
576121932983176392981942521689897 19449566674749281713746628935288943635144896186292579615798972178824
2581987732681886195 839497242156836942468257456636397815186645767
9528883769122932183837434523923 82534981474855192548114
5127558626269272761345211269674952149699694942787295574685544178314953591451721 47143933823664851995183574222821488383375759251215
6687 5395636891579656189215338526445593382731135246877136835832114279331879972674884339
3159411936548119238941811865242813955625441911784336765283876 7565912695756
134924363587819399195792974432 63247168125942988934636823263294123785297732
691211113876315491826165417315834472641442132524 114483778
7528848833688154987547574445871282586385627975278628536849378626828283178547882171856325753429441296 146635531929431643878595362863958286556622224887429243896576898756836337552192885494766791355
72575713694261298638973275851218118644671785771996439424696112751145445 838217714857972572462169582111854263356743185911358164373785764759584839819534247822613268248798919
57348574399752734719721117771796372634771893 19744667886594576184185561457595658214
261719726286341236555377736972365474911896989235885992587593562716787992274453334558914 83821862821659842481977182782128912185485241432191
84159342695798918619135223462845696982314683183743433597285571635318824 9381643665451856221224945522724535683839152265148558243764533444386624429694466716574413
485672936799193715281664624934256684286 185248211
23528685225578915298845213911987132792614726266675718484778235647142743582343848214352633933229631 9535898357877699546438844994199743358979332558631431292717324369128928377916862
1431631572738145874966967694266538984645432171653629921994425953 684212592871682992949522574
9484581885724193642169835751342765117759259312188645413 4536469627
84386593853294125388893439363579945877477328 1938338239271255861168322594
7248486645861766895698729358247274241226398516651979338535734181916253932698 15847768463883564978478595719345895486567958
39676276586458571159928436996582234463319668954835694697863 4154872951
9452133452668123875 5344855657216711667755435836333847739718485774825268586183662769897924732284553395511248732
54127471679424158863418887144869521 218276767
314647323572376997176556671624235798111 78287885816587337319442529114959118258532895198612337358443469
4289843195992936585157741739927254969558766196957535417565149956783757384946312916837745 632591593496288434633488
533399644255884284914842643858734154119121463333479118274135795833331211788683994815875136265483326 72817554415136991735
3175647988732315776611887 43511232526524356189963123848575742772
74431739796768493145188271824386519361537213239237383641 2573634349514741742729593278149487113422
236685749871899919659 58199396711193522151621186615
13113648 112448245997617452615948736443225687588893195755395512236597526986213438154729769228524173937
6 53831565484486422131793577471176634792115437366934711117359346966599153246583747257354439195941
885396362641314775599165696636493434333227783752969926889212598915256641621 4351448567314159573148451347724517146369197344564139861198154911957674
639391564443588821958373186569535449237936893641979892355129 335381
111571416764348272174346894616643739 19667156525474
149965476184223942615396237264153472373666497364966196357934119829531 3895774441213959254286628785351628416235315893116467294256284469661691837731883
677214867411248155696974931651665486317447271148 78362158229644236347788249968497839464
6313286729414784357765164149397527737934743922375332329691738341556714981611316583 541566696659969585141771333472931683184964381387
5973953232559518335587577533423693826314571749473219941 19447839432886231896656781727439573842157133618521587525331676131315969545357226855356355139212943
48529617125352699166298446984483387771194589389864554321268458892593527312313263396943291484 82
55764584939251251122113 668779295154255343931653138875698349971177547659714932
66695836978983187884478927716343637449682364244241475791931441552937238729743527622223943135 8469592644948729136886674615366465
2985169822156166698127592352654423863335277135877872491872675874984984514614728799 32857
8619216172188392489942332459134943354996226487752754665 75863943147694218287137275818453951368329688816989618324
524299277142481725744941719141129611514286537646589643 43311459189717745846627869711548666545979534881199484529993358259664685648691988312241498996847
24613464534155499481646165686378471328285369584 346624461693287152551237586814879649653537269964797257366426593413549816967735618623687
743298472617511741 14784825247781971162814397381983299567298242971673646632539956476774911545844288783764794
3562937664453 59274611635851684348699635174281
193695227781497889185352379322257129544925485777637 67188467414284166475125535699721225972149961944931642952386115495671964782331974415372362728473766
43 9612713597824573113724298143233156341858544819758975947253749178666571442458673
9773346395784527872182316891365754573268334579664665994 922954335899676992
4134287549224752546953799653956 731448798
41172612939 6646825169411739729599939689541269464611635349
4443369114649675921587221367415834264243836451192934166892338 923744442512595193282917176877697476411625375395529571219441479
9982573569674564919717245414538755631528614723347991934989982276494681946719573 644369663198232183633214898491645398556782887955193314356241
38 9629172787629617937455153735
569134561238263548563826623227769159717592425743154176964471888123623552657657283866817257465 222438993248597316898899461929
655978667847178935614246278565814199957411698463825 78185641512549929444576798566416683667166463548412614
727247129478357918988365726726732 495783821718992147694518163158363262925835713895273889384757161748756
9247635263915225593413629658852361867414692233614183265874178341166214262397559 222949741499699466779757125249379942537762584849136491795957617665136784653457153999262
156984753668194841527155894618778942751826841673 1923945528436517978874275519555299325112298639828395137752448447
57341263954685416885726575131967778571169484387351633712524986445976436521613263631 218513144545719158858
457876495128183274583663514216895846765236399159572641756587265757846433187661462228995 36398947194671941699595898544499967844695168812671616187683524571
287137959165756719794661646163353863926465861235414161879699586451816913293962 1777442831859833557172467184264512212214672845269717737556488216886764385379598319483
3274734814659958586346857478982456193567876361629 441788682984898661558496
442387146193366832425847464496787553171911354547527328579558152244495746492335361 1549894218337162397654595
548895393647168788236642 951429276978631636811598418239897563878678633497542419745412928276424812995768542152665
24131191769739636451911584134124172852266567127695744971767856448279 812588371621474863154968722499349727843381951799939611132728982
826528783846266225466151428243185325857843681244575965369559948142585226685679328176958 2665184782636351893988735869981652993545384189611279741629484312974793
512192739472171483368934964585456623999227391417314859883151396797351452475918552411598158183617 9461868837737713347232444559289153295342
965622729457159317448444144942272228239 9433783113766111166938693597743449658856993646
49542356 7781431548895246986322766466667617174
768996352814384654885159374328986427484671587 121833714415519215497355339115437857168937122936999155672911327465136796327156793669558229341653
48931245559695154898876371665622456839627549181621854951746466 8244363371891663731783157736161774497473199927495336145756125562591292827566199322754461
5233662565681687589932476792 8371
568857399474699968851426988854117154359465675415427291641826218281 871314467596479823789553829724448571574163959399815874995166
39999463288561134859891679487919918349862567995859547748597434442249351134578 683
69762845248 1749596998488513166714772185784968388992193277
988436332757755964356869278661425858565514446768 68544652833336266835383838388482148
54439193 176857959767465829253651643899787433382179332187927147364558217454714481319935312899
556581338916467483964325562486961388258999 573189178682115716758562387926431242955674
6854164815524378415388323218623289564151327584821151311427899261613412918411862914672142179679485 32833949578184415593166774769393715188324562878661256534766654682123162419158389918332938912
5376447154656142312568413272851837758274395194543184987723598684254291495485112657926219232177 32169157258427832779291497321639122871461792897911844566569567541152797425225379867144861
863756443823294328235464297823865754795191688398746326 39
152169878938528917395548742122973261263273255828177385871949892136232781 18726198899972659359449888912924325744824218964546743767135
662591557319847487745461466576692 6226463836263747853368668
59121426448231783497695285876 16214262541593153713548935671554834666686683713235165968374636993444788767588451867498637584
4984238358939896365764355883375292842621972163227473355585265283847119538658934431638 61321963716315814936944785734925273535887742728
5773763929527624119587759118827992745882885648117981561987366857289382236 736312491114213126675758581115178817728463538765
4429395446272686556752724912172559414686913172768344341 4138639266555627528365
3736791672338924245911673992968754597522912193978428693261634463847964884233 4469762486691366281722218177837277922898624631322487515835874
253632417749361294347786355433221367342327885 4173382553231279744772624625358887543858145691817187261422145653884215253867817325617218
8754335629672192991168627699844329917452625774981585768844519174954945288283211961472446882 7115599411415699418568726337142242198389243177929745618511158669985167597725258479493551338143823573
1754348669635952138389463336732247814212931597272894575492987858112741192643 73575334317646438671197778672
444791385731792481693531516229822671932875496 54126388711661857942411727228382254174166835896569637
6827539 268668773689527998364456445885792239668693612381314753432341868517658886397357767148633785251273
358383562166439114889812291622217667417558 574189163596613224547443182365388295833515522886394421142667558989779338
32113931297135139277446935312375761552 841946843329352
8776724448463455554529988477251898943796487697835341919782849573195917421112366 94398558259537177351632654377382225695782435182841446176794636734746127941822
531566451593343965 787973156888734476893814316863928688675337336111176399444697312541771343473895349397
911834358366889562392563628853391292685384946762124699713378893892872937341959656655235536759616 1952991861292229827956338459351684435371977773891844993433468434
3795896117664943228741249781 542336799822395189983677381243588333173989722812268326796
22277717221134456942639879831973232142279847539949587111994629564496193438242438441 6842241167742385324525545258925992863865226689644488984827523121
97179718319591173546667242566393196955728243887239673366851295579289631958212382992825632 518655468435852752585
648331618571647338782786516629473873477652696228946791753547762511343255821584885343864643 7334822728748576288259797773129
54972242587375188789874668877671234351622341213687349962225938315721495911159474344815259348554495 129627825713478371165889463821
9541734673787563781339546977444981496346351267848368124785 538151127217624467738613976791546344873787385681
11242764779471256665155765264293993934161185936723379626116542821269598868628257712274 88166594121937121245663634
28117735479375828277898837499819954286912538819791722915691581224194522 87293416152664597227222538757293756239566243116263292421699459736741548145221336253441428227
25223288565993345922513288727995142959981874912684747322146548671647228 54218967913621
66481227 5278889897211146852473181945651778768
51885943256212922685992242974183437579497461521936827389385517925617951928391532421973 1547153941328948952285628185431299398856795886285668668196515841651419561879879511248289688872175
1779222115321956581111815842285146885354554384 92375115745779855515716148147323218592659679999424675414444845942664227
66279769234479235495732756827434568119 66547523274317527514822517654547852425286191875818628
96225484912497731832383974338232 615277248354465747218512539553392593387232949895318311821228445486
9315699972775816294464986393963233927852248393149986516986787672229711124511771826135595643 463978799384152977774953151757122923418885
1852317394621884275552686371486736417724854989396245649929799 3821228876175255971818145199965799489347652866747283534
896558972295516163518362979945399717324394572527497936943212843813 6192932721379486498122299628552725179413
851777488751469174934954373634759812281161121834716 92472
826378832662473834757353763764773298542716241442814213227311366454211 27535291897822997519553436958867643786652361697215785974437297639498843919534
5295 83163923562672245772955136713626
9596216483 2
53282181529782213593 6196641745129167737281924394389856476686737575361194284248888212496486698
8771816745917176323191136313681942652398 7445444747515137874644757862829
3 6191779626487538914111478794
584831349253487697744242672821254347629137233158812975267417486615 8271126798524625344367793357284597515455291232491984735113917746624579915949654728349726685549686
383966228953625 34653489315456577815564
281193453333584614614316578542559785846315728567333158887735912314312442223852978218623 96225439336418753591111625927671538955718169569135753635113875658894441824579697384296657
78476555424976829821366886686882359836741422472149665967465292729687845721 814518343178322923339564481265589214782331356165547227673736536953786111738234349864665
568961913995273422493722156763371498421366494816225468475332741242121462883789895 55477528825477297286135654212
577426373612679565146836984392877378412827833 33649396659679693771611637915247783586336637668812211696399243649279645256879662175796
941648962228 45491112553619783226163721629571368647353714691928691342172637683797
281338 786578335815222863
191193888663334324616266937616222743126715857837979647968617948995373628923369833176991796 78723531543337627929435911148125246227829
755927469854629 82662868558622781967556141781535394318567456372767383
7356633879 8294519632957696348793762797483756268348352347624129595711197123928897574265926866724141118
14562322122293299389178949536237892566919928196 745966278985
789269692811372387437964437135515219834568291131595696316912954169628568234925394632463 294935188693737996157722443744539264274447612178426314227449
9499442872236387365913369255849317 68923662781777
95775377375432811579519719936879476857238339881813548382835959919694626626128836633 55226829199978933689869724228396775925534322553691972861492418573956765595
3121573294296844667312328433535626343185634134248879183833931252636 162899526657257122735523894316133749925654212626523757454877823448847
44925472991877911157914227679 453387774756355695546141644712225248384297
2362 83719195179171221715454322392185176954795115181662959271783636741171577663169861
6 4974227714159787588312845715636146794652441545691247586263
2534952981261525953556487389135662246918359768593959814699 827374498599437373589143661264558894
453544484313146863763712299598984671 813111561358539349122132866846756424336
8487947252417659246577438732928211676477238132752 5846799975897479338219413155383357433536215681639297279
484627614268942181647324794151589667491115649767771211299352232724 56581436
7137 8969132335869993365681445844345441128761985898715
35528639479778986785656919327356523576234749924 3529897
11148574189151396242852288669614273865528566969161176 615913332928711431742567975623377389357231984618858531481124345
881414378636924137154144358743456246367 41387522647836695111212486618755964547639252519665726967299481711254843188757785739562367824669759
749592783646641811621394875887839 844575453912718321817655958996669628987297163482979766313371776114292336925916584228765895721686497
849512685882154985389844959816148436542734887862214 1381728492535831329733868
986586151559967339641583224678448128649734363856 839598614387528195547135886669783349992354556551927179936859765949149862
