884
159164443738555777697455771526829 769779678919672445292796996561172415666468299541561277219473154
59832337646982212923991275563336764396216546139625719154965898923735 6387639366292353938711486985622466546483889249
4468359738685235489891759399276329417672613 658953798296567562859991582619131
41614128228271672426815691645835518348164884434137943468629415723756432539531541473935277314 1873987824365329735978793773989716992174228274463683
2184816533265818594252535282699423981584825315492162832169128471499637 28599325163229258328337724113516599946463783646883848877281161475625858978143
73 26339132197153886918548578125115173131873243478771912311731555824276886864437698554867919433
142117669197362972875348824937883417194246823268387124 9722379642268977781356395965563323
961219181661266126961951752484822253 4462956823932626687963637
83728744378234834734243865287 7359241
555935972615841994794715269953922736825291913199894466789254123992637664987447644 286494741291145241797
851138914156453273 9536982419389484733691679556685832782519317384533847183789197189974764728785929988646481136
7746539623431619263925925675764 224166453532623822656786317471921849842
389 399531377931525887253368877464812619194286195
35658385143985993978533948975147158361452557876435252176736252993 25381444159753717113176779
126679249714645491483585535489999773482345666669573184831456548795424537 1458288792375821417127453677852517585519468887446579
3198924294196537242115662944796179343264734392395333158137673758458658436311681973958533847138279852 236521716929278347367768183626129875292598448952956231586714572178424983382
225643546485796219674649 191638716585738479731715753721679735498643418
24913593673395868565114742994273851197454863399519442436179368533937434138456825812146645399593112 111198463958987784889
97218382897993998648219248777372956835515154776 428318165398656257414
14748656439127458998519467471618543472227889166332288985394563929722253525893364 47347289544536982578134182268229187756843472112148881696812593416153557399437517834
557136396663457626659739 245518964251595945329713634
897753921776772819768711392699418715195647 525581138387194649662245882
8281931618538816424545 567378657771272431288878628179775826233755418358235
998425483659969848788397182 955937761773263216226919373143831163429358399683962255485
17281446928471189337993536188629928199454545944419551511541292 158195268956868471342852544272163852418464
717164465737956 513687
84233382116157882519329632959368171712946372813917652419966639459812 974431938231517184652614529629219699378567558135388995225524239158616989928988641315181231482531267
9187283564461171961381983482627592613776414986467757212191888465758 75172591924175781363434629349386643274
34189419 82569884574446625279883393652153814626716879397912821833527383375419178683388966767438997386838116
4876756222511791128999488246345418178689522933521891882131784667285 727777647966277619428318499
122482947357136736349934456813433163753959446718566113874243387969925999473724971447688945483 89632343143833268454364979638473923371292376134652615641486
139395168461538287477654772395164577754412586854988567946567774699489221954881482543 95
8568435155929332718677432545919859927524534141915214744241912221489614562576648968227369459 34775274358761926998351623
84676949718923912445 699325499425977966115627552282248267719376454784217174446673757917429236139542465794829
5561164491833671723534342456226585117946781483944163355462458376536766 4641385238249185185299145262384684817152993669112985718815736334174714862454981434381168
7765326393875582745827818188139797232939916133773868645975925189532136546597368561 672894998886864395844785675576621211
176752551596917 2733663964235544157428446125693851278571458547993941553913615
9355823957957282933944364274438 81
953935978915663185291313136283379838216932565 7872537638165563768477259168794199744134491698723954685121845931249736896413479744877
9212 83675361
7778964593722835139859954826174729875128285399131193485491327433416362914289512638154821721189448 1288854939767217497567252156236362378551288781174831579555596159
5859517373525258557816377488469546733986153672113556148913245545913746268544694428666 167851681397481384177214465112263415343369859137434421353315781262616389513438915116125
514741596466844647386658877655767 69122326321659469377916553428377689715877716782171761828764649
45741665922788523899636762136185819866324264824464263631699876153136599167393753 15
59111494339574612523222157513216 2543423514292377737171522974473223953352355152695896232697734
93682252573459663673336677174727817299357999588343113898819853579454564172391438386126329826183 4625247561242
6172573531992816642591285125329759391527281347 1144474444262543662177896644979959782584498118435915697468292317825836728656565352488198597665295
4711681668591237774354668145687463731289314174728613336743225335785433 65525831836797746323599696875939
767141948758322438669927385284 843814922163347352894195619429111759924213476523635727669314145531939
742541722632832456331822366775325225327769534848373934715234888912325476854942 788984315836761597489972552554614563765441352137689227826224711
3384119188415383228377636975272588137668868452711379989 968812627916118123675364338
7823 8622277763212929613546221236246521915369815821138361214272471261693358
6388382281532925168296514519 1513525465235686655797176698666345115169536968977556881662866794262616866289713897246873756781794
4413685 5787611317856526976158269988
87694852167623651957218414384255696896 1827982674566894273538898199899833315
565359356352317125759538152119579479658754676341992166251533845982463533111338443213718267851144913 5614744998281746269694316818817875428179867251572494482
63733239561525333526734324758 7864326781192637286841456619185893344941766544759841595958299264246325233
4719536696398629551112154883745667113641528386533782928716653166947868597629819523284 62927222725767923929874294448864793979836815377341198921932746189799845311222591621
6179418485911388886551237242137948837795174927877943311532898817116212117197 1991465881349847857424635174769657712743556748483349712393481998
357966292337359738263617693933195542527179253715776465744318131519143188 7761861248733182543378377749557485239664949
779179138178 6648231417172588563713
159248793675578452442917197362656396383699799182339692 6231229945486317267677717686238992
27662247545414842212141438719934262142982967894 82434534854999789273564144571132596889435854211712756643171388748577735
3451788928255869765287279349147424838337185373666185293935758619896618 159872412159478965364458517139299966741957351133889674482869268479
999514717449868331631725628243133459489814212641526749736268396532382 527698122292597
5714763812591992617679319841 4437862712765568857229492141362182715945665826296319426718646377868749497
939481339744193424788146426178679179663742872952874532893387855258186218514472245526995369471 52241296935362863918818976977366943795872893
352577977473142742294197524 49348391549176823149137115476351529814151752
32612614686443976723741499326692 19346276351797982582758825468468125731259538564298937436444799
664269743275158382781875847847684411728448196558945574316816 9358915925579872866343977527891439
2155998756498228397882453512531532286367553989917449236227888182264323443873778 4989872956584991416312528381127781694721358748626633
15695752827651961716758826848551394943716437237588869733293725852975291766 66963769982112145227265466635441386
32814294563112565197953923895985433198496372411951581986284632637622728675249625622694463265419 935896411818896842527933196675526259771891585281682342928898683647963917649275677859166
115996611227377696756253653734726876794574562594625228516367818133648993366762748926933639715659 35675435943295775121695156738999825224653156183433629796515482954939886625
32939719678123766847132731994528673551 6261277641492572937572188344791388
858223766958344753541526137441141775791813697826392556149951 8838353
851254661989442134577845988345898787854366969 453941649
331148125989961483995176269266186285697818756942442131488167921 8895179331128755123463392623327227956129512331477879134652137333
6579676156122499586775761851947635793 7933267962333157412
51219681386519983214412597978955155512132249135938186915321299293 363632252672412656981343573483636994937996696872368
913277649657477122369123121918182654949326384466112247751561284351225537354 7845977144819143874668513343919923748783
273777225339726576756 37577322178336755868652653559854932686446969931372183337875851544146424548796363734
251266976338928975114543411565747649779398893795628768518965756511355745 15669755513491873741636616882994879811941616661623676519987
71622611734133615227594252171353496 276178834383551966224897969551854358172618316816866
2399424382389346597879937374989743447544317993821116192495489752782213946712566 5398599782356363392354198678178252911367197393755768687718711498743832914478561649735269
23857464578439 2
78165223588857998825981422686775311211396967788272833337619722435326787876981621234811 4
14994642568216788733531415598447887224769616461593592797738121441421264792 93733273345771238455281264555441334813711693185999972269
6979465956288184235111 8576467476313872289942988495235956549438523264694369875212897797625616148322366876526996885259271696
428264776 68582234672229
45115958455782 1581711938127942232592892566985577179178515273219228248
68487684236527441798972454776764331 35629573541
369615693436218424152386967928422928134182266734746349915544644754493748172262774 5814749967689261195948728583918373218981
886191485177768677485 1265986133
837535763259347386134714287695658591448262133928984556742515 16711249
7596695448 2942644992155631983318783517738774436848829582648853878291376316547885636939268347375819959865672327
624836125735521177412397733 6616311364
6492 93491655817699786745977446444712528571769283
75753229156191472314318442361319148889845738813949797921915616945175214439695752 8199914335313345239364968621896961696567329187555145237216556687665838619331393
83118225644434254383839618189155541932876731596287811292443324763752137516977828446586 59
87 4377
79363325122195815211167566139639557235173716662453932771813224677692494924673218649 46175297122187332548196513143462919
2217672499925744271256168 4245985515481199535711844151964933279417533289976184393886349335676956893676939
55 8315
18883969872915369349721586145931158758621725833435862819679416758513548784926177291429872763722 4615266353
72316323166827531192511989715546793797853838386865 22463148491684159585748119856843535527686572412543452154161136634922171542627589922
95752162223568917628663191217528293877767862738258755417 6612644
5145348984452714568168472696222521487491564652275295424364611161748789356417427954349315564855 3462195594792744921552339514246511684331482835914454761864665722868656229846
55748422364176515657755449244293 97245857557941364534733784865275522863811967511953955365194797
64 292578876914317126557151971596478489359293773
2393768266876333376265144895971418495251445761271287566612396669981894541729422888336863752 2598858318341667
95144197371771713 12285923252255773843923
996271736424862647846717249784 35971141534236797424158396852611651133678952946863247873
6276175557584296 54491
967489774582944545995542754322778281636677691442951649752 76154733345688872142627244466434166895978344614791354676958772794895869644215394395291144876626
68996971515776434254816531651487558525381142258619122968153437918558292 4792423263268892542465541842382622426925583437921723948161983962774142974622352825346854767
41714766231458814865731932621959736216245537591148576 38677477456697752289717736687
851241375679865358561221754282231634891745217947797178135161276212547 84431421126512951131397199675261127483323721954528594176272591371938361
43161328294518475233759722927429964954724312317459376262913789142953287825786822324888575373974 27444389815591425422759287114844142882243768153573192762485475977938517641941453341295246872
4594858867717268859143687485568926493334126246295 7599499924742444221827861417751893892495515368
175777746929342385856559321673973265622139854797335629497994355698281594686658 6467861694848885412399261918275896636665
2736175 797914663
74719196995945814523967847588432415124636553717281843835293839376536575377578442334612461414594 47113456515267274176586964826737913916494152242355768636412657474453368846331646
517428549155144394788567245465353624446655622987127179419974976346165927737226642 686173658777998625524853963712348462225239634775
9 1866189892296219
97148695851719 6271384696
3114899456513967868576438449392926547546363227338932166 14989672698422483374542352966573839811982467354768573688585724692357455637
858916896975545926444816143967213938332171122719663 279196129291234749588766826728248674253315838472197279477968169439115995979892612366657
59886128481468964156186925981343784482877295 7
41866725582468871742384296962 52281673563163733441523153362664363875274882428729466233897317621678979878548751568841239586825
2986962437853324668571796257391249246775356726822353566687 5612365694513345363763952512586999551725935585265128959425213378697146659676344754
352237994953399417427161963575134252239548848138856925642419488298588716656386291 42754685912527325949437413475455574961319532646753645917483632863288988246582867645386138
3614214272642748653538435383185899129867937466 174871425949253848384757984944414829314723898351623263326318919
71149718891719929886688988418524926819487644457626284919691843767971768275 8656215872823316817949153295777899363974736279829563229589889485227599968769266554819188781815927697
1882687611859392341443734654329473166515477748883536 14311232716373878518452271744352474957
87819441469778831659133418765952797 29445692784535522971731212287568
29862 899355535724395219633731829133752111526218867649561399193231746478873645357
12748791521479318941953224537785762634878185963277723228887222481821193332438829625345325232728512 5466279436451764477368824947485898435222577887
46618671382112355421937762354812193461467175653466123816848269115514656831 37835656214957744822324566922135977315571348722
1163393329 61338593789625976523414263891
57818972364575477125633415976737692384117816571619919539648545395289667413228 3146586728541947687722311426579376538151163288721458195815628
45458335974268427682549496478467731664797168797187245716662271635374 455441197589262416453447866229947899611738218599246746295268
8469754821124431455381627111543293387685252467199227529535692849655155446643723496634641367294415 239937826474356967554994637241439297652941271218277655845421775
75981647617 196426553279323828215137649683613157233973126336562822693454873684758768446
9528697261744322488585271552483121 69594155255375777657358785934238359769184315917593348592363164258961322822324748976319954943615
94546269183728148454422377327241745479361622551954866 4924564325535141186824788741858482621964966342938479365871926925
66312379 362649478945772922594268748719934343542397532736891416791689899488356716711957
79968337613135258239881 919529123534533732949887134382112452138924591352143
2991862197598599673569231188774676367754521373773867485319133853233828252371631987923991364857 349743872969173776266979769448461765221189327644447547998936273863278647291948214268359681993881856
47954271626966482463159255125655821658117355271711518137278 143517728175638981749289174549812685473461699561752533472578698372138795
8555593623571673391365643634489961943695237746315481166652287451839314115322118795224833974195992 3776984495194326897479558977395288919622464624277812813967147213843411873173934614836581699751721774
991889965 8666894219347981321976949555289565712964523455746432259541416272823885394416666533919836295861
858111 9516715297287332255349391542463928956861655776884269393289468119117833926636299435
3223442931825766525997 372635219436969426161773293926156626139413973643457143375116299468542143636735833524
8831246267691637121395964766233428126352522 8246533441557157619329968868797783999513155799866624127972185259293468713616
46321141125627677115 5525731991513926299415164946291659557356299378992522496928156123793562472
89479777229929311485981369636963552117 168187422514737143975171594425
926545177167443913259 95918765515441439247876362776521926735838475677161
458834439 9558915724294565998429192364443
43569124793496653593633216684256527417423559 8373929132479548197943425629177462168554916568376551842239574716431439617
84736724354993518522278391256592 69338
8762927645638451454731426217563112535874881196856455412594548348 545582162316319882688811618773768763141796586991136236825331894489925513639979998499234154823642
255 7477395219382265136215275199313
4497646111859998975722897 72595974631912713948822
64916379447468183427794984469693915727248842244688913873 288461325819787319533739297287139293949643646475225
39434226424877828198271912241379717641455313352218564177547 977439954639121757694637226557624134398437941261136754832439922646883773422212686185481378518
246988671691367676437425159593158211531615994348232988323583624672167774578667123857724296776311 737997344342654639496959463591896
4973223321445882339356152139572812917998257944733263372821736222586734287668169655445797673 589379382413829362176
6269833541175932192584 118156338716197123895585993
852543629947277967517547161 3242932686358833557648895334719973658752574334164646715982783752452373471678455939527691771
9412593115888676523572746522463529649519373182821491127982665873475598518417577681177599145927513 1384112587245253588649564417235321472135431248163366473455961128992894782976613213
122361747786794169219755546537279867557995594 272135594865
545169141915115934556127538765815344766316529721262841417164813514278888385867986593769625734 52445239335283315231611821425971942232712253813713912765574617392724
242343547373676283918732458544737996479696153463745295171798528499321127248918687812278573951452 61111578627328878263823168367158939228728977825243234442491775431583531544399777492639686746582784
43543534528925 855952511112536926328336274153177559897775792318658326723392395428686
35835426119331188826576865538216946163165998927936349357527598623794 93597361845458835985614568764933928658365712994788668891643845118811784784936771559339
62942149448865978943761137979445153 644267517676165239953366
631853343987944513294351989245874721842587914934215999562486731197628431963935294 72281565549867946263218792874
26244187742568476898176766739716622578386819334895928644779787918864 71545239853813219522445812827
685444888833885714359165962811221993695941229 6999732771767971617734486135352551315824928637945462941422488916754281898
99567933771619524682994735974555284773437153239376748835124 16123955575583594122959921678368444726691133188654184654786584445839883277754887912783
329233177763985286173317933843899385699895359314186575685151 54985
945486648342215821974917751395163113653738738712 36649469239345397622311626624728158288419373142939348
339443679435359263266871856698257251346487393 246172277254239767455861555353692634
28954828925981119837552311262428765824362656272 198996149319749754448367815479944
989 4641383181421145583756793424443778242455631194928641346157553893322691456248812492885
59693122 26764573279231378311925226317245844699692881619725475697556336146944984
121711981819138667882896589534362284594158746627 83762631633952572431927994712316742554651936125918595666282356132474529744519628118
381614594743176493516765837947255445894166126439148552465345824 94817636178526272
24553495971639 562
5893758645153728393364851381 796713671422822437841652689626477185896553447146249535187927379278992653857919265827219869872784
74129975782412555575195841164878826228275825262972 6447719678431716458643436162388838344573915445341749295539713
683672498631328229941149857846296921477165372139587857669494753745327877514948 551924599795884486723366181938533577326873292375624538591998791439134522655412166647121662721
4286898422 4292917
895571913858249212177872 956934698853979531356122823429281731231118679623863426839212649
68164695373461187325455518272571451316762196957 68664521248927933966767234645395591229432621832598731698443729254757851672445711722762547326
9557826112425776251523634669859765262329832744355 3866312617498
849361866681679538237257355872973717768566376656958767583857121483583665461 9656185431622845631185788246389698477435211751647317252998229966746542861158725695592334612132646933
79223187945549935169281834448773776951288921148823398285278284633882931194767949566259131777476 5726993255761592336216373489228745837744936145796431234631611791327774719715148
93172388841923513534884916763993123664492292 79341121497997423598375597259887997535898157281573591811429327758916848358936786
9542241458348131282799 52148182712
5494544816573739771 314846667839166222646317724552319585794343175681818448624431297619884791171876472782264685385543224
72883132884596953983316559871754792459651266481941879626673343777123459334962747352159955999997156 2156634565587794643762758515699866613862588562398
9289491953331535692124194929548163967561448882835759745886596311844422122415656431834732 7846617987728741123768586273829227937152895911664767611935627854394312
697299578455731735144643414947724523281329975 3437573399195293669919845735121884435282236217166833143
328672 321768688
8617162475585853963955143532683896467997846 325611313431796153386211368899141152829364132338624733245411855333328195343663555439951
628 38521176834796546582168874456439618896482155893732143517658959234182565454861627143796985895436
32548629438592163393711767924857638634137711376347912483911946465112836 843556726793846129762722765297319592589774554132977374587382969174519777
18562453 39623645158522294849473169433597465262615941969647523128244245889591413377139762574
55769723421673261413352818387793856339814465184122943269643298479462178273215 267244245339373462198772736927174645812742844
836983232636294837249913938 1693728
4934935 199644951191154871222733483413287134687641386797369683949953859164633151733672253337153731
864557323716358286663896379537371947747983462498842414734698648619923489816692512482331256636 3425555859877329693117342333
32525795724153639567456727662533546288147427 532776568395156727655868575978319841675392769748934674276961659747788983949263924
6637561294435286491271396693494483937589282865168239845588 7565344839244915774198518439559681
574719836 585521619163677247542987485849136172268
11388 229975
278279916417768944381382 91412143964689734594831544898678132564947297591713242931742521177277729662256821916982737167944
1863282736924346734128311171135539932965139933535589292115152259778574788 73813144632794658
8421148428451166332 9843336738848113284491827872817948548554456384118478633138214436513981494158475758177688456773
867416691939789124214335948388645236338747879632958382794479125972556451329228 76937274723292799652214491152844
3144366422569268428818689433897591538418 21345848599165443629333
497257725666419343765613181136252492977648985219147224169642339 32295296976158871187935368554315374735887938674975954156942334538661422868432163263521812527
77819994476118279627146858574 2243922122279151246432852642876375171759113248277218596325596825319137
58462662286494379957711681658663579863267893842416149148394988765927976849558429558492187776221669 867129992149223817638196864185178533315494644913363675337254532139726566547389482
6555769493749783457661863555169664121896795886524313837939192255345925978 79337965759173996545886249517368231114638212155193257437583
38225 1146736271719661519564
697152531836979616 1874595681215
48197627499577433878577879378823145673914135575478235316323692895527858344511329862693287197 3899482281431181594329938787381977953728188186264474147728549734628544
4455985977891892366781157993777765316296645281855278175431726663499435562484857 8539426477373893392853311739428822616186799284768838424451134161455955965576
576482339 1368569942372728361
36419651435598716 2576286583674139684931733674987152944539835412115446726926233793984552485557871193
31366841475234543116296664559397 2524
82857998529251856112666788385323728424823761618142755951248641747988966 5181429893529652119985976397937681971661837
2374883111959141389875228184959226662626917744542385656837322118483721471288 83111285539134769282652934232782475617347623154165342519
257134584374253428534459776486453834236987689297233769161397743212131 44839898918481833176182119246358259882627533999834387319689824125
863755882726895885433681241166171534697685352962 9148898366642846632596135832743438461754978775767
944416495725 21651285514177611469974934362982925397464819958261513519747239717958647487612345546
5663316622867465585926141219395199454136167555359887439799144 622264386555883293545186149427291128267327142759
1663963326411136512436362745917788127 5276798666685919934941974281188296939569931835291386871985999599251678461582138413915475
4191241999945184219814476632711415793733 9195572926789896789674245686472353626948713284996663836
634131677261726438736519545465964965836444347219433348265979775937 195992955662554336928125723996796879692193386387889438185981297398613193826869137429652212491511
7857237 5816484782949147149284613327383896463197684516932817121437424295773281144568717657123764619688
145517831485777385945384242852568183797622941417312649225 5657994751343544167431396454155262688312683854224682434424699898163657335359
746657579163 396729977378864599392341696846818989
11626956336153237826547856436453142438196674151951436361495614485446172622 5157733864257412977924917718293148123755398
14194756 7396763916892138353312554729475555613773844228223921
48987312277687987631968825878559191324338985565792369644 95476775785842598274
68922429789733189521421243266484644882643439464659662432 236791965718857358732442676369
271775216531224428335113746557746586471795691647222619345773989432243444 49555187415172723
679746912716363295888942858222426945689338719696453867146567717993626 5239638482865815648871448999957681283688543462671937975144297763454743614576343593347824976918472264
87337128494458936785318522933577774129632577729869 83313992745217345781315628728813846398864322497863997174771
6319479586811889912397117751329382934486318549589669458852796929655953336427675269331 74447625
16914421391483442824534847792498314 5776323155216144799335132986217529284616653824481883249723739255282
4355171336545198825156161887222246546665895688764172942215 123572278885286269452954518882394878716864714987629574893869126772531728741752
9735512 596655155211282167775552178785219421
12641545916894679279129179963913349134632935284448217274461732397396179159552541873329 77617647531
291116232243853993724326187211192497 3683287586559875585545833792666794686511744951
151873448 794567872999654724897
9384887716667761182199919966742874662387144697595137582454521653877653423176489351322729269 37715976375185486576512265618755638481865
64417745745994746557829942925872365369565624424269329844483966622438143694245779537658351784552478 5
4356898877792827999443438757146198922474331318965495239589 75198328
94152699536962883231581981183567 275383752966996815229633173574164783836151621919274831851931956176411762816858631786794813
788682534256332222645141766249756487789556345233217897681544176 5776593775
485364 78745656618553211593382654215241562474629471682666774316711634283347321266829113525
335257595411375864748248957282746186342874269166875665696983373818346242724 185474141232355624687345477367447793881294857553811247777297
21982893256278159181983618561323823699985399785289921567148339998712695842 81
364328961426148969413243 23
647554159233361295598532585424733475196141935499384281678465714962 37626137
7433155483878835141927426993154852776411871439129814475653875773 3256844727481835419683812697
165551458822125467941983135612729684938472251257366589674964612966962 912782475883355326857315562854142285993854285437542714117344328729434596615671
5839856965676582639695937429113131191472368975285167453896467462145731245412834419749741 9433424665375739563786557956571866985844718386955673513252111
9371475511645253148519458385576117191619656836783862375 8247136448273137171741226227699454231654994131386996112586511337
2967627854293972461447842685799488745688 739971297615797841291687945882713418323458865149586186844229783186812998895563611826899
134247386411512829281453198983273976457114284976547632566951565689536312541741822128436122515 3263228413743163918786148351674214879566875425413757321772246
5697627768215932222641658364516485427676617739523417235941693592 275998391376611154132729788457512882318649
73 2275999723725469547826363
585948331685773647779811611674635754477 8297362138683424994141713152919387424356571764327669478981572367283464619441572187773536195989575
96543454725565346169594456641319147372258623428695854997829753313 97647464236411474814431883545278944782221737839876945511687385584417148322
297627539429166 415919529646332744253732675734132155277966412235584885218166116474958811255599
12225528586175281246577353177341466839 76155436271188
122998331281876716485633725643678318557534776754125137261 6787118692428278266657776715336228356855644888444365733199724629544131997189561121127
94682439498375256388788796193972673847253748872831447487613868292326539425799373474382994972679 443
88143973112972863886255671919924617875 9724197237122123347827157999772582
32747971491976322778476931363712623274966792962429635169482384451 421245384583633734563252576226624366447197736
269124488861626276616146298667437849688378957111816543243434 65768663438274984383738577844272337369283755615121449296312612719792
8553938742448622182443615725727217454237535931539671958581154872 1942597679787379427698135357657831857
56465984294668551446736 46787237897166392759554237673455391
6212583571589992274768992177455245474351442476 715775351372757737176693864577933431351538
517845866895679194626786195481261699786842 872387714658524656122888278469878123913527919796115185172141
54641763345 27667747239231569192139446826918391162271745625168659148954627953856
456656245217257864168815834 34793777673293785637
378979222771664298393114 151888337634935995959261967289594792988828717696728192
533378882284498182815781277838293186498637649289629 853794424427321564733476892474925616515152174566931887878317517357814324485367155747141433273
9142425498981299213715279383571431594752286747325469324397529218227847388122163245322215636673829271 322212193566335252927
59376836678911264319963791856 5285864516247833133379591855542422114543972641458475324579443455748224
595172 6868892474221883327727418848689673684915593111316628152889353
19885232 4674323351341793734553755927248326227725898452368436356192697296
8165477157697481991221187923 386256596129291739914132228655
863963867622779625995466644549465765967 829541832248988493883
7724514695346247829853848981363496462893 31323584924837215148842
636452251789463453155441564968377732381747891771657379 92591442629564553475
547962894426312664872759358975549217624414844791824438912855754 967821319863171134279623974191555443511
35323117385617776812425494787884522849763896335385593715131294154558757685187424774 7942397164332374731729932337
883285976183681793349589 18198974924812173632199594343572694142645158832275637587355833449734396644
3886786811744798785747273276795233684364359635133615652758 6455193299976772584759785648919965255141492861855
767428914986321862851991126966296681729496491473723677177887163318698334229979283132925996719466333 247929144712917382181946327961357712545932844649432963386967399887259487919235954693144
74549182971221625861 913923682239113189351993149971156879746444367147828798466248273575886592267469391
138592136576392212694559673246517851938683463817958734824239879628214461655593428999786979731 682538243862953176
85858383469442981442844879159517 6113654128926113239132372438163554
3354178756362418169291621615991 673693486367682744811782125213736533635334192512167967728779294577537738913971566662149434
56767715494111246933778781798176418526798598255252531113773779483531268261 256574663483786519977621165313983143452618681936786283556829833982724
675961618589532471424897974457697195311333721212217483 343298975732944395539837865588633651957151658557175484192551629879713624345985995268658866
94982812384942656995552193473315939116164867528194677114892555176377291893289738672384633629553932 48993816191745871862262865611236249299134171153527933728836724912871757993996563
74716873435515539148569765688153382523233253768516418875916253 546971792118692188992837522496362363
534164377224197222314296437292738672572844 4724113351479495792168957
6358246382865473236924635883428754657916755882212874831173 3513438726289181786591
5479249329276115825568749674535323928 2314999224966
762865978458872385155688427548114118692711498156661682497911923923371137789615629552285937 5196153684678358229368737592856845914851952988624797781877235838175932988223493818251611574699
694635324554681474494714698611997719663929726945782296836 797194271646986431153553663427298147913919769214881232486681735223614712227695597861598527237
271713956245875919389115 79354943245439648487515397291152921393644489847989997921973451326436254291729652
4388944336481674 5267887194848165376496521176677993825485553
86153337482482117937992864162659245534189363725826112334697346414967752946326742375 675614976248149888412626731
175835676521342 29743357553263429999663912612386
34356414261176796736299883454512458285629876248932237653548896252 95114155964825141434961127264931316362814695533141197727444956111364
4473215565783335153461697129659329125813911974747382321986441986763191263615112715478579249954734 61
2315575494363691496227686113299382 5774149499717158532397587224475178835465372312276599477
338187746666359199393492244641535527834423283482425166244254688276727416 7211128294615538176982
881545726185338972832116618886465519773217416386525897337253235443 262861579539858948856618628866178
3163515877796881742358964686233894926982295969946963655666 74466821284584721489934212941375872245778626264462999255566175392898617741758135914711
85186 9318872612853939353626622337889377722386524137746942774322858132476939816691432183342238395161381496
882857792422919371495 32336669722415953118863516429293
965 85554529431817361416292811686987475255
668384156463151 453764594233729627277626128963372831837246654254449229128489173867449699481
8756149439448492515658211775351211311124233229219369976 819481262846421718953359414542147423452167282494
1674893 2983163951815158
457353398591538276315343748862591244634181131214373361529846725363167257292369962436162 7495969158889494286752435268763632488647664433199659868286752933598876588123633514487763
829655896748814872669584512587912 7471487321914676339116442335282856279545773297194753
679661165715441669861932457422562581788426454438715715836581 87376178671974359462919614532344977695494412744412796157165584288524812485294869336
4741476789447257457132798644242795744864238482228875115486175262739847149497972 758875796655559511156537776847941613437311433
88961556 3734475157159578914758883681378816743645292437577598479468734364352734972721673475678494651246495
659527946493396337394282646 773658526351378341129861978674646227571985586212712359874681315253
2338786443671252798843182947646 222371599129572414647241261839493552377363543911344325
779934324639178249985615575638667343594799513554415797291648176736629478 11794254324733445652398954276192873826431112948634973193127518661432698862458
8423152739999484596119639352521692594715286665425875535637 43888482788463775
8166925986995354837686946331588978669 6115751888874247913682
94946751187486793673424939893737819354423712579577138137171472751116516316954 9951817285861934364114454528419439632484294833374176359583139677147897924353956891461472238958
46374814228645 1662451678663547544195631788914635812719551827493555
592911895 1558383696919948319898715132178954297966377119867241329282
64971249482529883993843964764894244374 4891938396454371489781
1574837723857995526736245422991929317524635271666933346474249 6645593827663659
73 59588362727916935571873445177761286349329135597173973645626296611816935825962166793922435237967745
6969156151436795732671267553436192667128588575622925152363773431289461611782845 89875877678311237588333579
43333517642177158 68618183822116967814475597228446714886275867341816227761594731472383
237676348645416894484414528756137164668245853547644812471 15257561122993
537331657583893398895 26922561
8768577887354888796153454454 57
5448681891119235755544136424418416662361465777713 7563592863253189662974713358239212788321156974
6436966656942176252475 412436997185177599796761198585841681558957475799228937697315179996945559
59418877858887764575514 532782159532615938162778726717622
11964398389952157396519599412818 57274689514586915261411823566944554897519112875621316422527169113574945214
2761884397281993 259255717433781134685358728346636685116342887999494186
7412469382222825867987813623414221241713621196745278667247472714598755676388341437362415379871625 219531341659128
711241145967849431465882673351999155799649784499226 898368465952967865
64132996168166347731389773235442975524862156669956191475326292132586553339181913478 5874332796169554818985852231244872373113972833
261337338828328485176353314496725197873868142281649279326744512136794378453886861668786266533553 31636143299195216334314236941589222361319872791648297313311385714119445
74681656279623764663625432811547784783977179389389 213929852
65737693364138924977527243444952187283885419429376978733857654239353 39151783151548439671387366128866916764396717818887496889428466846663723327239619196125253279
1989131383194628373997885928516216482977648442553831472426125859489581493965822286122978325 44142518144528742933934391332439893844792981
72385235851638945849765267569782 2771114127655242338526674763759286615984248636875
5668981755237784161646223129149974785895782858833452224526187892788778368397466339995779 66468196831429981752813196375823996228625253335425928594744178977226832326591965786876754896277
83368844515324912655743798915116755315381555759173943946392321 9589226548646547283131969415595584918
44662142882571683965467436991656629687717166195121919822978484598595512128956598 73354916221727287821835129799913269338637654881222263124
35694352318498544863764911366457192616 374132766251192172
3764846 9743967264715886287759583593274266232275472531484815915871179734
94322654819599484437849695782829519997719644738774983279353 6497916563915929356426433325447842791791997569876
7829621253566694721677994851979 3549466876776913298422357482562977853736158871856169185777588823748594986984218542674936317185912
2762697416794769266892821152782416445515687583736 964371982749439239168958646
3565 98372732941589849
11636412329718969125786425199991145728936236 772374815552543816714343776833983151726966786
33171776864 183
3147854216835175319939478223476764468762622498349984589782149614118741838494366691837 4884745324229435722911238524852412521655863835527581879627663
4416422724986864941898959976542491859632558949888898982492987892229712298 8288439971429672987885753125962897542651485166649987
69974964193771493343379695727395777546556592957493444178852884 921213362175146317946179764293729378987875892
64462673481619287289596427789962478437618497874994973344376499515692662336 115299256548645555421123821397751498649
15439453395175787941722616678236645692697 12492682238851973373635742364353121581844617187345326429489126535353321382449116233
663635869293985637159724537777121577377749255462128762494 67391793745994914363876
815841331639826 862432318472679456941687666818657778541516588514482149279639943666415444488392125594
892641224647744926483566 34478876484594189394358644918387344448239273866477963384887377286642351726874641479
382361948355622172281196227832399365926685184829421656755217748613149597253276691721837762115 15622684639864927924518339196682564311478922492
736966917932374349673246561675145969951913545852379153632935125356815289553641592 964587
276439547 5578388935911531913
345272683979559549766163565489156341255746232176746317117276 941255196245818957671668533
6683343396134322547912844482197961799237821738 5671863642555611632621693965282
86645149 5668536547525
42477163733991515612779464456344384211748349977635893777538 292934641438421648553194245354467555212812913747991789411594715484898881811788262161394946
26992316717287499174919999891354424682437776298846169681174577445363865479 784349621282562331722236363999199157846634517
11 47673487
494892116956931 7599199921496337353485146856928263348217522625489329924233152873658
8352452344711653822281217458416957135887275476333681 2677182657687845498683228945493893376941985636482744
95843415894223539255 4744318298394747
67383317723748312716158182427491383946531624251643922837965668556289366298596753 9632996265216936245573696578234955469838551271459324249928741941845487
8296854 798922638198128656132275796489617646227941391893986435584975651295826436647734
93 251764559755223389986162353131186247528711519799518193166986894736785936296
2242244414494916798259911632891972565632655135992432864465983774161259668255413 62366529255873212489813996118
6457666261256943484535757138635998592179824284396523152769874259525 8511585946652867
57186278721741432717755424765545826844387157482217497916125377634232113751741622763588 18777261929921381841345532252514293468765537656151869312
8249476756 44395216617155996643955755
5872111316213136823483419871285532135998597293517432117177337 3543652614392765189291159518513376432155358989
11242966339419223257455852539579642478258768235226324325476763714317856811662475412994978 91412512778368643621136957788825599617141253635951941344968377778563222985221823217425228738
16196181463475171826551455198662178414437255566522914513142 82524932522741276497184584981156278844746389141316368953222624929158845156399971836852783385425262
8277293419393878337877283817534427753213694889787277574896429575295621529829633123197756793 589481884144617427
64358957839139473897871554979671841419363817982299743526518924855246743447881 2529891159935787956339
966142318252726276752538545294766797928959378372434912149699539121398186112631683173511691466 1811481245566979976293416317317656929988877148437152441726834742831837
29717821241221 2255179
66167558919817317675849682986717426794134 76671738429792942659925733916781972877496256469465665981329358353439673281714
4872737287495562124176462354851868437586269465156493638741317994679364146 38761262197678356137351442614
4129958132711315958998486897646747473845782335445272385 933631363395588156786546566792992159271593882519249388916123766827737197595
43676385414841772223473173 9339486731168947
985516797933636668114288257186927321 7241737641261895
69217858425777915618833483552813552121283493865816865762325144413543289289228556714 1491655545657716341699722849811248626333855981817716661841388258435362165793981674828317
6138615217715681459295754863914496221751444564913264616 465381769791136497963625161183666832625198949447777244
767159944 832595385721388375532669662871797666762539694193
771737564454333376221338252988863266238587663685632631217352729 7
484979833637478887392685733214541562161637346433181678858921668845931261376951117166318 7469489668489877688876586575797596542847566999414819915374828538735559886558941428654
716736641723246248785514513483561617844421773132694177 845469784636469981994976565992544126351472844356646496861683357859132757153161173
81137926176 72487492156356752493997384355853822259731786422434897313466448649475934
952477973162137425369589219351891545 692813435977
1249747695943833383161534646778145589849573736341884891825 988724598563919652883323642855265258247585835839553335724182471
7983994144741417827962128187752 2293451359828733936893795123553196171515711419635992232132741448182941366752388466
8581324848167642665182893698822827319375443359132975591997574522138639194483496413288784527234983 5472776514597648885482922343
36258532448639764962672111993847276522899631339948118877948149452587712335342825591 489881818264772989444833766681364869125194229886994137147449336169467572448997788
259419733739134191527461347766518824262942416653899697762 22569986819536198815252726349752731588
68638176799472325 29198862724183889681398833899628556314125223617181312392181761734639484
539363846397989376932717422276698847913453954885842712766368391123288977685824894 753169343435668611699369177
179478989113997456298187863 48823841385818391721
5981739428473438733681468289635261182776626821827837326778736925596897365334835643736127 89319514693926161182877697
7155973179163334351527922365559579938523194823485125223773214536935587946699637832549829682 22953548256827166619956431737131213328164163937295449751927
287699218572794179473374993826343848 58563283247384564289425486348932277722513
4563187 884861843726774551346344552834767137696392316578782831547528174579366868676943761375799
922726256689363263577715354361525829712835768 859834281981957295154688579454262712916267918711421539365973669669
54475544857553 663794762896193748489937627222964619485561932834248613351417827459915763383819
264988749414913428564543496246365251893769841955556571272348722352 846128916822647742346317915249496137952677239
3558728949752775983589983596197646761345613966663967766367983671256548498957727231881772789 834995914661246798288375924736136576154
565679259637648457949886584515 659656674853135255626444885568816766
1446341772847129874654163942258414624234255527172151695532576296552 935867978486695976697427524919293327234798537799967518658564776245279546645847558916133959
53873471242195579917534422684456281199347632 1131343653661187925977374162866479389534756313735962747498517111681256939431588481
611387725616612451468263368699147941673852648932939446519495331377234 49759944826243499122519654339119173594248238964176569969331283929935128626518441174458177636
16473877591 1742128554641766911676157138121569724116
8344838716194441293592719671183613676798615347531341856711143736556718651782371828714 89736393436741
6815457627238687519298944688314718383123989287571966816515 76282861922721388729964616947719812586846649831192791322389125
695369297448134273558694262497336127555979518173545972474448254749241256561 79665888717342881228145564569448163216223188743121658717996955889169456138983897837374489
28173489834898131635444461143563745166727349213521798269214758523883723 834625641368292913369715952522824759516335844727349318959614871492883428139529378799373987145364
382693211769792215635564443453 62234913777384857799119212554853588974654146848346845683322
134652695461927567825573663 12568231584558168484766154347296138713664869995642448521427
997547238862877145197551 1276198765627232337817873641998396
642239813875472845126691287888259762879111173274341787281474956687151231983388265287142542993979 438549683435162753721217353713534762633729619595673422516873487141365962563612794477343
2798286636995963928772131866425667486445496635199561795127565343238687927447964172977228578436 2465121943297963951876661865269943915122328668376479123633983413698858482374
395441251843617538824828963861689247398257667889771857147137838597474356189471768678374652798 51234164988
665743473629 34541597992269325847
527667187714 226637424766362358274583329814351867444722833162864784363922613446
838179728952996793 327751251
613992464393381819117458373621834452576429979428559721937 75466872
64499734787424195335114947736534542153788613999329295 43351966821
927151283524842257916577331864854887188655783588896283362682419348486 725927575635961166189956984272279
716834548258286874269593529968715237 19285553134374163588734584578372281
2573214845915332275467517413896319217772881739245566622998222361958564668513265617 146478671676438954379946753499722749644899139
694717111523293128318193346189659176583564724367265241792419 83393773176393675179423217689843283459483451253825
9596183998267687656811248378991598241299 7432462694472931518697922487532758786214913391718452977
5644148815139941275114464288 13872163339227831633562114325515
3142233576636376122496141 5552969269863112636483381368954496717489262556444172967
8325593569547135679599176 286595731426681785541734319373
254211396793179624117626587473 225898153299363183893868186754486268996365733
974299231321935923865262862161855691914843535171929837782518832 76875929698476489168498292186122454793524943225292894368654753477345891416485528955983312662
5615737174142131324999884196539871682545566119436984432658114636529481911376256437324836113 2325774457429938523437
846167 874612716675141666529541174331826317258747852136443115133573577111199997279611726958814588137
554353453839624484469716 61571947185917647921239858972715568235232246266252813
1282579676627676987925548377135766829765416377676695671767474116557696287673286139296578912989 83549745178731444553658732536248586233753542538439174246589797993793878
59729311749654911745596937914674957557565968951949182874 372346281395858678998743726418584475642
8377944929423246349954417469385362919598 569712611869119629687918169559794912939371917944874762155944753252863126
6 7152437737219642884649446113697
782651758674316972 688277771869662833465458889998762258225118352
135268941636479677248881537687 1416898433142499464462834256858798963526184837218842919575826357732426411182
55567272792182884333566298311844757559229453683792 18463676145482273826328163511332999237766516952423894193
456425371397429799264685723217487937886464641884996415447816 69122465821952992791724637296471931994976438486731998566937767763819819274795969599
6579835247713416893911942638141375776631132967277894832178886189226959466578233379585171335454572 7266896937394433183441889561744712938284479776326288522611493886776894
84689284711573261328194328824662661473 5792884
1855192532428494895163652224445674137411689737 258121591938271889232195472266323652617279683516699454497166475632256962979217397645118233263714274
327182112728662758649498982585394396 3132472334
854533156227851758796164428452167218784759348895249431711895496177745795882 6266664547173354
154138273699461164992773694828618321719134987317236723743273338792257262422891768574726 34317684634942837271739339357183
12387332977183645771593738695722341399441878192 7724711882516411871776793499393492462857
717142548228564968596482311436572214231581523895838522762418171258948747661489 366181146422483491367357453187769255675
7596746364881448519342563882582134261148475 921577983491448
844845779238248884422496195885822371514644176448 47245116345442337326294235825185283746226768632228983362277723716921353498349
4311363564353573869758623592462324998734137794957831917683641624215973182333189178623473373 2448254522596594581499322912899596166945238234688758522676287445165411779534126157986885832
877234662455671762538958856445784662197293536636256832846744784169339783351327 1
9956219273647752491957578624722946227684758517642552498683 95491181786797549844723396386811636275291554294938599129532264462648449826949595241586245696222247
871111612546778617855518724983352383773847429667 551636697422599563961353961557761741357516815934555447944665
3922833815375625183178663614155993259287613723 33876599921422429385437296274213739968524629398134293
14743241974645423341396323552722798935163612165459594176862637883477 81856213982349273891116539911184557721457855988583624845252592489221231463385256378326172435575324
46838424832752636444113995238798654842782888423569383881245783184864475751114437859 8916535779559296131698387189762718414555595222516674126212228473
14918678567613491939237881464863741476522947991213419156 2392479368989
8844833496262721464988495147666653453348386217156737274 81819122759279444941655496381612262283699719751254488254
724918722639217788193869512278126341531315243232447377121849143865535579923534488877549615285731391 14743125581376118
75962 8572185781391644942252987956977835816366374777458587434939431451923
1199282 461797245296529516986688781327389549888617737
6732161972594831864453 764382749532214426894116811661847815949227814462431277247984899172512178791438522618277666
6385846452561676718117744689667167143683419147334758623749216626472226755853973926453847216758347 34125245788817346468458493916787528367141139447453192384415976248784876135823599219952483982464
19625689686248116157961858691432663444669667123638378542286399888 13936191339118229728597493353387536966369769
12176132358865441645759933485398642116467491597992 9224124714
4459319218 8235687661589817332475744392422228735581
59 61159627445
676877195985 941744559986721844
86837612472471447992 34543278671884337151289744334472816349856189578551589431556816391597
1485522249574191261337386445251619758688 29774789538249936192365686335775571267517259217599575276232797666316576417653895937474595387
5564858878869885481868141581966777437291171165314442721685753736 68188417554773477571739678843791881385139
76335412667219689146766242326763289562276126546967648921123434848286 52581693133388747816936268514552979462651944935461375255
53635593235 2142932948785568916732488995166932876656679317273573426334192
33625591371447431735242786183719449164976 63197999517925698764785122959438972534667327842341968463186213949441257122
9323 626826447765928139171883876662571
737473453352746983 616755399675411365837595173819866259475845244764
353895858964873977227257876629447719166311 5816967331564912261143655931987159382235758181586975427755222237568165649749397524551857159264624
6484461399553888882889471375624865853548816131986364163627523772642973275619797326472651314 4867697759622213579985464584488773865393776114498442236
6617871185977326831411222547124884414919949384188212889583432964 88759737896928797561358265267415767917515436213732821295158122533899289591375738758513342323263795
344537411645869125278187 9
298241411745176625 43216273
48994944787385826962139 131144248711149577197439634516
159259383196391121827813586519477661817644238163778761597324346588532528828445321356432187 8366678276228734279817948267652691625776127335531886882473639298374
7593791117212739685524926656822595312661461816129866128888724345355448514311633164287189598544579742 732392459157469618136842414758376584663399166466787716995235
2995189842671686771134963433561 89
935779136294929119573563944441365644264469367112673962417713483234 756923971737848174486989375474253
585186393617358156349821785 461849661263791455283939665732576846681464818273841591371315748841334647283729195125
428646939982576989291989537554749195336613964 51692429883272822852724322471735335621841442714449223623153
55631274468241561882286837 96521618641753814139371358976161994752818625723673153111387935243397746894
8938534743636151756989488817449958121136146149611948284658662564437993785353241954 934147191
1448881346127379651148955316965681141295557575547843945767537199734191251 53826615995154576967216727439188996928123553527359339471195626649661128272463279748655999541717
999993366316981623887239763533914694577637487471988596223566621337 33269522328917354539
4145998925446533747155823989626392268177 49156625732678912252189627965686635491731539153687625365125219365919961298958798998774764472
982724212658393927891634336876633334984394782469643753895875235468224934623283438855883972 746493457524798694865737
88393731466953555857334861393633758731374474171398673736618627 537473
65491612477554951315358768734911693171845324949319747711179795722271233536562119888424964723235 6413522552212456695864159847223859861353719816375396267388719
293 87329437773342
577 639872248164
7491194783637728424981248965482524786548182769875982165248689695181388672489715917263242975 32388955296328629432175232362926224855883535692613164396
272 14329154282582519664983215377415355856973424517647489257537625116337559233439567572
8917293913364499779233917966162492727948362443659832458294542151433298358536469619288332173644 59141763319
5865265572914449887295314747242592259858593271161944696153484489 28975793122227529411638719559219588365765673784311272597538923118
251977827235695946531538799493185 12948315823535924951558565273977971782694465954914586
56644811424375745842318157313137112379617552641836 3699338725317153329459785788362621
6976199844312526571629698774129777435942118674524474417869959774474339371252752613635673126788877348 3123517551918967827392411132873569313652277637738463445313173966413474828882549924891221876141949
87684161693666197659533967412293999536489522 533836521136134163732967785593551577814691596351478876367984773748193451241921111416253197382127
86651341479947987364894247371982863468525899797454682 744354214162321221619412188373764314357519133767566395715531985398
38948549941689976436641537842896513678722674585654891959335121264637354624267847137124792 411974131579578794786821857915222987638148348
19533662558656139922691543153445854893742911559262812 3898728511736424832581136217272689475
49665449923656642279297145599 6955793999986519278511554495646383826218116255438528421639566946682933296687633842788
946157249471696547211542635545912453233873685344835566531851998367689125862635594611489313658472 341783112324212316171833647599447955564884937647334722237419495762744
358887453624488129543869649137139216925874185638951129214851415413423349639317789341282349 8781141532438793196135319422496945685135156582156454415888511131943285564572934759934632
78214575599271572644112769637567359344951185 851957528656886841169751477187291316542293789974674929
479829269479665963699476 737383422191545375265894779269788834552433382447287194136126666454449699572
3953858366222975133664383658619969245853973499459458468941571768293382594437531361463739 6716495389568871421427946541892143156998551865476459684833251315232417824979149924842487
64619949837611769684857288489547674441753313565 29738
49712463284739876172931877613285574435573276526776279922827747183723385647269 236328781171765536438339346229538678813135241123867157815573844454755996482
3374719634283312898214332916897257316185223267824569714658934493287546866825387626522831814988579 78472843571632999343585398886533465139351297974593734881617131178981349141
62789762527899954 25474
668781154213 78189319747845145242231774297241558334612721448898252234844538244423
4361175971461669761621678618515171985 77417123425551845211792598777123896113456188195384558871878936963554856269188645965728
239888825899442648439886841513849657351573191 7339349859416716962917916198676142882288678851178617397984
7962725328961925653463474455378115451875831334363 252593356917396797591616493925373559223353136
44786829147427311294171444571217149188458523533895384954442337331519554776232148486563133977664122 6893677553189161271724972171982198641853999721636166311395969324779261795899987
5991489216968264387846274255213199241721297336128361427736553383595184 13848943678665369843398737757324671535156638913227326216356884952835933
89262184761884589 254
872528826733941797855371292283884417333444962833 85978811837577237876263
88261472969457119843933346467642769822969882935174189676867847 643895344897442246317632523217939456916583656438649964287497
43848666988159126983512 6828569875674598117885677937837955585697644614831114
993715964398631935644616888615816245 12368886174778543724365886774916242791351278525985814177716724289764
6333593633915159716654192418215 3811961728197533995567928356251219582786518474151816854136991158797821819234877978829
2464591975911933594772845191623724633669961811889877542553248785587999796266878233119827952855922 12925877653981674659514742157942454622741993736444632714651
667421429682988273612 113939639671112476687737863255636689141842237614726653447696897965146429684283639935342269
9353371826119957929367 647814974284711155153328397145382283367
9728751317788162674261232176 4562198154371911232495256585653912896959263989518875484666281967278158223633
421633688853822383473532916864685825246556131481831216185422879344817273649 15927363655376255749148763452982617289433341895968467311554147
464586144141979421252754955637149712629851977275252817843376828658268146732958296999533 53388418821411193281786592759961773435855
239374 1267847173773835697154684891661231259519421132595754531659365381725986771755283394
8173288348658396543564567414248141447836375914935262862943243265283622717 234279225279525172271261613754666489841354315
232236114796591196699131393681953222325 8466292254328255771965837728481539115796487313346887695
722162968896975948731423877 29946257155171388416
37152867357859939512421484443756348233268587587632358115875848472 936794162
78348824668989162219146418467613656299999354624259747185353999142156 2521431861572565553656393678131911285823388727537569136286863631353245723238168413972891
4896215364958281957287863124535342356197129969153949338942445357482344313835299253175 524786471136129376854
8859322249514939177 871737887468858974476323731765467975575878668462494698191439777326234897525385467744585984534935864
13344581577813633959514412547485492394838791536894481334973326976184951366 7465569518649752981178116
848985157775111939152448642577721996739465649178315422378799 3422859473695946945848996161564134198969121426437965952743271546415732875148288641216693
38297565244417536435557544436782869825929795985323548718521938521815546 2289744729257972571391397655294233245674287362954194272849378232288894715862259424397257536238735848
8124298241117556766673853745877418388242486776443868231714277446487687156826144326983 12953768849119422879425847313764111896193179366488869464923315983716679387167996654643
977762568973956248517937455311285358655294425359924997682911421558 4666797229868152943879116587349944789576884694235611637441
9635965457689884232379662997466439491782395628837771828719862255884771324497 72657213581234839681659517219999474553124962265755831366498597817947861581569397762
9394963267483642263123176135215719685932831338365753475831777223637911219373468475365931557 4662917257149878844486858576667393678116535824748736143616851423317827295597
373196297699254369629982734618991945515339546832336756172872234814521128389533849986151562 396231475521522925272178525645351581828745214399
378342417927724628 63117597416783224859586953435
8733711873744656663527235333517 716422868831396251486493321517454865662998154165983361754562853452518
786767417788278492398665375684325497944916884856568473152219851181754613167639146 159158732739471633938161693271986261822233823116667
21483471443812845514464229637374461515319896952318297629542347671619721195728 67444572
3334347397312442388713717728921479334631294972346667676291862585142964467256291288111469523 81658213216814288654645592
4629981221654833697247856213643245896984215833856658454117447644616998494227894599117 952461766492695254154
728393274866499487982258843291249521 5584457671664981374799765145
95674525726691686611994545488685462353847643593441746619878968998234979385137482287 631535813697466463734643334925
9311417599696511319585869197843635765283555653773469832351197916736353542376199156256869 715141584144171972813261359457597544151877396199566958231785845466917134
94969114999884111955277264313875477948382489822398782539184578667166225373645218287841 8842717328351566871145661896838613751381749
664425531619994618897977889211325814979481885483362463114432556965541838 4226192142561923937966811238374476571
9183895391387232412262759879246639645 299738898195854177427215438391346693131173321725716788
2521668331198816398419225 9961989334152896885293
1493511136831 93198235676522872751167541237121299
451699643287882638787484786125821612137614196457541473782858539 22179383193258985284933819642474315815818146423427123632127836179533627796772696977826884131714588
4211531733493735673144365834936287822921581182113954744 826848762131474349178693
45642636645924712423914676 345878224362698435848145515394651187945495545464741353918253812933391931684565737249
598913545822584971262844668758288244485565 23998684611142684673642666796118878671117198869321897
8753755223629491598788156691148466929341791 2548792572157241726578594346342534147258586886386229262
5538687497487335173452857298965179233766559931833 7854129145511995665283571446524232756432456171281198334852664694222847118
1852834664171671579729128556 5784376796386786743636991584361834511229
91 3554823172473364266398313838515414979174961964117832417355991225593182
2873141342745674365113772846742331987948917259914211188254969661235728559943682716191737464514243 35389
2949595368379845645254125567572834713737844815788146224665395745891618829784183236973368516926 36424353876136297985311958338867
364541582173875544139366191247861444645541561389697245715138744943471 3733574637398381638771447344889495325544449479799199724376972976746251332
468334996633992623573113262549273298159752781585829262889416431764551646662 529831981636422969555535133967231732625379859
43681462 68623555147682846336935711176297319892865484393367316164395711452419
18948518367728531531219629966458348226222476637334224126528344947 443919434337389687435863817276842726445391551392656929463237254538636153143989998276356452226
19222982447237464522152767888531228373426522884434833281 2838861569376899179534782663
65384687657288867574731191692592952729681931781743733285397761352839853826498238367828126 772335863762213738881466334158171856531987472652373684545972325213679177527549814562451172593192
7684377522618742538741361648266956498349516629912427386761647874846485464898365441 37541212151955782199986665835112716968772184543722168691126384679271386822482
69769698259141349723695411561172883416548519295524139267991373512335731751538177267167476763832656 54555534237978944171172182958622655576656338316154738472153212549538115284221947486
924793457188524522277315259 713221561268342991755174124329479835253685287466479965268625219881667978644681739
52444257616373 473
5333294582379527258676194611683391765262643 935489562115356263566881877368539626329582764196511916518624987613758
7322427599285544759 37546985196377
55354513423834929237849967757237959264991776585 2247751882828231743529159845374633165288181
3453955434641647396926824422125625388524491541449422841923653615144828793835257754537 256965338357
653523629158346117972273117126696384265759822387148428 7629982245457977822545313879468937757795371817641597858328631242383658411
8137763843632142124529556983571535953413 281898239159941754612247
71128417514374445345594297984163746375489226714511453749744469388611974541 97631611841454857495413953349974556752319338516869
19618388423384 449689682711571148173497429238295249988998966
31914377654333627721857917417341971214584173973382473929768394935721215567341686312 89583338857846589558442875843813954541455864817822599353867595159652228
4367431826874347459517683841774395816344858643932989842447818652995892169945289323454445713196325 1751481327761431817496428343
741528443996912346196716825632283622856287641665838 377354413592353267473843768677156461999426586646242
23977344833289675112484 972
45977948351346783913516818127512965517191542164167537668 3368492938783
1732191834683675291959974826746983419297681715413823826323418357156237273871199694214546126714637822 6346986757587383388384122687839865622452597318268339597656548432
248631236527752983588517258216218139115332219775319396977856563 61697
86736292327 6224485647732399544674115384578788371318481291455849438125944538322441582265216759494852
66778264844 39272776761476734543217212547591139864574482322332641493758945851685938977238
78445547635 8796431833835193464467822189685211126442973
4319713398931389476433484216825782135291992891364545 3449467266274326495973773599565831275226425532952271999712481471654245451266882
84487123545996541551366843244523144981328872298161432772538732688464568944159166834135324668874896 72931699136129434391177335956967284153392254812144729899813962576613
5645789348417935319323946678918971145929924316564564116891691957243334787155527285154489365297654745 34548334361719151923771249446795621759429712313365271378265389377145592698631342466246258638
17 26523483177342121
72753575725669736365161674595413778199426364685442873419121957226896145775581289119835 57148733754639694653859819849132131595312
62496432992618433633516593963268691874948739153986278133264957388116619754831949163531671152496 5341142
288779445311257728597516453959833619856498246417353746779646854365398311 891353551867272248178522832993515657342739578
64947189255129116641934813133996312155594875534655147592428895496 8531
59514126799822227642226632574866356989674541438576665883578325774364 432873928811861955674653829128859681585164751711199
688696954387153289971339749732519586175899365921528948127312461946867 55316138221218853533623121394318
9428259253757194843381998797213218383113589426614457439958521186129672546326317986589487522635733 2443911417833267
4221414342223129427885755432916532666128844696226977269539533138843585865557996277488 75555782287469692184154878661934556842972144493336819445512478
33233895684189231519671628113598243648394962354 468577969655762864871981682972389627162716626927545311876963629812982769581951724858345918
387355521927644613681925252939626841181447964848913888669 79358151547988688756131193424974949651583826928722898
5753993162989824627 395496174716526751623543487957684925645293761711997823683628344411462976547499591612369348188
98518436424 9998532576813194242181521555715724527112649245196
8189187947381698596665274552149144381173391748654552874121244755288334778391475231891624852 37997253886933726448583982596439374677399484446256491375426334415624348948467
362228436242842166588535555723328149214187942767318364657238797753163796171 155765898213477257886721947568917557657318399259
75682132443234447518585689862236361129945156193422132388456927 4331618592868541366381
62285776462778789956893566788742819458987832319796698795434362221639682982389496877481836594473 45446491521659535761277228525437859
37768899357667999481785288837961381731821718583831727874448283961465744913785 118653556929944461319193466765823486454489278387987849
9869546642247494566152721141181432311346198854286215138 66695689286847651
995445768611485818 373463335783192
51972256222326644998231939932641684685358923559685229357418764762963892582546896596375426929564273 836285473128679375166383894155758584313119128678151382989786852
6322771589573943916781471273235156625255724288383113868977822 182146468483186899888632665872326461828553399857763
33448643533675479139192555846611185451782866162478577123116326971689 591171347213
6133382718669823785824 25941617622314888341459264694779
74425316724136231588486148236816 1245881662793531283827421729193386179318476457679649574349738716149988126759741669561
1957562925823526172482737315839451684151483194872942954281582619441879455883753488363993439 968769981656766233733735298973584896277132663825734
3374725697148879513559144844763224415191169968363528386949394588 552593689839687291537514846
5232779275816549126525746178214279113693675163499664613331363555517612382459834993312 767764136591154716586831275213662456673129939398286752148862526311959836566599138796523369
42334843666218934473245774942697 11211335493688111422391534387595
6439336117477522636759651198689656335499832 26246474928789677712414868346
178217196519314136397758796282529 86633569167578781642644269843747866994637555813886785775828947685
8276781634535856591562142865375119469418159117512518766553896373915114544266443 423588971744599283717349536
1318176296452 39131425929931895741
1762482132343988959454184 629367273426754114445382114411486795126431837
73793354484875732186831218491894596565532385666945455679986445314645115847162629952968263369769 4627715258138965776649913674586236643137988428232512336435961373816277996178728397397529
31 83139944783829319877779937669821428995534386878573777344827442832114153139
984285288 94769515277466354738548649886734981
4393226137843643416755 625857946578816541175566791357896531586482225471789339
626373495775391566958283968118684553674247595948977156744 5592596338156445371192435362249468416416357284119491631138771813119819476963846457283677267
7322355818877182871845551718779263141462761953883456131321113796694384167861775188 533593133748821522563679268188659355866887561138291969411787718319788155983587253
6433862515892987556712813729261376778285882227286931483345859 16617726368789799797362921772634661327548666424879264833726889268416881917957284794519459462171626
55623928836249281884674552854438227619733669231595951337575965583838335937576236696 36352253454162992599969279842916933841995495585671428374691516
531518644677536551681393564418523228185931841665534253 435491976746419513652267869967413188336
3821844676924289581143179688285422977881738411586735496844237752528857 988167
4366882541975785853418546794174781 97363876831985619966175853794457994326199136225295346
198537422763527312218 77129799822868992266459186784952818844564767353641556917176
1831412911724884637484383261447656856391964275245386774781666336972675137328824384174874 654249317911761287793181767964377925523897894211743963
62927487983814211833485117869465369644775439427131445335697692 255728999756895156419475261478124372646
7997484158375323634934999 11787263151362396133
2685965651548748921624872237665383292857899641197278758844155426444878317821942558716 2148382141617281528668
471289263584136454883392934739877189337446448495696 96891256349365368656416254855849194674177645251915168311257549182
114531594866845229834277674353149956865223769353252773654456659142496959921 86795844446721458983945824216483484338513266343
124724448315864127784767228665 139452252311467498273381443474961247994295629652396821418366191611719336418999212187258642
26356192216628852382955146571932953311459975482566987748367428515589371215 91362382522847118693938953967923681294823239164954875446753382948529358842638411318966381486187343
2922163951813578745454265432177484787124382988133 878438417486937262
99879566561911142894551147516612474296864357278469 521682394262788814178964123624984133595744232143797577598177517351561895696717265486
233667475286867541136767945526 472564823119574866167665356249569967192443395972897343187947563748482467634331825587
442 96371391639547346521532874775313442985
18322177414397441163419251664974862812554646332759629657531475522273531492828853955678365277536 2245199427211659864824718292
99233436317145119297424657926568933 496872884812462
211569782774488941 118389168124779325355459166987
9257156635134993325349937344474868322817437267155186977142568541295954763634781143271281835787375581 1438173473937145472822141274529349116844419323148
425896544255757874386379759251853492586739343215481486717882989578238429937882937516761919 174991183115111662349476269954718395813
295233379299886769498 984477513924792339994971881
368981396867918265586115653194899223478839275593733429843353849122697968133 729133498421543164695932989
3474777134517373259913228666626239671321734152457573226362539284996354819719271639 672386784
573168199721598916844447175656438379753882559699284212726157 6237
9583375571915399934126748126564799154646287826395713354413895779285372932788 6245957355941141918425765596566549985699776359938357666957
51348494942517884815671474698668 788857227824224312521974217326867541175416586154346
2342944854529568853876664448345717323992571329248696222559346 5796542657549532651
66451341559133363227561271753158867764555515531546513 6232439791215735386346313849295911548744
783564551259892638117247664938 96252986136377635186271975621447555125352628898512567614521535594546998569982311222864949549758
556683243455176785421776671823922145929218498926368542437656 461921249751749389964949281644555277252945742864
2989756619129483369488567431175288953933465414616255771122156 9374836684424645259223551246678885987321997277595253779776326636357638769641799175381138579348634717
6319814986462355231919556734261553572973959672632611777216166767516264489558764419759662623566 183238969187418895187747764293475218145748573633826354725557576631
4991977474869 449759178655149479484795863238177612727225
996997782514413683737469199782738168135279476279236392169838519326512849963354178 622499111985928641963831755248391321629465351122865638
98923289383347 6134894589386262366224
647811796628989812236277591328372266982465819155589995479537159932 28499362246323119312353319688666137626829447438884319962127922861698259152539392483
436535742939677 5861632241229
69511742 9761954792165623939382715185321364841891755612367916718999
2594 454122429663933328716552819738222734277592456411929628343482831
4767167811941242291215677974 733692292571423219785832565213562917925411318495986156195187685869871551121739588123783969892347361
44154181931873599226471615723338924921332453 139666659563372978844748952484785477897577972564583
23296751519491577819297876545186161689625173757183928245597445821676242382125547457554 3996671768948566395799349
8694493372136889665711385757357612794461281991676777612586938264888642944654619977228279166558 53892
5575729557781578173918342151875138286679925125441269592817598165931317825575855758441476859598284 4725848499167381761811266528681918918414517288156779277781234875371999
25624344912786778393868889639384477814683534789617442693659996977523 6195177414199395821135746978273855441695251428754246443714253248476165573441654
935999567823585477674812868687986715848943425154756624572658768262626963344372853154113843479113 41845285421634735183799652126494213563215271627635547642588325881596495775117621562919728397373
3977242469242297996632288455291854249641415778348184 4428677795746243327658212674547299
1748717356581999875619214536183762818 2126515954371865899415953591212222558599124318113417514565856695758815
23747628531321428944384614131875679378171266783762843863244472586326119357448445 4218719923116955254373283625466331852675296583813649931871348963144785884276782393478
375475695873514747 597341591586539331168216178168328191755569512573537238222327929597869553465537
262446885488362239752478862291984212169938662643259537837492637872872133265446143 2589229353688625975625633764992465619543795568762947865668692928426372
3498581921869472315255177391167429585891245341417179164925564615973154336287625462 157197381432751482325857853265246435913553933384658422347222497195916657853134
57644433412147584551971278729962339171443113511917712938545171378 589972378345451283378645544793344858724356468646162787939449439359931644315
33553331493557735836442385639177535218339435673953523955544591341826343242339252779982434774211857 613632541213916441876753156173139368
477935874 826
698183436199723313543667896662174382921913923 47648332463433893691213
677672378162789589186259451337 534156379758856742455714542
86583763533556661822522699747344591864932774874189895217888889143 95863811614277454188828
77325362383936943831754345132552488872599172334938255969557 56
8657179198189138994871862168811879652584382281878 591959493982266271174666683
91359865 7245166582216929914846852271517498429288
99395188697526544594467811344283138514319118632889543793264778144935163569327 824984372253445
241919164852777534489118915581776793768344887157593878134893123812937 914449348891181
59182645569646776777424146585991633325758268517483596922383229248769516525544218 192531665779855
529432556813139195867 51567544293937342188348764866264187551421973
37874785198323217294521875487931456421246968975445614329387741849573467977479447388849695958861772 351871998561344488392227531243346229885242385951338486769849429684385253844726652
7637499713225631478982722959919862468916393753592192553994973976451669 892166753842482916755171173838434333186631347
994776396882494564 68525195
1339243187589131632767261113385443845577349477399938521861287799 287391747116852546746596459984939868136372817117634122537863728744665547256411939976976182186874
71155429616762458988 268699393985859872174365569574414529812278918665693817542676781485
547614576826939173481263494175967596457179 5199522514385772793
99768395747128489665423933821676138 783979187234118639577836758978515698179344444651515598892841478466949874236692473614763
797979484498125589792264646578166922693346449846676616323186564896859 93341315339311361119484619745348889455327841322977429
885138798251831145118314526562854678431716137743795996824551916846574548141918913 4747639383843379
661879699474438637849977229844668973 62792247575583648394429236198712353814524956262225518678442496289536241973436128544163512
633112643498666821369 86588965436862997276781362933549698558
32792462572562143761182944698427539289333574519337 754282673276574526126697244
58512912877383189512877213469463321311379955891256921613694593345489428638286252536281 9171925926785548389428691243731297741172956478788741379969
72627661246347681494514866752186397761837227867256886577373376636379 546828141217959
1533356182134656675252363722999286994482214494458491242418994245279841817 5534884318719
88346812859399733692714814 531784689242299198759697819347929539557969515998846276
53818 7414659684387592693232334296613813358684856339882951393627175443784689896179937238376356323
1386613363799691195 8714955258319985359568142619484565931982996875
37423587247339234885682933888528364951763241935733528623956589796584425865829529625 564878897388532974662529778855665948967
98773775 57965323441429211725419413317739934667933833553543277367985473643691568652999694139788193
654157615978713285356944478253163971454763957743379677177799681571188327236385476651821536 8275176557151114976527578618612544191129587491156443162981573918651738439661733695271172699254796636
5369556666457595578241288 439452873888788941222511848446477747178518349195847858946828555853276111214859693925294335996912
5889652668214991141297622819526857229863311696183635378366731998876622822349296 86115645225452882731114417146995153891699338223551358393148259
6547432677361265549469 75339823611998511281988794974368961649942389117296637634631761288518428578133351744769441487845
22622215752987235843597447479823256985662527432991663661379814697217535479 372148927111547885752941611653866172264415537374143153
353969318622192 53249889311647937271
69813594136954123664642942822171264137548829187667763345751434752588538151747612245618 17
655633694 847527499152957757285497397994875617662233233156743912242
9866443231831228648773868824532551891354651738784569133269948399479696485125 6151731373574139232884498172689853129547851597929164745968177546712177641927
74963992693359249917155317274155532769563418638365 1534229695864279453444287329129881163351932643
7496926575193438182251215417476813722268 9239268539867299384739161133164428544859214925524586623257736719943633349347893517884197112372984
4326288629741372262127881391796961535835842936855281829127586458239664998195527618666991 165722796611432612
5779834187 5285318547149755294398816346572341351197225
6539984289977563494369524543463998488962664775269999259639838527449854326155499734654542 838743913976249659992481531366827421125865926684851575911236339597451145147688552948219417983872669
14637113567552478485667665454881587774362289391177635239492188885 689742937737234324291137847584875347587756548249786226825555182549842379353774633768
86898682894682246634694586554927122877587626229613975995957841996777529351833699948861735 899865214511583957967583586867425867127229362979435723763211972691699848666582427527
315113493347365279412564673112546431825886814659361298236859 446312547584574933981442545177131795456173314168153729335
27524982397484871522723926684 933128281844727979259573319876871221914441679337174332961567389
974113812365382929575951538144 49421317812729519144298348463562312282884
766419189827266279727337852754375374349283921 82438191231912386598111664565369877462373449118885746199656389441327569643288574423
27245669 517896627571
93565695138821154244935784772964282698763623489291667574368598965244355336 8212159336664551263539249267164731146218246514851462526311886312693438777296822571524323475742547
656875416182683317996774611213576598872796812222939957697783954758988178846896857464 75413966797112138836821998463789365933996463349382932456276922333376242878
522849551744263779413769583211233526213179224824736837282798623739923494428641834531557341164 6937159525829672294944381675136551513875664882418891585967
39484181578917685398753389277791412388 6
16656153289159216282564159425861425874823346578276495549157672432763 54951444413581978989923399413221582555564897437184461899179365239862
94728717859275591828969171955179957137395151765748274492242914398991221729423758171 17565127227866244259774582421952639139989472537696466819191717844336118869556876
211162437751266994811845697569736896335793961533953773 314962216733916518129268839861615885187945789914363558142416617459889278189429921633647
4979174312165529684291 9258925183793759867878157574388746577543152446752491994332165295256221532924392
4246547761326561767883984882545921789595257814272554741 77814784144736331878687829436736574773667563933738386226854853834781
1363244976784636682892966873829245267244111121844743461752886676 3265758671544955531271151
94983734212344567159886 413445293716
316374147988645691654394832372552829975915774751746561217912293572972368168582136864973796 61389444973376824575
44585411995868364546293139565797744816245895519536462865241633221923853119 4281241971328612667321929
152425884935375978376516355953866856663231868717211933979793594946172341 76618743221769291626274369693836664384462971999831842269296246929555637856589675368554192861
8524536519864149342625715622154565443 839563682235276167241641561646818291665636197266461449233445349351824163588517316811338482214355878
81277232559496688655432827449361631324962474711158 172647243964461383136988383818668338873
26496215853736668245475232 367552272241
85779217829916426466491143113865912584343736285294728752418654177986988672583498423919225685493 523451291828785211789988573216636754
9919734954247272133376271162763724261852138822577166944186199983999 822426835581999475724147181914486869149822568864754492
815158533269874256422924242439523169435914378193178185813313273514612811979591291884649775914782 3356448626482962172834894551396545869429728344988638879436545134938495734963417345944
745542486257893354146468738175867898811855562793719978159 6641525193311639499764691416179362964128666938549739814371575463928736
641216871783556351664797384377618972 495793992998429411612873152
57623697498744526625778964252153974263763423462894185 186888275126
226845452958329414984359264847463216757587198777828645534569156665514398412164199884549393453235 99868665694766547328781889178571695241681879569382732
3261175756373976481395568268661532274395886599979158253238994465174 3674418823397977678214517195212227329597742695
244 2645614729346254997437952463452487
685822655526681193481161621 488576115366892587348314685194914458524387863982318915421663397466496246273886
741378481686793247866679217564464947441 72511637327418426772624958143582666112131557134383989915586422554929297752826722894153237258763543
6789591922836124644657515353423919567246376965541781874395589829127975 89636848289
55521774131956743117271 76284468461342667736253831791617367642653114397238992522492482878949341
162446289411741974724843641811417 3238924822314986368885421896921292683932549794943555833464833519354312
134572159975188488193127 63949
9359734511697382771361499577255359556362625363791193 69221123974278372994392856784271974582719671359521683261947459161623152464864785575428239675851
861331195262158585992825964723 52967215245712349464423261962551444324998934748861892
426885815935818877839146517442793854491658486714138428181478334644598731252195928682881647 7255977699882238186477662775281582267737357978992
9723 93936125761633275527315145355722847377228164394924563421311241661483264691975287386723113571437737
953716193422922353 2897983612246149332495189658984675475971161363582967392
63873654692426885852466292184658648338616472 14292379642437527785714326932949935342755833794156164651144385641782385884192819126786544145
12243452128955944522322282682 853
59449825812422177721619157735787476978535185213485421473576888 52451572488848287522437795285161281774318455666398
767564891894321388412389174918795219967942139858577959117411717723571512929199369433921199556684 23472989962722312194994625193939327899662595868319693741542863
2445457823226483628573136723456132321726663517871228681721665349494154956248881146 136783834531835735675681945828326739816567526694383689246563291456396462558996921442646567536286
1268517298899968326313512355448342789163928214487728287456195842 756499157896694672378847629852523137849528292183625573926345789679376394
989737115644919296678326657919636391 37832528487532655
5924452666189676985313737766298185 5616256274379765191967117411916677747788214423377387354529264111931929442475
6373771291326361922885 1554374259262194334652218844498854257619882336826973282992
2731182386475325261992468581775962532553865835887323439493648389528 9319553976795564974626141291847775576526831583562796537378773253958524394518754219812717
967955357974161235881449548287492796187173189223365885 66738248644769
5899656346979249916622496755276382118964185623295757467181827763424 421398142991664331
19782961797394775746268346437682327373939474196752 279917348956714537411699
994975173978835178688369161 43514419423468329475434228672
2412996 91588714821342157446397515384842167298224757362837511635883216849574978334413619154226215356593
3214412155747571241 354772257181376993343925
4627389995425 374466144772519154178649224249841
16925752876781164261594481898993739434113198164164485955493418667751684998438174372336438 5476321856217559291343262978983478948526736713833644174754992272687535
162161525861891119595964649377287161432329461596611523553289887529928855519986 4542155936
8488317456 4743371365247613
185878886228119478224589772447295941571418886493189832829966843 6695938615138291
37653138221936996415921787793586935616969872566484792578124662394617523667912211648394225 9392438275292298114347276976891172386584382213681275321756
623285934371425176117516683922235995128175 66931929267117248112894645642624136861879886992934252967931225867433248842643
71767877836749814959597297554731 19143399425563618377929247918336515111335516868821662152961566557326481521
36749922926367794413995768733667533146971684116834849 54352617918341555667636413711411825725892644221483695372139681832165412659668553865967138736885441
216318841587262744615993593973367185112856956287981824429789566128264 556
64882539791443129931248793477567527374497824473325281 985575437327245666
76851168777458464888441131313 4759171652737484117327985239436869389726935879442831619699244981544915599623779523556951599488343636
36393476119443883296871969351375342843199529992199696347326817258434751772 442889264419164887353875611162296231967424281786143362434632154731734979265914711518634484695854169
39384634622947117527769331197782217452456731124847691458689376954126699834169 2423643561648575654399791651977246959922218377778523322561831481596324986654347215917612422
98374898946624261364818295179468494863641223241928297368711597351765312314274153692 646132346838296251977172994969522154189494519844197924996982169781215932218967342413288
73273525975738218657133955581555722483767968873621558 7374
96724826968391334344136262824638243651421524777673824994955596597168136952188872735 8794784953773888286832642198324944163978721365622589951882265884691698698
6498766555231638956382574343282613136741615436995814494694784462 9643694267889188315757161432739414474287147438796338198291814518665342333615293932978942632251887
4511791276241313965699788849834858943599998923466325277578796479 6116923124248586876549734863411952864376354823159163776363195289412114732231799
77816138771534499378517191875789536814293829964592153329452382869 36472923385242932238757883215558672741119181338376855489
349251253727825993391488226 99835579712749367137432267183458239837973349388
9764617315 48231769761321622979697362637896327199538387759758332286275816292846274179886323819333749132
3 88279611978821563576281182158263111747763235542397374517359131161562697441359669494719741651771629
669657 31926849988845634446823285827661684876771359457324837627757711781879
46262945149424635396822235448278898923264 486449654357591167613
3 433679317993175258792965166397317833887371136294326535
38683791859886657787177132482633212133216224467218696997896 9799124889859486923231719467776713342
