866
5552 459124618912942738836193555384218689599422668929285667956997411782973246449816896754943469965651279
8123665331 547565489285441815279641644126895594881285559116495845888167349368923764
6777331776826396494668662357598486746 13142299329125333623498283858472745799732575912553458311945722548591848897
548163839617468565179641972638879611647 54926596285573656515182348391373336779663835575855297581779988233447924226754849249843293
86456889622227182687235625512997346389 36314768515192881647996316491385749841153298222219291243512137633674426246796277239776341863
395639343286694742542472432414345469874621388223999252742358793598935675313186123221391694599874 58456245766243438759332896414395651322288827983619823966869541321698928865
1757172933242 7799145
9511479427565348772437959984962691342737355611346344958278934 3256654676912487491683753668391432756487141276861378492561952821361814365122783259653182178533
279776334 45396896699897257313244435319458694361412292149512842
7572657316636134594934 6831589573589991599619771287627967688516434924139353953488228895611386888978834279622539
9432969246876329575942736 164623891155345754456313764428294622798728869881788661794755155527711298176795355449895952317853
87179423614958281371331 5484599445
547235297489911427578955835 8777549699881687242157615279169125439189186528568681976819996638761143262789
47287175453578576566 342922153255765736815892929611358318339414535712153947327317568262651358619324532863
922512246573686696621766163924449351858348757946337811 4114542483185378228422147161981953655329878679995355996249529941982989426313
713923276862134193587477728726183784152739672957118594672475651319378865 5639155261592692642923287112431851339617863296943882283117373867494749468451722
94362817685279452892784124284495761242778593367227959558861412614454183447265971 947921912269126487435386259237986588349491225425349496911352
46476689662975556891381315541185171518983887196913839694785978 1727942918917268617567647466366333615764145617135637674485387
5914564228816444363881139845424313681772433126493471269681647444715952993966952427335338499895121 8311526625845762337386955249994966344459789363516
89483393684469154269963347957692964989724416152947768774595615477385697883746926576832836997992 69457656643775551186186665787929625491115174874742418499939349983693678815
272667955645825849556832239934672249351951653766223584476592787 95585136866389928932157142857898166792153779614315978552365761387391287264777
243771633542852357377658668751394415171494359878437788439628145467 376663856694863915856627198379126765773773456169132329
3237868687334181521793657672517153233742112129157125985557886 8346959561239975533212219135673593632628353216573221897946484
6887563837817261546834891643918367 1215337638916951893356273498157958848478812586629846618834111694149851986996
8553742325195588331383268245851123189 32184538335554413253545925773818144856549
3528696829321982946349982537255972935961336176799185449944839589388885537475637478247741447 7871689694113137637183657652143754277678973327428888556731816446
587114444637773733929182631916564513864521835485196289879 6426275169542427738173586514364651918217956387247895628574
6997 6268831528114761934335666718436818142462829752316666496825157623998486525489317163378614167669
1253645867863576598628515467785642467264773659 8411991383973375731296531924138695445
3656216718522141595785485267178495153277884642453952971566136793659757846743554 22393271728132677644816378124258493543261459
29287946215278769713892454 29379793198559754121375234185425926866665611763311944563234888449
8579367818912443877727484116783437131942876971191347355586267143593713758456779253134919 95489474931466728739834827419237277642366249
31821138461721279925264863598547928817958984181697 31293613181748774123593757294621127298241955331894892728213654286266646653
62834397269531654785379455177723828218147434625316357312265715481922 7
4135373753611581148272313935612256219997694652753192958541871561831537946949792754785248634 8993196687961758611529295354965394127435636811652862246637346836
396651157875169448232386674182694713295178 31142648521574257391283229152265589255186711756699785212
13165558799462145551 9599459951243294896355519121176341276891545862871316549354895998848865997497269471165396
14787473522666835266312698414217886442296759617157783452369872142781119715357221951348494795 8128959316872874636398727969673434
883333731623526488789114219192845524823952997439192727 4
27497814814191786396892751976881644655248661547267637559271354745234879161422369252551597995645356 343923926517
817125862888 431715352194443613961873199463281435636945417995261969238261722318
18844595274279885673499879444118921258786849644 4334
9444324394525427353515935775894476617784 4322829695487436972155582246
786397375177326447 18876637373592652124223818341462762943634258895177298811861
51996447435223487819245494926213571657635694393939427167951471937919979172689382754148946353 2111186274192581192276276129645162118254634813517559599434964275799115677889624615442871784
5881891657162737394862348559738462278961419933982374355716656865629663255971892755975285315699 3
4838689319654132531755865789365928584748921366156851 16916116369231283586813312713217547627932
96893218117394145828326841317342873622557663244439486639636847912936927316426 858588396522778863821757468797126996858643369
573774793389265553255639689615463584543564558457195132259593444187473546837 8652599539957349773881192146833941922636532673969232243665875899242247714774362625642
299971398698125327924117 6452116846144
2954183864487674339699964381725673 6862675851399215329166331529115476597128343758319954324328617561439559585773
99922212426911148985762257495598447275445646436287577217182527125238 917617419257215791284668265367793263565121979663546436174418153874
447362579753896199916697484825155913742363581 4243429297547715125188671899646223693245788835657777
378276196894177436256521655253344563847563773784531271152965178636539816863 2776934858288389254683475754265936149929871932773316639677
5679659791275316915679165339399779 947122616646569895759873
92256753355482348 92411229322972352559654121961226434765894484951914819876464272263341941229683856859697752271
51973599391281564855663426531451233947153115338537729 963
66816766248588816618 699875368342229125269285118869731658582
422286468762633687718313996964628114469871655824867173157289777 3372192886544926267
45438 8574963629884184871326326763577626285499357763635161561767937677666348672574916842
653561967513428115836999558251816353399351898714345699486436872776 9948112555924966263932779728932727998418329742225375368953899461695364158799838694273156895463859172
596821778271468489784364964 634196516221822561685286576183887458563612268177898824811687442627922822162462991
849633 14678188521185441851446593124144589342497847237271661878253751
164317897894998518519447491713926183598153 66353278297452164143865251938266577579612937315836997436825758354523458594351842266282251156439558
554866828189822839186858149847597151891754285432932974938186776 227643723226229896486525357882816765925749857967246942623324439497713472244539449
785725231547661616459772229125996885724438764125628454347896536126245497446 427212834358514993853631221299344519498867422
44439665434477728343534891217298128365127952995512118922684769323614778394525466472137557718125 1574561288136264194792838517719625347687448534484954456814326373265537421326639925537
2559292 3411696838924785688723247471739837164699
22799819979423322659347614267514618392812617964371465753532442651996159212185378993738119313438 47693477835988721841252
313188189291531226639768819 7371722742582595625359373458153548
938957928295812 6471362364646911313236173345126892173698746115981581962713738239574764971969213
7786285119 18728223624512726994511444531483973483526523322816478623994241199911546948781
356212327896415668885499828222232261279984547454477393778144496 787394247356156951351752523385281768728117545734619334189283854566973111594817958
296511316583651534338354999276887543923214368 62225417835655697
7947775687424783188741349153683143787268375 926571788218881931626155218247675172859592442894926949569671179
63428273288357454184327347392385441 297561867717565657357596518923884832529112127667355934383393268
38619254124755596456419913562486534396742864828524272342234159373946285989747 81523182335569866193561733191
37972181443993543116549111778461798334634247428915525774228884617655492417419213636615493 32739657675236836233836483437295187249171
815825256774468912516624341417897387 39387255819998865697772314965562417495111348736671351143953467
736785979541967198124377424713872774427355732155672699339334746837 73872
65371227 237952859944834497487591789929729429634466
47139743813958368315935948 69666163966131619791946814223324848631936769832537727845984
67179639217988225946876598562578273976787365455824683226474659 55378659231423844
9558415476143141175722571922786983593663899719321276769379278138855399575417286275954721641885993841 1
973838462268655343282294922912215379957854339862374 9287
2336529649772631731745347543819786566 25751123131234844159236738388659241172157664269
48224674311351278278136293633538848342623854884719841886673 9
539162589824575532935999113637365112575728538886837943273 647179513311114685572982269192769276143737861234161518775
381533291513821181654245891948274712457647797516175364467798735643657839 38664842
19232953661 99413525865464997555643774941824327525186713864666833981522147317619619822986766472617855
559432551671988163323523836235151283992195137656 42
6615162827514944641734775871469 8875745552365794957542167586261262763574964959332
45543249656554637145266742584 3195429375631813185764995329192789765856955267582471683663745568227388547845
4384664547436241129693129378254711929399232676944416933457268738791322659659826 26865173181727568286716298468198774617213452879692463456695116971255275848769685334213369958516
645763662149479474415772329948251739387938518882323167714541461555153 2661756883572935283276399228582653924616646927136726178396547663693632847589
6 61199855962616726296371997593193282257313262659719852811165894332222773293985662324
1125884156774268358374494871542935571112883881281246392977865215863873 393812647794855529411928618517
9857683939752854935145819867446325329742216922374142268425656513326725326345523687759725388447188298 322298583712214696273282128718693526933478824986983118814194622295162566592352338315
671258797671121495979934667691773272225263 19514298654533279454687499599
755688177316838416518163653611355483 7875
876198566551893897325543296353149524488338 993167347116
2284321723994876212757394327622691786376254647558259193747646723724151526494962 288581414883524843213515391664246
767499396238669963256664489845 461295519871854623193182946495679
3942917384658378866666764697273325387884328714829566142958139821873331259 424465485967581512174587472669548474698116195545379228
469116944586699774884563873248674149758161333952 97156553219773862334974818874729252567842444749965987463214421573932535329391844616616148513
921455867716626655274865846527822953356233675344244846785831 9815433981475473395118467636967524259853616914555835514334537694645235172414673987949774427566
418925663313855323634972 456285849769854893154985118313447483246622213289383854885817836158565
76625482686374259644988168971168595946534251159445646613472546691899637666152486315213161 35772872443875192833722874818624466242377645999974212669494377567379892575134186475137346
4616885194693357833522318188951277337 898965366957176479856571614472815129489462918
8293999612638772128336123689247 4123111879716382791911364627421857266451526239182947175483883443651394697828468275114926499439
48754184188889491924625811267788846252726527952 91863
829786578852743943314884472549877125915687534 1517585461
9454121486377729 492964241799419262837752168748531362416792394325519178566363971736778542935836
555514373562922646271295839132299388833994973924537246992636851255 54433549796914933557343718865234
8578865362968857299725931185836667393293329622632529835511821757591577835841 1239532819797261842441623882821
9794471956625717379885124272992332682441947224933228975589175373 89641779433753515475762385389378562
18671889543938644167729492298798511699857939384272934244464361 42985199731216163421242288293415294595522391486449744526757998752513167668112524681
8287769823829418672163656132272713857995127717746643273296254541798492191956823 58681453523169634131913954568695345775413948374235275557
13145 37925276834966
12715814176811222667824255773175728893555845292146 1486
19856778845953753383849335369898694791244363371788567363651586666687418746423665936992832262 876269583861381372399263345673989169899242236576824715783579
9654695858354 3813165244559654864
82436316365196137543894772531395565877333449674158375261882417727229 923564799361181619272958124798527286857742529753342128519764179328321863431
846999222438931245581886375864839129815954599411114788193715297879632429129 2595617893966372941977611434868253379325558984563828716965695492136949823467234163713281
124718813969837749575418574333122324944612463658917434741435581 85236858692411782229861389359717326747136524619334427772696684455925167358421211686511
725141813886959 676433912859448117673596994431913385367597327318266781677183
362884627 775856946272945248749786687992784263347729631778221156477372662244426
388684431821975257661713228843577142483862551543897927223389345188341499 675166583688867648172346
77877841873674741763418624381299961427987511573349774116427497923157955852699 356539631821417552328599274414821864148759671816139438143412311989273885612527675478
44 231659499386468517991664778747153592774591818667875749418216
37135786316579243115339189855 7933527945956493711333267681637625121723217945311376894495532978819525358489998231442385544
96363384977861394867322437243337957199315432996929 9689411882691819183384997364839675523227989978677939514938989435825
991252 91519354
34649266118843735869644293321516558484991519413779839883 7611
69126355218 9929294523185293239631589735976535189758956778534725895936499733
59161289922886261373775948721397793846 566478138874862561131956363612894847
37865317461398328946367915595143361545597364469928241799565299599127766227419115482327 17776928898129879833755814923698985996836839266339248774488953959631547432476762365
4826989346721278469753514 34362138228955116643714735
2 64
819812542423596114565135715 2542678222647452245921723213667755286223897868829831379989294533923127923
9524937723419577675492869451495866337878348231528714738997145822363997412 41452293598498393827794477736495965841974836563823942595249781645
375385355628331936528178859611887179431234455569 74436946829471851721955
3837573895131612192319975794511982544655334 319274666172819451924437676997246526928393458637327482237863114847422678373475417626338342777
5979968994851414277159119884781954643723 777125692312359633935257913169122475452282565738989541122173182386621491464322428438336749359336692
523634358476175112984227636379289757446282417334562367633715833865 2433
542731889214543544829963219835956362918972869597152825629549598417937 76533332576675739911162457928116986695616484763725264251234675828491527
464378236136923715189824249432 717862788215581743649798491319311965333815611985693478279317551669499237857329322134273728577439799
45984599625741134356855248711 6463581461262976445643
2491486879657296499887935439596488524263332573 9288288115612223893964384111441658347629832423782518
1889514192659412179428357242164221745858515363944778619682154289196857231189915899266224755986 64887236274385351718369134361184831669697242687189739165525637313887112394949
27977787281788193919515928765766312632746355218227844173129785272893541163 4
349636152183761151814227516119337185141954243721634426148961 8176333116774723318961255126465584761576981778451471733683157292871478637984344944761986453726
4372768585699 485112999851
64759127882112227637372224654793234856159888684433514865534429614282615575312964777879849278792 38285753448
939494359973889458275228352634575223315554458498 53713227
622989753915675683941152474158311449594655639168739678822871448883924541428864457656753252392 3783311182599416222677783998972
8251764169393474818662699913 455961887269842162854858552988123689628783357138623714194967288
4363118615771296312453152234933933222597429297749179 62132253314685523265
6816811675911381371956366959187561756138217395577991451745241344852979765528148125649785497931 12268443637829632537753
3886675576815889464137712719365374719948837185795679529232 35689543463148979785456398948823839585613386394352722698461693667653774
4178765141416517511989961953829317433854254365932187779 9248678393846819861431947986294829
462218543652876935378886446185873966374118128894832999272224 945942286752454238767342442721629959445376495114899383534724772
21371363946726584837412875 18673369686247262542488684315167256334156245124832733343153363967912142682593818585248459466
353699329212558399666767963499213331454719 69654238479792188313264931526951938815355252636447784634679332311554345413938282
47146675847454664255749 379429876527923654188394962351476857426172458394949494378934644
24297297671161867968618612368173671877562944821885679165321444633786688961684155565 258
1425567923971983 74916621327723345995544935329337949928695312997146783771211
6664693739 52713141321827673411297325965526387399
89414 99194781
52922113932178266876743753434111336329479385241323661825185186561942718796 659495952585816573159329183761316715141956722179511922544765
39636173854753734641681181611699363317654 866225181849
2958861223967797318464567891193457773386 89962951796144887941436919631729
472164612419 8966
32646177277547344756687817899599251626928787426676858123158674721446774 857928851124364844354313919183677646931615917318796628616936848831835129227542325
41748889666159552888739148816711814526154674958436842363993158423171 912529581786227427329226985426327963
619751235158577714421312119574157745413991346854947194816752823174547332243 1168748688117394922267331186275687138296547415677365698271384275638136674892185233252646
73653191462262621833261126639672236184257564494594417487388842 4488711772288424888449726994193147153213215935961474758811391
19861482261959831323397839655328454188957911135379213135113322317464588212942725 1843143952678713691641171
9917662837 48886531951984837983343347235324237758674415262833375352632
55498283517688758343396187562492893545 74131511837998732
2612365549675574788623156828876815512297428519791975 2394
87777113327731517331256951896251721295984112333273338148887286711949926257149942 3473817657434382375718918525119499455283243464859472379672935984136875211863192
22379929426679967351887915936897849743931621831891613823917975982537 622969496615654286953411969886956452342468684559863128452967191593255
28423641321156 82698978675277493794552361126385619778634947546612166684525835496376251
7235894286749732569588813894582589516196563864862111472679944674758759597817874587765879894285795 8714565927931474867432514941575822861434226743178297988669666675657855664898314914617749195577972219
64726683877935468441685348865494914348527121666588598 34615478141514512115669971942337981362951
56566253646841369869828975247776377762135873831675972169916494745918416376754226451685743 13993417852771468577256664521465624254548757436318838985772398369522465487144616388479913686
18929462792245612188573218289785694883 3846538859685
64852714473 66248367428398914997531288196181988812342718554414558489981729424595546285224557191472781376
773839428794261853 519929391222358533292698612664
299988895992658974381776935575156186177586718961891914714723978285153434171 3539766381843651942617382138221883356891978291569276629498342457668713937946345727512613
85767826298663885989691639422 3174913718713798719851142358933892125978616627633871135137319633234542446618643784826659694576717
446294185486831742 7356761
516593124 53569661234565762633957237639224183976486951967373186933533168671291378574595487351247432868257
2725588285338488219824416286194536837631299834483788482 196343542869867259539246237859525441738967197326545623389598635958382
9651748663527991 59747
6625213292261246714238326918876 93454184556215
39611989597574323653 618892659761127182349634483955256797377185985895337692883335849482434342754867977159259725
363368519643447691314124251714575714634211972851625325492818972753823319512731661125456 68
88544777938749333514614266887521161794656227792736481138831675867 17267357295
2827266927692475256851558886277971613967172469283521147457947 225293195257435464282514384854228183747836857872
99633455319978 4749729968627831266532855924658165782179841235629229126484985837622286451863
2 4759918581916575997723721582274954562833134562922911822482188345879989566468236
2153481615444433219465241673552357554285922698277556658685458967243426385556698718747799697186488 6871822482415523172453271165836197511169739557737786749635816693291511788347129548194729315993299879
58848 877254313294938863683532121919546965998266391955258867455614131431614
54893993977442188512 95128945164789975356583
61453588 75117933961359486931623891991298362478666185788147968837987342998548691783148459237253168
5297457278841878424477765385596778367714934274748154222346256522878418167 72496888251436575139424424441922746476669116884611378829857812794967794187658248256
62133434397315315538739948588244542762 87175735574622633722722344751267661631121515528676383199326121318756464538549674114158
634382579638548526925314492425178225572967913248626591333645631791743 89422597939233756257435151958932556328214552218988183876986535284374816146676423654
74545973632774554515231737728788581172836955862674169464968897766 969791212142676523875493692315294447824589596642196219471533
54162852122492431373364264614716776344656214447153317494351694588253745 655957476379367796789841837282536597514917924134279193175468769311215698931333
12782567719673592517451685828845891717877394853781825781685878385831996695736796463 271584999781585152667868949943
79634 988872945698888577575988187213725942697741856782819866314
871588566232176413831437184439348291345657 6815239471363754114473348
79364954866477692588641395928868573814529241269149371631314 9238152942431473172115162579252498525192697
525274881532674121787532322257364414764245237965311689158319815351563384288173398 33361978947511731645251423974982621924261423962442474758378117327422422561259293825891923254732326
53952487579519212422711823561135812 12276996912233657745149135613871472937
771441788319817599752849224155575411347783643526751 35227928495337358276
5535877436551282937247551557283 36597453824588835976597971292851342576378169518798987143243549142361732173284339588
18217192338534388895769664864139388237628342149887341313782949776553952 85425241762814383636975512943167546655339612443454
7291565944995475518687126286116415285179 367711589347137353437996121532683616369147
78663253332368982797333647291962941822959736596418767437751858855 289484225772299395575596496814481889656899943966345
15327512743828182518265366625919388844995414 48484892158972633892212277323321534871214398747924749785378296
7119753587752757164335798661472389676398998543163442292954982398936427849716333277 25236648927673719863859254191788261466752446831682168334
81817756443515254965656956185397785145693134835214888455795993123317349762932555741811346516492112 8281896848639649637293684816441878393597353472471115571477697374177812738313355266684
253616669687981639884685736565 149976143469236187553674447665269332828191
52493316937858152689479937445922663265279319626 7253853449758698567
9428986847348463627225962472659596211622933239714286327136479 84514412251856453456
2515155558448146735525168983332871815463121422674981461917891 583969856131658567113858841864457187695271451363224764256172593476681746834137175472243725256275
5271759822285196114612742327 434826316
5886178188473529342389621944124287845749762665829732941459959698792459 36276278691
3327398996617418446185819975661363531177947153373967 2
541838934799595399732633549676829838722128134438 57449691136985195374555718858165593615911724642213134514212474187742169
823594613655387427728489286373337645847446652861389665262911894539926324278561958 53741142554416945778636764928323379989229359845691454776494536753439331956239184797529636
724477852659322997465149816914255794471273469485293172143386717714371186468711356727919784 388268878974143751555367546728563727
6881245664815846885754154159395391156159371887349792193871336121268671545194495711 76381381514867296723347814544847984839562814345334977974857926669327259458775762337931953
717279229344538286715965146523193773426944134717465664119749 2468833812
2928323716624769733436 2877835127178758684714361
195671368861243156333613226593139653497461838825982396524815358114166664652395616 1885917198837942439757661374845226685457177239316313225
6137433595331366974235772214496933351894886176928444681939117441859663186337955571589 36326712692459676819433144285741914979842362126233118492197916297821162281145133366152674383857384
6 7595439738
6833494954118762129952595369732164932493544793872918812423997758321515263546978549726644545 533134793946643516417572712841927872277452944915963323194546717475242345
12922278147797683999651221175511188594832486822542391689526564117119844399299176555545339 924416113121721331427814963966874957766853658939918664
147515413666693511935565218296412383657217369771312711418937344337797752 6225994934677871448475879226264769148123174425374115383255991694785889234
37394955894852431 953974661847816422196991726899361124
55571372351223 29174838252187278286658621888
95472488425622316985496196836193632912784724389491984818 2754232641619286777448394798686812979753215868254543445984148231988127415
8488571667334778615733759739883165794135262186482726825135119976883637543239428688255839 32766511428818995636719874526456431493654486259486563225986
6398543756 2727136186673239875944886411815314471797
2125327288464534284145751855543161132863157956114252577977813741451212561331969261 6919992972335577782272284358472337125749237298856896625876215121982147
78798586227272496293325 4366754444779581213896628664263996819859183224286331889158634144839796352556482982148785
54998285154623155489261797168143638284617215732 13618939166855348898645783
95554284778357972483733655564598299869524184878444464893722236 71256362363498343566759594192589987543213188745742444782663551752642748
45 8276768332
7946354352887661623742833245799183931918677323261398915275829346992451184694298757 5518817333241453917145312598827939916869513
6793272416671471561288962472419951643942195891268275858843566199877926956846242544299694412563 16772242757852671977412232691125538937393591592169623747853386417668227258161457995455
45396237144128334868875925445649976827667264476111467811788 1392633222714573651683536567198689298572623879364
44963364526657776649372823316762645656138323413126182411489776 354535783554343673564335157674549917512
52 1517986725625
859612517537292223246667746971738635831859665985988249581333626 73377843216969
882941236669738428721424441491998235523674119933412782 5423797543776464215
137156576739782958292378 5338954999493
5756638659387984369873751572934747523742946653986345774811438784161271281 83596175117273393943675651493433937422214756676165276165746674317164629378
41521557843189449658662468871719493346347436876799155785447825713895629576832117864559664677291655 64774446988985
9279888578994898796757291489588487366494 662431249616359269669725432
724191868371915525935782845724873955224649732757688614724118159847764338 7194153649775272393684829391658472564228736645259356491896373369792163879945454128126248
5161878188632576185925695441914768733452978785362974243464172292162563227128547664466436586199783 7296311542491936811913291513659371166857655599
5568657175373934182226934393777348812783497876163454535394897754629795651918352118135987466 48937391191472
829 8173
153664361322637834454361886276225826383363616194648425947 9944741691916884593172393817469179678285733646183555119992747471988841181987667398433487288294731285
5286729132633382489 7393962689972199365241183876248688573121856549942475992245518468835813397
916954881542522393735764 4544538693183935634658151143468154333238625424721663421681748949765968312911
6931635858818352361238398589741862452411641469484542213332466 984538298155474469839797947459837292913629683188682244426396347898473
42328785965918314252751441522429328411722868944351636826442496159573412738533363132539399358379839 144924272756781618635866217392944133652991135957578611175644245482428133268794435471634964567
28491826245498711743314679913554995719847195813613264146873915448113836696675554248 52876263761783
416146588965512366725783215516757479 31147474
9 74656164352715311768543831944171478872653114152457561159694385824184621672637536586745747649112
174152518168219329584223691699112341663361598768284793529486756594148914541195259681976253922 12157824
948184819 1438264262894511426967156618888366244265351496215623824673368397185565889792979
3514429542514739338521231411227447996155319166295756493151222134494211255981 7681787654882459479956481861876239791188192277446324431964588547843269727912124264
87399682598274959299267299778234977177694314387291345279146955483347226429 2297476352113387718485819827713356672632963741773784328677286427966415348142165657992589879662678522
45529741716191931887882872683625223916663482843771587759485953153535345848821463611935975757928815 673376433136564248763947819125122556287689935797365731753363681566292978271775829511864244222543
969863877318694651716792913945857328878123177736726111281 782345937461859784548215195248752979964985246388123481346352997314266528952278626279416538299
6115979448851966214396887945458657499451196221471946 371369836124142657461713811786137143884275949847796953312242523455813849447276
7391538212924995989316177715388629283262744471922167491117186723483857 4986122886742895877222154293456276914377356655593525713797312558674617614338454797
1395841555921899942763234572495742761859261465631279276957644 579923962
6594447862212 43998766325399399297447571247275372
22779681499621314344147 26536739263563154732387297748157449389667386824538468246223871239297886351646816
274429792885393543675165846635288143394562 3627177184737618329373327245524196979369
496336153338646955385113473361584918843836546338357626293915963612 52365879445839822962673893534124633532539
87313339199559751556641277225694266831237537282381457999834743 61512223671184768229866978227835513958667683248581377137894168121875622558463582521374
23711517775416944837183537529552644798741294622463 75684197735785626719349744936378723552366412395766339818861284947
84835887271584792415894794619149483452884597887171414711779923613333577746156283191931234877883 2332217182421864159544
49577215476622247792992653547496867919519123159899355228279123873725218618389656933658 122627342348895466466252185942949999442497637916689784436765131281773345
4345486228599971355776289978868357783447923374893223786676782469389844678822969319778 51873989435973542682643411755714435656738763132416818738114839754845249573827367327794858
93367235329126959594256844167 58673158287737143768878432469716734942144386768434639
6711454877236938785961182291149642536695586975938545462721 7944925411438268972721242948619874575377945176611854119
1583574689773984997394455659627758644472658569116173213492185983399511363991783464562 9648
26613742373791952585113369137545952165449866372315758382374588466454374462853132621937613159168 7395977233497397113378757814587864448844415957496889
9366977672257885817 315498934251866878685336497483421327734475612799635879136931693533369397597981595332757141
9138287586513492319431669677961291258537596 8373559435416432
11462418389967198612416372586324199168531768 6117321197416416323132836313225371122287289518
9926 2126686974861248696462457782433911122843891781349625358135
5778527765882422182677979515545361242859663127259867898924185679275458145291238352799735753544278 3466922984261625882567725736474857298262739176371232868895139819584881199169859562
6895427174232759371481576521878791334855335781666925876552947871283683553684277266443932 6818781729114563527236228562493966382933885
492811241312688749533265 15751
523684387511824411884649241624573944291 27873857927846944526217191424899957417623
2485356144687643995314793347754646835943816143391356949255928842957 9587887434863231896478822162347687139361899628492211953365585114246731522889
4737496197413623638163342912749925537334656388652969528 16697627451
78967849469564755622768277128845475768361827315446586129926883 6673421815125248749534679616834482747735218347152956
53574514959271146 59657974683245379148585354284647
49132736187548114845619636733138985726572192579342797592897742685942571326889843819919581 42286198479497451112551997783298253186821186135
77342231812885117555941167584148663638528611983613878329687629328785312925 19842592181851866732334972975765668111116
7128246661413579499911339355928711828772251174278814984127338586938919569 443129363758534895947117294178513754342971791971518515
645225486598867282583611589755231654779 877326168697766164132751869942662171942587633868934791
2829827886799687916615395461952453459846988123124174555959 9243915284492642384874134463
454876377265816147655783515751979537345444884253517376151223344878 1355154112795389641888956732914634373514416991622167914776831887141677741271365643
9755892 289356748512633481648814622756697643565477286834944364217716416144625472861732616742792
36876581639556796434755 881519764726713439831187172898266336898394591795429579995569359457151891634758146957562886164
3613171369495865671639737541492595178993245527712 78839732815662991555684735695362872325959395885465471496877745242289874749941353132419
85 86136227621511476297447343485226379683575373859243577965187399895984818
33663442484691834889829344631472534972197697962489267684144644238355453172 6711587716866537784492457999171461717192864348236711728418979515929797
88527451487192393143618582274351522541552216367663523623929419777925433122832269938529865266 76522584551485977348538359415814673185179969212997619717688
2924317183813794479665289 4278944631471611221766519914675432515131676673968756633764924
96291164275764976798482944366172145255871179 89219964782594271991184789536693213669367936298954223
22571233437672668658368978986123 87344818523252581637828448716
949229262512343597397543156841377773116679519366841554952494814444 9953145668868116973814555799296877738886543
6977779986298157746393465647491443682284693351894477267143685415613928871168676984 54316815347856959828795518677448349967926952456412291823853913359431393684122
21785574245664924714172596618247432598813145621372742524433315926936133636656761239222988883929 366975976316693938626272921797
683167164489332848 6945575217111243546119777278465674167759598686626515265288357961156924711692855633421782949
74119976476372538958434943332452 4185316
4562934264732 299642984319497743263436814549372536522339
84291257499112 4829296148494579562961217917754146539
12847475689981556653677149358266159153867782896683318643523975976952873323412648315 236241642237516481129697344159144194461279162543463336666952188869211937952636693163241553
253777325672694349835636927286575667781912419746139896548 46265342168834731778651
78564431161623272817163426941542462 651795296562827198595918272883173
42156759386252312422872998 849673467964676962247625765313712115
134511376652664827 1457647116
69931666798489268959732343367452915 8962539885765436915462721299519374862367489359163913725975166848115562624872981362634845622651414843
492161892615444168111596414183947249828269966867112425955435691242198 5143159686324677152455997451113935397462276613691117431154978418216486615121
188344916892183489669163254864 585834793
277714759623658718572166262443599361774 4227839374787686428832329721197721583938678192287233125
4148943626639541968513315924774981218967528 2873793643453784843998246259715515191651285138589457961193635454145234
1576772235195711981937448551837688417131242396455787968124645 87942154287242235631292658254874631257463282829251267488472557383286353585
61152168154771553841141621144616543212683859444639673853679944553 66292128633253482624883478779321833742422
53964536512118412122926715732352 25926696728542477421641442597914296954281852299611124959661116568419
513289546378973461281131736787447457253189369798658134397278258443458368153826844 9471953755864923898294139529787977537347317775599
45226629667423529468396671379386298569655981299387758565558686846191216267262 485155637693387799287294445545915338943412227121735642971861157872362582262735251641158747859338477
95183577695215963264755814469658488922825345952377268519854 6535756
9895937468737 11431486874286936828115154331779145395567495625878827857593722297773
424353388715281352928169483919484594871425177469524183292133144549765529864 994384458261792679945799122
526636616946219 4368351231619131819546378688766967566853245591863152816249553745799964392
28549477541834484179716535317962165427 35542946111112286867742555514424
219 773968547887613273575946776771318569169
7368148955266298944235839342361635382525411289393558435418511291333413182627463496779 98381676583595724437746952389358593293352612687281944834694285297818616347
1527954 589279993989211441588
896212581697325157478861558469196278352575784811522225177535538775762346338815374778173218982 272798422657452943541736334114361298762172193198229916593363177749972694662947671475933521313422626
1457587656118858732936698454376217277 4833516436398415915755751757391335835511867618687291969453933568814
34175289376698288145119725939345339598962299345134934287881635115 921852681716144576713989253388121191176913
598372948278543982885372533185521144568244656484338983752831619982589657217948337936232842 9945
21161889675125417947253817693567112995642 897584521888942
37698736292631721895 16587749685116896924554115561929
6839465415116453741235423931642157495958536916816283546625693152 15957317686518857226683135695687565725821855321589
55887461877145768233991855168371176571763518659857191718549262758933227316 9135183811667489185314146563775268394361395845877245827642667674114733114861553497
48483944954477538784288671637735653648622837987159866422 9211313373974591735533841434613
983957673823934226777589642696947793435569949557217127621867234594642659114797614936686222865 37139887233241545252944175319566819973529495827938166439756552531613465221413618535
6741364726348758935234833422852535158251825266316192744993688795327264116139744516954629 835337418769477598772633437
688444682595234 17311417795293892893758631
72829916473864122652313556389928257489517674414915567112599856817289651956 6127122587264385362247725613929477326516335637667113574641478782844
6344355586854683642575522154623965798438541795425928484672213683619772167229554295697795595621151 116713377695693588384443981497663448594293325676912328865147398798125295631962
5238642162616451884477211232755277471737631644157582332889817919269749919617111244 5588692485346922166336881688165516451943992467828379689134823899175669365883969953
49657968432379718481937273561569695469229758921834712746344 34193521629453734511423391658339611897985531545851274591412963259517763259198531
36872439 335533
48726478965276362127212472923553758633995261722635697423828 47619817
72571592232744612126832517524653392377797471958229813341375222314673825363686 26327144675
4817857675674148968729433717443 44243199481955268642328959529999797487331857373181776777376365619172552596643935272342
2442321598734649958355615483973195857613584147166997433927964714431498938398311149584171441 8891962393282896771549459848443826559121741365977162757863121255876481
546375629657565828463867634461285792451158895828539944699616671661936794646726716836924 55759983413388574174433643524263857316964892742166846946953799628979523411317548428518
45925471891699624265518298226943719544177292759391193479193232974 695665226758581192471991429721373234475966
48757295954522659222795693353518486388159533876596 686285715326565117746712593223819886929933211558114692217355183384825514272394479913833
914171949382753812676266951462921144836754237366197517346858375455198736524664374 93465386376184336974452378739216586262675585999
41293831985686247261124184585 12892
67417946771776823124563962921353825163916889749756222488533757565559117574125346339167429883 846783987935522229193583529111856156361
15769485634853434779829476363183981869748128462825619443832934739562216695185685966484338 3331555975358581
952185645691787333881775159228122121113274887573463965512518113667812423685816749921223 88814579752552568972421186763945917194462229512282414259958283116266382745198225
425246915767428654481829719325 3941664883899716613946342891726644181566959384234893241388893773845749157919
2795631363782325523248354539765 13393796198218722456534668165578451652539547383923469428
59968157488414468692279171333651595557295455584618938 47381487716791528745175821634872537579764378992778315262718312
8665963684376511559193969896641218424973179132348737934854589247556536689185623635287323536527651295 67182592285598
21971 9484279538866895
26856161644768134 37796398443736
37665587634385356287777219588165735771537956456671191248871124182882147 887657471424274188348741642835968661442926923741998643256227358199826298836882
49191556181914346515465883332599328755 565134499758377117
33534453474644197875929425597986475286572575838955746382788493763152275888322632841361275763862263 437416836183622562138945963125872797194543
9446622367316 34144213482834117281473655538955855499456153529575899678592562151648668437396144575987
2743628347735291713141522685514165249244674394184547432187216464281 9338618454234812386321223737446578746769187131278564548313694117439329231959983376146114638
67758677497734257434573944898 9643411935161691619
881433853532434318 92595691335757854869441893632653747
9471393876551416969662645338519513 8796399397926
8737131573733737613444 386633434586318195445596192371318224248399416433532569996439
5595 89326116981667534693753364988667568351695824686739489286988396585415536196769546816528
9385356683721 472443498713286776779484631154281624
86561433275521395852867869452454549477565 9721659748672789643739993368177434286749518233562145825216494314795431885192317
26843127833 17427238664568377347698977496642155534
381293979956227366113817727683315513314544913979465684227928364669623853755277935 822
732125255 4137117259574673791862371714378452156162496391342246732383194546729861923228667574317635
13235321548766858928863956655776112357837 295297167966374288477739983836739512762282647219875426971248732464222715314447448555733624542694
4123559587714291797638182781315677223846988183164751398245872698838917 23461851992793794546348411
7961841323128292188361617248681 5182986435271684762117484566794563551362585944
9654189923557446929146499958135581783455363253136173645981252928325161719559286858 2757657644531367648786
3637586594292718885473119252493893845592335126925531541934924748961645972666949523625437294833464 65861623487579341141869
5347442481323638762382165815212635756163461354619117798612552529397422922169631 8828272975695587223935512156256367943312644615238714
5665 828939899684679226842277726
91482368961151985325423193267971262176577291977162653725457431515648991889145626623348998 3399791619644451912443
4 2496427177535345529744845172885925743512
339662456819342849192436399749946977594897827192875826747957 1617542838345763784188
5739714162 312156264285548699712217946623631663947714357
177319 597336
88474243272316196596545559133935699398886876554931881965655264575167 6691461561662692653538966285819312625
6577827631 3319391436235598441192713433786934818731294152582837167644683227843836944
298723935554165235425873121675163734669171228287749319676 275575293698483317813365393
3863356813598471877213783342255267584825776583421888244498352557944516559724783757144284355941 3635567796189983994298453115611482957361127686218152578195258121452
3128463957323782663955585443449655276388921619131998571549212478 4564922627397418676173354984612291691241635238836217384339781149549857179243187979736
955152798165683233655645356948993423798426215498471 263523815642
36576337476 47943386916556166358682771541883554758524124922923936859
361613487656566529924875264191549986639375166839136 894332587965224614363889823791121932724762877632913134144653759762641966353885556895253345137968
46346936611346699296273 1852437257569723376277535412313131576775755351426453669367433165
132846884659999478576169377689316898765199738943985963352179787824611364194854 842287666478338836182867582312879836642866187359617
4249213752222393497359562432512327644877728994877573286685168535424726234931 27177325287925918444
418982564194816796573469118375 43948927526481196885822373432755733967472685153375582992257254139215972521949632813422161843193
66829712388635588963192334 26884228826493536986781748841658199131759427512364926694351874712675323369511818541541265964
8648248683122538435671846849642437883357528 79523996648284579973324629195137919583653681418434263294982358963891379964386196179
187682529687691539922426872934516791886716489714437892133772727484 851656939933865999613376664225531827984958757252579856165779572296149561341644426476
9899348683855479922971925723645369322162668841329895472192235179268756717151741295286225 352453118415846669173183814453238394981712292347188584
1624538719149951916758743399829323574364143573898968757668375 2357863434813765969129966465591851259
29257496861831594859653743428731272364243539289593925 5515656117161233135331541351838727338122685352456546299148466
27585682312841687577592981519651235675338398349786247 7629828421384894
46327734374251258984245362871377656626134596349279933678152587574691972539986 274413262268586739549966114646486397857347239175532934273537123873593652
77314521734271664441351726167195329273644612425878296443537913296187157742143 46825716919123316267774925878177733159435985763669624142683
14983962741789 14938486112364535931333285516461167813233327298225456424347747184381264263117569
971898487941149273893273115251615736989972659563694259328768 9498415989394336726113944922596395422157951233255378635299925331216364884956273244797769888726235
75657228711833689999248431255851262773267732337912156125912269331958112683598885293 8835163916627568652988942372613784722469585192419782527828177841416264195275213833416611656411255353
9946892366385931412532383784227967748786468818961485464489112232 56839971594742738877115668211255224977768851423949549151749475255272733886667548938486395
73167199324833891438556575465586 5587
1524422235366573755499583829785899182391934812517867528 46684
3269987988157192861491412752998241647291425551759181491727 253379114
4411794259896395555487615143343755785869262652193815376188319418143992558577769 32194267129169963979786217661474231842256698398811144942629451238546987621242683725961483
8829513789954794274729218921622794112926172459346331237236882989638462964791576448399912132412113992 15739833781653831813125274339185796116883134964285289662571139963973696518819687
72987 724538582581851257966525857779942494629426436734935424
765448264199795811639911877757166276 8229557
7936695771113948343625113272971794999411227881342841184887854773741797368494493257751415717243384314 41515137515498813689383962519757489622895435791
3149722675467711 1422643825534535242915663243896281219842783669984698
16462786777341538 64938911489563568327172318882377413454875717124979179844581829
876846343835512192675949377182311495458422717262676692222348 351318954579865269984217472
54917434354154937747869228256451515376354449695527644124711762544696865966347217997456848 246994841983968145396648348618145357317173414958417891211632669159332895869339839841223445379862
47583962241435729746415811 41335842882517134537134115314274797715329461547676386989254563144578966597838145956
82711387838174235942711426347227791784619427441854299525119626 72869
353538817363938158151642215533496164 6249549451621192755
723943497285828831734223568561666262889857811493788362933489279235525878625451787897798628435626286 55555531296141221333249232776567254793755566
1843259114338398731276986222287995573332474972878656694718259226413165739477955112 593936454176
5682994792635857559842796471992 6614654743816
385211774597544921153174379128456573196821538434325117499811334413481681318812138539994776 58821623788645686765991794165128239218
24991443525827675352973 9156662272162166975449924118868235345156395421367279883412964542244829354985349357858
83138187268196755526158376266324477922563682597698744846639585976886874 31622568937653797621
78698481971445744352171235348116273346653929666423284277171169444567 467989278
21921115857881777215841194771252459176826513546759551167822299429189197 195985271461595428589541931425864
97624295133 731978343418972764186894785173762157457182196237497944968978139977163498246344768842436636456
973994864461731797366 335178791347915483866118336812178864766197921882167215242889165139373132173833928175247534461471855
73775756497728397 5465149312839615988419349134179647636654761
4618454938327561393264346335221388155 67898536184419976699132652832843157791787764453817154848868685782948528965674158872968225793432
44199261948797551699767773245494626853581755962927252237912685819 847322612286531429827714485671488386642138655585444468789832982817158935
64178816749996 431878147642837773173875437578
16 764934463415277616731752793154143497918379884376576372813939424119592566185649262649436
114693521414257688763895653993656932264832967349357972674625983367713763496563872464955333465297 468642136288935869951644338992499858982348698475613986323411143253541572191157819586
732838774249787427789391386325 94757332658529621146856635724959649599218837633158368323774936265294586455975192987942235815111311
21618222817556349312264771754694853219344948792163528329193562899514146735696678556464642833842 3826175953894423419728149838475836675454835151568528288691599
95866499368965611154939958 859663486544823211116339262339861512696218289697233542671995314956227888567352164918
598954894731978275373 32689943178769358165783949231985841844642947949489991234682924
38147737571139929748592363944295864383758915362116349673199174 215773594351684248469435663513267812451347364847312576391753973
5922 212521813529817942942769966833
8939186292776698575961488135 9948559643187668147651973583918823219933297483229716271162851959352575791134453134343288654236634149
77128 8878979
44115769782885364667343738582163442517687567674672644235593672775375799421466465877882577566 7274651
94293545425473735351891116 79155936629294636863543136283321846213852524817978789
3963354949221315263238323474594777849448954148239883751491838738417597482241598674411 3117155349112775285411437186719241568351298484536968654899928416239467633375496723485722287
7865522335258622386447879489991189648888922343111998912568 392341959239275239915336787455286491219746392471356774427212118513739845225271178195778789316298135
5193326588161629899471883814276629964626346862673 65688981668555382782999379135676889269775321432138385754399175959657364
6784759859744488854492556111927115629258186679831 49816683344297433154128284467735533482637215171586763141142411175268493433563776
7524699834253572427569983478555826974444166492416353168648326692893895468628251578753 461995764956727837
7219472413318811886238681532349718748373733423622439697688483785642642259191435 548265475155971746235663939417419739894739792423338121871414933789541527766192597238489114882
541287918445635485835611835381635121276 2885986956522722295133629929299513252162345568
7181121865481487614546488541747958338497947463571288928418627681 238685
72649978366722249338435114431933626485254777939572139 16692874843145895774257267985168927344196567224933596133374362117157546728873123252346773939
66634735948272686341211816255397471661129679 85989193478532727678535154234374763281213913791266948887311851736124472435253362673333761557
493254658771147845349869969367654186693363284463431826 9924749927379836261952375365113136997531
937429146674282935969247659681258737549152751288 58975499
3451316856828342662552374693193927346169551747572453514132823736835845224588194976723611 3289727281828359633772577
1948435276991511837 2198134737767523
53644736441325773216232374346894623143634746654898592194417236754837983 82829
587147285447665254458487446434836124691888721745447861719686879377897585816154462891463897773 4248333169452166125713585219644711722319127179899194485199197499438785214441
21141131462755294116283182532159919146277658489338748639875775547762199582859346926134923991346 7199344274574734372163116874195294589742249384645814626559725485536252492696863858983
2244817131 428976512376353484364914482775618995585912944427912735973765546424884987964628494381899725178498165
914736297992845251171453171925781885681172155429165477 52541215888385877631469458161963831274421622342689588852397795742379541835956154286684455158512
142429661944253257474928392257791549776673734986235 244868671
46336766728344179769177699378658283781433667285526965353584972224439482773942827567162567 32618454875544399
73331532677974196559384199122644852182518465975191567654617774253755186144272796795541543225919 75112159
5821782158888666548928169625653637569883717357662823891646378111762153575882962687888597533337 15368359154466883319528997448251749969639537292687765393495
61486411 266881674
599341235791268272312642597481356676487516437 959248853356896498496947527867
87142598817365699624229975716787423679713339 6816379452817553639763653237823838166185278379531579397597578799982338615596177127861612799618915764
595448163192573368143646187728553631645123424759735536697234155234468625873521962866332925 3216667413519824689798
24267575696338275189971214 532943461666535635945486874793
156818679922896727345169183848434895158581 247112717815666661282224889584977667482784775396562214181916888775249281958587955259
9831954175166933796549446223966646633498814434983418873477724316769255147191465248198717 6617167
75144591864 823987991978866699371272367
6454668165948673255256157596732653779599983758566569235342156261428113581137618855472965 5981342777685594421526739423958153654
7241569727986234195122373445751282547499222316432297 37847498534669831466546123413879
758278279841498216576932249684473718651172335577212367257 8387827998539265834585182844944723797114782995283489684796843822622298788127326249995941316
23468 713971
153541295578565692397717368871246861324689784164919471337 838647715927864292153198337629831888652935891331174911424639849
86252623864711482819631358852313761514387476 58548673239168492564673951725287688
46592941757858262275761675837193624489526931141111757845446926359959288 95558236494181917695648792797113921255451876499611172131355
35463389369791287866169535598888391349762215655364734616445764347842877273713935966 2397953897523423467152465732619617785637245571426829173888781479138668
64763638498323933439538287228559953672974281365165745467746779383394281235112239485199947 32971662156367919246
724762688588294 1978516812618592655173924663698354714342212287388971359455983919534986484498939652861
11371473 1729552915585945
417541414358958234453362347463883499911372563561421281254163275554789739496178339427686 3692976824373499313721628544151815927623659
265936643131136995534743485698732881246523756523486398924174828377 51798
2619342379661873334321162127256856794231 7419889755
3331628664153735687624647756653591971971691839463586827776719746271754382612531248 1685766152374347123585458345378362736338169395481347357
2828888855389314415767481745985652291845439384284826227919348121965854774 38343529636195844398465365336155613526438333151644655269
6735824771484687377154914441738318631515836471937862214475671657231272821663886936446193 48882841977172661273964277391427367167621767439224535784756464489775161176
856652296188444958727194824418 78159352463732374359239849956613679177358276845322
33867371537283183329653433647441791363313365963148927577173896192497 8364562275439653912489592215222236673132489647448734576647361221691879932127122236112
684564296571548424945286816235513325943327132539161955118492846 944172
31744961561857897 56469116626811274339821875278832529251343832856379343171245591912474354655991248
9616649898513997481594447321566459343169273616474733378429358226355279596628191121566949168753 9821713441116566549499592557494214583549688895796178369964751329381
9387674466272449774982559622 34313839378113295954473
47112919935134247445945677867966794536612818289969559675188963719316834697188465958498576913621781 63162334113923242933417534388429526622127898172283566541373698188699641416465518689986
43592517575355582733114476112341228 14998
834213927682961922927394356272186 824752947
56327146183 42138837932949366144699994531377779661858417
1356953351337958191478327697244568768482684969134639899614785743682366891284778937755 632281683299532415254993971753924378979912139216265
5522254557955 9947656163573941991142322421591981249391243821
56413719879966999756246476548462487571794175865998815228866162633352835347456286645136183366499887 178639891597981852469369382687242224174398773578382
767461948647287567792811461296285945136967478695749991487499661473463653 1664344632917669156143122943
2314355334846473166535 781884214323495643481448676749589168343599811268692852563682274318442495
557575868283454489791715418135358525676244914163837346198157756497247936 343468
55317839178 59418959644888934272669444176758864811565177817797427153631736241899559565547467918
985691363128847272917742561566728621517147428484199578435742853894125443881121559428132435847 334542344
154597965692462512931171463465832 51467161277322386948839851928158667883
426983343978341942259588676 3826623966848221162216411683529958464578586984155413213831
22116741442315968911594397792749483276437952354666644555851972317499373239645375377 853348123229873451326824319211348526287634719933882225872251152866522294792
5618261236118238219583988258653745619792795228 8322
93842275353744244999182773994125217675292229494617793699 612628257385321148637711186761246883468575486666619443434914978475812555388127351683137893689
33198375616827764523475569891126984623536582361756332988952897687449 39172579857366462843589266417647136554247382994288889728
418851418139332589891555584 9812117198885957977924781467186926234763573442511376585254383768438456269
44838568141644691211978311452465895396749144982 9655161425472131774438639647189644612976465562898712684984985783155146822496
8391858245522949283169726272457313922495814821329415538966214955711811282436354 836475855429972793556737435713554
56965339876945481726717146976962114641471486429112754666317516592 467186844763197465873497341998989148886816583677
53838554787831162371873733236298477183495415966636898115272613286913555719112782953344413333 518581386968573541566632943168475642437647316187883899214964975228879853267289
814335331511938121115186593468381282135549797765291818981362326954356 86114
18341688822271283394853894233286494531747318432312554831626636412864268331752591117562 27154268884719799227358729667338365347769376221345377615592578232337797238722134995345695819171786
8474247572779651223153262116284247335157126385356599338385549811115375798213979322613577844644325 7
631588726911676817597728865485691887534575127937224726715284972692874681584944996265 2494723388558959616794167294427875851768195424
96786584473833483277958615252475589683355111496536121914179153524 299768789896491326267781369
124677942 44254751936239177339432455123272217195686918772689647139562429434481
27249849698711576385672542526319168927215915827821684587395596647827293 359976
63286861771531531381424 5678599414225
1895451484716639822815687449843667957466247597548198899115855472774743117752212727272542622118844737 3621758688832235753338257339734387219854998893173162518359563333135963223
44873152873313956117632921774142683118397318516499348812945737611748116217645898485128188537 48122455337427656341523457634344524919
4615484695967947255747946338278983864172164263189925664571491787929812455197 27263785248796199551664113682792261673156119787382371643736715267
99479357873955152 649751248516578281316663357123539937
351675311165149954432 68528621686672
16179234848663749621996552216433882 2436757539345178494888272279752752593362912365
2771592656432578 61391317635126454943185737222175429331646962839991762
151621939897545343661256879131458473549285185539181519919358711841373532 653476787199592149546444888878576853
34617515914448832375537176986951395795234734965767498116256536 8151686224538832828665358273754346117482352173638173785497515
1386722998468935171774622 674
679789818911196125 5136672874597
317573352286987263462639997993933812874224939694818261682814344842329554725684 84619571117774624167438296672479825324383574
3785936346351544944522842563921328 42548336
357678317343511846635782861697 775372464751258665394176672474643835719569
7265125882169694342234617825279458826613782848291571735793 73996
7186544593846816259447419634862285572797171364 3179945171329968357212119544422796214984416748975786131948246888389315982415167218415
55517443724536163571441272533254567453823568783822438523963737398363842984899963857 97778577542759714986543587945258632454163124446952422585
6584634961586788224618632172787541359559159877665469867897793991929824659286797727758 669194986374713593811519614811389672671218184631993294956431445466
273717154784711782346588595 2877839535861182297375742414617893271968918979253684463576311948645823931848127744494457798
62222529423161516157693158964255624146369573284118311818899465879 7251519396159386176467316
13999 26643291944259964793495622487333926551633848153314723569559493398585
3496261 67675463852821751441593256791623933852964243879163
53995421888429457185129723615499556662229877457593949 98432921822713199615336786674226
1351966536151498348595 6183147184411
65288968421621385983881829814798299686799143958867536363492253 2437364736853976747
87844122244786165485383478999896532284943627527369597559427772235489413992271991 2379874879962395344751418925232924387238
4949346 9625981278559197221532694421661287725363483214257635745338688664711364341
21187655181518784795912572582462683253651594692826986 137374722464349192566227195989665231139426139385226825868939262723836296563171721122675928
6442685671428125993277322785462574954616728567246498374668214694891674642163516887451871464541429 7573723459575473149496
7597593819223227869657312988596227165719 271878837316573217
719549745137932195485337127915686437695671389 85873381632513314417419669793721882368998
459548852379874388264785362925178534148465583188546947531866331539386869711773583559521582875462633 84681272577291856977
51355562651 8619885257855923741682344651222897412689222949341343
1659785926818752441497149822765488127212161819289257541342218869832366869539656187827669435584392 43146319214712348314375743856311313619126594437993218956221724129173865443368568
24569816525975818732245199765566494112678336399444 5693329948722397973424551458976981825156627721629993546196298186555826
13334237196964591176245213933587964582526795843663427863272296445248838179431935377187847 359256844913369452435622583953345219836347369299438328843732775911182798
6628278468258349636313139442367935767738227927671812967352193565 787663969335422278382817724854955887471539464335489671481135688792981359353314369182317813
72532598966415116127222713138671555663655393629899933111 8915555135955461537825879643545147243969
73484454474473577198347957675273388 441632521416776186968469285765567124526586578292487
47314982165831578147313232238882738128259799698125263122464877818532735486356 389516382743653378792673371557411964494995524848336825283328183893929387368818
8155188768371139574171475874423873667163716454151795723916113993111689264534 6518943586444791671949511284361885662788569189584
7511392879486111661231997791445746572976835861893169635492129466158264457982828682 276424316734755779
6249293161499928185144469257 7571578134144785916586763
6429563718816699873935813486441252517853354159 1357614
7637887444169422656573868275897918826823619899396436928127387378571535789861728785599462 737278871769238617583227223733426925125186719585185
27448274148622227237951192137643972886636294753495 58289775634359884421928253
1321968976729219555418449383695343492412991679432247317754291557191828 51917229296791927347784287393382641265173851819446743174792753512719
2669734917351577589975995775 27296757317859269566343273
7419755451241544233391484943951354385655612581278355541435828334817364851836674221516797892 5987131919917399395431669841565379878718337557988
922664368381653114318713 91269291924683349143559922125554311992
3264146594 3866389795372281272
4458996484442355669174474375855 39519747622
139776225219463641 15981478846887216243423469854981221161678584121164695574527
3556 5824141116723151121469463533292294291536667345596774296851334469141983539584774551728446646
2583655227273192297368978244895131116891264935728733236655647913487152916847445653736338942849747491 126193
692459772758914331658656534827342294749432946273349 65587564364733396571839972
351556388748 3252991486253168215527871854991878847528
91952593466649258151928963195166228357555322464985547667954316885346234552144627955398898114 3954441516524778771684215249183286324587
68959847931 7132789936999154288138885233244816571134916698
78179516215511225548199 25586135577971343657284113651311197719177412387818725166
53546474479683547125476144578949157452817681553521473763328183616625653629693776769884183 6418522699481633413682827347431784527413975584187
6121542269952674437769248584884262294539715983847671548394363524 843178244172587888292843641762563794681373
38172384814698625371411432513477458649979424347151696242915411551134613 2746
871232967653288722 556
923298699922 24196276472735953363346228626615123615
6488163114664282296444349698435835657121447341975976932816689729827155253373695143624 227753
589312538737339911477491572915826133383356921991 77514855812384976383173615364294977
1279794174815696828473273194 2266884184248741264139136785514734568997897284518481197716649479417721443549529126
66132182123748382295751382275831972968999296 34741416193545
982357252113784979667681574449997478651834169742419364452 83639594564723729841287267747658888471663348212624739346233626271248888837147262189535629922266444
19361713237689642434579227964997838181344696 8329112943887678
648386912946341133165772487618727444838654716362231841883278579669 678426684682145648725538552613822312197382573426321476395961638482995985
13284 748115271338328549416213617317261844
5892636 69865481667325548639772953341687559236443265517194826326874213495683116788911873796
92384561 6994324914878688639882235783171996851264996581414111614872734685411342635734324878764778165
9775485152217453838 64222113792318365759642784517575388476562257895815118457576658562
8145332 17141739591165373835125642393557172415143
71753631683862316814892669888122983876228615279485217483728315577814287698898923469518146267624996 185835784521514816137514529636185541251731336517472343641986
69243852144391895 43357614749111142825539132568828713436221946534936192796343857117944324
7481952772492134199244589957599215454326796247441541524112362617364274826161444145492426276 866212239886542289848832667348125186215214133681919817643121774981124
6146394422 2831525164936522478535797657586344152628751744554634767434916
955364417873213484359797383581839664271269582818338882188559268814 1343675958125176152729733647236393194537364465856659551328144715348959582769664797
7253297884753268746247265889532297223147773811784878268958696135943 2132713399281886742525936696794645665881626767341917124596734163337671382322136871963228743451745
577167334285293351844166964527 1248247378532237329113619391
84141383951467557812913758956445538732397574781377287946316757 19311549486644921467114563841762295263714354335518777448862576456374
73 953831772596724347357555343535569216865184635425
77567118283794513362993463464936929857567268242 554382865326815319675484812317878146474283
95829516796886692745957319513453428471968162957365438685584693467466 922647619753417224275311639521815199229252464587646265212279187796248233781174415312
218852115114726 2786626521437448384892817189176811116723849722733266583949962417617689157424343358858877
2243721831467468991218692546872662995843664522328274959217122316666936163265264277893644367266 3547411993451755947656268288198161243922456327173561281536692646625442363643829754
53569815431863252252996514788435156832635265459336911889125499852227233 9639152781382449
2751 4455567461894253672946348
3314926616114715835483861469698374371568654119446818918132285983155863418688362629774849 55341933226858382427859818239375947113397862466371477489152971354385249298975967222485154
388852768654246745829851386 23583889458828622759776698754495528496674658797897275565425493734895394
6 9983949421899262325926949491184243869234741274
467223973227685617134862945118353988112756535227132346748155147547521346337976479341372871673 45643711742
999189 84389274684637671813832629561878343446699518531233977852182214737879165241273386424363646
522581142894258415876748727281992411413963544572629 91416827584131237818824372299151562928342
86427635276556253264166177771446199733414817271549685312665393917913219238245252 9549247596437327136733545652171548135738178896141284568331718263938188929278912725448
6357194886139963257749166159993499785845387379832312211725 71947862171115111522577949425471943416
463376552953333933893394628713617 67527
212584344431511728916431183288541256144852921822181694928138384848211242618198981243856664 71837298775863
31217651 52148584826251575818
771161481313459 3988369728534923121651153791
82665522927598 9434575648428159979248355446131585457569428967353955472623884697
1897215333114398319964164599576842491429 127779237648836352154869453681314
82249552116363944112774744134526656474633215341692733855 8636846313166981461573846661694277274767732458563965489955261643741956369637428339356852
789948726858662389963982926914731857294434364154582382217357789292 71218429516295438184498151338337
3527516415777482439394938997 978897953416717916777324378
57338 31768498933483438164742962757931
637971496418475948252861993632875367 1235275274561969245963565665256854597631521492469223122798749298654652444928592
726971913263525292192161441169752537311692557696586349413398 422618
63959891216314158753 4539748378866227154941318996199671
2356114727866653547477766288618125 653186563382923335658869876968552368456467671
3992139458889898853314564772658265735598147936431471972 855626111144157782719473777777591992836721786449963123345
686528958643682722724649126673512116929528528332746 474381115937643849227131949911793274996339441231499281983
344736622674415544878223439124817388674337814495216772148224437176457746299189816796578442327876235 28994526755213224635912393158639396782485
596657388481373523583725916977385496792995538642567438527937784 57955356621345659612581519776756369373555147
9571587296815915533242597743147859796964548189147762516923812945832861798198725 423827432112814112228551839137662837516581787211867664682591124853514587
89466551734663545 959451365467952155681662296496178944972548476139497169417819764222226879642184874
7134998857 32263261
55488478493216891339452482735411979565363748936477567411955277339515882524262889733785 1993459855167251298358859658461751
879326782916375433793486865913265783475357115785579753713422434352189617238395527997379137363915786 2187443567797732991263331156574828482225718976951929567988757984678
676723575789993243999448917913133376726163517372341179141874288227645156957213366523899948 6296747911844326276376451696
96284987813911226266724576168773562387616424451595796883699868465194495252197515922512742 535
8231168683994865466832683667146127643423414417231216581977514643815337945438899435 766769857175821919624229332286853124648672512477565562689971985155211349741191194427744167
23347915914249654616653969519211699415926582174693896114142513845888349648448982871494479 17363412761927888571222347541735948787855339718686117465573891591657788911749718124723932911
387895165119363415624536729678944127674565994376851679499338 13993665623636837424826
65984723159863132538663211527393727578989241965164388753951875638322328961463283245 257265522664693927391135178899584698849198711559228974379971692257281381879758626742734673
422957954183363393281172639881529412433896998413228939349168581249478298 42273989473137962125824839475294484172234198235
9348142163857544439382821827679563583388822581387738568951 55642
8943767197265896 8746416264685818257856191341372567963441473713392772776729346857158892441575763
18734287813739396617595149219217298619 99187996172953826
92829542457476552485492947241774 74612664534263672581133286774192535176984612912264562
96879542273747572953192848521274547734628 97926142925297564752157493374953946619889919754855268115828551
9352242732178547284433162259262364424547874665375728341445873 38251671792391629836313929868512711787288934567399516286816
16993366199818537322661696381643351888239228984 43856391327791945735286682499682466434922219854879984163578448759636857848
685646991857788957935257386471266148889137242881295874153351348458632573764476955149291626234538 3139812269667295825433832114234216734291751
1856495165516455932658938638287546267349765798562158437828471441749812837768 774591871589315566323329864433828999735926965241165618925272631531925518774939477735744388867
42157835433 893984485278866136794774459989844575799837878531142857215596634997349768731933612354838717667
8712777926167315154 714169412631584448661559942714898816727456295152314382427197294127859688438326489845678113
8 928627676368988892619285925263633199928518894655
339639487111761329558883681971942255845197492972667971 1789948866482628431697521764573313
4842521149348884 8752544588968452252945239921727713623812617183617524558844145367543449927727978757135422143
333367817594194264522743516312447181626246721567692549853415333 72969999534747115641961874791569584756985456214485277528676725578554838515491425621332
891917548126392268789142571411825966675385182985884264858959117954721252796116337 57356511
13325478876846874388263569884785297392628252234566818923452351716441655175155 8892
9 976648612395329356645388994197986846797784692629
26844928749191 6941968774348
478828745285743116642617378114157743294724226728585288139873999691 151299513868829631182138569969942354496764546148492955582193842439218183452
5964529916992521365575876177911464768775488521278433176624743818273555769471838613175239947 525855635839741273
7834394454449946655466671377562844988631522554956361944355 3143546655525139
9676284491457 77595572796457967917938452647
1677861467869532423566785357946945 5536885922817576797457925842788535723467196117544234163279451
29178227778395253551354717455693323417478141128692143611959992639687715546159473332826 672671664625343677259789594419
75695426436138 395257672173597
825494925613834653921592557836492348823917566393516451392234688 52636923775643679577647948926425691384171
7726245863494353176892918365194485116349275297726432917431629819284414892991272473911324738642 9513857286756822433285148642732648212474597148431272375932479
75789173522595649421975493146314976249449698435881728538584329913528971729429196 257832913419492879641748146995812635875794126148144559976322425585199577161217471745169687389
2646679956781697869725745833663656754727716348498791962997124186667772594911143813723999759689792 268439191566119235629842655467852937236911
367678983316433 95725133845462918241761293346138732173779384821885481347247311656723493612528366441935629526491224
994532324673262119473397677594142843635192116295857685591863693459448144787959931817493191188228 65681191957247122469145367393919158178484583119946437828219265959293412296698599661733884168524951
9521144268479911241997274651994463788446333454941439434583523896263245384797651818974792147 749597577242696647546571
9176138791454321647387 29985614844
62491365532 12198915428772622473961669999172877279781364758894525727162525381513878194
256 581963766282194362866734456947619551115583721711168556324835638632429
42694329595546173931653399586574384528861228454521896738 33623689749912416
735264426765465779173911115873131697648426562 3767623711667647579335881389127546654743
95963732171268841356929698126233487437342391535452194115689762127482216528911663672 8139596916628959151934985
6 9181794847255823532241239774421155272923536564811297591694
76 4
442148638196211 87512597598879314638278183793121665322715529523585924959165588864758152229534938887492314
72 5824135794348478681998
289136141386917961235544966929952965 54669719951317783933767487117641791944715283532284663621137
7459241967261545469491549673549767833481911665741982754288163525341818446679547649686259438876886675 196411347572222355726998137611633495472741874599851428321232713259963119363584448716842163
11991217462438236363929149445418936939717642428793533713986773237625783969452168559213587889678627 8563777291844187229545997877316736846447723769971897784228872762638598711535544548366663869179
4551272927411383363775 2836897741293328693818471331241973
6416796223991844887369293775112974766 87925499765293244831934
87874 961681132733165221138541912641363363481159498459175188251414614835672
22854775242233834178789423851514199989668273366734766169911781 583244131469495221473935377666386872399266828
266134782441562868365759351882252611474392828352938879597937343267628885687854661956428739984432 36593248695475393548619894353242487224942854128327443469367775866289312395821544131644317511691
765358912416659197942567867492127244149846693281945292587427165611286193155232992347557314152 8154229878195723456819862143863138171785382286841426279448128394289766757236418693349267268
684986869491721319565237234763 41293641514787577947782537
284659594229381963267788575974124195519125741754 623247451398847971293
1691475298236768473585452818943192149818948325593894512 791237735811738118459892649445214389215955641792689664191757726629941242182117787189945795221816
2388193691796154915494812468844366 474641292719766524913974599767574128867144944614647555471712322336641132825361791718798378438128
75436831796972134313 37243685294183121113358919678416473935836866245127512165517994631986614359379667656781345
7791697489367389666372341963948156932682434554646322997966353422617924 6579399984394132968
1675399781285179849428451874345 44129357848118181752546217788622237737914453
1619356864996928826681893196313656595194941324449545649584973483631757192 3386812713844183621
88558965424741998967268971143471653752219265414558 191887455298743777191377557399588961115423933889322456718213368534317254
1855879451468516924395156333915266747343265535772675916933333386569844896534523248174345843 7387572526741624267372681657962542
6215333427277832864123414738676761255876198125456355952469621235551246779778 962143477497324521735331529137575775299731981129718539461613264847253718812932155782941649
6438148426787966833613 59391185828254536271179358247376867292243921557951885813119184519545538484
3189328868429461947733149723269263152582392517332455367877547198919659522826426127467 968895418673572556
5977569954473367296772144527766899645884389895469461768567581591728971814846768 4267549283833236651456912995985115445536594159492427169816412966851694853219163831844722213
5466329353122715 127227428758461276983181494788953732574946744686
98293498189523791122656435338247854874337152732211519483755655256463562926333846 4748134319739
66939198554116927877348889997 5439481336941617
547127646147447653892 816613282429977757722248714226864712636192515377263943587353891271423546368712722477778468192553
856173271495837158551555379431 31154774
311293659466582944726183314552887333394333645897848547332339347562154952465777511724112179663795 555526528875339646
369946398616121 9913494252
4852344825393989865165521895874134221336513198167929217615855928661278929869859728 4
28896458934686959699815977388118331459423945315868455777245347471584876398781932195769568294784617 5585537348127564462342527629161563465311487729495898192445193622414
37756737727235964164794183253795365347788371624751197162579899212782184983367916793722227837568244 8284592726985267246466937573266859377249517876
5598717573735767575878583611474475339757149283266326938684177614335533283981422427325512482587551648 43557213531641364923347974293358159515933378984912122334345764667566145
5924946331494 85224332723223494983426642947255698911532132722
34136664666848775113942738547538325341783466347993793698368165221933996993227733688 35722573777877985926487867573497631229335117745896229
1982235996529455122527148197833617266668533485221157978446932634128366546915583947494751129242932652 18338129773132825949725692217567993523517259442131
219419466554341654338822387543869232914616134825941472666612248 44242346
3863417155738729468747813 348753794267263325155391971195336786
85128138548869575388 13232247172527339688143562627476283778135899141144511338374976685795
976252693232953627981722944318456314187896667638583655812222546399383523941663493265683567 9367298761
1355286964315995667469266529672721272452172555776952487411643124478214421117282982463555943 83197948686138479179889154233458542212655559374621716554281729221945938394493361521417721
37446811416858723388781992295573963175458621924271965629219495468397984994 11744537839211149748284769959332349369858
1182817368798729741522576543813365457817617261 28274917716855852268885641597529864957255262438792655125232714351422613
33846399794763 36445368
255626269118595639527759512226436665548265133828324727154862378759738433475942 96288933544995645924488998618347415689933941786581743784894
4521744245233 6
3936414733753836697718556388736235 464984457686861168272282187313934992265274711351439358
521762737248159327451385314495886751192678975 46975712969975982165325251378881143774759564674526322698594264136775818819
846646326255475181637926874822244727943867872879192799619813563319879929162231997383 176175326448844384714368886928654197698149294615551264247983714526925813342884742469
827236782524973792828656454771993982482326585757725 34639313852636457885687798552824317479381899647569189548882934951944747175632122623736712175887181
13741749864213334197269 37335273632334334284771914997433767351431165441747
414789641631713117277347974836183657244889653 97923349917761185687983135565925273437496382786369931877726683683369884764828481
828835679532198795673929831155246411863236835391646325995465155241367889 16468743382681876988356965758162165641
52971 37868525195626344258842961149914345286978265228582286114756734669211594188469652194
3971828178356262592497125996962183169595553314382184784834338338266891833945325 2765753595624374318364873558811353642452
1837577219627714174 7239894549821733947881462512822396964359142291621399632221352
427234444688146246844664461891634869341587366726336482375887537786844294116865749233 71484167294364694936
5783853344726476449181817375873399639772868587 1338864556182338942894227513762279653178364259892767633319274785179887766873627984
13279183148745835981732853651969185819949691962774692324524519548514655 9653469427511152645943716536333223679753199675389939332539979428324734328136353931812443431
91659276953993629 34933988633895324798277871232696888516732918464886779918894963125
84924384511915443741139398436728427786556563762936761549327494144175461417256835927425 27614
92384938 56211313146382
88532178964126486154958616483148882697773183 2458414942933122534965468841718635893618261756852
328574966456162687573419972636851751245 572115234885555825282944616282
886317317888615931161479259795299443113941119 2531828667733812182446715629677512628398765122559614379167681932622942624941913684192557214758
6199 74341583265289
3731394718492389968844584824411966152612897428489532 92
638216864535379247148645811258566 84922582774123344931124278966349337827246467911
866823672163291154839944148659273596926312168671546523 953376867284217
9933166891495857215331625761487121159855848 835853579555614767733
32167757382628447445914634819137216912825523516438273876447597 2721597967842892697546237898888343
143694591617532745672298178787481597287654816355291863986385466777366717264134399252313 2472268
48445227662476571911 49598941212735783976899291141766251271
762635331916367278918152817388376856749216 3535787573
656636644793522719721683815175524456236559132764 95491478925389135623718434914241215743352542728758972671276631852763299294949691639397
6763953798954274798275358755655552421118863162842162871743232163821754594264551145893 31655151819542489914992776573
5192919237548159369255161652965229426741789864647265228413262827575974668685736417893739742261791 2872288154
5277857336549928413198217745427678426422271279577761443 235353755151815
1697433263673246271935698729917188328167734257314476398778789225799131178 2119925582
368215149735265345149721616798148331779587176639479281996929597318715 237421196351687922249477745691231923755669493926124864745176176648574275219469159
26751286847685472734355791118819969577386595249837736 3824894414122934817585296825799193574681362932726
99341535778551811182146247992356348913236399668269399276 5324665611543877643215415743615277571529163892133548715186639125376245442123616
7475791411713573856512953845746852222956151351824759769175726161691227263336327278164492 8225546658753743998233
11325951386685837259245 88478371153964894122237121976999927216616599428738
962211755718244279171822281949836425118877784818262898427539759244446 941397781471298523295515984692963362782621322899921769951622317165813958678726
2352138769591749179891568 15639716518125448286972572113644331243184583384283479723929
244823921462436282463198541676795864589413169626646714781336817929499727819778926525395323983641 995184857369179224795336128
97167425227446639321349933879245453514965628439763717167646737181387127771231622668583752653176223 337787331292
99179727677481825532846328968318191514566833374151773136431691177936533 63794462958172956413938727624883474144413782598669747226143456131895563781761837
4945491794545165436123374292642239682527475559766574129452789162159144939663574176 5464126339518884844424
7348388597677362 82225455967244171569152753737537258744629191333555577224296343988251
135833895459925841155784884362927991795764799925998389338229557934254682671494623212659854833 2718618544618343422686724213585122284977412554368227464225461311936456923457944674415621822827153
14638888718622538918198349532637292962215449631611694397429585131987816612696954564 2624772112194517876473738961966764172665579682217354621367845354552226942598557871525983933
728291143925973412161457856184975892834 6128818163321662
712 2466223
6839 633857
122128876116182517764618271791532687635875737 4953714486623682233242113553255343938783458516
8165116444285243291563396446975164476117947786794668893722968873352973729796171967835827843 69558617143615164111322813997617665142813439
26798 86627176988818695195121318712339456168171438717192
45281488645145724947982278135934595238526849599927636753855379947697355 42995599732218127975241467597192475417222475754771547686844995988953948279142973865265412367
11879875694451681944954781231446266455548386359252988782531445471579855182226813 5612579367296
284549468729834833955753149133271621799937691739744448835538682542313188435632 325344198517191457321785822549537748565285673364527838148664585896959416386331734957493188316987
5873248428578745929949157 68723537783249171478395812977
122821383462566149363276317362369655423938142476171918624186289698243685643143557498157865682 77153912377769676161892848723679266851891
9971571643235656165828647516182637174418792687912434538652431 185958765877331379496144214979161635871781444697687762945137242191929383
893256173166366439213232264765446 69222314431562979174577593182184176929487646623653153721299961731498267346829846552884987662695
589667215183793836597842742425739 8119395879722417
2792269926779917367684595935658114559289143432563854992972965368398399859853831654329648335 179436615129419772267531927417477681538961298637466855517523
21788191695794511981695814839859518871524 329391861384628987974786763683237885749783265959211161813222737293874288243546497572837987246
9133774961466239675942845662853219976143567587381521226559748994391761856614266976398 7456952898769966353875872558852231382764939526548953217975821528993832889317262876881
391336437152653274795194785613342446432859996527972745874379679339994866461 968997353854991871819547156991188638425119943788315568712961599185944
899228174188925983443683362996669516 34823947664256176317372311115872521381366854914948254658481595683816683462897378
3325447864653571661393852369558217573848214322163339986278424862733272 928
5245834312136 962765383694837146836331862366735784688961478629154754674821879241224637281353522485
34677 43769127776711485154745432118623971
23883416131975642665 1228679829831994884949984
17378186635143627462343883599815429539837135862773188425684731866456819339532548417529 597343161969126463586419585
3712391282242972588219718671521771617 753622376811512792644669788116589784198125152583443683489444852939573888557578757662
12181832731116243687337648348662944675242899695311323358824465233223773492414171 8918496457683447416357954934538392576167
61392153391884766311364529 89237759642459489531943843453794963789279695414411215
529718777427941263229784673 6294594644916216852576196299373339788559568511427697565
57594819733867584193487583257937449443398962171111713561992337943779621 8443544251232597489925375793316643528543246723561973583466362283
