153
35743583452478155727 8727138429885433286544279215189923428643471974452518295244948727357626439325153676379248318243535414
4787641532456792367517263875235138557829625332519 891565566329977565539487757451629141566423996124261446
447334417934274955686 46898771514248516483319777145474186916
13826251762698616915679558413831684573526688126494161242471511215243564649375818392943282455 624563198128318514439337623798933887832283813263129213888
357612 99496586662923178
9912366989679197724988496627966678724498216231988249127889864425398849764229854183677985683284443 756761252372382266932269891142
57811714615328685616167565487869999976381 1752952613127442468157993262598453486387685555978611286137474973147898235581662224632447961894486956
37156322178693791652233119696132382454952537512911145964624659373197736184586487184917173978 3126248571922352312747156792813347155967358417
671252556538765825545186458926843743845495567464994 1379292633841594338564169652178562435
5928451337215742528582511127311693896892941912274853473364944171384595519634269473243287 8713198346964617834636821458935791928358755565232132365
189537654247997788231384679891485 7886156398767975954368714568672635458627274664693729942765338954
55548151991612144324996787711265478 77859967337672948969332
515282946867182617188469258328345694417957623887867565725519434154317946619726277249889 145592849856257696132939824268863541321817876523745379591485463391785453753528
49762991846354672147633485457484516374695311221423819453415747969 533259387668352121397753493636
5534621983447947222376234551595916389622226251495148719 92119261756
8299764117891274625537618757953363855272538 448447873845128397378281927986876284366642461666
49496198547977441179311283343937138 799247166647241394347919645253289477213514876969153866323318717814
987745815954295994 111187222981639917975584379963596
361889395427986594132399196789756697264656256841139 548156751
4482324777645955184618471517231317479533779967821961614563559383454996914 65133371657339878218176973493972415246788446349578257
136521977867244492373232447113552996232376 97787692
522331745477229143313998634994115815568989878468945638583383532598711467512171447757688135949431979 4935357161123258987264754855211884626214156155375
556851159546215953652567373724944862118 754266949411336317683536183882598125431111878393332967179591828552519559985973142
59459258942453483287221168599675785793443575736132872753889779831241137834183 312496137462888888896293996451165778468733198927135756584366829313224716
218153 48361975639548531989853442
241697487886518683147122613841779929235746211491316383586223732457282717 94966562647233451896212837879262812265917628246111954341245845484866621861168444659926481273817462
7885378477558571636738297381994347111619847225748521141796269882567861 596971388664798669187585
98467757459523153534437871114992339885887236581 3426851645791963282727717754369884759325918774391688936598897144393676486654316326919231949686766
6978463791959677625172866174574476856593278378949479565387719812 14461692137959232985235
749533247628882879653228162658455775678536443238167648412346941837 9897216389123222876938938634131628875277531127413919472932566617228734973686142
1788 875
9746822567435487213348788136482591339429563347346927659311681923785918341888372568146616335 24882356123325311963235287947329468677216413966751525114941492125462722213994177793577891334
666894126446454174477537558872977313 38833543531381837385323349914844
714117157821958446614375789574668822837618 6676297232472972365498218681454166962131456157925645429742753135729825621651583
47815441695887912929165224311638982245887153427468949 474992717957137565871879911742673184861763775839324633457974236224663426113
37148233449185136765567285267978251614995652848923641231433334754756635572 9413259983918844429156716998555986712265889669288222291873517289817741159848946381195989557358641532
716215522268164735512223918 391819437257896384666493447734528353172468238143183146212624118298
65832482542797737187627226625953672836957473118586774 1347376238295461985963828963875966787666286643476248945764533915547797745972253397
54461791969756369894625199781461511299231656717955772159145786756136872633562869327388 846288251972555112294773812212573736453634476682354842119
624578118437153189334855954 8932857146463464259573744533817867495321944929584512349486944451623662253496778
521466365319121862419988254878852193837495985547239528548 197
555861237313444923568828316334994379 187245522344388152259226596837362
1251742334269346113163344794534182998169719932694349229664887295619 1888211266228277934369747739849621481
8693258995538314894873561738568416377642266328854428922558676692 8249655671817546545472136184375291922929423534396764419339948155291512
661529858242762269139627692792599193773953862114226335428752972671818544732 9543983212416517836437437212375642652515945415324371337918
4955592653825557638951687772316882122676725435859326111772538416356665732561844195774455 3387268414371556425327986726795758217745278118734536922279541317214584642668829
7414269848719281 16545498954346927888947635825545433551715252172856815226197413876225814616426278295
126179149147349938353927633318 712579674113459953334772249762213984734486127412386526663
59356527326 6769948578763645112289584699285819314874276629425188675648514231834956132485648812994579973566
882 21298146555782411646
111177291374243626132537993791 9717976341494281127455938154943889457135289634253586279193
8495528344658522972698812679494241427547358293187583989489479158711496167824348636959667321923256 22951937957777178679383433366711876311614311825213426
85626249891668518494624157893933539184319194561288964618613169921837698976473642396531998277686388 5893462285389366722833766497187886918658995952831991439681714688193838143151245591376894
7388416298471217798377449289777741852384828761958425579386 29521621189891
314435861495125786482144991548671685584588111432666215892475344892179183791 445687247295535818622313742916562975843715177441153868351289246222953772662733275548571
1912171384848521671617323116748755771945853313813346732664 8565748939541155776515536823518722842314482287332
76935426157695436446491559443821519324149771 892716953519368815358986219936124659549759146631988333214426556237589799724
51838844999948855669262341549378659 25332
3866478948954731952914817182239692455894597872672 3543616931295949113528897334774449173577495269161136417191268558396
3915361 69818899342938893145435573497265511319369114453459414167261282397
1141232855319459531621 7779894657472484556267578
3 965325753183349181331898278642161559925144243332446932674712676355639611632411432448864
6 8452716199123418442637111973511244162914123346
75251227 11265362531
7468314324349428655528757273535745929665586788242318226118713987632814977395225851 573768776
2371872343785171222754757627 56283815219383398239527112263254886542537731154974953498559747131172765
3649926118847275299549738959918663753741355 1744622179383295583788175241766874926836
3788429544872481387849417242193418793589967127419481518399321483193167953229558736325337347417675 8916897138455476112329977345852283177324786637376
9764451985243447297911543896342675694856415222673188587895324134 147227791241211672753148475817132
9455845651892989862466917329594792747489644645535134693754411263125497792715111631777988 5593231356299512833882187461715625162727246664
62669788625895192989385928994274375594998523482632 3
949188613271961122422598798631929992551542667233781195277815 488541823292769129419229931948376715247235248592738616631289517138745399941713329697926761
4979675485498114817963249864318269426993632828419667621784557917994285442917558255642784 93526376
2561342946649437856334236521219361356238497247535882842 3569594289194675696549853174571345291888226213691461
269374293771316869462927635117695278325857671523534232 1883153328556525777795515525256287367891727943781359243
923587876884822762822429956285531 54878242785761378743558373134194784675544716535618966134863554512725889995592
56 317411591353438447752648118229299889743617445774936446844289175791973675762943429753945256552
9115788511459 4647586599429823847447856384774756126
7735161191 1844523249922748686114289616794393753436791925845285556684
8626775727633476573172673642641121459671486548536427475865738 22674718943841552293312591629894847128919
5661784986351643765839425875711585394715367875347496575671255377961884625244793464125777229746 185231591388936791773473775637445235527312971
9339523234118319581761553379729822692525479458649617723741499951639899 58699942178233885815719531482195
74669954951942473215626331274695939468844995821649968476277866693 35959577447526
44429668552215 676897179467647417451475654825189371475
296335883266561712419595892193241891623937562289898894 5327444218473214878394525436737339484346448128998271458
3196471569273786442552755796254737113312214615375659273655632897284554732388 632951397641162383837963872597
9916378634816964392454774321564998113728435293936863173 8295251844818627363926595134258897862931351393616913699557159348919231336793
6694196692991224593796174113827515338634518581849733466739 332771643626242373519138747874544918245722196176646
871266752312122 623828591645135613552215542975773788856269219369866248487246824265797395
81888527488698274336851999757281255773 517811293932611171696145496889561649783173691813982443
999113354754972445663356793457626387447996712276 15514832155236155786
92358848623941318917934721466261392211 4948586521187177196569666973294192
45318491447597597918178167723425727323954346437283464187127632781635359 427653817588777282616773574131575321896381977122319513241627337252913
2225958849314634452938 7369864283683789884418938847723776824436443
8714637812131818745945622334692827144363261776897844998843199857338273126442 74325275257799939354279585917499113738881273828
6289476653813725888961581553319525675319558451958937192486 155511577965482748376742369131675363257957817861918848788251
6593978114938581411111845511215745491894815273281344312 917983218589249524292894517247237574
486388926841498147462171483534366984762648175494961134216321874188698569232596473532479743762 33629438223521175679576336622979646874371935348677311894922493586424819914296289116891742476323
474655163845332872431278682773374435477223763544774637522137995443692247245571567762911285 8518933726845919678842236446383358949272551954163332884426373949345521175
624692617257517495552798299517876974 14342993
1617527162421974551998576848893421886576433654228123711931 3353129233451113721948793477966255113879687998
69161718197378154792 29137389947677396916625935543968796364637685417114984956632117815357717
4728726684 86289749387234159882244155948217861592864632987842492
2263943 65114646811
8313978154477271489647697185453216 8611732954471483512737369772621931464324195641756892699726874215925546467195388816142135475539316
9629879186 8933498226589567
377113 4379129452871317847269472939979353657634175
78363735131744778347189413883974842195957436397857329282994589386124435456192163533964311696638261 59715326644896442793892899677683
32868826196433244881126783718 747389925582
33255776429471973788476676275518525 12134334222917179394859574129
4664174352561957487552354686138231711695636977248354493443579126 893562822282227988414194427259531735236384371126423965979162684773694
588757233382878786351763824 19744484832539964998753
83625812977212254866165136658733537992672651 16463549319237693
6465476335176817357676267152699223183279811666293475 9659659885315654252643132778928867223883232615849338
58435534371364864957299441511293826 273253183921487856639177111138387551153979
46483332494746322746583 2665159819
57253679242284343 89135711162288758659368921994119645485915142129337195527454144624388751892465358475788144673528683
168836869297398845438347158646117353868166897362476559484383 65998445437417953812329691347444953882265113312352457935135891547518352546444369424136632397
29725973648962564189378457364148945849778516341517344363964118592128515581 67774254236196826777172365457421577886294372438237754618
875249541455394594557825327 3812
838386342346917966897355796943832349167895865656536591546133246165193695484957777541434741 6697849916213121217911571633999881593362847182892962
4928346585233869224728363961428828265688328816439213841954177793124193337621268937329637552236856 37498844887938966376837878716
456158414388185482258298622261454116892867152175552374995172715382684941773638955421654429589151489 51546694164117584739299889666676
9627337613467798823273144617812577615343575366347822 273719195972469631327921572742593292
3616552265998778672645779715589128 6541221478654836792715223566768372961545295274943845983282855919282558725763887
9627294482512379284268919458272545775686183131 384715924744829481367619524681642347545611591667997891218731568313727171446186
544488366656616395741612811239521934541775391713252523944438975199133175837664167 9771734263886576968683482265245851181933332147266414897286886926368
4829988457779249322 487588371135217768598562742527145732691166157561586186
947474914492112576863514996962894912178892591314676549964212526 948378265382762782585116782816416168843471558996939449
5769222276411822783343883754743118175658 18814365414794
8293375973544452999683435258155318927628824946784623887341797381473942673159138785241796913 7474832794968416219749
148 86819431921198422142136984732514232945885323414356744652741352798276195114266513897686441529
2842522922414673882854814281665992144555745415144343942132831131293398 966
3393738159748326654277659151645765157591414122714888885674786113253856 8
378141981491811261826811834375228 6357184334827338635197669363462583812731986446231651978313274736879425797577259487
19341985665366276337994863776528955713485592732117198592364621897161211293513485637878965 5825524747158862294557227944288521919489178776563779957648158282651261592643637982677781471
8345 95683223931115747769728762399629816225859
36711998914632229698989987953936153 6866478432143279437118998812431921789172668662569795217631
2939375271535287547838722762954539356455 5991816919689821353175
16617472 1331942799274815225872896638866741431658223653928672553428544171612
54119385 7889545888264954424676611127557982511758493786569255155971543277769681543186572973744
439776297694216732579 17283386942618799245898978252312361189781529637511721592937645231395834458654478652489963954126
68258823446499343856368238398667264975685297957724339292184693656417988188956595465369341 5599114947817721
2635319294632519329542828836374938857 44985818823894352582739891852769457664396762232384972742319456228837597681612869244
63764872588 28733158684636883111174569974227163722536285878478957271255939366432211416512738232458172598393421
1265651618859185986228867616117646765559598926241991743311484144211556717433523168275478125 984636253851937977228639157891695347823929
5144876917784279145783837357626676552125423844232178681276598874588618588855149471966896481552926 974452695924964713669381218453577322298797671185852118524282525341727472416737465464
8387246221844875953194681393374847457114726 277122647
67127295637172387712443853712887887478268924525445848188613226297 5538289474497758918116346953297997814141523532478576576561331957531345371812674471128141184422691
19489145881327966396624717 6296428496475272644568911398457876118733163692338934
83265948978182659669695274298611223651443726713318613658287159869897576248534138638729 119864369418448133353996781411112218845611712251292732951155389152851197914
522384474792926359276797832133621279264888217571429594175974512889867733943678997118 8892521178767114816149818854242197456685165918625221226962
811148988627654942854891456332381828597145243757343984735249351177976248728 1123196834259565879622679777119973943195
