648
666588884583113658636134 8178457851285768825237496155868456136755196999811678654992953375363925
433456582 4155467999816374333654439165691898956966459199978335895963
86765927687789597374585619377477753865764394136337897434376399923421947 22718981653227486493221195479831399673896512342643379751263796662628275769
12487677543765994719993595359325395 15211434436149679921914796
6621327248955498796948781795347931827249794585869926841573617 956742261164316329959227587265588669972196175785792
5613496897239244147142561681496658491448427134175636 86746937963276163875357798511853853236456331164926414663585871413251
36228617185146252569127348959339495845488172391368217747248326134675659671139543326 693469719398827536887168187427586268715539387281149889829163487917781193538848727419252934
992481949886182633557985152672626411111993725855715615846761555557977784 77713872416549547
1316224278331743818773486969958223987349624293119655 567854265949894
8196656676524797523556328 386314776997991548282597852931839192439249544736956668353189387914849567621434278457698894716
878565738128163749898927179235387813221328722783587799529799959224813436499764552196159733241 48612712441744899587332774835932815564
73319281448967639397789859319526339678 326886998117463399949746
493917244723631627114895234523198414911572858657396723449255366492611273899856419546 29855256954956126697797821974162211185596885969476257811318617692223
7122553251255 7869874939462691913614914766182535553952755974
38418179884 233238875388683344111222553892596852415467271232594548524978248112856573597789
2373142769248692255479224664952679735 8739161196889793525928538534299146261439331559231349388129743744913478749861431641642
22244286164676565674551271 6451127821553934945464945243218285863678195225592119762678617719132298972
81523139445526323167737961758519393724778333298442987548378832649962722584614564526466 272117151355541752787336966577654538123158619577
13359557759557398563713733343711755596389629734573441426795477924524838559992294 3836567345151625599212788377551492
22277647217 872242773379487737388116778192583179552
638748841816237487491954884299191422656551132633995178659438238 328586145866766267591612815372845829273248334552916782
692539773431522469791582595 5131585191314277
5892719644963561694917393882898892897539244259825383288397125383491 41728721637968644856675882
648386672225476649578951554865 548339215859955492262584497
541888 63256241611759949857115188762781918478486993611825368928898428194321724589
78127155822267795443618969155266229816489393665449862211418382331598 55569234986187959855585797113643291618612542343872139565
746555829939476295565658214584955552967216137349455546537977475 21485758314711184168262868713732675632535995242635
1962167877336682913356281825228419389673276455 234132841795972567277374458933835831153877497843
598994694126853347659169767843288617549475778 4397976935323892468997393881456441318381312854544826453679914221111315444718998892
1215872182814 126769976253936787415735296631
47247 24315471214617685132988789763879394558819483334618299174463262
983688424763837533367138625257462973315483933161267125681242533591364364458291987347549844 176281663445228747435555184991833256947537733135362839347115645321454144849877433
11572211165315823353241 6381946488923412642123165283242783156583399542262819725821154968491671
6687275628127233546296776474241564658662459641417638384957686214877 427172318
985788119335834137252433383483143217578331656824362395881872473236454635254534 666178589744841737342666878739214388797
294219 24426363115991348893879759742399632564393753941246738617795194528
7826411486916837 6566663986397979388665981859378279332758579243677984129542472964515717932592435872453697393
236694438753488492872551272822115545798523653419541715716755429685683193 79258712594669795597925593531191459141815316731543479182174934956463317982
5472 5995856892612874444192369748674547533635389265991684859114141215966435244564696495837697789689194
22114427335189871349735946557934756188413748416413683 294611383484862523157245599983678334962974
417244242167419629871382771639548235744474493734341254 21897545131747346919488512643763462385745
81647897166961519931473593563117482236414794722525188442351315912845595474 845974128498369787197155
6763562636221191814544433433537738296367993653492517382991491243623 3518795127227281691467615366657918
1161542168813668721864826833841288146373731286656711337833672577875444414491 54613943559945492
637864163522289494 441652483863535243312145323986596745288325853611277183263274
4494868899289845983187976 9748734687891927966159591958928294521514427722761
655144549442855458632157559421882257769 3174358796518272459415557892727263951885434878681862348457268545139444534627491
339873122453578411691847911875725355876545 61276212767126942195187678388668166192839474
8436192142717759464636888531778711542411959347829194653784424342971155932874887973116282574281 811743891827964868114659989735732689448
449339574916799927564566898165841169454595158529595712219885818858195661298985224829194442186982 436664993443365165767849967894757989319794688476669679691769163459268274828735857414
481234751374667975674521829721256116192886487151178577133132834726668887664427248787 67599251922466795558584671747455861575434837
68932465154419112711814849688579291111833694688427988716563448467877266966572244878211355556897 452495778898892197555363175377
149346511548333261632414418751 28
181186735685935527694983261141442949541165469937854952259745 61769791199381441491841582337486747735249644767244354124399238297922142374457798838227359632568
594467669911281111223477826682697659389685521186945588146769252585 6946923296465551288161146562985399963557262754574712237961737242687
7776962989799836933775987629541754776948568583918835157615686464749284868943455827834955495828 7667521396145385712
4127176973475452641738648572687161834278655695686826431239251567981686836371348927 375749696697425696142339496726577338572312641616819388565767263389714493683225819587728138671266
694622169514733872737457791445272846418318189885858243414976511848151732643983868 79494212
26375454318926655649834598465558682929968516216492773612192496188143558 418512295517556524235869374329993525968749589761678711
218186439945633455579388411958398898898361347375 691868762528149867243917231378
668733294927281543531513182379974381551773833 166413645536531546566399619869328546644898225498295444552717
931292162557447136989812222142338556848498217397884295252 48517979928376424819714
8323481362365451615516132341293718737953897 15262841888973587925871821739478518658136784564
773752463393337276932581263 77198418786413115827351524115516555153571746222492265465444867267561859918623231253266
39933379753782267332736636935632137297375693938198561695248719218384 426983118718721578873
2694768816451878449898618312291394158682851417228863 68889777213847881155892647461915179449962596531564511639759167335823115677294992151571559558
35767863851588699145764376971667733896411673952173686495186471831 2992993377328975
44212921668446287116673971763968473818631633162794353779211437931 5191959796467589632425772783716459124527428337678946827985817644379983862479813858582
9512975875461243 418719416455918642643662752614823641611
8817576741535788529148 3765793859236434357581412818115932265383859937526968519563626583876791437912818448937761885883
128 92621615317249419441982953471758232932179498187851324776556773765745339882556994392737614848656426
5693538958588577133332737528261943929816143235757578439214611925378267759 189845866531257932841539967166319697523157962123692646254793251217421325289942267248559
6473696825529982111244719389648744562575515 541656835789647928488168715653331885981762656722722748311121739676776
83982646362317 95
295133763946993256823698291787893253273953453137723394 7556262918122456831483519366486171971576599374451757235661925889813675461183313563617
372562918182321373828785199181633767399219381653385469793996464582615399739378658528329715534 22458825748
126982857948645394596623376218239533224 43927632986496635642239127275585711756459527138754715472653365697825237837198992447937281948
8697325576234676898421139945 61767852
99919165795237924851226335422639612661777329937491598771251756254491722952524 67817896914265317478316788573745478513234
85474495322823315391274134535477791232697569466331537928517232865478663356783364542284763652476 2361238796698518172728928293766746637289943391439117463965884126241573693258472495
3461151988882164961785478923864718249924652649578856732923 5675236129461951451673826
5774866139718618989651488474688157653816636499311558169589187596747177559773676472422716551558219 432431753762448774655969844733388954236165423456377922621364994827777919918529569395286732393
93938741416599122255926151271783424511863124721281282915449372834248861182347545894831482982214 3817166237317445677457786
849787474453425213747133137415996974653615 913647597928118832446366694158445556934815599475894599341726866553835265129272461
8992739239245468241 8827664919711521313368538896697463872448871345555181246276285996319276981996222142836
59468483862564273589 3856742524263849182843783372531993385
4846559938787336671 92831748857344127641344326752273889477111333962121828258619419534738898873435558419629
13337292479629283757977453982311647433231745945626153883896986433579797938915592447951768396762 82565655262289542878971768222986971295667496591214569585692794343263132813627269318718282241621
36528123155653849711375517917445148112873 19386867835561273284291412461839582878287921
8515726533752351 331311975871666727761216633549638731513275389636363148457488439749812122639
982721442678864 51287596186591168177986169111794471239151779975729948391571157159441853552974153199318
5555494955448166922721653441863498752821214847311921717758571961565196282861952 26921448759781499885635965391333636231356772914432477344451738471
968164656212646332881442441398852261975277 7962292126381999611151155727
8378929856 86549766764322631341947658685432465256526592516745853159188
266698427818786417839571634387861 82668366621649955288455273111644794493656992941417873
38464644986264428652927766256477148456391343161216762561 97336488
68697469737395169335451576746415572527194374 1547432441676686855963336294835757581483455
49717877273869516827469691382478684561398298425589982875137741862647 995344768176271334631459975148626188493799947176471616744168397197386685712491336233
434121689267972896744917359692219391249238975145924861197429613623458465 879424972899427514181469637837214374215148117
6624889238835489967894278822896464648317997684623242954888757 56261763737815252367868618694791253761879196715386647566859538783329996891615372788
2569486851859835814 81129265952935882149875134729117115553666983465358
212156426343827942325466865786795775512 21376566988917677823513362232619781451544322958487934142671797645249163
27318212798781696997959862724312114115279834568138414675623565 62219176244899579
12242376378539484393348466466363145958835149143288875 883164283852172359739379565694534721698291446989321561766924179945722198979462
987234816769149271191356976586837 917415262411359774718611285612745528361585
77631795137679752791461235 3516918383723348224372444626361862935953513363393565989554674641913144693868739124288315584883795
518823635272295853517172811875926591533767417496467267437471241877349922732562 11939349199294
67719586322662745116787714343825843433195465458 6627181218164882649
5469786943985739854681568542692376612646415321121337156329641952987842679475 7743191113786549753375434586147
7724656241615578563484 19817498
84133685248631256288274632921549116915621252459333722456354694855997183255861431827234578539896 858798274277925952494421625782666934438349841138792199
81327 123368475223571482812914662841647231777269697411112587514624761515997358548458865995728527966
655536739541953435817195323662536313254642265444973471649949539654146462 3314357855846539455363723211
653569756529393416782143818166497169826437 3525778
84181 1412731399937566687736443
146665 58
83599247783498192572221 72663625312944151246212154573
96592912985595328888974227 852664173
49262343148529646145966765679178258692743438966152615362846756862446479492157391715294283514281853 299478263518573652481497795211594132568189945668966787577968719779919948
17383326385882351681543163281658119328777487869543564313181933991472318265821319668834295858876 467647176493632173136144554881324323113614162895994292641898126747654185
262415565332976376583869134461194318 567423749338963553634358552951362931761648138275693484284347877518853836777162
945776882177471534 3379485234486418889528599886334546249311435284488649919626931713485285162555112715524464318
18623481814951533155197267295516986768346713738359167656295242819482879399657878469967633299 61132973433561223876
87885353189616934546783878295 487719488546648434211176112153864378275299118545874245384822115157379789177149671277981526191948484
9743825583243934 6191572463546428157494849469245282985533476893673947997363186
625874799895879242932484128758666649134526341269265318575 744434386211559574
239948569273748593178295523724242532316573877439864 83712696962157648817478771895
77988457 1427843585425775427376683555286541472259424263487221284344913691298974888862594
6757434 764177732653729262419973426938592446
1135 4263567466617634739322592983433646635799623439516645277
52291343916231752213741626448 72733721293566595263858556478298732121282389878556761596928439178572598859287813488868166673545
5924489471915764328769679714573652214518541117752 4156914141848423518256727831514458668291522396273
3449183273876393835861873538781717577769 974671318712865138398438538724974969969457224567314
668382866824591768487996218269492459833456777214451141 5465969499461428928832455646319674887144341224924433734876555891433537241996873123
59642 1762928913875817726148381
7859139377188232677689956462767793178888748787435371478965861115776983373576 979481172927517858698547174179771663149712366914787667689793759861773985879624891525
211982356627774 953587378619624311773352922253558977325519123485555637491678326815649853717626529677382269969848
514 79186477774951176552519
595197157361477789511614698316165634867339 22264998493467838638785395599497227974158347488395423469787
858128642266686938956295867951435993289193688199178684961611597597 26199947586228226763445791134294292542327884
329564143618463955327658642381268758699838426165292683571 98847452774519438235616439686135793419965181
7978927368553727819993714349669759812583654727139533 928631567996864355327142333265117469127232346384421112244821
51232 468443417979
15374558352261362889349279929234681278777993154196252539447742884372832623265668758 31623388323137
21731332464 61993813255499938197499769424513761185667271469381916425852996359436467312815978225
88177613437738731617556248477831317125536284181264157642334578 8676779442256372423187454275873392
75295 9685771361174177694163789613936138142281284115849568217683483
92239628767541718462275141644527575757876716599 191699238747622832466475187397547959775564488636678656377158524848813448463566338562655249
2495972 376228275913668471125628929431387487499179659486316259827831324527366865119398431977376
9186929911813423435569991211215467457847279927261155266943413834428322344539576753363465896777593296 7242736677211876814617593265971561156182674433717418
9491121443824296735749235313652132536182137 556148539917254194399522983828784472242579579267747138452932439773116527189974876568669868223
512249143814274823289697752 83275651565346
52774536575792627995867576279553327868781897376649653653965 423538314269483839242313177539
3719866242722961899518452766948427662 2975895997843269654162597288786912333828912393236185624716299664
4771536534566945788136248278115168993882547684931994395216686 22375998427566421466638966765774578119611799335841697139712449465
4232196871691369353794754431538251 6577653286
984482667344465812881689641388283169668151675854262257226291739333514182581996823753112958763378623 98945795477623146847261693812185458868338949292849649783712395514
44294897464758611 97263132451692571285575792566238
731317537225446721759712458974443485366 979172271262693115472763183727319543431197219541744327388966889952321767276118672754419911439249
5257589385839327395762514517556443438 174468681798453413916841291514115451197383148159166716322435332465622282481772724118
557188297826673596558757143377381981275632737 759664583971498732195854847923497311576972977449536744787694997863518476182759636136933151
137116268825879787121387524663737972387134852282159622136678946181285817133462478534218797 328679513476361782882437898849885892976397397346525513
593372424563335942932971912 1172117995474885397764787544141354348921618255637315663279419757718132128197
317 297818125964363487658486418382285621181329994151953398175623818911
18315212364682289537411556496141335694223647451351124561447227472 8551738795437682155923948812386154945
4453716983292334227126429188719111216969713487184643872 86194279239346248322898782457133892375431213268611865825993758652646645798523368898279659
38464638247137826371366794895571913766234866697954737777348271949949393 539849747549373342842337295991215243142593996477655884713834664679345247133657927369514353746425457
7129161755634739168991799986171957945974298769145573816949197411855489523146316519641 559284931468438511476618
37831255689939255216 9575316193133872339622259899315975828177783761
67449385837 1859785183534432312866822247255845942562444475645888974832185721558422158187476664
2392315329557224165528714359491 1789221722246821579372957274128416847791265967914825167227373244437596934522822184138651
5532762181584424253527588 879473722734123145999899992969881657441729578177556865871912563823991427986593347389355713373186249
4488428888762625163363473634715233732949726654235524355 375467975
9761277691923641546683653766745439761817596182167968257523978419676357396255979582722 4461215298352223114233948298549736518323433625986523213696512798833483139956525793739293423
965738178498723 26664224385861366274826174624847667
1422841416437513563489927918515851216892985635322991698599871123199148296888115417557228 1543827857626332897724889519277623331236331742898136238654577571482917861712548547962976
218685683348327542848139863478987426926917951618981465468261754219896763163675119597798468927662939 442894157995163592327
2526858 6393979328125668355351824946993731148256668213864975944996824412214348573571479533784
8294891115719763995579229182256296749198627125997 488795119316812462824237189922946982945612616413514
5358368329371495523852238797967296687217431758924818741 458566476161117815959418927674725249861267543698942722927144572755999192997
722674962136114822831984768985398462876339276543876929277371711367451373614119838837859658 192519545228324868769165616216138988627685714527998645517583
2716331152583389732571853494 2
48282639819775449424879243543259589652318542894643497332253837365786355612858528638534372 2876168292752833696989737292925221194113164742977452656
66252839387148113671556579776237167419917217965 48583754494366212993248926392381536328942433246412223
1555165938576244512375373798599214251713742378139917652599132634475816 37328629626773155296131617436733872521169826541631918277243584852343747734122853626979
52499565341246 338156146529212348613215151726986122533558756766556935966768242526
216948366782573866193565984745893213818183984224273511929666164828591121966 182779296175534397931369866716869163217569852477524245988917784985451936165243582656714
59423323436973717199298543159487193253478924197565542162389 566791862515861489844495253861428119711943865244484
68218968657696281625822667477746729199444422674678376772113322446921515 46774836562224474362588868131642568857632744174454837169939772792792735423
799744142582215474414937116259393227751351765968645122947635139253179321682225629819321889 6276369786565386142185674929469884641195143677891168172183266172638881511712222788262
3477748981942543236666562432135569465641757496341542413778623921451598429555372663254369843671557889 8584795367584216555133275431895924692192217611484395964138236433764674381836
987763182991817987825831993945422916477749316147291684728752839449254853967949151644 428467479546142926528565638497345279468977636839149627313367196539171119549373985195
43198973334897869724511829922577961512569566996 4
465585859635391718858557829531755869987536458 9558862147838139723759978219978281331115289593268787129318192962533299519874975298617952763617616662
252394637753597355821741367213344142254896728948267992587823647352573595317146943259 934578343235335138858934931378462347339351724398425868737632232359819168268
894772289615295355238849986126116411447149856548416445685649627315 34672992626238141744957258733975375387272954989193174
186147199756292374933261751486253441941251215414143899 2264882941651673457114186826778417851768385812
974865691797852298711162452461769895794212732251958619413972799931598593 2955828
9977862978274819397953282434221814859891548891789992351264646163131 43845988981924292244287381957623447764297165928967188513563523323455932
9 3393988697
4181635971899347952573348377314478532157346865561319733145435426391298618 8657643293113655314277176998839
34979462487 679596
63576884542246766874884986688171668675375488546813817643868528296 937543819446154312
9271114628431383382744891127286954641694474787954535 987698247825631496828249
71761993592189984445519559332731228144966873378654452644571682124882868273457938 748771253477474532715
1631 7584315687893178963413495968676551271186573447
347484223795523 372129292873156515398319695721795889359794352481618273929871785618333
9776868921198632567164248 6936742985587411317367474198
197649548357 42534725369162791491245377473955447258925545639714244568773574755956686
428823215269567325298195376 94574376191546
2511775744582253931479625178833483297236294363368 63997
3558547474578288352175784581128583496929462395913122873755814845 338875447215149586553497977791769
71167279846387343333153146434672377519451337 76726892586739948922221973382535593565456316247233687
9565493122147686421657683468216 31341135866391285177186919114366917676648992141649135268637821579699
84 48274614861133848811775485763923749993923964115136475
157897151184178638327514578387539568946923962921719272533344319892461825167367962255247 463713977698244119362918654241978357371341433277263277166221458758
617284319248971114893949268548863112799879919986148377519948 651163336467494789734242561892511161831155747372254619317846868714677816
6 4475699337626734243643792153365729731373222595217619655494845592185194459
19225456 4992966568597126293366139297922467894118953436864584745194955694957419851448312446285366866
236221656995788 476641432646523957834657242856887711
6148482474835 18515186555331187226531374338911253915199846216
5666516552216737219439596265464889989554792698835634844577776737996268454289946526321821999327314 489281523843631712844288944294559294272479173861567
7881229793186615897175538956265813358915 6598965495155775296853685266736866759242482477425583885772754757536624662848448145876189836775193133
695928324423175789915947827983831424981638462784485 18918976
5263721 544472159466615635255689
4942713155163786477792851653491256 4121717621524634738719287762813348388345354953225282457275962
5961 14286524578386511219838849329979625526736236822533876272963544735332991663718867284582922944
23 93488419572564647552864998321452491743781361478611439946555221473721431
9479 63678687326866772811751244377882583154849969253415397862378785725289243163798195925
11849363957373538727168568794445942122622526577538374734155753258556745415633446543382986 4617967289548533797364268177152296
946736763541467526532696945396385147742896762447579315119687361456327693595546 6741323672647242578452443517114761491
26959 2632527589852618924755476298931213792658125581621965341428588955382
292168417279 159626782258777135692735672348664893136769641935339687
52117498135289129368983886276673171391173741568852 567659641832665959683189131761945489735847133519768339665248224125893513152597617
7389871953167634359986837449 2236854855299992973495648133475531641923543428984836513172793584482824325355738199837216398
5961556263639467728624117381911271793842679824554894354562466122845265934435937879912673188132853324 3194835447576933446619721645311295893183676198396456242995715215398587263411338
86458189797147672825734733775717488413535967667261999789828357276572681577782417672844859832 1318124191821934611345493254885285793186987567738911832384215722822
61565515734851627748228123878 1756266384372838725324923915337236413857931
24818495117634715 9731589839233819342178
986129927784292926 283852518
12223765231452973463291 219166117677357919121482861829592544552563862445183493929774958
1844 361558251144155572152715722668556534786783415411916246147248594394486321
74153992566212173764159998814486358732781926894528791672266276556511537481426953 355953919461879244682
98912478934738326933826362 13543315992415647436
983159917556123562159976454795914895348714837999757137978384 137885281652986611748934949383744455582676386791794947268533412352154694469359548435774327
4387413114189 467587917381434676683774863
6494316155191676468514 3463222637261952393131666572718969
972473324675352314523949387998316716744 9224724799546824929498789232856137798
839757223995895888994936571431215143615211877754325191569741259984838347585929738493372 36548286579929878353642966635985878731417418675582981315425778536529369158213361284853583
8785191157825632146676851984383755378731459752811353528943559676281139382544256155612551937247992 14384386752878786129
9275143476238248574913471751624377173638288 254197624235331632
99449194133426952756581513591784219261839934416823498149633586435233128812 2612494393881254337866216326748786466797582714856349253848153529425896564477674757936463
7512423448715494944289733819389977976436914647367962152488739213564468997353984768757177228542456 27223454999566255953144964891838516717742534592295167526876872
483561396148726781236964387735511339771476169737322395272522473246289435582 7445434568795329626922952344362762446111263
5273595829263786688588862244826488 19235477356
6942798135442835882 6158173561983599263643
3677929979125618682526923272131911 2121572953366979695738881291963988916673469864349832394523819458276483153965527743755884
7331449413674929943955563714453789741677367158189774868339727959896673579542363 666424556537573
645 59985583868464468178
64734574931123369132413417657117459726618597245474636436958778758 4872171817912877935342343728598564446524518757334152361365819159456757598651118
27226 684825131773887778596178678351568616224723349471711229
57515956457671285713415894729933129797342983628167568546331346567532449119695297424926 562773544979177215457113592
49733295266141956966713974981595993687294326449161418513134194917534524536936571341612 84532
945422693929643923843216736319614441765554319178 7778293821815371716139734284967253878879666476624896
66688976487541 5982588182481623181566531786198196644593494756775879785413668
697317635895537416934951542559592348756647471596995116697199 51471477341793656716394669235751964412392566657787713594573462349929687678212941667853971949459
2388345 34862
1337393 53112665667696591933188787741375943893863
14334767819382177273639492235199825438355493822957233878341116954 745256141367918632183969854253883843573289987313156
352284133396647657 3296734559275333687152775938451342991248481846426792877536213255783522421381243799755145265755879
4112766497249996965 78719292712654718224277997938471
3119792551162977254736429596814375953324829298198419673227588493428615394919979371543315 59659931831997849755696929739831221134711621473517836668529139369321467144137
82451771847164775299855464419159755886936586915535481266638886 495371896563283654868497736557455356575727168275396119974717577939
2627656727371922616716987474824719996488468413335427253219111316384974 72862225376696671916253266716943635577623272753592747413
7648513699155185221126277118684542768749 433366575424114214357564442966752417246377218841993774884998816259589289197963331925
36313974216979175263458335449454 574619168712228254748162935773362975339359475897737663595754
7439821147995665971 435128815167289419634493146144664777315351934628852413686386149739595228
386337643785389763693444884279379898719972525962248663497145151677616443176352644617 73874
196481342274811872541 1459459345917752689735413986127239922891831949163677529284384431849
4553644 2748949271116189688582757339859344266812378831916534439259355916687981325979512793813
1821691121987548689416128793565858111438787321442412642354581931673381666286765551422733526722945 239598
2339992937615831272135263416358741929 49181958514739287951447422967652834669944594972315452595437987627214434287354987665989221
24946491138188879956339644136967 4311569384168912141545447521291196666976128522921992458595185525251681
93367 763477273452524921596695246845177373213765736251
195539387853682716 26293
61482386631774932452571789343143132698754519833265412158545387282219964948 53116214624653497454485744634163358112563834937637857259919856415688384455
1128571119199581736116359328357928 1717293547728744792623198994499132967438999282337824359564158417678717
2644756765158959997658639174319486127353513232777291561253368 78668439823571222273425815
3329414684978991211787757471 74635853136
55131621998826177124777432774624247119651961471148127623755219341683456634128761 667427425
5471591317415593 43587469916853323
818451158476422877341137289313 855845935142396675456257588714447822269425445893721323915
49966612528974521413354269518847311 47546248
96166348673117231259584421937221838 2888617864341824351894972643972933632393513622751636
1362139741949334871513729612342457628319793153843139316577966514 281839215621383586342322612288531399417133164553316214528825738741
321513375597455267168733115482377288569747536177846839 5969162739954729283434255278543388486817131752319295723136511898155723
631387883173718998717369314162161324959595277697911582967421799286129629372619562968 1178812143522239326343841913882813135181188364591974717487151335287124119543
5614394585685646174643733 13
1524722735917377924599181979849658739437497416618251651339242 4451516781214915619479485335848915486931852123219157927
27866368869445537 787699651887587124934585494965
72266747411615324759928379321618772133631757565522485982 241861776846845517671251516439743536224952581733396375458876766157968627866314875568
7366755774964364516469715276886497386784636 3621457295374886632269741449732252389171317648723235374891
2183322934766865626374626789314446298696896884377344 6432948895613451925859186314469621125842899121578966583221193177747698246567699616255594367968921
626216417716952641648395384949277516995933813414361961997674527573825 466643597642719718596845661763825136215887758595398927247171493536895
488755744539647232654439121246994686262123 21742142981146439929359578148438399483927372438347893728276294236166538555233821926
46947318979197962457442614757579128541499415139663567881417415 162454931668789416928751356284634898293645869662924379354812573
66765348457614275855849535787 3251157
38823 42118475279
2571193233237469165983123184522994462828157533765547182226254371993488935356357631424784 5742745758226423279683268114823844547845346929699596728461288148141974794717295395992275251216964737
6471181279282123187965549139448641219663398565552414789538699219229146374832186716872916478554899 6934583221715889546424968
9969524612959872769233816382552261254189891 1917914785791588327242696572596226592695869352971417621726959333672422271523499638586575887898839469
468882212519226794551931155679431825384227425842845439365664 4635522715423929443841159351657451555358951624
62786745977 491491576314547484153257476572614131997886629686966636923459875982695828976443837827894
4166945482685271 7488127
156369947354847716217156244 59515662363979699154394686236625372592375126175656582487954369393427392943195
529781165995242 781281981111716812294252734437939573761958453186313944271815425832981
324156671625315 14112351284483742846245736464763754812225798924481637563339748736737563217964927456
2389454198276739849117898312934727656376923196212198839568416643863814787247231325218 67394549129153689832753336218821157738184811387179182236312181518324317178814773835979828835483916
39967725821922483877959764358126777664789163984572125561439268326883377592595884 26357526178766989941566575291393967817745111744676765
91718165476326698774914936171372662168258522884416134 17462274
854859769714842738778182755945417744798213526163453746242576424 11244679741137486568283565872758858968657339969259695482753671338658187762993342
3493482674552539 96876229292795785
38682932573385124783577228175514428925981949518799767557368739319548315641488255764 4269523694114935328238182197466876628472561
24964949976281153955684267819187497373669 336843567932128973899937841641
7222576729942593558951732791127279355783368968358342483212 2721174783927437414116343578872286467629939723353332529468878562212973374487446571871
311893393497594495 686762896652561717849
8122548975422594285458373264316968161261578591682739323945339282984594251276181648999 5679746264548377198933578188711366611946746
668367116291798823463574732448269749753988998245666676827696 9342711915593288378625946848647892679717493969921416124935499112535551351257873
447881859391896388547264634664357276449148892197491941819285735157 816998444826111
8439292886378848978359946643498939727578287844755329754437447995275151499439588765 128939429826576131312442417666415186588835557489857377763211115481136979765933576
5234745818993976986459424626961571573199 614583557553329185883145
775868456744586749595152129764531846688788976995193342259797963781488239746 9915141656487847167149151288967374948214392358618447719473769321945975859985515196815291291263452154
95444914451895513386299798984635217861758788718911657474896332858 4921621933474157259567168654534352954955172595371924665768785369
825786763271437279264956788768931211783689715 1383281571714342651922712941938622171854822726383511
7719437839965234974163734793561 62365425929185274857988858794541735851896449845588812296
24 7838387147299744972157647555662784534746875354957144393464
338672692645446579857793348 7877354343173532595874842282922833619144951726583
7138128128223446616975772525152417648461944547935723381786222782619934728684366562375343778452953 2287848955383629574921528421935356328871351497593
22963576587676285419417739818419964446291 782845939596544764554762349319777299148662251176157253874952257357815215129429432582793439253
9815534411947188865653592695324865739769737843584288436132464796731994684184416794327973 72359528921362237398873629687816656968781555318779274648
299617393654958278442153399619531428669478281828126861685418449481733964227 8779765321666449612615582751
9264868682562448192163868119418616814996864673664976883654845665241339955 83381225746447826621594177171884495428529974551967693842156668417981889461745319931326765783
574492228655354216984 43598574991235415988697155279825976137548696156647216587862
64629648686222984828448927926896722873543733186281 2436212253673868765564777332276477744861355833482628951411992691347276
19882842451233525345736817565165833146 84992163273448333
678952934286785562945476768192747791682832859946233364611 595449517148544858188779393145475513497557122127669951686154438575766213583315845622866663245195
6419186972243637921242191917121842117455745864417781594612514 993714726222138492113548183517513859
13535188974143257484464129548516448918397 761489962739
5497873 168821472734876873728972316675
47252386416495466542774335754738332463863481297489743798713 476183976134538483419438278738538273
846673173352653995322824212258792126129546265971532178837117615732 751462347854144444156481587144152796291182234177473373151173481643812
3457536777989144773884969854376126215258553799462374744878824134253637832848268 1661
368541664839881725551384935251852 95155752454987242134566789395859596455615626835663861325637676841426945516925
8578444181647348753333343994724633894761776576627549 3347636137492571977166215892116747567169358
1551646455447852226858753164662884187331765421524269966 6744614752354512849352359613368278924466845699867842311885644295171817721241
538188611896839586363974445446231266773917629951329777869446675 15215
8215531459995598337123172566629692299817481982491465412942961688665925 11336216338933785543659659162544
99775595314144555265986253177492 29989351728219581614776499979476394583559263772448179245932887919731596392928221
8534736445856222453838631971439 6135953467698555122126179577147154862152662888561134445576568215617311624497264376618399871365155
12454812253681777158667496657471516514619275453581143263487671497619226243956363284276512655114 72275774594741147
7917976 5625618872919662556199636124787
43788188986376871343685925573857817113667265683865148391631 657395161566251271748559281693616392571161681691149748248269157888142176468
6241673 1858775251447394158199892167318471271559954813422681284
25246771129761425448461932927332781826785369863412914893596265665399685625456268311534271 864417631636592143279316981718635
437729446797553775292271273493755517564858313261741651269875325731879411298 859859294
467245657896736282773449563731179141179891979188474923 4973618569484391121685837129936849282697689678198493571655622177
5655536772112683979845691142118184337871446368436588398843959848376412125373 718818568245787635891588986237398153482527152925362235174833233284283736411663
4566588245684417433761679551864839237972462128562241339488213122767622267233 313888245249753615456657869411599195756888346863833284115986455261816717948371445638369
138176153737272599652824346663853423333975379625426248274413514228177574 7573782538377876789614662685127781236431647678126599399915277827795692411862885355681981436842966954
663257389772611798567182738258926198662743 542195779915962948262877627993465597528272598442516491585474499847142
99342423146839515784751191631153112159442793971879182798615452392945934822174677428574199455688891 24457787233335686216374195773995332442464121872663722949742149985516312536515345451262754881436778
16566846322923989227231963963162666924148123276521636382131376676991577666663291271339136 6811642578954
598158284597851998169143222275817728515878961293385844645185617127854812865793376162195319572 77875536797497828574224268617633366983156622189141741982517834995569577255871472974994478228631823
39698469825982224784593975123297124736448976224148871768957333914152579771111552152 91186563348561374213627977387537995
212516712271258655673928464884638532838537855167551 4213263189384789167744955897458353131778182697735153595975
6338226336187168926948135412946391269626857827778361361545656242474168294548513651216337127 69176615831382841867873383543969332834834918336742221563214134973272138478976945367415
359292797735587333514894122615889546746832851695376316467215893124 117474229398147996352715989932432667
673147876232295762185632716493774527775826272267897437354 7354
562185439514274 66197183453622475892158729785655626485
69275849615157674581189526213492561425439118884479144562719578715212294878931674154479 4114732
96889932698528496599777583446 639262844739913758484199433959423232799253351596356987427737572953654118758946989989884
99492216988387174768629587547469 6635451455
177518524121765754947387399484297 5518483411283243195612479643428696936575844857667266759736872361666718583342
4527146652165772151375452549881437429119636163365932169 116774161674737495731
41753535565551989976342918347757152611468247822928624412787669183919 644237149258994323623154725967935762917937928168969343392147634545419828211419496919
39582657252522433293177432498173872656884537952857445218466719528378515616421565317729537748526238 987323977371544141311344577362876449781384443575848369589357737428158628464883121573498136246369818
9648235966471276268157695284687321562155 953344741531397899261162246869472759135427647664445567614336294473725193932383527441662
26321543788957353581294454482592531891322434329743581713449674638585884825825687755145778795376 999351697699385489898431898339323849361834944
871576257517264684825178489287697735539664153383158559367594264833696574854833196 9831688158
13868993327721191172723218883572836419667562972127915841338682643498342964947576812883188157855 34789512824232317499356363642525464543833544289158239268
81232442599742578533778496148173183785622979369737346627861287843435193422956539624 53482822675525499324519687517165924539843684161967493435325597651443617437838991498558614194555
7798955465589839346114112346631524329833389139939342145549371466995345543922833 6657439232137792831413934934481616832212979948985671465519
741493842872834317879876 551298662625997382434199584122365952646
728767818273321776154328 76315116345197424568285847168616
2437463473428951357795217174418336497281452847949141937133516757597388368165715174216218614625 471859777794617363697435
17564824982651874513868324665954628517329576213551689649276819929694444135636879328 417551977919636273612456235886911186559276224298613254239433264964779123965177733128255
3837433325131124794225432789595251144566561946946466 58
1385457513589441699556569145229514993898242828185721661632637283954258432459394 7917571695131941283193127696259312125662418439
861557875566 84113472817236338379974375852743438424652523915
89883194697566698287721 54
798757597542389736513744814964462217491635827978 19487485552257756561269499399175152766
6397 2956546157894827463533747947523231881525264398526759
783915549 4352975487678378426625471692426195527646186599514929879289851265251
889357693665737813958283646784627194695825622979633395572765 4945936
64879338 467513519655444173248413765181144198793487451154123184563852731241
71949829643257389282566571786348798543868259552361525584971122737233769735992144724539436981789 6636568578317623378391
899432542929952464537225 9851143221634263878538945114533466915541885335219228593241
73251511884381925548482889752963666772218623322956876126813233521195241577793435684689916327 1724219
48694747916 4845993297572969568752187842323812353532299692689192129817571216
584931526852478179646646495768964896731995417441647791434793377626 2825656846216796961926858141456483311696437867213385111552293531474382753
29745576248411432392667456 759669837275753744119156784497847473885838617515361354329858957129
771246779 5579565985112579791375148143737978978188672734532618656361891933984478241595767275324855751515
183984323674917813941556969347111734654213247266422768169716238152221892277438189554813587348247319 868512451942647957638183266374913166433925886391883
753439679389184482154156765386435959812593185854958263113547762875752484335 92957994819595859792842871772463756658154266795974881163918118168176564249694364886
465812344776795229767331499846199336852947766567147658375114541474296214595969629174 227927552384923223756245634819535599318872425729825926533598897551487572317834489976868991777366
6745155759 5228435395876814171947798726532377
397838471741917124523416378357374141799968137431876641165341826847496899562163438959793491755 543718112
34574697441129839186464564218281962693415169839 95343982399557634249318
341559157443845937382 57618277191292451134
449722772242374934819322583312897329976638998776612948495969739437985447955 19299754215744782278992894499345415336798639279169555413585933114
1337923351578264811794798817797565647987813381 58482563587361224742926721614883717251251713171576361169695174199774288389832647162651146
861275767566559484121465412743827985188416638513334814829988182884637 576431481366945523562683647552944838147234696314863636134773532375
697443665238466287635727568639977811377912292338327511779618491565 154395948743389564218381
4198834442211277437454481181484179745667943555168 2341886272766949721783719949298674289219977477562861772436743479819264361117
8455797562586786978721157699454216283929371837315176168629281458342145823435847839695613 844994979748318176661595
5391232444465935497849164498648423325679394581713432296623 1721523318794469775775574216434426893484882727164444475945385646
55789987113172532353373714325453165448254478 251
896114911776619364146788953878218528273537956569736925942286119788485289425144483313484629852368 17829366571685646133143855845911672
2 41639165851786676184841116673871637165853428742334171465246186149388948324495645319162
8769189434938822715461137977291181554541972534816312246944571138727459118734737399167421 972378983628487567554956938287569176949392895482466995164429265615981415714315995185266738
314812479172518494338469146921522236422895637827594423647569875565358255386837788286 4253984816692
4113324534622 598
562697437548 3853357399225845559216649253499443784986171378838695856274462534412326995291
4191446384833559554841618622527442543466557627455491313131579762856247667524247397254639218165 864616515338268542421655885861822954934646197889298974628333441177526499
8448916995126381232141323933124947637134855987135343937694196245713552962467167538891565447 656727688799488414813425875431881318417618316863825532223468559443776
7821178171374431645676742516332876346559449636385753581122124562288862145856477685998835366775273742 2785434894762441198
49583849447373369473538269828229233912168581416359765178926858 495439334268134361249151648479917151399963238228278555981811179387973188177969665476
5 1323884456437358314928355736329798864118337447182894832417
5483825135195198332627119277393997396219251247898928416435474611579666 55574
9899521436 714482959871579994519296869426459388415315597271158318
3 951188
129999634 33543278845638398834382624291444
8171165155733736729773762543226845122623192397398466879 152768312599193183881567639747898644222549559642883726822
32356972229324517888829642879227918978515514133486254341 719618764425741185759582388873557379
82944188367763691377781422228674936347989571786133439578811312645855794196973645223 531937613259641837424715956877375452844651438228789159754613264472487495774359143684231117624
71988676858333634486416457392914653393771591218 594459586416466167963397474457811677422792665853345
69844167197274837722 15
773247847445861851263874251519429289415 6845149776452
45334193438762715643755162368492118627568765 49253381181648791267282445
2654682295124438461781527363583373397344183269611951171656855758929512876744425 6244748992861853828189643715768787932989481572748981468967317672578712963632
99823227453838 7223718818437442732234593793674419266766671284974913193412395363632629837642
6441398367941291863676859747325935334242299838319119262947846 452298241138616178767627292527979522496515947652455899311217484424541863536969289897958723352
3895666181357269151919395736695335118315368299957198961437643787559573397 929528272218957126455667664
12222121437342731177637959653114977489691399326599373639864685231321735785714954861223165867 6745267428972532812828759864968646339521938286441918612288995153731
9644488978665598972913443662767416932659238633238781594842 69437599711863749784291464467995631577647618498298127353124144341261376384131424537758264322794
14481983417238669861738296862349281889889376311888846678339518233713454682161113145432658 8121
28564239833496 468576266413718118383679876921228392
89485643477267982536598389217269369725832273243949519692697685821 3131318177216288267715689149
711696 696297484314769572318264125975552266432178776128957456357288242
3455282875997579927523772369878944516843865749475347 1736191853123269147799851884636555362777837917914883962868492125847338979321398855343557948
237587462818328473138462496132349849845874648168665264586721491273144 85284128524426156379986917588
281828311131549191662513518549847266973 915854719476236199253489236262223664285387188289499841695342476571351616268183284879583443212669
1149657593796587773915135634194169377768881718927818224557652833686 833412483457422165852114849343917893257131739654266541577693968671552116838455519251
82141444567458438373869625994224844211272564599874751 2718457255116619325743473466158776275438215563233825336311132926234528964882885547428673267343893
1381536811113182129216323313166957291 4313587862987449294847596759214419149888371512665294412292754148937783346421969213712
654929417599578249949143715825527757823452744633 2274682711983211271755895766246982415314597915966
4682496498896472926361685797546947858 532981541969568241319829886725732455144824975383566152561538424277569
42758255695445394876963541729846228449853775835159422767893461142655542152 6447784844161133745531612274138911597339973854537911
42133883663652833572654 162971656296224664434942431393149999734696763718798399234574472115
49771738878688225785856563467582593945723512917184 96127628598988387546191933566
19597973489242212584273161272437946 3899636
9329918835723832399429958159166888589189973737591114217589931 545556526967274324116743717787896435242633695
31789338743397285528444658571811322388524712919611985495336752515157739 37411881113566121885598364
46243893924818467258577271625755134557873346974718 65396427411785926288326722831679125324942791783687962782655531314249779232676879113
9468755648832159627164262919277771262479975975833215624621547421439 7191987935443661
3457563873644966333194736121538146687618978531829825585656696264528915578898 264923848816724357
24278614273 6683198489279977974215554498757381337699583928481251818721876983659817
2983841454759116758141176274621941488263855132638913712 85362779949697584747495251659679454175725355259326
48596797779871197423292273922128869432769563396447617979567528475569796132962631168763581339334 99976262197183531678411884735426538282954141744242313884991629
197786 9437152897567414543255461394924165383357497164618865618721753174792315873127
335699833863613198374358229741648556713144 11636822788929743222777159727216929514397297931238822531927418419976551447697
74789574532326213416836246893829847738371134863382452884542 861334693991794347374429285263747787845497311749457338154755467
1716574435772733221 47496123612724549162315395177599613588459364246317277929587149675191849615937883354927795
33283584599825167164174336183174477977816824181951 2385292968161149297229273268312153126638826668449539812624152574634219
676971346171969585798452673967917162444144784348895931129335722147 59281395354615181373683487538157756
744254186596247572392929371389977222116923766888862489621289591675748514182512281426539636623934 811899658626672284182755269742236934244754254373186773749696727137364581741153861518938
5735834381962883146469884597513582986243931262825272742 84195222735442739564976716982284287247829932496686526461264992212468
68 7597933653481679413732363854849611489811
796633193192263792749146673 5142
3462157356712518942345841299116838158514577988959414793291169917723486589 62551318245785666126643179183636746883986166323966851852348198368995675535671
1944857316825747614414726159836789139834733546551831224791859587222277684684 716174332124948988718
49421362645946352983632955879462566846534171763282373448794785694 5411318937889316867359919754863421396778872
4115185954753919292995515668784167 9467257
6832597563793351756434263958461425769118583 7385427446
8543736264775323363537147527297611392826858228163479973266491272134134681769936872735842385681311878 61441947678
4646956592228431198161491695567492114268711178522533927193 358758332782967229791127819798233271922314125966211139
7194363728875614 677367417236839256731192697652897967916278417577582797817617216965
5413169678175783667422486842222826812851751697751892743777998856638973 5397319617271335377366889717885361713247833674
71891495495723143339926291236289125913815716127849732956344857236866987788584 631234779852432132856329497869211833277879195869283157135772947776
333196253565332287978361211232544358566824625347837 39896887174149697639227493262748175923725229822989372142573794511984888118911834833511589592572763
97654819534686779422334743583252843358495816219136981548574673355171819545863956388976174 874113489468645276511988534135528696932788957948433743114759997479683522275951758873162762
8786836388512793139198754537686839531886981253796473416833648591444731512411759824581745 8769256548444978666616569253835553497614324898197511577288274461351745261
375285886778749538646151726466493227566847963598379754286526841 3
84731365525825886723628721542874249845985668546391323544654338312324365892124641 57688394446183658813
81285353924724251449519839466297237183558179163344852777883961352625299368893744271396799682199 11334149156369547376786722845933563425917989136915622313
19751334758388176892762257 998388859247128726523933735994789534382415863436847788938138219736514
727845391875853924615597281711273969222987797729752732327329621217379922 22263759676359985297392
98397335882317336 5912812394925885669642775629788686233951132743198898544694115276693674879356374751541625251
934971855527414384466523382911419 5837672859526
21227851985412292927999781779833 7463582119254
74285545837961554744396579 4854576413451474646548974823393158649857895741
614218718646881999943867666242152279845522462721236517276628639 3344928473728424871532295354569388352314297585486
816658467222912745852486482897137169473595359976289424624536722411669974477682111 1673649896918539824963414475417353
7436589154396892234257433552537455324692952193349781958398293611111 3864848473533246977978286441397368666571548857219368982178999112896
255579684684697323233158437899929495767117832661786358938331518266365213136 47766585129614766949836747261817629666367729615
9418843145624536959797932739232242781434318471765671554127151951981 2549566141145586756449911659162298129458835942539341555253756396378826888722366614277538687
45513325663558758268289295897126561753799198356672854957646749245 7834488324649196724168938373237329179166613941665934296474754454796448397918922447656179285369
4133843648496243549475263 3811331334822674114527117374
71412253981297764873727968537833271387299684919 68698343729356343295842484422882742664972764
167882169256 61373432622913946696645958513381751564283728
9542782852741919733879283278744668594596386182467259781353232549748631754516878261289 582179978132334277137927224323927417556894452269681639286243122843584512912528331
76517592379398686711125 4788869132277615483747552814694837129748927428661539684225544471912171
7617615827428991758227499236298961642165864359565148153 7338521349955355565281343278786722765252496985465488169111921944665
4828454858446416564666921497796732325741548724342583865377735637561 7349259876797557497128569261829339
957727719814357983389518316865414674618 45469239947461521518532768972269195289465
792241371138947 2471374864166767465538195422919
37572651372428246338218434687258919688642119788736443514283977673159743548 7847274124218212768612658414351979278756637117782388269
866113745273258121167878639318347338132464922557868334848517258247972338398833446697134292 9443768866854643364455651686128971814931591555529641769895297989749338651799929691985629165154824
569849537498485826446694969158662169 994569436338772132577589435668443753832278598223191431532
8972944189516928918955884189131117138936546837823 78691111414947254721961543742274373287382141151577723668479152698469382356251867542335958
6894178622626612485664235274537538982275385216575714476 5
965726295667264486376923316 19396655683169213725871181529279857616115347777525944631976741877389498715787521715818747519218969
39139467466315473526943553992378918846718745153244982 841122833386127344624652368499614435993587
3132 47389464917217812934825997437812
1756264432932135556421712399156899766226933921297536283587235743952734257864774666623 51288381515626792962419951376688473615922468898474742875
8632891814932438456661642662691283 8671276883143227737974628148258437837139593799938157966771685563143866594
681998438281192377699241559322739976324612781466987 4785644459946397987899271441532885935393913592422618983191134958882842771178725848353
238365333359929742924958252285219658572762831971997349954871771835988691497768795442863657671522184 44322428282893419131563186322168472
964595854421 163836618214131599767697772896189851196816154118363266138319194266669524236
991854243421663 593873945783741936543699791944916564841673538757967595124731
586942762734712859272484759695344929835415627949463286763413694532239676699168878857729243298397318 37732926623968738229261213758412753223151779594164775723772721321971321779851
31688345633977989629875888994 22148418352991163214826181941734222784586255443226518713887631334842152516733
2233124683969384231464767842686613151862987655488725568191695428323823482863637783953243726619 4694411289782257496394916922692
46638469896641218124925797363962125432236858354965262839131962841428765386461263898328 9818197499187157811765537559888
9341587155241249681884142328771154918855827138578323565916766263125532544174411582993956716 5919917849825248665487119259871533584447288643968578699385562
68752481236922318141312836525 898725799432172894818393747574225315854919337181599841587947422691773476245933334
2327352412758 57156956581216896669541971949489317997954742823176181
521798514933565 4434474213619963
2132914464381168481296646113429435752772739354785799542171143672449513535855636618162172938244355524 1621971688677397919895179971221468353349266558225839255778638432931
28669185846112991123492313711515197 41949562637294468437
157868887193772279419568755286368263841919647946565487764747868123779124113699179 19233734459185567832526371432441136266724775176156857582991225499289677933989576931152376135
811119837552778898332163416333565371928266327823788458865135633475252628886397379398 2174111823366427968526464799197716938737793421488464915257246358758518268477838747494
3629186772418976452344515998424671 9241156877413734621331711288778849426321128995427632612785864399174516594
1 453522839999717744655318729669415222466729945
47918169113936411343769122566986917159966554494149356639579883635435 7858678161135592837956762
141712692518315391148585579355892113318184918778478 3751951823223641956886138547233558441452886727418788242982731679983271379769123
49518186819918457492643777356443341863572587821314353256713572333587 72967584747314483456517223857437351346684233342264188
94412693481591454635233326199281798346562963753922642183953783551623759874344254478892562388788818 7312299988767463138185886867451291651124833457631647438168938
3915179722822719526813444891547845345123739837372939356991317185768273463874578317564295289428619372 21576388732119647784621978348352665754155682116741277532116481617936458
3999186671768166649196699317117337821 96447114117465765679451439855963
1753521918949798739314989693753795379234777426563357367995116239575983147468857431875414888437114249 8554688121628557953938877654197866749729646495426864949163786367126958643166276528
83743934552418755394128978566488756336543586373684411241652996144396541874499567488 2842981282325631398796253789731454548654984373339
23141332718912387 1275479376413466978369218825853817
185291675141459525195165251815783485434684126614 243524945179748981765349449378242759188848288112478863383197246783492974141892278615
625654364692389973719414126776268549392254824614852153195116463876495737665119448443543936844566723 3254122991939582853798381569641761178
4147428798546 35339512673312591318529525267357877366329525744896974992834
6348631259889974266246391287819612759727881911631979965431865935765623954224187737992 2259385367191711843188441867869
579752755762271398973649173443485265435291745241411754559879178353148671348532 2117887126491132499157162458929781427372844277183588547784616859274284119837236432199
63729622311546539255275814583333584682972389133783159913886489399166757384922737889789756928821762 9756973911476883629182656236821649
564569619156 3367128887199844938943895864276627997294185394338666515968261
811461477 27916218749666957975327559319966248349333
29491491997291928365944557836487963728186866 628526879381143754236621595787284974445859334647636
7487221381835971682562184 5377839649337671772292463185479466938728914818599968491641465974782832916344132
25747562136181499128879128989463519281927895367262175779592177 4353866889747956844513432853
15494549128788588926437292512419648442274553752685456485 139812847515273279717713964887444414374892149265616775899873755754354748353654592538438
75129941264737875242737913296991921759165679433198943 9569286993877124692228124646354853899682213917974346336171774566844318448347372151866794357312894292
993 6885724817917291945695791683248121343794117127666814838296149734234221682893195865519322762
197542412467 3677499198851148311327532991887581556498439396199133965285249699927434948191649523
319696857633781392792153661255781867696182415123366671846718 22563161842298662958444926722993182245778222979198794716
8956281943891378978889566831246633511871533892817918659173152842269445552977269151742324318681179 366199725368598917725714726275954976486248275532859167577576229145865457717891818276112851381
467598916111342285754176579342519224942193354135628873294195273686768 64849986176697125228451696261196967526213336519882
518278858945274916478158728933792261578957576724116114237178257979454713257412848516127761287824716 48872756985233895165866976179628635125341619575724871977419491249752719142323893
622287379723189877163455685889712456726854385989246683995941335836699271893427696597 945928611858538646985615768964475794191698186538311429843195384659118
612748558415981245232325485634527842143826457599998895892493558559346841185316427184651239 82586395992185492745664948435243573881226565913323697776754279459798425823757669515492439149735192
723357611567818252489855212982995 431442613743519
6326443525392369417525376558848777692873558784866 3122958224655442128518881183989622432613251511756485413374152979473887333367281658772551
2166424387 76537972516377516586483351965577244739682855447971987165676259557
13244875683269222184637473218689928289427264531159177749514 65561261694353651542856227631981858398863425727496689427663422269888211174686237839777978815447868
525768725844697839529133725638137537759557653263423488448195325187327324198 43263925443724452256363368498457275772655585421
36262211442396383437737219284 59256976613454569753
425869325738922955226956438891658153361144718969998834269862462459387115536848811859745 58596185444954495368369129612781492919629735199148932697491928381636673532441288829436847644
173583188458355718546261771218 44645542465566883957444611232461187792222994984915383625813269185873466436469658444454197422955
867967342555481596157953937538268449371663981 4381196874441963168136393482691663563358375561555227981163291736394
76152167243331113446553413368285242568469447945833459643896831152823 3885831447988662251154548578457446741343847733436325113343592133934957796526381621671
25154957574642397756289452 95122147196842621762688595146772469612156672
83363755414691696318921924 76265833945771277775899667622462259511
9633546647227451 846881
9696915992514214776 17827663826
34198139474192162738166285123855825433812922848618768359516732326269944173943946456325 34364164684553918389713581695748438835561587144849218648331397729841791949527
952447778333193145254983426985528245711725698282762832843352246267142159559 7517687138392245627556755597576952522638774165734
331519319413847698338289121517411322 1784812131635269267399523528185713383644461649687362788342165374
42194656989317657394736225593548248462187515563716928338911811632396866 1693368826146393263162792726596675197622869839862197938311741355
89258489855587923743145595162721819 6879385874612364391132529731234541428244945331132183785455765633917756148718
78158393199374339772416799463617427861856925393524534682486879355129169158768818463 1862441556484477175597316786584111194324333819857945776
69334489666467828566826691339 9216274364369249275464588889321169243265682
452564628151284436265623322381159 2798364158246331891618
97623869768932423289682846834438844165 76298837248943967519291937294483769682823188197724942664985375453697734185684861286175153119
362644935445645737494 3
788857775661164339621646241459222252317769638295561616452774582911978 83113296198632751648619612331794575
3277288341463948216833853379636216466864343892593455276881973551963591432485347447713568431757386 112
252142527445657334382485557462385997477419147132372563117873 285992479747782661249437179136589477
2732155888136967553816539917261829187364721556453685425322831289168264543258287 87736177265441331487447854543598212539687121229128228
6979221178236359375795767624914974568342734399399845571358 68414589495458449971993229233143572158421677453495929332447627588646971425138465215
23623634953711976765695564729414226224623197756189438583829641714 722641729376397765526845
4338735362396777885662798399558591819223386523915 212779443666949761772488134191224275997132297366963457886936633834873
23618179537457123464676394699294467 549295622115127962927727614929879855184445659461
27269932274527498749377687893764 31782292
617492187573233499761329559852482611345 296149637472339228771147696223471411222599748924374265361829361694989363711
414797343 54122364946649995834587891
711891842472278788978923749957883497636631539 89435414454147378856656119971229321381184144728542641472293221267628656683452523128848654
58267388459985224114686619773678373717394239563519 8422915754364675211563221951661444421
5563776612276678345224947598799297422643453516691155281594153648 23651769211191665213827578277829779356615739183228
4119836935498846177816386519794447 13
68544166643669615451 7849949821259528884115866779142664923885859866664296547478791141145
47247737472755 38618265474843899711278789784358573479575528877412964925514619617149969
928775356483699635971499244977182651986342179395194718991918739475855151 27796511478943532785688249226641133941371622271666617759825584
92113451566913984687986173824697887712114251254554149977651641535111336 45592232597452928653713652221331977556186917415128836
776781813314983666591221922735794688751817562359545282821116339321 1156176985215665461169175156521642172416584991859994832972922
369461659914972143184692159965771223241493957564246196315779 92444372915825759311178475959935964298338184354333235796726476959186449859
27987245368425794289619812419636296566115599615933758725554449 94526874646338754549672388
5724718279311775875626341273958655795473238114345169725178161946765 99947564551924775258622988222984447394798135516935435857219894759783548692546394637
862712392552613962715858539871227352661763665427227 765618287299722
2417748886254867497242837493797867685586987662662192663292 43438517883854955199225
4336141154791515355997757239465953198461956738129778256924535433993182 351641314546212765
115758979763839759186979851577217953127496328423952118997782811 2233186629123995773829967242796627244565355473358559611511136522645856873431
559192677643139849678228125277316254743649229696486183141995694754963315192952587283175748813116244 9439136766229165659396929774948158432241899151395127844159359999654155513987
797735688443791166421152755461593197636394499254129734449213973537334379574815746359 9987872412941476985717376442136
352142485678794997564776262671 17239739
888535147261129699628524 39997
9157968442287673912477866859 22664372466453913155522785269114213991655444394418
27717268775685572482388128849817812469612992276193669 29157
4876523427323759543985489983119341266818644341497573612376733 2385797116116955392544481498447165452137634337137191779247572134697
3893588374886362431812427596759627259319789973833 26475246258955112711643155813529138688573983239552
82968833579533815784445666356149752477898361647474498726491895228764994629595985667492138 6113291542713558555766282342589974241237469984218571432532664527467817986919
179173416771533416854128614429479128255989947822 5241336499265455138932448914963244396222824
715374897733962725187981247519981928239796273869717199839842614318274 56841768537672373728872827139685
98444865949293161166 51381461986357443
941745956558867 4292657931283
