920
536517817994852418216184129159474345224154926748844358374188285595347 956344884965463867397616188687758763892723233137167794721589547792412859392469692566499
76841152212687625146671824133 3946255493981579271716121272271734729313467144384732684145189826
58758855866342776726832862318552727763947738767867977346644757579198627634289812687977728338255 5511937148723823864749189856389654425139521861168445749687939911752668449341184995
851312738161876182485137332454177 6551189666396677267557392845767772323356
254579325775696969381416957884841443 62723617741761352336452845351
3719121657587615483249316594981551791159856489475869289766447376435254426541145539 4852581993994287675488622275944143418395633177122839265994319415617944152611471129496673195422699
517191468 2933851411778865583968299612993554179848199786412458232445745548798543945393
829876958894919397951614383195272774361843732441295444126624893162786 886373325656535865182895739
7145 9925158457377634276999
82163898261662789342656894683232492332632185569225931241916754515944734455237644 223753133763697533981931751127415611395496225352713163431763474
73518112495439267545878358719454683641371394778612196257316119279546319465288486632 9462282224
74887692 185754541891283468479434398475994826779834487
31669727646818191363976923454145537557623929444711264487163234118333952457444232196726446981 16269182673249916529347956721437455966215984623841215382272
6531665865844149334528 1251965787191798538883789263588
685211912626799685151321999639797654332177349 6547699611267539773824357718998527631125478171293161789
85277132643735584824 178
355215 379749222767721
146469885513981587972587769847141791586278583257351255265582325534426364327354895414563257 6134692558974226317437599487371623762943223365328315825138415876875841859
24929363727518896243921992221535876716566313854841696621 426967761979191957214961885421668294154326545184344914486282598263952783649
9398923955981811734885333567146936778456864111867 94551861158469614244313321837653192593768677567612847218213587643699545613751
435431397366698288174872571522118 84938986535431842518114215723864212521358658911435235958819666592248774621956762299889851285581911
522937713372332494784651555764773751458828637841281754733532983364172544542744 163983488759829484846481
446323353214679787824665913625 9362776118164857173255794941181183455223921121396398365529515599881982
952416934165995225661875627715472546249936961941299382383775918949153463271678753271435131 752199437239777838
678923955114543541954615317156294477258492531585139248183829225 32473838895393827397275
5271316761721315322678521898237394987594653863691897223317916837196687567863424 783558587591873132758
54512783579183183725478747367336 39995795158649452514394284285946961292938896765662788993411985675
4629286269213928685193645516563678228799311942944495 5916977144652699257565233671695965587514277141881381731455825954554641963359438982
1465777869998415434719657383551857845662168826411635816384489715893418222267188 776127315252
32345251472298239185327781321635877276439927823434161877442288444122474 28231251578819575735516593715747859921132351818948934614721749665762818129535351683
7596869767439753731432778243 74476482866768956959469528384657236312611354331253769931958
83686275956357 31492585262688767238635433114767217427756512834696
7499783116155737633739325242985994251179682474293716436655217175146419594594 6565719825913362
383441125797174746329895413292554524433818351947422798282722838414135869922912326 9389731325
992715133733635296844498179433786627447 769412214835963212926111235842918725326842152835929924294938635587914776614642422128695689249
583529796716736637785565191231652341953643477832188691546249493 82188321281121555992356887256483667274795615917233376237753
955863555634776831395547 757889787295811392842411444396291143162189158226655
6971 387977482192412286227875818422555824494171478932971
5631857963886271445364 27246136218387
27137798635153149383494126795 9191462592955365271436264514497875582957
422847582937589711823223338747 1276479853159383235172643672427311566543373851983147717236413469515811
954222216184964179375 66831143739519965672772793
9315224 5163983284296737431659112181395169934899778681152525741
8781913248929586316269975854558753713238259681915517682381424857222216959111856545967497346566828275 561268363679354837787479372811598449245597878198321623611
28742661439296658727623868831324763669943449343565439866656845691749226 742897515297918376821883918253664798525245729332582541442351713
382541733792983343474174755885859195869749466688486 533875586346841447969519231166259624282618
164214213296914267953284648141431631417153734934819517923312183169928161 725767829333725529336254282595923488439748683888226541893513531212266127336212585843885733527
11592592175915641327654264941137424692638517285589812846615881459571218862375114375 458484688462152649337954671654629127258966267184829646435737987762924192952391232394547694
549145785227331642757359732577725333422449726 178928256137273461529786722739147863815194141873416218
424777386212433891 588794576744722398716525494656
14943458199371961421763922796923561654874195958345 5221198719916336353118684765264391465776967738714372629923961383454714887
41347662121943152445811147346492793845279679 7329812461223425356846522298639849
9753643985579393177256661883545798 57435749984175352979745661772742726642741774384957715632453792959959947586478457578432653
3186726334624247225653944453285442227995593998974193947124576928474381173913174882821747298 371814375
322398834966915343359763536684222551966979 637583399242888914279446673922811888172776738628643839369283995886474318865893189532718421616153
47756775748588739251868428691814592851 74899799363998349875892326533262798918487298388529629722957113118854399
8321636911417166331918549986865373354479911 12266154141864334179887764987118811175686348843137123149959952948374668217286241145559537922
948 6597238859741168541762293142141975651233689167462344755148423855254991691398
8397281513353683652814496621782228481469266449933835384138831962955933399365777743199277 153718129996581427335
2443157522244448637422267153996276611812 19742994869265955585826612964368
1299495694313938678548 6987159863686868291766674963
739689183731727511793487283613898193942626667145948885348386771942188453214513228919113658 536683629156843232339521287151661429112126482358731279418688347898536935138647663764988348973652
222151852292657721 816748647413392374951367597888851495332452731227186416251363121298651517423
872 747262965311181273418991476287662386326
95863355 24663449844494363534199935819917698159224887221676119525365734553495264845748196424493637643289328
347252635355616653975595194558954561886154236725639826835114792179375775499884761 659455617897192841972574843632478763348257593241527872581882253659313
143795899995677364274935262921871177454288737143989338926449 4221763847576781884328929259748779889553638123522579538426221311337833158394952966234
31128662944241152927749892311445687782134367661877895513599358299648715 6976756842458378143
9298622115 1313394
89616152851492161829873197363647983 98636943
399484813432567839895681184556475383 5667178216441411657441386646384115
873219613972355748754513856499277169414 3552243794492623
877565234814483925 885312471911582373895884635517778343
869694113898538329928463936718649296784936243466754793317726869534 2232331273742918652938313696913
168545418834637685432744578172553721815923398725463478856215284214825 87572458613198833557817297649135286725296764844856918488889224376658213563179422751139831219
3485182245355278585656578688732423956866582158426579679562123936959955464861 528619444163881795856242449683589
418487644764536318459763971237576427461768 88628531321918851317976384657627984956825958726349283757821943698291257777413734286
984763942263 76348571
5568231478319197496318349569492414532368 2183689812152638968239251799691611313394319352621329575722469363552541215222517862984279885113993297
57686463558545352843499697235582568998328394132878 53793422863
53827664436927989221496263947782391278 4683676372821484738846574911564
1648893234613518374554355799718136681564348946639478639118 91251895843723
5397155159524575221297743725139594953618761798282421714266123291322416 244534742598413186468643
35261787179278535321116418997244738412763348199163621159468 653828744753191559588959237435367432468251579465523
56837 1491274975253511647173516552969978447385924699933597786611467278947212769412851333
13181727644151971483396864492823976639 165456936776494966311675731969233916751
715556844729118481741834445419546515 89132772116226777319264397149542613459782995492388411
9444572176271978249939157189219421226175771978596756575212737726544381319112497484837716272473468 776978296438833538361231691582843848659945931291834292885258287
39761776114299735233888975195276455994343654285557216289733433274592852659887262663293731121 22485112482137337826234652567348574295714177
56236214664972287173463515664138911437716331149614696378813853255366179456679588326 1697268211237296524767488728756614938229575641
96164 694914868797849282339298983913642476492845784599883611917599633173431294374956877149443
2355633193459457888322351998492799472144619862858141722678 14368111435611292464257699985716582664935914
6971835539119599351746491218286784134211931689113128888713894329155228 565811119292497783296691625815142313711184191738824
15147147971311 8844344169569442915671122915649983938235738445521756879289459386263242
6622911789878723656683723184778988798982542613864542861813982 5419613752465957783556273987918
213547719187954234384367748745568115 81215434919832656814568187298539156614617956324598585147556184
2999539816922769857514338467884514855581254379526356114491 2529636688666246752322243623616396154858596189865517151157784627842614661
97788736868367451369382165588337449432177164215337912342367964285131376496131537598 882738172934435734488742622271274256931216313261241147173723268492913
46 83625719433486346564426662654697798655534165341914379538482899
549219466667863854324889645624338195131361885896158689266612 9889786164176233885455821277654445917558979132717233589
233255411817249845879528746354814481295319741799332495559327256156463466999994232331732471853932 63837713616763724212471851954562869512769342471268463464899819498528439369163489517814
158623336651492827252763115591289988131357369194333365336886517952746985464283679349586299 4127874248968192379959173671131435394121567731869597119772633865
28386317898449234947874854467232349322892522676641991395785684949796518744935892844561737457999471 26298763624285365649431411875583222396357354559313511222371357
228996767942943812541952166668838935631227282841414572129619824188258841968294483559211 7137892455579193771127439932327463992326491953385894247215499
885794738119141527173958243447649539756334844 1932
96395688197925949173177381679238192943817556243167332141 269185958559436544834895561893214289
632283672215752127985698234289852119564585395866822522897141388266418413614332418942611618592 4372481214476628395342993544673579836361767182661583837875993537371458382123786524343725127718
55228364556422535887784653913493772491334736619149797719652753264 7678224393944855566683362887222368835369314
4546526112933683142566358623564825947734915 374756328278921275275783976375868224184317
69297568977871671269 67763496415922742
612416676618953474242954194795792988266868557287667687669179744646895489233944457628452755273286363 52151994216499467723487474473645655
631693952534573651674537873697667958524879959863835138362314881589482896 35289245365269153164684125928284863489259885144963746935512228443
9592513431911316757779577342177457565937839357116397329776958991 9426792825463322212759151591933818679965458191747595686
7832351 9359363
9319733757238564618542198482695739461477118371779262811439994288257426182164443874591965977861 2447353336935391376375636495175448678218424433163341382658421156576518149399427564171151415913393
33275644299993193777829852958127649285356195542521229112419196363569353242398 984916622958985531646142646698992285858532166638196479595374986
375666217 8725
6185657657192118457751339216681155697594449135273356 6436681463144811974213984547583212752238567291332
3691234333359672146155571793814861669429626579869535314299657666845772856459691167372 139669155463752293862821874223235797465
97729211821535385947352375524174483376937415338378914964649199522 2695357218324238342234397674236496261854597611498236
83531267471173275316471383425965689981442354729468216227153512881387296 9967397
715459124741269122659332299766938523536886492 45
5975523781811522649558667721824675555462595822594477387554298735192561341145 913159765918337552734521771576348525269343338627815639745339683663718531816323488777528
94456313593369 55964342448499126458
646184842386247671825776896329639387734394614815376757365871179229921 39889496316638733626583786545711442476392512718593719985886728917144992231758365446372913651
43429144321177353972869866382742462953549921328535596476475582254173151237361443 176759382221763186155897268817711258491974691997551982622888657479
874192218333554925243438539625322325384233245396169975584697942962161742469363414368926426 7295361788611981971332297886857734387592775461478322588515438635
7212585973962914362677 8758492893459229346321579163685338965475764495635478177756664233825865726
813218732 6648211624543396119439611692997917433381569331988483992582656331846238513295261343149854546174532
646379818495563932876315513112661156579246444554293698313738557157284593174841277445113255475599632 533917159148932337211937194887685241935313159547536226453215386892532621789866215145881
443859675942517679191199327349795918378288273762432114118931979827496122692634471628494 78879717412412198112562
756658 875445974472961226422342326945679454618286832196557222734
5547794536 3258457545334318738316834815122498471678477377676891173582153997717151
55862713352139627842431898449954659748255 876526682877335631
8182889138785925 13686662949372239479362898973456544665115322819554859846458594142134977985443268436656862897
827371529735667476971418414897871253751779818445764968671827341318413235198361952469254222873 49575911541474859717153239899676242621244289846729484184255
8791998616193644495944858889856131442 886368732931227583762239875674226176483529252958838323675494287284895671677846
2473529432 1581955866241191324534573622241938522626825695913745466685664442778117641
71567388526787334753979288621918874971729374547 9176141766554728662494881569876883742474689543932365252651824594888657329561
744191768579959118924711411389364583798797541936146282416836349136988433231242283271625 29784399921981419496958371299216651681131837771425625323
2718427981821783954973463277989575347973732915513524138923485731781478629 19899684175633766253512445844962394788846855271745261
55158135529366388163486678826527241187553682318413 323888178446273254553256475331145573
667687855881957115572286733525237563826413993661754467547158527611432 252353151416914366837367771679367158181492817927658994217977295743213692951841883837699662648
14373897791966539724771391439165738563447321369733133975551821155 6116493
9629699457619656942739875157494619826895358 987113949947688528732189974231154529285168989512355735183743474315959
787286614343669975642419758245355755181525884261456212131246761652744711 42982732198
74192433967691864588458844463642683813695515933911597734548383495652684736411 856767529261651431994642522656387712344787196435126216559656425
853223993828957679122276229286279416575519449294641445726411974112312468298997244147593917147 744542154946189132859564931682286571838647128757377156668836196667937463897535349
477866529775562238626897333987837635442176255 846354263589925712192886837991781235433183194722365461
12784634822565162841255813833182796173743697414238122 8118429752352698
35143414 81115316289276776454789527638645127989446878
94798854824324437329449136 41678518498691187377615139143368319493964
4625559473192779478972671583866114653 32137997119754135463674762719563877155193917289235144873267687297822197829488924715275496
957618823781243215646545235517787878668234767943932977159955734152332727718768523814274734 8218576936665322658789638736376864713323582634591685186146978291884
851545113673123712785788925419 551788
557283131494667431863736 623336632212971699484757
61983424795425463665336788272946792832397875977728624283713172663826358769783595741554733785461 8719587654796363157581339966275689384463553432261964175442418299119713425971451936625
71711769121263 34259876355
123914163223151248255158332915633826314295252793957 856678498222578171766872441118979745759635711241
6538598219872717391565471779939696521385328877215548227772668184476519233314989 3511643196862577833152269271153837278252565
3332462849758474933678276587978989726418695745932241433523835525892587214982365911495467972518479 173123217358512377531144921457988429232327
2153357493539544457323482971369375858738412431914854159349946716837 79933478748422497675465149847518963186966182618312837342572295184871959944255775568986
4525292173546459665432966756884252833661454243731111498222323541256545739256252196846383119645 2247833574672128364414671
497238294847197751962691358719585857532357887586547939587916947873797958932916472636825973581116777 9329929386246825363979722759294636775596827428534399262365286222498
229559156 496
8866591 837887988851378343775146823315
1855445439956321631395987 64733869933978746447745
19448172193651 686395138966171
56496518558935734253351715987462 834833175914241858941736377613466625894176935733161345
8835395453682469977231476 1163599352416497587954931757515893
6376997953241782213659281167226627626247974666179725214889844793766591292488553575558793316 7419549826662159377941869419261345982198155951463372155197429535435831777959899686142493
8529724272318475579238251312877178495144 45994655966534247365217917587664442337226538489591113976429898986846151817475638494636281
942975442447644325929671612975392456 379424142
81755267479458144398383379525983868 21646177785129576293733656618286821
5748586281961543232891517241872186962756784966373393583831648332826743119522761282194628221275894 3726435332733563765826222534734399898711597925641218637368453839294242794
359975123476767178688967159523872536549148934447268818313142513594577891389 4961796281726723652658227297576137961484747822179734291387186117391124781427623947544816356125
273784829764688798287991884284799632921479321264744327314551156767959894216315183189113452 9224315853498312583913184646677336654945138842463368263536924479981722199437686725574817
639744138398112452898477635914387924467785897194543978952331396717374351788497734263626 345387258524978469747776554569184817513435313285
1722843271575978858856644897351334989216488689575264448324645238271585698449535573734928482983632549 8341171559
368449932952544489727298126784459263943647183191436792584972721871457143351938437774927115363 72433788178519385732335352849334769852655768221294815574129925415811843712739696833431993647333
469781885137254453766591452951914442 19935547398932554818435239
7131865991788356158378848739954786542583525322369381257878747451996446311812946452946183 52121531969362583522843987228713625189427631997739594236279747997914217276172667
9925541779143319423226881668564357231515689256588225595236439524883 8853382776678133169793659732554453221438642582712717582377891254998677
612291687876711259654538383367339252893569287714645 49768466349921928334898281838853465439661914446725288844411499368675337281
692221618925584955 96678771696583257532563228815649832854524778464889186159356566925519691453293
523213837157873232966519442536561214365814832264843965325174747243655911 66978434676341533679176864758938964576636663754997954125483747983711122
86692426263926729379268684748536472556 7823271116831558778995376818934351547358825622255183777727533666914
1159235117893495889435548957512281363674333583476829918299 918711924233451443567827365996759319627379314148925586
57933694263992345422 46761524456416132362516257748823957971319236767447756683156334576779281516172
59731247217687554997713 79718664451889535227198569114437582986692496454567466379188221334394584387226252
6546777559445866111684191855372765452167772177288563289373846696565741 4834
85623192497298547733158612248 79377988752926591427261626918565776583187658848773786544
92158854177326535874156341196691481517839 855154665343422442531328235867761419393559219
96363712559782275115184417287615922551514195 2767
85718122794594 78299489469743674349139641713955
71595796863848684321476559544962 133868829678225875572279879138185728546149356533774331458728741819458529162934253218628
2559722493715696357662263668677726159691911774626222115466415826618498487521878253921359547654239 354278732283146479492
3537838267417174613558726314324625761114496 13163562774959566177833194467734947799994881138824117495835769774533386127621659476538553859153458
7578559537476244926612865323952564 846993779975
186764191145734193286225132765992147552476724581933454272162161737313219162923983893 293583597761136135555991278719
38745924481991182114177682435646295411149455142826673634919628828742311173 92515287974159254613217453473674563812549319897
5433522444516999526885986112942441 34435822453
6999 32861531573432284246661857757523968519682676653674193221319
497666494837137412164669673412794925753265629627162864412492464121893444991572849345 12282387117192151141
972252141237632989338294975786711584778755599419855746444513195633362972617749412168 422482636799962716453765481998122499585537598389434668871711328714646284183
3844728558971972595841163251481494839429119876574594799119857378652343982827732166177386922513321244 4151871768373552232885691422534
526447448942557368514138657558181424211 973
2998673522329858259273979244577966841819 7592732842253966369684481547857746685311154535517839119788414242626783237369546473
97454181979799286483637666182593442574732767123234939466239352951457 8681626756236313448442525232755749435814169277912927958263684
4349583249189761984792182924126854744637941421724574437464112618245765343511581347921538374839517 4781394824991887472868327174437615884434753287833916494873162725
2632246291 757265632751712332637589856971391611389266415691954152796731934353334816414949242424
38943675546776423913553397232481162986851966574369245115961724 8475275931883351364442142293237589561678812686671163
77112246592146163694454857313366126119436689167432269186 29924651119548867899434348179452872657596399185
537832336299218562466754674188136 8829966979918593468875648985494336673
343763294339977198737126757965247929773128219362522689287972448862667577374738 4785513896347454547633517253172114577291466943683868
1835243572321563113393696613946737424715467745661542977668 76342267933958478553726339955113237236481281448598354787726992418886558
6736264886489156821848611811647887422519627451624393565566194539629368 26477785329865829
97843476631854389916349891 588764363276532
47931575453742625546348772692393937261624397546316327448754223618845134 6496333668942592313643566732
643713959128 772148595133351495624719419121861
749551921393546328519665578316989876427431992586225423373455999534433781945271181697448 2827868952755
14761242572887467818585168365774246913724848836967657356127185888369919522246289267154812363428386 748622235115631551527978842882471228
9165177137183386822846919886295857321559686174639785194818771519722353 9599299522715513692482525581833451712769422135214272176399973953
886378666156272833713179542247357641363353283 4292858977838583321864863941459879632751584726955814633724327996562773529638276347618615466913817
34269212244187 2945233479797995124273119869548411534
2817924193568385258864779675629955445754688668166233359873462134932646922919358122547573541827767234 3683882312629697162927593587716368647535941444696737913291879219
64 1397179178135264237411914545295843685171472865159952586972449354735897423483843718
84714451 363526131918771661321746329754952323
5733459919741366 16778621726435693928195599851716362464183282154488
982578692144647979169287 9529769431939
7637573142791782834828298812377139566538832799235614322792478 6489639116251342887822658872356893635327974983556954155513923629182264976845732417
7918262226 6461
137881914893498129 1784279793169665428767969732742213259444928486479928283783415913642881887449871185998856
6271353934115443159915526892891 375517919485656833615337656663658242181258163847267559596177465184314325
1792966583836577843721919872718557779671454994 71384667937181495457441968767554281525372268113561111888172654192652
38181919667313628488265957337538232178318218723427277519228535714 149634773171269796945377364823551122452723836895531636521515194961585124649985729286955
3859543364954188994786845775711943285122231176538447432486776487278986939513784368513118 7856121886235315563365926717866228376447291229649389489258834913
2351869254419212824593129646241265455767986121615421715482769933813723986581 4418196352418426614353441368449856688682483993882795444593674893521985345235699184853596597
285274621156815994932753438723227114355774794165 277842162494697582219394449127472624345292464362461925696139
3246882727997186673134695461551149876646688675171389449176428535223285523 3862439348358928457732221218187375482782917832513667422583712981683761747391457619
885 798921283123434483141615598689842441549865694322439811
69932593997326444321479145225913628495964845617325335349427658687789468189142159 821479262774217352824199
552 83123639275896293115868399451685884285888994349858597396921236369911547523399555224267797561
325343 67611485337629434755152633538261774785591639641973465246722283184393521815795731797683
269895165942484892834 792149145246545968631374685786182598159596163543158642239894296953
44896252832573968293 57914148819871444
6689196293146752998975631456316936 27588795536859169956885489665616679362727199143489792614917258743477
235834325254593271563511958772279239746573997644462974961215467323577559425583947981378765151349 95179944
16866136741753427891962847624879371618656814129272782478538915 3671648792446231733882393547443693825
318588949562282356932413726564121244588742 14764332713285432161299749537917886295495819687788292121747282449165186729967378488634264469752
631469326164534346747 2928484
834674126879919321395254258257669868223155866273619993366268611867689 1759162158635794878653475231429263954236232372121113172445464323433628849895311881661871615212794
2617938658377634553852262353264166147817889328535285158583143688796536144816646995338323466289996471 9858325693629963163687681638181628251191233254837572153
53849228246728442388795472845594741846263825943391129966514855924451951369285956154859282344949 8396742828699828741285284
362211788258986353583752887139785879716468168688946722951731638178815583989538129393 117315736367348337486175863459131554
6787474211279516984292263891962369944878886991367874711322678257364731 61
35887285251517548386156842283988144139439689261162879412873972926849588826 74666662933375713452545
6727351157327 21682161826969674933567367828154883826553382296324689541616971539988171
78943 9417551327434386178
12322163987347388743827181884241899275247749392742556148813716425598582256927987 3164255332769281744176487821429881475488699786619618631469919695567653852
1885635435217425799 8223283513152611611923712241346383419383918368426347877362994847716863786288393487385549912399
47112728963431712284139873 7544674333237113782515989745236632314736877862646339135926483421521356775782
641865437856225161225671163833669285739319133825891967464976822832364973595783743637 39926895468665314644544319369482136753142622869669539121864174662412
44558123637568157353497574 53561649836927393767365359859715418719557476856982832824876538192792178
921382728442111277394779329328634195544818419865536 68552963847279765229531811585323116264787735113172626266583134221585111134697234771538174
1421634866935848926294592695129135721764215486713259659627175134171537534443246389943824131 261219493686488239552652543468411476934212252667
85749534425863434752966234876724484775772345913247665416894724264298634895338158466581 92466164419596419997865712693535989662956858
89284927455926287645344188198486179139892952412976863834355217895121 81541848446493543754644547215842139565867632943696262883858178559937
7377278678399786995563136435677731789919882795379358628691749258535851893272872668661179283586664963 777188332478187219267871967156374583296357629431272359494617581298
217 87495648144146234148193231687686375
74295536736159841595943643223924257995865773639318538 264913377753151797353424457591539287956379586572244317598571948868965646841
916497328535912519488821659884348988147471218399565592192856533414361475138525932653891 427447527864794889351998479179714964733678889
4383987 71746786213764579147798938239378713952938529512
8782619925164431136725897274742551541489753232724368753995461925692643948449362921451938528357 55461536859742486475774795414869749454413723718865582152788771365
632483542749784692 8473647231521428681694692571852541684987738758843216454169913811674515817764644129733395416421189623
8892183923744764993847974262499288545528953696142573 98299967176462813513575714919525569778145935471942279
66175415335379 618918575449344518284779
996578819487723295363746688781683891 41851379935347247192919257649524274335794495688596497119828457
8465256419256745474 714679769965177847419
8231852792441452536834664832741194136256186595591126885572851179278 4826279529626767518195248422695284541414486679596269735664417546348335557461
3599585129666778564839328925214332518137222421565959 778712167977534749238365781245253985731364635472633427146957465513993863
399351915921782256724114546632438245761343555929176711963691232797979684991967161774353 86
484936734432437136911644992532481536555393127545141839568357682255292425 7473295423225166631238789651896369778761841848714667238966692787591716423464948857921139365
93994689362798131634125285312622711336873165845858316897332638268737695875311 344952421436822715481685845393875616948761474312152683826494413721462
5394937376 982672884377299993362347222444135853286173265868523739732177166471914835827
3692997167392412144534799349367196118932887919682148317129689132293967324175173857742524686752374244 59627882799723633235637372534361637464637519
1868767251998175369449948913476174689753 1935233147656839236642461982325857769
45893788 2913134914741657291619186997485195326827155251556252759762261779695534418272769
621929194772914173145822267942292778234382698242649755213544948199776572913736618916652558948161 9569995215634332676466967
368952448228175933167739241136422916491886597219375292848235756 12612971358
38988476626795691248728241525997951 54958494667151313444213617589576851327827964512465
4369317211777767339756245545798143883883861521926731566588789779941457429598352394968762 471
636361821913437955592959648 7973146216175796344578824163841188366192252271278162779656595922886247736642634
1 943996125512576917856635999876479561439679215226
396422746422842323819162821259865628323818977 4127879351395143922235129392743587512762674634758964656313964671721121292
2736586597752944618498794784747277264853194787486339582871176648526952 115923128335114924414265623115789296674894937927676727496455
28568 1857935538213962899662618563827533881823838841591994736956516441125684259
57745869898278 32269321885816883734884812452161899592489567789458594856389558747571879699934993822865576
1229389188298398967851848189594817914988843215 37398415897698376325124841174462555168849999269325615288
6816554927822181796465434771798138482417754976432161 4733522446933692152115288285268872232496837
296321658814651293663411353852722451675986 18322962232968236183946466544861559167992211543617329821412638869
5 2584864
4868123618766415718 39324495846893441234925918641539289665132317466573533684354457962647887
228424442747564717761666957813187652593637973822894163645439778 358152784475756345772649574
74288664615332961731519148371336231358563964185963761467274748648278857885 351695943669372312231337315965291914231567119257876851349252648196162199915294685173885787
64358342562299633324178317923241974436575617788976834575121858956891159687 555789313535582942386125926676132241767979
5515132178 9744137497564576822779148955919279745345466612524452113659194258518127757269183
99694192653926948479225592115577674389 312519815129868948887385997634619492146196
8499977181291897398941873188868758679875952955619 228774797222262944571748954214211764823519424123329456897132888558742855746997318
996179494593527131716681612994866234493698138186839486219339388578318141587978217865154 3361369332852146789252862398952682982554489457338276
6911451142243334336 77242184265819672261112758277627278312851999784953151
17446445337444612347199898195272179379892549569979653733632928483999436671532615692 1168386621486248827585958442879
8987927587487933 6172164278513374856163194843859425918867743179
4289972275596851647715315871113288284929 6516616331863175914179619517587724556644239119474941332458628237236811392
7 56977374283427141836298517973937545717669881531575987143788
9977984425798956614881915948853 25669836995359984592177494856512654326727
94441713 1632853323913599489597995888353715937821252938557597181476942267143523254754112531565169666
94478498769674441115577879199957795922595158697812788618534164178872194 1763
33252787353233527742447699555244777811974848479958656519274565559779387484979541474662621197 49816847964273257286867588181685417343558817667468697522944785763287756494
1576198967895 8775245489171137575538838782173724789769914582455669286936936649619875418511268974792659284254
8819785817798259953178156975199986159968854729452652497892756676663 48796455484799625492693692333739189424979722618
722172572382672962778722372799248677897679565955 938336613426329165537535354245258741676747142988751864121229332678
7669115398917677297734435752248427594571731258272781853 8569163921241274275134898798757675569679225685122549157192164981333757366
84977953715142747718633737158735281867 7666298685274272132161298156458997795274363154519741
1813846328795398922458374351753773124261543299171315661854637629537636728914156236 66869817231382429994775834431445154293213243963275853898
37542938728721154346686695786627822614812113824471818211369115717489893885178792189196825528381397 6817113395749167141758462146372359627
15674179582788134521439892753479436353439283 196432712719384294213666327
2581 55317792697169622329481577438819191744649867612777124815457991571178689813935599125867393564297337
7433159234788362774459714972465238732828288185949276548294497547951695755651387595566843 99182842468792355694693
833127388314444519172 5432242385746277645961558712867186846972746479142
67677684598181729439112722974813467217728934127484266497839689617164847864374685791263394758599583 344688638347535861257493746
6395651812964852398389951596939978197212131526337767825137739531346224741492788898787729534337 26878526253187989725172314278178548
5197834921419791832347452179486381868875326 585386719972535396263776429253697185374454686635574537277234375
89566161796589916464777465728277136 1591814942277845839594811674479168785114479157356974882112526541632624982191617
1755185572145165712671584542134167492331442329622774943881536 5953122967874667187937347911112592239899167846875163923941527
36437724666687378126357199284899638369445296945792354628126796569953 216191476137631589322385412371
662234779583114623366874234515253779112848678471711928949528742225594756682359 6851791596779757453298377217226324279586325693482137286918381294757972755547867682317215416911584
2655566838293538847225264984851554263128217777954 485571
28252449687885853882987498925798975962927655934559392497659657946693189787739849645993647446138199 9187513484139595848283468152841588981454589213
7861524356951 58537715862527654724385433192854443
81978938942 739956968851818197653885112687157735695172951559119732653
932639742422861925472886345884561117848963432982349648992468519258229463583441926887917189 75749874184
84853835131567965892563973125565419594727981232397411957594585197352 23888434882796668676141949115461228876528329969118552224361762
996514998145775 873485711717939991466615341978238824717354
56119987539595855374875763167118366853159291572672466583156249864367687911525445811132827649871 66739692246227244312745291698236141653232567873491596669116778671733662974871638285822373239
8236846964392995469529288858328862197788452382366 986692721648976426232467456893134598529365418463918649898941564299733671392663962649325
844411982472322158984186661492622715455 2683441527171348642847461941298559611166199419993646677982983918979772757164534335588158794669479755
2274475212549412878754146589327639518342246165518869 2849823143831868382555974741832
6813668354661328641755681369786264434154165712488159742678381 455373248379529656897923279199771966667532253276879182214832184242796517219478
95894562422165412696229274784819327563192923766593828717872758595387369676169235739 1754859917594477484335188886773998848891853656894
7221117337655881387341288672643147219414938327382927811376366736214848671959446674193182359552 68351276495611414928521752176226
138353644762156125681523898828618969913524464133 94997994925194141399478732455739241587746574637446138416618947572556631948911637318573384
433995464288 59248269115395515793988366313927122582312363132
647961358375798251495736111231388389585122463161913576289245457621218326794627369968832366817445 27375822415622726815554771829829792413492637166943877738271761878699916451895
58451376171 528886983489531227612194759771749841441876824859874276126
714172728221151565974444751 2157551
42783668746361566749622896589935144543646353131176213595852661938395776667589 67474442817186161318945621174681
862999853344175128727546536563678622678782187826177716563744598617562294799246 8392474148584711674267642448966251574483928788348692571614767751833592838534985255991543461716
887348163684515199527244399764145141259873811243582798655554537613894548816555665964241488436288472 7944251746153767916971599294948455954957727812
448494184 685667226767782734227781
44946563137214521497166642613746162942425721146118872524928832324282468767897268957388591482255 7582361476398715452451515864
47412575815942481493597211423631579375678485793136 276787227521925363442671151966897825896549536669741286149989226313547411962915129237349476283113163
14631 6138221519447733895735199799862294375322613722729218128639579414942954872164513
387921969512285872654899824186724599576396675525569211467658277131571752868284162229932 7276
72864548146977238366373289864633633457331134319623132445 931729886673176372748858319654637835664367433558521551112211594225246457934968
934468993393332416447339979918111614616597259837734955663781293499227616965819 581623752486111122611663119137812849452839376756664647678848422856988993972589348525242417422
4671825458576293611793623427481892916345415 72858512917183193
5772857696698939579919935228262411 7122161785939781835
8925793191369 9274866262827923111157218565654
918392792 659512761359774
52182453947387933649449545322691 188719683129773332666499242599111397991555582157
77918819547953898465549844278116936942515 2158848634845668154745824166326137295338572983622258231376413744711987989739729793499
87517253243153374617748216674847379232232113485337747513123791998535987664469693 1687486374188989117239523863541395346159371469775359649778394327118884164
566543787348575857323458567929515966284233982843594587715839137257918352473327389372 91437799572278262133338768439344338212156145641742371241621197115834545936951254984189
7432488963951698565627277635818166288596596599916293345124687269296751989621373948558 6336222589477288377548391419126467212877
9411954459522481567539728795516863349938258566516776592128427751262441554 414386539356337461999916856674962225994182479576517433355614125372353741348869971
514789284635739576519845698772368898319985375543445172867927183116639443897183216635946562616 2963426717951922818281691892861
75254 962697247489141739865961972668468172994246547689
39681933963186824431868872445113779245182155751178618782289444779128942151357888595 253894412131597253616629897557583837175455743
7666195771419626991192982782 1263291498195
49673125946224245212833873656222365197387844931211241661312361626695867643418789653885129 679939764615539487588431634931197383851578265
58217894327333942511315132115698924874474366137817339321776872222141653481617526794656362 149777379247157353777
299643558691255211952 119183199339176369562948281222996889189785471298393674821469578452484172533143855857544919
976165319 4847425621559372144
863 9851233597188692333991956624973276927618916356991358965788355783245585268227736823192151531243348
8471779 66525591625661951162844328626828949359665534987345
1777612782944996749982943629511815776267145153842457183423187413289313167876437393498715554383 62566637414955364414122933711372566839266651889172869139478851151815276992322985425
8162959517962113865142764732615 3826189965
5662247858473658151313424537528757318292614937241851179254547627356264986528427318 334654968571782156398511754528636948474987162265948676928999921979475
7888211482462317395138316463418275278 851638747548671995178722615341233399715
637211535954222497822196977961462584813715542756227889866164393 992766339718626516326959654781398858684464957253751348118535912553877591841736765132251138
62935724169986527727122388 86773893377168731836474144221275183214839866569482963
1517765478826354 394261513639977
63946527576169425925665695585931421643156697422673663364552419458764998883923989481211318 99561474512864177488311231853472466922
24322551162492123744286287541886266462579916176398999186192171387558632998891856 29825918464294647136311138946657167428696266
28491115137877264561 529553571268982588846219641
347279894258958991153131655876358243389815366888 3672727995
553269772711585385726478263887715466482234595143392833348859784544175767153531965341324546725178378 93868288859751288555898173775821845481351239919779173695744295366426756236888792345463577728442
85265423331271769521434327597731556195816922192677241486367612889996881211478971527384858 456884459742456166844817751486495822583982739244554593978
529751196323774157191367988958614392669214463177272249713314126262273783865627733365782488977779 74443133652493368875661473764315873189745692987575953277596218558494975
9893761 72614169157182692364814992761494754522488322594538541216658851339925691162
5356243151492883237674241938659967459939874584681568488518198567 87498627267678
15495555363881573459438726215265528 46519136561466888992666229181645854132397896154923982229738628992879
773588727611728782623818121697989124838611938427659381862489957189723635274684326935191665 3298455117395423438783695488982498327625486349594826329619
38551492668842134156866127819779596514366935254714732 3331643819118259545166561649667566151682855
36376457119 446983323524177235396381391331269781611992228199697
7452527153947666569957426585424183127974148775152255538165941431471668912258179777338235579184558681 15399
1634813786546658323819378465931272445567 1278957354619575354866921423288414152583328256453657631555427226594364227412741265
764457228352456985891923877856625711695322991377592568218654851319357 86684325648331156997566826586779933212275886362926666882421843252827
61711578423614431886897939933335537788375448561366196431832723288452789191 62171362168422266662914875
6256561362744699618322175474835496462723281871548654281913591944811855677727372351921 63675212591726689819144446379
7377794476444769542491969376338663689488569896588494292382 86539775736444323328486688818268278176846465945852769158
5544766227958329241116198347 2718959328987584476666191234257615814185277184412646
6362828 2175422191788977143558253
282273519538254428344286839511725565866245787933262878121221615942547362628838556167491731253176 84186656157163866266312392338197129276299349989848158753114177
83399587683213938791481214375984534438372383956347564448611868765325292943 46143527682116936542935133966885546297231595417358491678514645353762224751761824423
4731463784156157696452337997321972696582125531658899478956989823476157 591551983813169591564712463967782515468
2166581222274991441485716475692959973363684776 681199754
476141547728471177242 839294595216523133249796471151327166146337359838514487147334
3932375111455285286498821896 1966758965
17889143458775514386862377 5892812976854243953593357411932282954455455472
899567924248377232937647668611317614493724512242756 45749519783682856895183111959931779216498859774989677814536621613775689958162981763647123
124956415988643946557519794783695121642535679933768639755526 5
82741937962176948988699122874344786421939829749692127399658775828537721175 26596841
21683555521163531843753 23139292168684738835467716446871182664758357114967444472816473826338226285223
5367952115228536918293981488787518444713857545953325747216763781665291362638835169373465491591734 461552566147955746932479274992831252793662215845152222
961865437475272316621771634643186784377151547128312122568964845915327396665661821 92457942234697933647198751849112529855959826834225673
817126659894212932334866891728949899264183269922855717322614957 49544988347738769798873191123797885926886222881415812344761561941318926817881139469
27746682677643835696 55664157211
862287936978977675791737846371122211885918337352158757184374618861645774935728 52632589868358893652692992768842174711515
32389862 97952737892973391611169332932592176518473138557828674475753414998434991224377386124845171453641
673721872426636593 823456532434178535967634814651581183296258786579143532725466131934349875
494428519883169593738743494 333526723346861683882953812542518473673948836145673842838337823462968324434163244815938141226623967
5671644128264383133976685437948912128158659443719239663473 418539454677
5516182339869851947998278745791741285768222242375412665883451255317689668572917779 99215935498893118244589989211552617969914339578472713118462664551
9869719992315123763657667172123434887 42482351
81113741 128553242358369722231697346348473212118766866563422272875441322918111741773112651551554669
943162943789977172476247464169972336953512 7424178926754891241384919369484439474855775828853226413993572939397
7182284365314954742136177179373142778666 895794732499385187368241123646254656446467834983175484982735753738265376239989844516233884168
7964612668317894958968134 174961322225172454832878512566914749162792446239
5672 6869984966618696418145663173963444539388494627246637249
995632798825635127197728494775519997421266114 3486763941936547134957776462779599238588844525216769232533431973463941567547848378712
614238798585575761327952669 875166284673455149461187
261532174568271171544647396581719729 416529537297149232264375473167257736438845916993
2568363393855346162657311964958756497691418888992811291751888845339718 99715946853735143899378188999152238552558379613332375447642983119155585487594179
49979449538672974658872454365433731827883825271823387382319 58276224736252342
3142686418941355323413828942512936812951252746845744635411917467518734613822729167246746559621 612974915917591171372273781321268366277112364851
192572945823241655734733767958725862957516762 3756459977258991693531677178921274633589494336522891728232531494
827138169179668854495445747681787418755116818411288681666189168172 1427871579634541332983361687628396364
132566777158257481635129441232853256377716834937766542396682224822635 27972884299596424595966877559479492865392356967252118672453166929356425215
83821832951171 532944786671991671514669333389682519674
36411194241299 789276149763989234757155299277399895996743728271344979798627824517739
992687523544625629878452534644446825459844226445399921331218712 59263744168452725384691451833817767239116344478435815588335212712655266445678288351416
46935848232867145959861649189627751178944666784577835493825679231371789291113738663839682767 855488
245913924263994119766145321344556691468266464875365289566934624664143 2783253829633961452431697188557555
15426454184361685513254479299644939518187938652289799238292762674684923 3538523998139
27358168426652472614588168481812662421724444798955 257384697994942588769565596131628863417235939866366165148322617853796
768748 5549418211835476189617473131955812856652816246391899418516247832872356136783813919676919
9151659696618974825147825641937931897 9276986212949687839338958394424456968959564562117928622134691543427549339498238355892136659438616
4984263981269152362215991315663755861646 91836938629718216391737
5459169829952558134946137299498438734858468831444694629832653679694587146663489889295768185253258 94443672669462953135475696634116926763913876474331499379
6515219972785 2783917421929292127699525528251543117242146762364355892951125692
79497524 43173831115
9728646832321864752537814416496314434755834519372858612365851781734772527619785178266141247366 2279268267336436145999199915385744942765571275568849353511519
4193815912918886747772657624194685163572271 43837136789679655417562891945315464665153687763437855252567116675996984339
2823749626263614375138872864911313 71132523815773185521943954122657637634936184861425
1967791174171412742456515918 4136251949979121335372493192828173979
16512867646128262231911959185283854785433453337719915341655255346489526 897573647584462292723
86141785182 492674585789978955733321256
28447736293528425349425467443175537895419884453791524426355477496559456847451711867983754 8514983911236928
825725219963993753868313178316186594426388482356 7915318268919275995264595798853354128533293141587635464414911799829986766363778295
2443631556658775824439766763524474433951693755778182522898353247953991153365 4244834186646121371722695866848798268995
957 599493666665999571312441835554644269424352835391821183153497978161124394595586319457542137
3965114254841124866259524274751925111127494722896542484972326577443487521 791353999654898596564225631496696846962735163785599349813391913521221221322285779172
3921112289816399679889858882198662796381766798651353797676586612652356 14139384675483658141153958948778
839531414942199436145842632386813185589419352228515423732461114472776356322141151638774475939316 25338633798523158594561787717569915932661658471597788785279445271576757247618186591874574
412238864821557416674848958169422964624681413712738581195657853217936234539335375695 8596272976964922821482
9553887579759674891353416588538123316568167931258816226831635372729517313387326 13755824199241988788196651459983351353598421977344388355336423933291282715
216745364183592938 8286324327743952684273414685919619744267329649149937523
935155 9118228519919495846556479
5996948355144489549214319197746424215573895187132821857264682748331383583289954337381 828199485
3768714134842239729 6927358387439195819217432926186744851216435211861715584531263124381758337843
26195464358718112694515321566465473788594347973918717171 82474197689764731276841391126866111816134749819476522751636213888937315753853
9281828533953753834783654357658245841537944968483121779464178 3473595281414648417392637264884
416924715755126185444646478453719742748997792857 4226551449954134437741924464687583847
454692214439946198992344135646838634268175747845943293953726 593956277812593485539643112742384892651278329415783747584343354192999833
83314227338298697215113196439791 44158119694176823867795548831799526868766364228223827622472577872624574
164246614854911879589681321656896543836244334133525923489976541937472949 8498867676
214783743464517332416686428153523536214491793214881261187158998914118123441436788516975 3699932641592838653415749264659
794894 525849
19284919493329112415 7516775633895726511863222632977563475988383773696
176 825128474752315384553329171256921219132826429947
4573432963757838731426853658294484648727736293968261666 69335981616554813275696547263295916649153445811715978754732384965425537958
8866436164235372854992893961552823233924837498485724371879749733363426238864132678556 956317776996644728171865494762644611341657284465915175539875661282
8 73683982771732588244133659435983275452571622231669137878614388432362343776
25467291596 532696516149659918392638817626639141437263181586
7971833551648781972164529719912619957897689973185551249 5752371354137896822997184228879825628246347124122833334588172439823762291284
39971 87665993676578558362512743696493122615396124138413247928715957628343843
8959121812446936647472937711646614368 4226254256268469829988663875616388822923197965592919126142796138968375764521175929114
1236814183565476643984314241895165799994147644198322598765581913612119973933358872738652946745949678 2398725119626856145875442138676911811213694422395463247915736115844149348525413
6156198521879163779134613241483472658971762663482862118874393 98891815238984281759847615162167186311865791316879948398418476865296662594523514
16985151975987597465288823913347336319272228873394492466397737693288 37717944375174845211542532671341723326523542223239992797189674576723579111
518957842483845563489956715352276521 1
67794662869681459432468284479659245664867 6573369652
2269354124365865554331236118248832337533814697351996941329192376379756235867 1521149757644716872151887282658639586461894715194739588956638527943232548798
486684255469654171497481927936981821983914624225698 7968115988382473612288126975987283864911354646338484758654115388824855771284377584963568723
8698287796241655212178388989435973239861338611492772 43623859921549156463315761722522857749462949966311258525319
599635214414237363751423699148625114181259434895868963951321147397284224924 65349
1383555915999979491154349379722966213877187777441678235227813 732144517465469112833199927284154461729411995594832748694449691976154216691181
62184466266659 9459817441459422639697773972516393447857384952837229733771931842931565632895476652522
2622454632938295855367763755769482815461479344839374355135189773952927345345825782893884728 383592198244342587594997411195137919231669772361255712954484437656162598763269246677994267978375118
22521192767528995377166343533724129497527886426586422384722659 549583468985696538986169517938616719879762331539682312178475874563641462148954193981214448159469858
4337362952136554443483892924428678591878426565381498774 5916145555446591685643648
3414777645271433447774252512677931661161489933377382136 7136634266931126661699344557284368793529268265862372478298282457132828328249
749422899565399841518773295 1672181322367855227227224919795175366196733544428384634212856867118351925123549
94464941372245624 44873983743538417
2645681532817289128998359 76179214
71898883352278425744631555642737792 8249299675577763174636157541743692
799157112397731662222862379683924128924733762572836595622435742789776634611746773672968322116244896 252585634935292194114512661224237
891768765837482921631542148466 1421211243821748293134
12819321647871611572132322548931858241513591152553427159399196887395 188345389198525652638722378
37319151313912495262533297268189569662794153741577291752522281145174365231681971517128588844959951 32821693249437335731581461937538
39179262952445752535581734589 963818
44478586156574498887785187238 98792224459394755492618199362869223179298637178768616991682792164849744824869497546119983399858
463746386591767458388654425886976279437813 961173713386596996662117215369381853573219168668695282689595338664224294861996925948328
3975324887568427465185123498323997581435636316826 4953851354834463293988431387322166115471566887439297521788886444127455312437875728823815
26976983553337445689949187745986588675942216843539653322841254682636497223248741 336648712996345326677546321654175941675646217495576273575578921992466998894748434948331654297296
49843895627113754884895292656566675651796215826861 13936143597672946
2999314949816487647766512215342259598875622257236594753686276944768413279687742 23496744655646478
7952647899947996973282855576382131118145697642891212878218952117291654543579821919641825893359674955 9834573717739774949
85214732416448582596747575845347876441248257844854916285615238281288932552413 29844787339554127818981185164179584339548326571286533728139974159671828588957992495696
178656873495637443563592313139123229537384217784141517136349111818769797346477493153844368219428463 8799772
14776681368396336899116315562495818 6249964178599587244786153452513524896112439231521553276
8539221995639513486299 527872452311554363328686739117674973461317812995727641477672553973852294777529974864
395212824787478233264923118871588752581917242 134522726828186284276183446158255921956551639264983334337477854
73348624673473332264397215897993 8
586514335595586619772743254244457581291826593725394995626812117219868581993673175 481265943974928787634854161848878135324168
9423564884514421347241758255667799194363126867999364544143216661436814276594 4723
84745919967254139831815792194476426717749717621135894986137361147 453479945354619461476156677953493788362539759815
3126452431829 49899533261197617683729961549918226724146933844866884946388464552224847692125
1177325533641192677119786741229965833999116936852725848498628793314328161133133565246819419177315864 48643553212857358178319549262694827913943929835444225621649785413527416883224982575315167427837325
56294382342716874661842358641167166146165269643895751821527125646 5847453441612141717661787859868246419462349178391466346
268542437694565861871159793811673171958393785733315774996115463157856622176885466829453849875421 12
38865414625115592234868427224915784251539739949554913233266223334538412693376711715216383615832162 942793416994651952619396846469543366349567257577729
8337967996 411357226689394388353884642676837368846143998161114233314925788349572325813897752975127738277
891784475175882722253273771312992557599519669555837777877718589919243992749886473 923918879476745932795213524275775332258153475113469935724793128164732882776464495259897158239
6519186361536691463672 78337777143487634
17 82756961321899635747812473694318711537553
14858562 139553773216375336564436448873851282813312886987392456558571577531698131457891151539592
238614564781643175863574879345736375481687129285695811733166576767672246452127393637 972323791366534439232923573443129996153578131224217814139536225
1686832246341612675834326325274945266936734463941792675 12479561897157873914763286634153221261652884614653259239286416883111
9317161136634293917421625132376195654689471587148364429514529981 2877652692747
4865226943428232682296198325669383361 637397792215361297358529132587495421245349772979647692988534868815514483943622895754437335
9416412986187925642135722146352963453427651766248776687962671385966462495323 2572463
12677948158266554643193143 183262747966532597281167869985779242293829334285718663173434525743332942846433666489937256224
8298515314914284816658685872282564741994631321298464123648725349754254999248211462669 115512974484188577912646464613824256317637895467826654526457
47132833551219141328384554672356332588356698768292988956591597487156 9998798939614936571264367778541
1273597271633684142217315228132328521816 5699163144299226576534218934
315259819612776332749131945474475624791365259211157836439595247 1714546285393695782356875219655329462177617824858949219696688246984513154319342661254766319162141
192322956389274482234526867811386781731584863167591814266772273499645459437824 329322189334972865629356135363149322517387258556332279871234118134135445675511335778975222
71432741346687642581947853426549183887 1336871235888274115412875797262374575951977848832189428436
48524462454298699418122817565298121291514575419891733149929544 7134727
8289182771298122512242359889297274862347631 1266982193149899911667432423696858111421693222195124392278
85982743312663938489 2488125715897947478777253529941284273863819
53684495182785652416481293452469541256275656557611566292125278354274526826329 14211478166871574848656994523917385424598516328127246312171924353742542836726425
939932743293768349855937 3399517664227877795142291383133979367517589576275881492388
69856429685416251531 19352544227995669995941466822
71243148 66439249792897711253948872956452982265326
3969885212659553761644525641772374195249239138838883997197 278862657563585691
2691876969883814334463259844274299174985572494444248546891997885357487622847328216537821 4792518338821596866585914313419581173945588327776759767782336158455524311158672
712378597942411 719444119747217854595555274453545599631474931795546865363383664922618423
3345167368 2249133559131135112245864876361233385339527416939733258141741
797641758737832487271861162522771513933644653413548882219987832844538424592348585522982922814457 17
1533687837397757144651645761138639927686727499116667342 555825712617718646437553
43589136261484744 989227875994794887997539462942525
476447899998355364686157489297127784262199464262 868136769986
36514381454245861 86673819223497767758644394285149448167276328698986552764594675773438
717737879827391371582939733175149446596461982534967554418787577 224915394566521654
5179778752547 32993938738988574797618911568557982449899355663589
721951161451496767336498646413282 369
58315756319642374895974679467757951587877221962924477272861561485617274868482279115583329866 2635569246119178615734473314661165355341647521976765811846285367354
7449633611656151163843762434429161986826 78751255937932114676277836363367454565344255711949521822328656349494262993121
963593284869971317778718261832111143413593598548948274275729163859623175744873419382366777175653342 586757929
353743162132733981551812921133535672847487221855327194492718979912376497943843156994 6369926915759231863472189835416835927
162848534654486931667234747 657512482515377116582751499554331517677348919417265798248874793398
72698286142737933563746768456718339319 319194964117685728713895879181513841544168197959
1796298 65839838399359363718633648581582167135387631635328137243596639618327591
38757451528515673232693925738489112957127188646962758743 47373351958288221927483783662669126677625
74132191289579987758155637268345347384 63482756783822377585398793553257819622181719559859397952341216959296
6326919311873791955663651493268847993584767148951682752551166 86937252929712275181627527111936425926124844311417419413741465716247
5783979998212429518414545646638498195294625254198 774726547144948864836189669352162288819698445475316746317845
826922 46723844513522795
892542447833293985866393627576461764582539876657392649546995324886523692546348839222 76128671319662865166573482731479192914572484
591365325983548161839491165952336378196477758178 228339338229354499391135574789683979142758917442184672918524749452682789231491786787198866
68267 7835712859695695877
9693136564592158838578898239324552742722433286134941345849239681875456654764937223 9968974782266284142884764532872
55242487977899369187826248761364917449195753182572183586737254553445862 24449894193221478164544161945565248491974987938256744115
59521337375 314494626212667469278474356658497197273496427122626565896189641683
592365733276118377939315612586883135727548482649138593529282725833768997444363892 84122129586874598
6549747772668436468 3371621696
8145923899229829733133784353713978793597821593345475659445675545368475784283365 48488229394721418374429187432422582
77161579796465598867318 27849862515972878452772679843299872488593319237157529424619731428715263363324832495832259
3951866241243586514539282731351574391145153293179516884391569411992191427857826 71893982361114373627
47422167491323644296752854297758959988997775724838929738853375428566364199 7175314271352323514472311672637958524199414363942291496367694293
4245 57947221553958683851528379529357532498272226777884653386261856532478476879142783423354297288796
78761912991155564634593831393814239894564957948165331391224815431274961338 7929111513656422258911439767191835141664482651866356916935526767888751472463127432338661764887548
3232549133428285333731988465374157946818183871367334259784567735639 843454235921345682756126617654678721271464787369
747668584337361828641799993141285 25932189458132846324969866619251663898821457866885817996
213981 6157953779277228471641645271419899534547899239663754932284386437682698722462977152499136727588443741
355645835837267425721181829537 8786795573838945827861987996238135324814297798484251782138237891393974637932498577446499218583111
43948379543789466128655344747996433227864217284285642197237 5156578527918363295134384288825278199958295888712375974161343257368265612417746518879261
69465961644123828763476779851134821611532 7548292371457278446261
28475885993146591382249356926599934126775931432269511936557215581826284362315567715822 7842172373168248498
581681916484479699992143519946918831958974749512687396746135596993 757396699449214988889667165553511829113556778
26122773333648929915195695597756695383554325 75748137355
38746214372179224684887165792511311869 166468185664717952787556544245753172681924419672687866271791913757488969333593277173328867495284283
95826632254194557774975432539422833866583427169713487383193639376633587736 3131171672663842766954641625954691195858837631762979945215855679512597519824533911376892319746153833
447118982197 2414215816545937472155267773552871756186979583835736
9 2598571134392633734272437294992
87795357682454517184357942764521448716981174146881718995671455563187758674 3432296621657849218568196574962126296256192
639178694638654539814593 52484817536892644527
2249416914197258967795488 499873842778732917758885528855427125242392384246949268456353
87869532522748669135338314193353614574235784683481381719761333822119161 8891137454959651944772439
357238528875626249542318632961874819367733232896684536569494366539742 556594699125147356121
936528298496546252831158 61192118245858392257978683681952285915823537338679732994636458869
898962212945989162114242466749647341127343858517465755533465785885864896194828374595 8153338237139935174416351999389941261969178468121479148
56152393994629148 4177821731153433267534283152629253253941131737234189635563417848945124226133995729168315348
42266559653728949545458435483687129348678936156858998926172259555253388984221511227729297945 883318275296449226464653694655695895936667424715951153123815813899199613474685965214
66463747899476171718649992828 1188276944772867688473531945361424177959
1164166476123987366313461119833 638427967978289526594167752536274938127591274844
9598849185768449526722137811195535521132844618273156835343788713 6
987882851 6393615689279326735459762928769294551389324621257626696347343257266554996279464967713687
2411566693694965333579536225275283489827984467173953413453281284965937154177 1145888141763235512463167755878318952791661231269751924916922491937987439333392994824251635325149
3271795382479122853922553818816527183 91954498648593374223745999494896824546134312275135784889247462
1485595452 12536978365263831819741589146755625463552465419438164161562973536388226337872357
326571279383894471817515123287327399684248458578599 184748441631555269384394359534663621483662791397226366924
221419357863825251689184626342539622684628498267329668528458165124613221286339811536 987536472
68 95258597859537819996546
7627919456657828818886331221974656876364216373768366964186637591292815349312464541992749459579453 91517686657446861899629779742623875821278142349534
774629631518172755883151362411323124 7753887227946267575978143939263891248946897462887315163248776971847995583422993854587284468
6562292278948655243269583488991713891177554261563121 5184451569143973
1897261322492758842442812777559 8438359984555174567881649625257295671571546139963742269498941446324479281284919719772972476
2576571969974655826752743711512665419359663617797163854341241711379974416597183661 146934114152168695545914115565754549125919564679196498133667715385124737346986363
95716139125395829361217445491694187624428 6514526832344
56666175311345561379487751454971654585636461988765878254956696157339847787293457933 2179131287945446211884832299455562525956237464648473221172881671
83292581782621961243785388959 857632622465422386732
8211438749129526784886865223651238557713381495864152824882362124598219235825253885776174295567966 38854633634412461372945354367324638655712657479499636
395567564243777516384317675518155842676461279523 936434389723361459229863623631781472832793923453768469898346165444328532964226196267
1298842677421624658858584653332441355671427421634575784168267629153861459299555591293523412 546867583514
4939475975234117645462788919849882867181498839 45333557856588846123392562911819273728436122853874731614951972519176218744
2728562696956743113335566967255398 971864996328693818322263847614769
743782342821336226553851436254397372576466651414685492948722758415211695228243242154962455222817 9468413766899166915625737257625585868836265874283838852829285
57495528386116625192745156642994648559845153524738385523168254 87634685427147198128242777592358229855415746657476562291722596959962541658558983439144189965574316
55843427 5529464888475689955888633487
332957179157978167541 656421583634
8366264447633725834376568543589463287665534421442178313561353717546565144311899855728774792513667 1957554436454883
16488837968768724119589834464437736144528 2171
3447316266352247757235342389297243812385157648731 42653571251731453212885
53295669216565529615556718168896329 42972787338125345746675118815236814255654485371111474959542417585653
514654726664516646866497861768833738443355526928265147273255887378267835897797 9456392573832471426255171935
3763785362194754315935953719243241633288635412241 534133654355971757433811673928
87962292962121337999861777196971726323175547232519329529317878347814 34844876893735142518699325175284511559584459247648115118382914516222998622782
45374852782961749696729549999326913198794653653371191928165965438673459264185154898941171612586 7386521556292214292
88127798853379322358854897949221843325769278754883579943445628326247727569352886918 3131575638463736
179587156 286324823291331396367394
18751813235382977172464497236986447447 2458715325364
54295635592837861843923988 5623119467325778875421993171865998296778262657657955383984
223233443365229281591627961278897144242627425347268595332345 81526127482478233279367131483871261299549265329499917876469415635619916477866434
3893879565935274565848858564833238279326519711455436789345134113539382391328482396979518868885 334423333335295678388269188641139716829195957428389331651626577111343339864
4958389268467136873929746139537815729733654312845961666432648864996328822723 62273291484892672176631599952891836456724551368376497116474147715422828
179518587984 5794369937476597521822248325835523698159427184755815584777668148894653163256662117696125621399242
893953221879 171
469853281597589527219349811136323413564126897375533658949254367179389912316221533566 32196111782243936843235314349832396344293477891637498158519228591837578998992451832593543136398
872114454483161912715261895396152 8774656143445128141782769262553685396548872669688321541
7993554199719858464919 7588635647748857323239374133835661349264442199154471399
42575991944974432425423528995 48517696847633855169744785483842748632871551594321949712228396532439
97682429161266923428586872815963455981345674964357888693923763892 739989445431669891
435324595548172168283558581595798 8258987939822496347
273928649514482965749937378329796586334199147226969945318942 8558721154689599197398115619297385368849655
891116971289417623824661125347118942192453379333359267387446326983448574962562147734176 9835397864597314192471711879568868873733949548493
9941493124569848897183911786485131118436642611662923232317873276622753587889146246893649827 7271118
258242878552834721615148128283874351397532463455669534359584813468 95459931163664893915833246975565156429593485814472149682764356467
3968299168354734432777917677359239485257147334798536589781123538971124 395512735
6321822976115971525377244112928849 4325154449756727389277999486414369964386927883561723115495577793173342
21832885873183351278742252155127362478473166795439358889117194939415451122942726644 599175282689198396453466
34469886131935715719373237371829638531178678629496175 35597374525589876525153143256447775258586
9246389 4882722876775699287375329293418713
341452756974599854562353125979873656923916755882525542425295969266173127 61349477358313236854942184561914472261661968291599574687294124434348428382135
824685452686775658822522 852918824419814998491425339582514457219392313868884861619894495311119286
5784744688744964953192586382988 377649238785197862998215448868723964291752351
7252726553 554995182954337549968242574763659738512665734478314796534987552242162631492213362
699139683743941115686676952617648517672818464663148522479532332778439289982321885 8851426656273521218184825392995197354585114278233487389194394935674553757558472896
4783397497235162944885728672523696913644762966139623836294958797999729172592672779789844669 73664419576495473955116712475144822364824518396167842852858
74544592458254839517545626635989294218489775413954495675129829854728 56752719983663796281974274867487378115736599965846217137211637894435496347278
5441188111749355447844556541461184 977542259154592255595847725427549632934322444271428553256852282725654152941635398419759669
528485293844258712818852773437913518537339817786522585 75328999468734742791548548282974959724494687464285244798567995892314278677189
4571449262253487593993858272741797838618193266192644557198832749466 1
862248484269529574351941643482632995127552212256251767547675436339217628584472299 75922792646128596585154
5611929167873775611257157767645465597432296621564476125581873531246535895495761492513629862 3753824864646591238865126746862491539915986889351261476529745977138
278698218981126 967142889
364466728792618471325874381385721976764464142936292174496278772865224772373774427366 3819744823992692783779169735315524368948853695761618799367
571737772571155 2256289133893357986189817314654561596651612726246814493122
55342256647138124591595611921577487199 654457468471959474798551825524842382563479416845256186829942237776328474723534
66848979 73564486149349683342224595864524638945172321728668745929692
392159661184756418136317122958987433287496716862196771181766119165717 146496369876234854381461513683912742598347689
161724222741874245469221741364369897823766193281466538837381974622233914413955272621418 7396543446557574943163852133817545928948227532249528645171681529647596
483172351549243731482545744343166357545959537738672191768483579165 6484527
663128448986622253847961225613282453934 42676851218468723998865249984158921373266588494175647332284791826482622345867858
316552 26464419
519619911612242995 8282874441478237841193825692344355651544412115824324355
8235321781581795546467343285558161127127122698179121273714187191888428139255192495612952426737864 41295283246888394134943534455958175
652743767366823543981625567885195742223872889452466239 155229981138315332365873222287445546931995475566541747188796941715832412289567585785151973882848
45762336795365952154641777298721596415249787794758683219893679788838426628995148114 962137981234185287628421912915828651911149246
32521989345418661436711777794171913112465 512761471327358731
377217398912354858799336714387533388214936485248785574848246 833194974655515736531187792847331195864732596259137673773898335428671
7769495157197362919326752129858674348224321 8849557784821574339738991874412884521795622936282964782896312199182775173377
4723958837763412799661674436562291521993325683379172365619276573828 7999786597159861888553416982496422131984685148235215319752798535
57751227877959855541843433679955663211944756148428839373971 66352533689355991467791361917413283496225629232716642892626325
6935995647834291767193775768857565887668528787916892125466486767956831 48785341977216313483256359468867682129496423818661532618542581828256892888379724144146473267466
538284678814856171 2722642587134972623794787613949415592172214523485152376137668963995666328844
826555541866269341735661424755 7966195571918124546129442946392969
31119696599943633414375666425455253426955456495958434665728162289934145587892164877776 1313878734395766155377722197466791677
863693788896595939682147257856745863137954558618795236329562278952496596321536798599514192275983494 315333569474794155296515129181255236347465198612153932397626327842513638
162543572729552492751716 64282182595839586982498329239764422944427358352675268598671673819711324292757954584636255659282
752516217586436744762183888964426586474547949448674377952282756 58878746812726768237176632563782733431163934316586933435165479194369569485295778237328257732428
46576 93423981426278581953522593294973212863579212479263612815788988769991511675686
214394179431522853215474778268754732421855344597392752465464267448833792896786471798571 3161621628
217647635982886837297968348413 866113325244175431461676996882665663662547136662858589814297789375633988
34216595537525635446291691373436513737297267286559147597164785469352219983254 9132157724622227995576256658675694813212648123449845893117597439575538131532683943124537813834244
58468131992462836381584694492351138672157539582279776986991578 815824573492964954419355264551883799986171621244286137692113312931941485431574253175432862341467166
74496366848318664812628644171832592197384339 6493
7722716675 934559773691984
67633483589198563818923681955465 35735816581818692445537815824374316297516827322654246488632211631842115234296558165544593
15355926627759 2314357763498852323926363317977889883554922825772566785372434528179491989336825
8567886885652291824237539815251338857672186911857463818949417 8238556925694637992991852254226877822461391249246893158225
4545192642816381516758357263252384179221463996145339382722629991627156793632999 9388879214249368933845
6429931 9118591625858374878448686117442563972576292831348
6463947936565 84911819797444243846328232415297672816642877452156693581384815225828911352863389781172764112
34668237233424161815764255192414198146 71873381951653491931339663798546251171486
1683832377671481361582914377276133532416484458928338282933496621 9255133636813745697497186994463569
159285593388652282136327731293533223689965856146623719576372826551329741649558193927481 7524993171464798227123767523249428435693174882899563
47452432125914737935181121724385656128176 729514688769565927488942993828414198115867379636855155543923453227158421855318682421129631595831916
6774117455418571539922489997569696333736593921545923385785744614326234466643896211 5918476756666361469825337
865483228244395574565745975 1897916356791697352663374374759398245535447636634392631292877
4799125155678282369516359849242616182622496474656161834458 3839529352435
987464688432875841437731887654278136147985151929318411442626835834823 4583457462924773566826227989991468241472118831
334586267844254314648486719544 92863486471
546577394478817113462259813946181472598275525188282141156266716559872952756551823922818573 9164378742773399555771195
1195485325394281366624977368974368611196919 4531655
44446713746912123932126463813 471559411467177
4686575252 8591499281469549197613882763329574812596991374368527661256773268895
25648426241634981143411 11538598611813995933951568686677331928319938979
249 47179544347852354565969744
94988175734631691 35892685686357356366888191847527782931211373958189938175514326736812
8899945474372682452395854987232413825187468972674346828519474262569319756858761697454 569519236537219223381623825341531754391431446192928475892111677324331794931998113221
25 3148778275163918295155642986
8122738284135628966263171859887381217682564282511764774945915318 116123846895573837236428827989552819319274133695732751862
85739467632457186258686 73738916
459871853369769699767611156338295326952855969377131853912214858368582352318769842597 3943615862246412159665777335238595168317567523871241
385554123414227715 2643583557653469571673221447476725726253237384
73 113516665918941659633635921579261662573286974874391494383847147
7527274579884158969442366493831625562714653668179749694722 879156
41716447369566954616156742555918769238329497166864112863739647267857352956662949852841633196521 1967179519318847633367932911475436567456561923
521222261936136548979154 3464142731145236124235674513977225479543739552813991593883352126179
554 3933431799721916399769448999681917
85293545562849661352861986183936222766568454157889527839341122954436999641537819552164393138875 873984734559939767658396211583525212764332428659371272123667422634236616187
877 639526
756169175627186177944733458328951224415656319491892562721 6362385186486855144
86734684956483852451141123428916977137624771886 11952336617446326815644937534767218737511759388
16878961797643526414227997161874188348134458837385 4592748958994345676191824725464738893525249116681172979753238483
8771831831271299423297455226965536619866977713717556151649359 595893768
328574161394719921854469555265784926922198 8477627149721823869625469353318896429592676431
4225979222841399646384672841725871944896943555212357877361952261572274842582396726113447 672266498384394767771287418323228
4535422579 392257458275571897433246918758522527198853713928664257591642756264645886
13254136879887819333582917191848726425529287787517876137 47727211435827131934376865667316973
33525293362983675558353961457271799619339618362 4575758795314634867739232569193266994565668621698776989412811762966541173965441
763369575122643658349156665852729224386613195137249479448189826159199679828244391699529732177885 52393575346123524936143945258631519182355771236549651364656251118445754743689929637973883987937
452186226254428659143759672191575162329362584226633799313579684314481648825414299855261333321 4737262829484377
8715246255129579 827176377842883197624142783668179553934337974747
39111888981397792797454152472215827 14484524284235671273898351534
75 476623574488354436236869542574171567888895872
3887181372231575399717811542921359313619311498423971495492854755 684361692763847519924916776181555886969776133574893137159619934338918799249
71816514954876943382332217466535139793332256844111 92191962635
6735243831619311955748422324155971215522139576668841276656822118739744249542685135 5487625924416374674775848327465816241828378121287232232849831125
9546853285225989583767671341159699882949552225785216513355298 95744439591248138841637322784988862651513
225815348948173 3277895491541541785166
386965653382234553862 36145484763654666636237378814921754992912315439571438485491329849571
584955235182386832113742124923339714 159841763769
6839568489477316119226518455517296136745471885296261387657592341914738714499 319226
448697534297651319864226497 619448331922131612585514684356221377556888622939964572929746775721774756515
733345482629449667719116347474952785884869111338561439994192766665926135626976615118898 815791882149431285183255552121418196632817563934362455997792
55955168999679253881151226161757436172856396834963737121528254867459133535149113 182127824369233331863453567516378519
76 81764276642924655256894121139545546846542178436255617818793922538884789567365166618229795
21599524414933947636525553181726134941113348742676678822177967355 367218759184235942335497228884572742291537872532117385157838124712894393539257396193372489
741434639484359999521679886682751356546418179449725229543756276483 9578318747286418525819714966717166
355458655611184266842959347322778515329245668258236152418247235 229444814189652
99475979542227244831618115318322925417359693824395249225322316983552663792538682865668279257 873378222779
5388136868727979326654419753347999378832283334754215565763442583621746331454635 794257183482594486891422197332885119989698639959383836953946285466518836
852729826234586514132973985323228457133221894232357481115835683915783466914855437633 2984987681575479323973147616224552514664914999713695926654512757919686422992756793479
544985669168382888687677958794375491637199862435361777449735395 56142927877753119842885285952286624154321212783452666984878861354483948481698861968
84669596469893975214 3867968783574999145457931999523779961818832846189633
1193417316483896955442374386589973945438966585446415725366655654853489757477522788 111297288356
479682657722 52627791583479249157582974425821833291842163846391688675427313
4747978492167349692474139722883935563965111455642374393779 89693561753751569894277524527919122715
5493378767333458961948835329419336656565641175743713814357897765825923647797837881 36915445484971926222585925468156366229868496689437
397494466779445685818368976461872238821611862791799881224436 3996152945999916915714374152559169199712947939616871877117275693994149339394826597499888425715
8498116968219864444953719811368552759665485832451746357768478752471237965 79423518933444353197172922494569417241993583465999533954523713412586544
53751147373564834742698512838257216941891437971368835129658598865754987 2533136669594872341593822449191791732638824449
817635843368289741767434378346983391998221224212477376791914233862724768668611 23629444356215995452549258772227638643674758739678233837895427826464524455395638243861323
2499818797541 5499
331394785789717984936262139287488376587772719 81192245796745976
2176828792635315622614281522487173832 875889873233774982
87792372949851956715364819193987468 9988583383724525224392154139129979874146933976815746
87996126891741665974222456924637625993645146781373628549314232596271376311546461573247432288942 42127529127881351363847463443327431258364155695126331637816273241359775
69459347989652965539451192284811994621121343949499253168934318441592141977136948 7774152852781943774119678849692569736814132637918128284655317687783483
2899714615448461538869733738631659824965464266618844156533 44536757471169791338569252989976522547376544539538876392423293563333111782791
8173179513754541712144651725543784998479982668442635848339567125155 1112367391978327191897393278478128
355264269464678777469185948772253141465298353797667186566947118576515355447515973542 7585266455
6437816232782942853719495172743455948492944421679812779426493 243643575476866768242463254975644888467165276969762745764659254722335954574946862
6183943983294345777369593486275 29729494152
5335829442486888664333853114228441651498746673814468123473799164464156921872856336151875693647 5585212744393444653888644656445165654765748595629391415152883683369324399
64391996611346795741796239458686 8463653882191525771462847966895
46989787689435745726349726676878622992432452465569741 384948269356383621342371246287297148124116571179784889988178832443167
3388132241149964144317356751648 9
1847248824534679216264449314556488884138599363532771181127999314681375944 892529814222635378388813591386946756589792167914188777215483431354296746968115316675115858
329741519529388331736478786543595173248457218817266473721242849788275 5756949194145712626958148541656992272561563979169797488
47691484814448591565124793476389927741311 8176761327927755831322419315379487189194416214493127497852111547535143928137721164
796569185256768528487671444581599147257838685821839321729236922733811117338474 8559
9328918646242969864766915747671441216583597235858133244148663568257163289451652286583863 56156872518657588879624784823196139933835879414925559299
71721737314561191617252378916955878249237137832139736668976122881416674931488171849242188 4583262227828659454553976
97196951783282572429115724573943863942474164 666772369147553714919287568186571656411987793978438385889
374282936889 6565676599579276911616224639748563213782131279361483767948728412545576663138725639611245424862414
48291451138279226228785578193723898317181263988639594711865479385278841498657671211 682856329583546739221946
35173661276577625123662556 192429815875132154761577865317213
27118256983163221451267551437722172664374333755217424613424274236865299582184239686 4484812786974133875223
44226763835753424567653298212726515275119624164639479187621854247692539144765 468713643882814821955822711732989535528122558128522448385354395594549
6267247595629685231225488188643519881393879547387445885483617183849676828483977887132469419 939137132281651545378961356775751622388633657889351894978159359931511871315873391118992
1361317173146591332931397298775237573567339387594127528716328449534267136113164635926293363197115 7
82364812362352365335446828527288811321377165566923352715753149943166159359224277 8887261515974935693613225925345792917614547
7294543121318 37992244199313188289615499361478471498118479253659
36829822638383 315447164428126629343717223677721814177511444514427973762945243489
63252726527886643851166334914139126865427326962162432775466164171237688972553713584152 43288735126289549124171642478371
8465787835759257687455142842173815885943938628371842549972898921216727319267926843339957267687423596 7245613834116889574974848661862129849298959576573978454415
839963132 3
78884558945395643471545514896 2948854223545497629
993268842859459755249697163445582252553756241249867673158157655836297319923964564668564 186834457229558485813286358439288173872813156463165127252377921844979815498
5711975967986358214413652229694711561794628394534362295129996626842839447 37763561958644349638661267591689337623748454158817958
8664397631 474552
163683627282989968839915691627985469 5895263849393877433524199272451556427733374117398464575777168637
64923916144763572795727392432174991643797576812287219124 255
6133525378646915423511911941 18453355596182575999646964425464714621851577321924656865592717282361953248432629299494
93676849478521573859688936977437446 2455466895147436713259398788517698657833982292718891595589558473593993
12641625995982729792538929996498947764911776361417941869847376952534664273155563367634827997881663 691593211454539515626164268423245595288332
7649627381474322793395877 361654989813994618657851572174649
28269468 973639895692736715485988671399645119612974255659414545638877977
7244816714499695153844774816113683481714133885657692647977267576843569227654329834614 8295732492497648722121639989152761667469554687587112437595
7954942927246278274186945333868684737814121265715291599 48851472718995764563441997
18244485888364677435849675466435214686464722568433224265116945689211677949817338582523633784792 57387521791347552921938587227534218293545281116735279994312369717816134441172481536493249663655
5848787814913964228762695919593285638369623852833398638568258193 636488196461122666134545453119918449168857639445988967119469916737125913
1152738193123835868616421239548717245539345236913618977153231788326363359477164822 81879835957921168775523321278244289647284
342581936548118872743943326247772434886889161195292951946484133211439173791 6435317365843447467195121369
56853728876716864888162471785996199352685169449955916879539 7252753918637116534543292768195633975616413349385328672239
2335985182276727267596376337751773612342492796744579 55328363238385492511842952946223341619494836566863
8863536 7197231312939745895267853761934511456
166124716224643 26362294989133122672359431412363464454912165262435629113969975877767672555932456985413834968
31854473667369725541165836773 44893697838735479338817751335
3357514217417426673723996581173661588593168661434742954563974128713884 9456126181325152957985483935716859794934137668271798
18778638434351426649978247436666871196634753892591 84582957223635825469354922851756722277437638931211717292194434195239119788676664853
35629956212694454545938258477887236419226124657785311976648593944621431864464272 663824433371817576457516327968118738989667
23671 59132557643682241267731578999848
259342724358143563313861928311854789858473516833474441537217789292543253862787 2939659669778212615629928317366425797461188973936733132797388889427381883569
814931693859113665481557984632677164718765346911 899285169643659742785651644191628671673462255183982488172271
434564424265293 62142967852696159624448645266893877911687347735996327
153679815614866549616845554645743964957 7312142212637188736372674942382527
16461335 95364928178147315389255798436791669429491375689691585198266148919754589115497398549423
511781838377519461453994429193221573276226298298291488583553121828433352359164758475735798 33793341517318791258979169789622
89997133991844145137465533481428373172417873119942575317331152436474938 63149761147853773173843296252877148895526836641934196335511152498876514446355186512198817
48477291222535984899823 395422654492993182311992765895871245955817867475989799839737564633954
22717395822589356751718315746921618281457811129152242564163912778161527856946168543995829156459 483118279523219393514784636241541275646456341798892457536482547452954632146
242614414949312975815654346527756874633828741114862872146568838662669721842513 866384483265152958469596853128748497213272139992779921512811477313186917172889767565685
156152627199673536932496744 1275469954199266841245389473615593365236362186533575415898276848668249597447859182544325364
48194524581851695184549242767721865768875925957754194712154837215951923185247 2454957836832526674819532355235152228155762788627918354957475884962989772649171876387429493376334929
16341318719444299215136922673888483218112625216679567274933925593333512112477317368485 1486942
44775878198554643977141984595445638377515325726149413176754386281764221633629146995744 138379341759969975851582464936914113487853731238256735392293783377236355185164165
56591545299539714943175527 846817325133754436438543885314493915
781499414573595544522799945577937381 5825352
4398771977392122164698133431531242314126662996 2541397813519555181686463312552275487193632738827154
75667314346959916985425267558144924786684851293562933839663233257311134176132626 1331114981961662558261291765176584688268127938763441646466598245646944284
76949647981316989277952444994485712387342532678427686271383616 5511475846543157754439382649542211151375443495224951322397155866397461619529999593925525233166933919
253216717663463741349859787144785623512818448187931571456 4994874923417319291586
183767538 2712717974771848427415
4861163383238149342739379566543342659135545511968433794527618371374248943486891998294 8244619175831919583747781598816265455835258412832335496598453147167545352348356
841612255845314619646255688592841116949627959976965276374826525987979633 94238716927258254179555727385
119344873974817635278329432 2597653634738298984664892294647914217825244736169668163126162978862535139985722485457331834399
44994431558788247417735127747792314627674415161818263452347368831293834117491314689116313353 4369946844966496583311211813972855237325453688985527537494971772345363486962754334134368
26888787652146427148548212582922395824897 69624546111447249123583872566814552363139714133475665366257268343335485419395738
756593517138895928625822666596445244416 8452771176983765971464
19465336351123414638764417287766933193828126 274694834736599241683236789816369776831545871151488897257581785934416358
46925799291588953688883973156427722284673813255196145693665811598366 59859151214896355883237452647498111616913
4534314618111733838753628665878278394558647 63838491681214798
189777851772711576292633564566434616118656553725944745125 372338185695915297138
8814881974828657484715215167973492591915549365551833667716675779924 81864984125155298356416754915685423967166774452882543399432529846241853828573727665991
499166646531175245211932481685977749321128 9394869574695861259712985395456869152238645498434621856748854
298226787183546661754134514349261654286196879396486159676392572694777942894965993837639666951 4789497266345437293925622616257529578347829218978999765521332883341696716
7363214124957512545658557748244484189929611459318744871166961556799974265785939357927772 638216532284395718746584
9584923131712333959872895611377229798 21849852772476499134745132196156296231688915552281825846155616914923795859112439517
578459853737231262 28465589641218692936936944337524238522
6955198431911135924569616854364838975369353699376943498585361929497786829771136 9127768544277995194579276267338776418843441471219131127683913169285179329838
75871276939685779898 58826199
8782323 3557
28622694858119772734483153114926214248981434363839487373842354746745955597934 2646216961262887627679686894465881412
93815253841749163371499814133193752278756254748854849653622736458621 5643976757735144366647662721962112192144261
27758739597525745212943329149193879523487148762264548 194476256625582568618952247545356441877459638385278665532876263243746153539472817
5424371115845464735539819245587981434973221576758 8819764
4371797113269563928842863697332123954789158374479126899859242345955626594482974 22122517547376432376314363663212281227985633541642789433799
25238161714 77784447798421629973714835355976841414717155
51239646493156316726963972152832822483381958857347888684687615588132671411659246535272746 73211845129832537962267749938991856841999165362485895769817378833937976733247644
752926958 94663868554841255852171713874295966283864729545
753569542346765729 82119453419825921942492365846232141361137524674984197
667894378 8
