331
52943623951139683721253687974835138511857356875132498245 879245844755646265724484299967689541919761573547734221784489573
481261589445 974752426
783981263576612623599498923823964335528695656 28786856244438542165685947953963477367288472478482613915596
27533215891333183567939699622539368257672264266174494479934795617233995715414238395829124984583343 2597462851155393433994397274127776561162732766463722779767839848251967155111
1432452879473545737721726838447232431 19697986836224362219551625878531774427651654
961732276934289478495465528165356773491346892472329637252887162425791 234537988499
656463982391582 6743255913194225987391554431967737489659138
9576986268688979428319692594672472253376827621725927769713859168637568947721796999364319 6828127466326233221665964741763334374835
517668485163696412968595138558262858834181849774411363893266515882857132 5141426999319418568
9814714966262745236984136918554773 23596586361742134
8597695515913557627588151267373769981277481643984636731978136178826535679448828 36973883252661222583138895343647269972294847951594528187845494934129158569918924397873766914697469
131516466439351366268341178666248219684682 9678618
8 86545134942187947777842441897
535681745239484161117566575927289534916461573642349494389442355444832458255459826766797 261362647444388557218575278987692199656626128848169482775374352125996561462
654312563451692362474776351594853974494939286157432234519822617961311 27512828921822648761349321743274325367289724192113412331354637233252341591783585632952535312711482
17242383331531139478112 782381671383567112236119853424972
1978732445924551275523979558137357823725159944284645685683451139352315426546582151794328 96768812934781426747645336581228484997649745749737273797879481869378222911264483425833468921
421715317225694187754277342577344575379516861321535538888831686953958 36831761384965524478738853272541425656
8116 68198123281234593742791812176737378267622827687365658223869366274559973641729432
9463461588963 85222297136551862161743874764979772481823149778797199461156684298933892269237833579947599
65893526295556777344596276663113 6287791938174343246434696845188134858775796784367859598173592548234226129685317
3533375473918836771 63
69594574165934159191667729911177321843949392812949927 89685737689235199488222762473159374575871712144651481626
686172139518978 9824949142569487626253
988445964 64722942873175967
8527977634189689778994575986756 36233153757814221272278699966793994695133663391477874386453649219855284664
7799552726964149675822199917327888924891259711172866831888267696661267138583456465678567791538291998 6963955239138446174962753835182395461768992888379356712376675824335272257263635266933453548594685
5517572558161798478231644482274819754 48348
87521846379172965257266693673985749462414437352618945293398625226459229114 5969863648549229198557758791284348679259619413947663583246632168531459929937635511841
35967587745333286114822959578169298974333894632931432924464373 695523815922361952852489272528187
1 2328148724167692382377792827968536975146584361881811327279542921276794217437553111885727163972431975
9845763977622552228798893899146611882272352876292455981156712931125161593733699419817486554 92
39159545697148873385418659893856329693617265497837412225314697723699274824252253175 24235963652149417757466924355296158934211132744335697923912665751319472281
1127195319919426391669714 7929571996248668886288937561347216543661526219123494354
8741165697249892864495128714186455356922828673635647689 3372782276657587248344893993447746381898191898278629175143283274131892
54985556373939518558711166151376943993696711374918 92347261211898797998254637
41817122826633517752611787385157447856568312628335576778152443414558862359427763682761189681479 91994259
412229372712361673761968195323452117315994322529842129 82885821113456439885815549
2782577441534777236775168874132269763363517367841338986 5967111549447911154944236196279369833657366375232679892296151996936924736261264547778
3637355639595765899448211727519911837339131489772611634134498692369562555787876699953681196993 887928911845981867566289268356791398
6923393479541632515813568353853557798948127241443799217 612735533454
922685612669553882563895843499365254448634911666949681354718518266992696295 4575461555812189116114328674926548817276594911226236972
96832992664656483115437128854865585719813944588 62344
64473532 534745863124931632687351191814882716847262994339925728
859744561165725992563983624 9656792778558466786511436712831759545643195284761123764522993632524869576732
8 157322697434498811882871272676875352444342969122272278944837484549646666367653525392
94592622386649598447262253 4718951492274458157124495677963182598878725568192162189362273747614848651196929123467123
4284667525359738839448636295682467431827461236431225315697135335137388754355848939833538 74958884842531616624557
8936387764288416881955582132692153926679531339653276765619685714826885643499443564 52162942918819481978948453896391478635424871632
1844632545726318937393593229872521 152495796361652243375217349175927
175777295656471754623397882273654583225533784533526526689 23534456268178325919361115626898686144733725341339138425519889697994563672686789767322972725288536
95227535559573224398814148497816475348423942198698717399 59858896912161133496244221819811343595774548972974722228
6519974193514381181828934988467427349225781313442443932179235254137866873224122473838671759 6875317619152989231493663132315728811391914554919966526811
5714463331755256182716914349637535597736383 3725111659229312123289612559563739554
985382497144167918887343622874436461292376228237355345184629871321649 7292997945282198641124584173138324642586191342761837661493151131991153533817162257577964
774664776266753417768638365369751688253536325556465483878767571536824642 9766728114381277387985998876663459713512283724388956
9925162243493517736431667364866153426419254455592473298715428593546876888792737272131653 1513351513332688861887188835262775171568539316993516339831219933313156918825549636558495639661622227
41218474149363116874678748481152925185813454171812 246892572515214285693634661619371297
476834629282664 6476922845285391541364161511746785527387447813792653722819679
35988187857697247924323158945341688169746968246255536794417624264133669412 36259318712221952123299971427333214143741836538913571363429729362179
93911599627779789637198319339472958797533623847731663151978321237153862176246678939147 66475664943171114798138279714595
66328222685918164161 4638137243325993638762496681162824531817227531195242147766824261474
5138968589725291214925268217562356875242279828 816551749144989711278283985
854227525734611562362366477886579914312666469942817249954734933711544 5474292894673282419935
267857787489766398991786149596932134694157698728434457166946571786356974368671 728355389614384597467318453767388919831571223194789751927957372317977334139
233776258813885886617476499644217623459842225231 6581539125179247
57491562466624524738158379299792856692852623262122795632136346535728591861748433293362 8856979147712339942571224258629354523
797418169476644563296754 54975755681674398878635117575642487786556444594656636457778557927574697152123
9741433767459491227348273885813428433973577381488417718 8967993377587291583563454388118973948595
91257161296882824123387472977118361797227917581763793654857721536253856824923729464529819 76931752991598381574667972353716649887
73937232637594878947935641914359672927717395545335217275567112825656 25985212782471975686532615743556
714989876854 9123245953627527355726892181446531125127793174919156334175399879511833649446841952651874246174
11572115826392876526453147948149961571784864265723768399758367862877555623574 85596984166616874147697114426731419119274768292363221819488214254977869649192926449132622314
18185952318367994166477532541173955648914377145592752314329531128316628932938592953464795181 395261185765674481784724299258583968843771171613754452479331119526616219231459
79652954176223776981323545 9732228391295825842618783497914321111722933983572813513756511323347627964297
63151231899656459366554459733111217712921254674531924292686396685174754 423681446138258278519782715517457239626862888522976466769682461234444325697287558527678174112453
9842196325242879666968363 551634636829665
83325732892784872871533525495761868 3916462156328367182133113772687874913477621872636
132526 89556419452361272514725831219718111445998342242343311428533747654713929215451451279245626855
3671731859466887863665611451635813943397134778636815944524 5389582587248511669373671865949784518761934
95 854761762122556422713798153485115885916162911141238521798748369434462682746875
43863299899642791179189537915739874337417797639 9426259752291
85828978725462673318445494449292463349828851265472 91988221585418865689977289437914416494531818256998875147748
2719918511321618333799353341125966891642385684798577499869157594636362123659916862353499742555 3
665568888762556617642116842828464397279977484596857533842998515614154481 6543221173235
2348339552145392365412425533951769846649877781717863117246194522449986226189514181 666962917
448674827 14544218331738541788439488579481592413746693361244396866938555492675813748
5998819664793869525737354887677737417677864581268261484871391822963525445584824454714898319 187455718945723123773879975552585231337629659555
6259789117 72163958579311431825411678394627492368698427813764933684797656927197443854892272224
3219827563628819844342855223947475559548395397747567826224291856441454571677955492163445687718 28577564987289372897171827163813473962376933367327458569224312874794192355865463735151483679377
752275351333714658776923197428988432698675695145594673289544456459719481725718 6692915453241883821132716659558633251877342236826411772615783596519124
8237 9117749364157122132915273912
57345925753173871391731495282329995879134655722386672853373169422121318545885495 33673
23354 89648127752949519414942567941231883662629133996576653723796571346419386
69988615862373562114284517853326223345952339487819143739232187775319869 9154
327161125125861638316816311197918699234292417764977346167863777444892953953349168236645458 35233986662231662131297795727659949931914349458472313677233377729776
3597293163958389549844 5868149623358
1494298391972648192628 819246812246647427449163374435354572357686741732834578353286
36937559232673115 348766519971
4864231139915531543758966196696483188249426127392163128963438868492883694934833948 76571892696337337318235353359839251286345168625271984848448945347567324624384636535634
8364729452528134954298443594698737629394477514159315349356268562329241949335256232527681468592 98657985565267318397488677746162578354418362636248948976969
924944992447125984144565975848688 374428921181887926361143583512671628841319923
48473757128462645532369321127448743791914741238365593533614346434 349967911271883757993879132927
5479874297569573772575 591426853789548889897674624278784945784685712213793
13644753213168596918986294384445234112139358992954175242881739526923459752237 3961534573823636252375157359612718553161639218219718965693349864295386877
33433441964196336662627594534446694876 96852613114918827473827875
4682763879587344264284986371144712841888759979658321427588583535327427325225997919 536573555
134881644168197448999147685197551724335589344257988188966472 4189163
438562269394183754 141158
46753888784754917888953498117854273931359191768989144158565674697383117754395355412962838 5523859244188594391551379952833112284411292157669261474393757565538657198724538527828441527327916
1149336874991295423544289336893761518867978211739448373152514626 1111824142271715261972474842629542257256367369688265838
771226421951924858136621 746631981619511628597323257527556776156617832667682362873919
7877878986 994552588381688943457478871938389415576192782593176729567834854434183764996984533247379488698191
46734424857831819 4988325
93727229634477775276667996931763231558757875961471517391 62638283451466438976112914
88593646497329199666739334323143117216136213231263277146 92668
726921846955162294317214914958965552461987565 7756813117596749758555581198196118642
28228679259575232938819 214796382924786173354265557916737486941734151
576946838226475498719795712112258532937325 631546388316711731342921699374422182371343789339367755535322525133658877476972639529816362679
374639195787998423528366718116536734278842224316658992728797288939637367641168869 66562328598511152325419395762614687261593219122974138757
22264246288456864676957186377286498417413544648683863954766328493835734593551429513389565349722864 91768682895877734177932796226141166954435987332556369845382817876227591999872835971185
13652747177794258915897244412629137937568695628316994731438224883449476121727968368218 6345243676661177837783229592117595987765772352477383844484513575936285115
71555937964953194663296929367 76283826511376731654899533
17894299875388922473565669118716963493851 67625169885195262753296786421274721629516397849193952841879
7838452244176432367545834541957121151689198845834513812846752572939377 16444735311
1183375246961928855452812429652916475129711174747745261545328111647771793284677798987 648733484368422155349533245498138367977993195474956358776389837919686515657736261881761381923311
54848721964312187764557664631921944656518683422195245387569599 71886555338643883711279464995316154362139643115
9162592884139836742539577274183 17315654796653924469166358378216885642967564964843844198359928787
957473977674322946658888391153687739813268615 1415889638855169727422576158227987976266935849625947
7582835815522633736551455262887959566856142 83782864761852718737729993914276344283247839718315321
7765349943887455689976321799689385781821182125286122652268 8321759266886767937215274711842991559388527968635515238348769498319419351
31394582 68354454552783513816751426754
77871233577272673519126127521536846917691438517867457857781659537461457338317 766853726791642224547673657583843926629944237231665487145737933
592333722218919223783995312877351713439558416644414717855556213336613219 41468493445872226849485711337832983
3548961714762131335475839224164439624176393123151795133932732721161814756629114132 658984675272868813162611471836638187722784574928513889643483292697
761559492768817721199725421257387983387496544984339243968257878 63744641991171547744724771592737524477672875151482169136674322584654836748171885556535517256162
1421198361496143862251783776955964729521993841364223424411144711667952766599776721871872757578763178 3729993614721296193213547558546557172562373791715894767429699239738435
124991164678972255588699978254584196639687354 111286168856213751585678414475479675526117711191153723957449927918695833995142495146388
3247672562414152974258763966679515138614915617837645579 429862197947479278686228946451227194598561657127114
66663285265523584858767821315563567932149282296733571693849892761662988592118855121338785 9119871517358376
246348819827168789893126135523448339516937164393527442674656891773785458536 3859257118718196767438635879867256358659633588328437986172349242791632198255963
317 86517476878514497561672895363579399572563936379234778299414984729194373947475247699223566427
52875 55257743596356915633523732918122368395272325265641945548152175137195295649432587998745542148844198
688781152988216196891444145769562824865969984854976855352992388268375229819 592337915168993276623236966987755237744223243313767466745121933652267554597991774527652994994913887
264437265119868658399639548 267389783761882476641581288717247973416883424314
73123855682541811785386493357788878611583147564413477246821285483 885958497734738197636443
163561731235327934989233349725785699941539747371476586177243822727191551 5591331989532483188585289968965731134575997882475638293486547812922563884
3649343811825744275389418841567876118185171784286534461716473328822 736454447556756657124978788993146689758497219113922654
1496224 2319246352425375598137253418
243251591249531586344747513985881384293415725178666956587359724129167 1436163845786778425974729632656682952982173555413259372822831792351638476751744751231284285375535351
316538471 784744291889963769341492527994761289456411558385341212924793615246972987321961715865292338458953548
8165326672751284886337989936 227845182739
685 7619956494463114782895
557582312544511687833641863643 495954
83912989854857939495276141991195361 99315286456676574648585471847882566761796174277332724972845791936857678152757
95557478 336138838218164311383622635113224639263194715834947278496543612478319
33964513384352177535755779747349159577668388983335596446272791974368167992391817943229193469 3163328675185686616197616119816887142294962353467677451899518388
3974119447682317297175422887182949366364751466214255338879274954526519967379241744193621 938189228369674992759646829145367366678188
9259168345924355136231751527435111333633863356253497262681612272281172148539 9693426854342426133859
46453419743996328131639134598712 28867934638192748253381884532493318575362143283867192112228784147826984
67132119 27522817923159951293424942315733129919299495539973729331193
213467639868469559731278559752125997396481384536982723964451916834377697846715696791232339793 32984
62134173563747687424317712541395511875745719234877697838539356626391391384213726345786 247765175654714557936731944296226944435588774571788287283661664675718178238565856935979145466772144
787926143265351816347696413126882268 5876716964998733621244827479991846436487192111614116742255172985662373441654743367263769517692797312
32395199194847441641692795457835623745123219548386327733151853595137714446231321615397925917 98699866677716998137616498414199874663163792719
27862726252331533477166696251159426751331937 195427691416768
259341526329445354838563348445793671531525962118976486 844462685349331229941247641194379122282438564595454372318265215
466265222367952443898248 696367235646949146548783475792857232442439348463782789
96385861391539559447345519462643117728322911398393795153532414266162515 3211915967711787534212556493689
89697786684947431394583267378715565314396387388296643695731134765956825662693 318983915419586762654313376223
624888681434763771547424277 6469554854163199345616296269977495284594195158961624537512
744433737177335814374254693715234793588844 826185973615117176342538761222523636392762624699129544455233781899489536424982152897656459184138375
322431126929114494943347949 41616153498634572286266262832895819729959
86263979612684747917974649475366446616867 54435361987393627491665
71882558772252132716632321172742442268984978148858879 242526613552753386511229422829623324337665499615395124772448881574499823
428712 144914515898171952897546895117982495352934376813715654529861168786958861172298138731114773838
12727269888536979568753734467945472 2714692632396422919868512677231374695924982872455
1976314498659195127285237531762867786638499221932971 11527332449636424737748186375312896821217474215762227756527578562663683492614214458551565673794868
1543178684798735569789751666486546685676791271649484373661531272272716755 487884791952239493155389828
4213874372666435925227445685194919211963321426285394387795694297225765531167425622738 64626111569498868265142539137647938937564822814423414782319454775437733526742719
73758461825994566392535457186423424937447859377197734993977317973728936157751787 4989153355628594616
7837824175667228914936825228741283311443181772956328362274851473585313565642671963334752563473695 4828644428328549556564489644255225369851419759811416227426949857389195187731953733676282574112161364
4562217432731888687 18666728
29139549512845698854797571181247329263163235226518774472597341439226833277647232582929 766742333142587436837982391854845485543578342948432257
3944643591156551554169661178711595 833919773871543575275461459477993438838394578714
7463772971412395228129621587912383714764798237 77117133627296949948339847351133282416138792464664473998938694519591857421
5682711217127493342231717315362347197756323877742677996 5761722393165718164843228895564738411
91552986132558637548246596836415426436217416919 15451181548596771157119524492721681833217889388339861744324397
6239279483557895723288572442114261698661345388638943985816454 94877554644976847583411533215456911819349954775428381654192447
296849334944658656686583545923585113976966763 51137285694582619147452891238539
531531915474826288784775166182359 94786473925288591441271532353139221413724765114327287772129683226877
14479824433134126783877222791224935119736523611748129392998596211944666784819536216268994328981 23196552792132795553845216857163172877
477 731734429864444371921842164592144822319556747526112837714735414673933622687995653558
19248941778483663225799625746527598811433215912743 7671981838245737374163166873684322259889361692567577238392617146391232515262667417564821
53175988994443791 124877951617629185719281397819718818796646587129867385413648913456967385
61561358967732471979365648826581621153217399429 2359587643848
355956832728376121345813615818633483977542992322736155316 3983384114433959662254648658946455752991893436271293529895955571522
9683487 11337762225335865543924153815881975592541737253966473851653528326938731181567793566878689279
897273261951919917195215519665614378 2741579188276272492113129556887235986995657546983
258715251423237831226599243163669975943656821 18169333668889191556836575525821695975194129935952632959792156
776149458576396482435552385373189138743 56527841882961728293499917125427189654171389195536438379
83798955273294851377392514225716692745629276119245873736612299984844555918673361 62624445439219394343649771164152115135918889862
68688794697868343452644213413252263932625652989997874242 541334826173479967116462497448687783287956772993425485584797179794355735136464
18923893866368924865616668528741245646564717776111 5819531528133516722374318344337814178156155532116553
839264842553725869461324887652636379323332813251712857914176211986178163 4754833961135961565192723744931996259979472393425714623924223645877391193554
42756689649148742285514386814123255716867291166117583951168183889594411891 76429538695781
9176131292272372998332857331444664863747 66761185216375739782891479318796445929
46769579498283337326348 174995621265975
29271726 6838937278818318542935923263771154338992984632196715771596843229963427462591866648
1384695681791746491675163881416133264665629372562 7336597112549649672
18674385428 967174247425226322934687731346749647286
83357588445431733937893441798815227227 34793732146373267836798936558684159692367138951536232917959137154369236743137855187246927
74955436844533882352939277913281 76183374772368565835638855914189126497743538643761383127654623626911535924361912866164977898
517594863143834398161131962382768168713938874223929831463789499481158492769212948432164296451839329 4119471465338
69482667415974872414484812328954589229594842336637587523874165963797274915 1772
917255393225218111352686777998458242699357876113461982829234375579135 1468516459597421646635455569452585833426821413963324727456559
293675199495281447294 63621598653634112112112471437178
11 87877735925337792213973241763866774242351688752976166464693372546246534228845154867379
922151493142832364393863981559555132627625592218723523554556 5174746126588861928348464984266144342256
7296436271299334891976173724264948273374583913156214558766741735225994243511991948 78972182247463292835574696273264247452644266424933742157
194124423715683697681449693656387337485137936943148325626 3632597312259651593831731112
794795393277982451247557698587814332864957585111415589177447879665189953136844795 2356551273364622286141975
1327 2925511355388461961728133315445785764331249594
358195838417883829681776656174888877864471713597138136332561563956 8841472515834
2472929981672339594962385237429914183631777384614421196223377323114571795937916642795328673787652183 8652354944512676583972571398493916647
24313719922278456186595188646389969994412433826565876117577218649639465221389524578232665357629153 6526749155514645559652216116541714834465267722668986575164217992414715738346379483873788989459746
8393591793872378461277433959693345231617958297842964115355124953978818176569283 978669549665926343128374313991749981331513519591924161123514
28959158284869958352183329357827928799276282282765347857625788356 4686458144364439571281744461439335511254255825233931345676191
2444848491329476547 689
712729168383995958422692686163117615571911367393887461357364856534872362552242 56695964
338213973393592542 493119895344631544569564929186752289732454382294744285687264577434668382956425438786421765461283
83951938713719636729765428989431 634858843935781911768574539623585
2991175684175855193526172 187685367679268556548824858645186697946676161572234334187782334343486639558181762615
821898566118615645714325894355625357997414383819121521123267131127994825646937796888366171 185644618359835929531446542
653999526627144576131412327481695814428713171395152139574517428538758123562 93282744615128883464814997
446374153168698 38382171636273814262188218143975931513
9474759928765244694356533228363185783586454717994926 732
9496648416372826722717844822631795885166151716583634446764176267885829717222625396193846 2529994137395182295362248934471951544957989
29667 6666795776577377272354578866641421991692781718349958695622924271376497338553587567638
9617 17542775162833617845257
31163814183318545561965168818357528981424413562959519813155221943991897622479847873558632532 225326429786547711451871568
617167373959353631628792845266842893622267828419446597411868287164999639428734686561 14193244651866574731326298375427481992
213112295768371152 4493917492261156665865993566358316
86128926575289186479413393477944774 22529881181889661985919767786142826741784198241633225925796945774892999737224728727876338281411552
623585956947627861239826878487788651162973231575745828719722792136361675 1633552273364373194831477779998353248611664865577
59294212356153 3273242435864163678737377523389947563819634612624
843514674234297781923757487278327572571778666456137628422854934899412757925997259399921964 2993369931327286825888659429467699155584959765378
41483368613117261168154486497694969496922139243348964362161928332485632727722545818467728 147843121369235
51425247342993875276898523347245499 1247538777445537653377998215859852787778575657526181911179596249
272793832996529858951733316177175795336514693327821724881 7815672137598632139155449634
5441342154846982991362198692831721129652223788157356 9963712111691323
69983318834536267141127899717845397621443929371147592552969233722598478576376851415635865 36
4388936764253779324974542946775964557598649856332414376735453959177455215143889 5647547724112949142794424818185539578
1759373959315744678766511854743646579714335518745636669535848742 8319628487691562722839495652724
89898625399522728136563518613149474395176537 33342328466764787419766698437773158257928171748569888423459288396764663846554226261329
7634654653722183174641783613528464628656187632 2379543769737568918128599514391559837349
329545764741471642715668537397731464546657142739467231526587247542515 45882443786319765221376848936164836649
943444553297442633172743486652375652277 921718965764859596553281599633189979526325626646898154168118677665637769986
4687888546763479278896795115482787248 3944486581151
279759596621769576829484143679839547338558615917657179663985456386418 439666227362865468894642466421426542123456
2378874942839296694153844835723273529185994644418451271481948214495322927439464715312444 1574669185799987765999723225477823289857568732522711438526941363985788116137323287939917697422
62163261415694548829645923968685983227937 3114988127247248731387971495626683397
9395283112383957225617457494927456268379372567279726722777616681866294159 866941176258212262973829146897238913596362939457229648
6134964748874711884212 17289118547714211913514533261265528452485917385451955518516726484242124183393496274882997233
95687212632215394817197955 8929155912247112214248387643575662668999729241965345249778
9992515956424691788616444517925833759994975192377438863845426896338971168122528553428451273 5947911173458574988915162714469391317674341
2615779798721438857352628357239788419847966595667269887357814894979557745 8468553691342854645977633368487389749943118336941691984444554267278
158697181139573661334837938536297936678366624884555191681837766563581125316311814684661485 7192219845147
27217354398172445328327355468647982976928943585 8674791748615763649452979889369855
4399226424318244745179288135466668 85382623966166986
11915 63184313677128438565638961548598922781367272855398668517817123438217832422
166291988253811958724683222415664739223991955926192732358155838857977459456 7276352584974838469951492948149677617876139552722757136417239775
9865242452756343296581533335427458269227543771545449686898364955345782147335 534198564311514892767384211654252694267927312183996623
4811255411646356856735836338269571871253569318431 6157621956237469459799542
23152291476533217123378214626795437921796755486 84322323543561791522429748866877625248851475358394389469518361772382118672419847184181758985914219
262511193349913619577714276142898736616129 612566236621256893457436264451833382274515786184123264933
5777248244357863832368347221461174959446973458214131734117566741613262825 37782638856219171511156573
6687919591499656839535973476334835557119389876588737784487241277629731577693538873682681492857541 89817723985142487378232592296626835143397347139229871391574881719878598996535467
452 278432572225444293471276212444218975335855178954252363862674472546927532385923784847954451197234
125249284968999169472298364342392223145 9422258739382911421449985324139341363831947894261244785516438544761673927
3848658873876667786112856333587849422 6916856
618839278535356242658116642648656866154643828957243928514613562712543595589567753684674169866411 71365568232989268177188438995526776311838531936935359957177
657779762395554728632181128647662163975213555471657754382773823519 592215978576287649955278993413641156
2633857743881725424998191375441497579228577998993474963738491761737934844354226462458621538691597 11922446585274711278118449568251579
1721917327545441445929715177849735428793576181227355985184275269731732148549152189221825519844 546
1115914637363651715162534984685933211919574897183539471 126664748815386555478581348723499847733866682459665455472446863898
68473745315482974946797882 683
33179188455631771977163659319913938725238677192 7799876486394615472596842114383868919328212222514411851122498231485964422956
12798967583538337728765112749933739425574652765174746869689597349618786526953747296157786 686372962856183381445473636351732485388935787115199538417712547675574654472652
521974788888948225588933424315451153318942359793237586828531454783778281997658948711486 88161815321111529341873853926336548737158158463942255
2992371868353918526748521925489538362952987215893411163997812989877786556278918947721697662124 12179449186852447789135133328692344192225982341584883779911934414
67163742522 19753263263648744823238149355435349543179819276134632269859915575467792437331721546588635384294944
471178151894124678279674373111164768164421918744564761477263587613849624827732328 9458728294835313148593372844971635428361338519914752
19799595988775913759173728366264411682 775958263181227293875438782393373999573336244182899773463225914543237
3738956363129291817858272253738 944639313562925532264912431483
61626813132557413868462312188827883682 3464637659319172781
386127391239765919821493544723738889356895623374868173973287683546125456373483788985671251669 186199999
57361561574838677453629825372887568448841 222292918612
356891665365824987775653313563788869527453188117827123195619 32185
95365265884937943319857644229869263934639715985 227526634836898468
2442962357733616364449321337512468894115861699637868132 596779596235571161854536974153325792471253686379664449366245655656695865143911319325623
185579336635712529696199151741595825687 3423725954197987136883974592839498687575471154172972388
948788124533667649857898415191231415512993696573526447533294568946595869526521553216518671528939234 514766951683659663347845311671826419162632673127644631439855732672958224145448
7892646924272132939744527485362373455832941932785135931619622669483528336518236833193574 66485716164452621
68 67342311841661189858
365394 31319846389347982125455554832767864853211942546484835256959228559424699131226374866
49229789414253996796576222238976497322728622751 733
252137515886872188145558911443397642347127666622894126121888979594769 514924416657291639379813823971499759225588818161913158455619122324478779
345191619178499594814674549284356368314189194158558458777 6769853385875996524958774143492663272245146578316975332395268169372
494759484164676745171435511287394895386727998197193514513166883183149 8129313329623654622
44168995514236167477139775755158942763345573274514739 2895
8127279236819395536398281728832665571546246488689938945883912829438842277385 5529198276545825935778117176875939975529832447675953263481
337522259755134591336796912529727827986868312897 57837326864769992472874636186244763496213399171269973329728612846525153695864585176
158221425389535419551865282741938584984689144636139692618721174186555476275 4758679537525454885486
787579981563693828953139316495692292453869176526921285362489289444834333 814589492715778557259824645616282123785566
67251211199856438966 21515
8873826466246681546529593924992 8418565463833842847156295
588334843874358379732493485149582398919378577811155572179351757727464314882925 3457874878236196886912695297187322586886892182262469599464216435468965579155195532445965388193143231
85449128987167783722887929231465449973898279844442459923675782838455536118321638596988942 4682169759772676491942393547778962697427873294526675593266154397655948
9542216589349623681488976383429628559 5812992198528751886627487417443725954947928457
21977891247758449391346552985317975151138841 65547327435726319293321747247499326992942581285432757674
58164691833157441617553429156649374493557397573128987358597339373965663229982358174793449278323 55696466892333642994554
8976847556977795785258619637417114961479848675154241636954815439124215 1327238358854694562389379228179768626365646824755894
552819834792343176636349374321713 182771834554118159219854696627148159764857871491258
576578789921734716899984583188195 8926614
67364553833745854658843669538735797731441671376169198 2331713633623297985732
1982679196525244249416931274988284483435361729169 82631941649556812399526633256989589335527431544381787999321219
1622883759772332431195927771839543171181232513587654591672485 6523492369818817228133626786147994463
857215826168 42171782529575
384188628287988943949986136529944483466942623243233895177733537793611426415692679246871992626592616 7227528332674773986329483491893168943187915446928715878675534117169998115428846636742238816783652
7645779843981144857775585745678616195974413815758467525448869969511121273535 6557981878167657137163253974531324532148577111573
