430
7374545758288872688451158818398414352224537339654531 47951878358517367
7765264399964293178768865428299975192699545 1528173641913
34511358682481596532922673346231321246819 8538751891543411154477919879712751385651217998749677692559957713693536744916383341849476
83966319218512541843326174776692968738473 52556546431742379587764583292899
97678287894387487833786185887585865741411178 158476467496687368986766611286662531361
74 48795281937952845592435175936879144498717568121425158127799324487158999648439872923
766118574875382239394154638746593598442 25121714915348547471847683216698648953649273168367192936641598724
7961632951527622145987231672239466486121168959538826475924833297525144917624368725662 127667937938712875343912326129596965654794
9194243687551 79755163435376854728
425175444984 15148929563515958774193
75397524729579434122739198514872154651119968776828292 74338181672924628269764755672419399658813825299253244735426261
277685759736135997879793127122482889436153722959584875142167427548925697236255957 2644554812189444239824559671368354173832226276814854498619377138676996551156
318318232867723889863839375796645575459637316556387856 66669848542138137995963273453612667797742861166516427277923633628225
49369776739842592217776196416328986 7181454227332318398275545345271572965564558823257169683699966844428651743884143367
2984977837144384647436117616183848112524165277213517399362755458 518128336746879172869663627387948572398796485873
841712859141895847395746866 7171567527876453662812845397559647667
373115929194189392987258515329888 733472747931152993396545162847446225
7758765794592683994524981414976464116465456126165893748519944645429257 183538162619555844863498
71652323177271777966729729414793516787263288169971883455468278787242836867439192952376688 7228115748795982731551
54146489826499689816224192716894692697587997744987893493624662459222716149715964945398527563156341 8725714962617766777334574763912146438177813345812612356171141214977722275425732697214352618
36311328385121785166684918 253344269526811267793445633532291522791349395639883958271626251
826 99965273621139814642631998876256119476173898199795148896894196398532558287644997121
121867912532328753458757425232825538356857882815813852267151 75255966611269753932775133722111258342129446417
1923979233247315593176938 89374244285928734216683694569393537841541529685389623461662438655513
38945478459 282334497177628
89689664572129133699152115697188798124262818947812885316214953451889687793713391775828 96379163747511842618748224368494681332547376841382142516577876664
936641182259231132429928452288534576162512396 13259358883113853979528794756942347562215829
141756234941499124253522929442872298951354589943911996392454666776249345569334282817866239752164723 19439991953237341673
2952673258757734937846381289692414636458651781322942367162362895899966163619227358341298355377468 875349372233391674121488564478215766753283893179177252711869876252422696187
4666229648967763 195166167327465947548464743319473345659382529712751852246425241341534
87471772482332835846452626681245534748481 939183451854699845485946512
824924192797969815183761885248 6869351342987343893179472568
5542941426738537691313835732748268713943976861983598454825324786 184225361519926853952988386772583797844527321219974615487569666459499866568621523742723751513186
188656985129539692194863183225912339 51472926856137628754941538783523346251541577218
37357355738897315657688549866465449998563969499 8782298653823658933392327676939
5269444214448921271288891488139867377534518177674227525238141531871181982 5632353389795265566767399464874866831917238971972953793993236333233423464257278385643834452761166
21521711397181412597795816677 489735863241423274748614925
3775239166129 8489766581816759455611658334688794333455759496679479387374855681375992919818151733
6431423673724174 468666816775718282893275211386682726825386538477153
867147274718122387341722383766514319446924986349983189998787437538962552196944 47455491725264414327
53511912443694356913782684383493724364981392336523781917723131326545676 8744642139732478573494354579341
9662744675433277461719768776226277459272221822681739411984987 41983133536193141288967378919369655665596867712728233955897982937264867837789787385
851284898949888285318237226391448668559484468375242572682 551176
871699912315884328531196574365678354822155821711994424719955117924876591387148248187711498 836247
92371646677313149665897192595891774924111728814195275154122326394417118413985831232826153159639 5692974487453375449116756368786233952373938
81724278624573848166882 519278692881248144874761299883544374877495586678348664297248944199546
939113973255415582613586266743117726316674962885631176 327195533247211262813393541962922927821843473
9425227324788578766669321853486174531282673326 48867611172162237267183737135496624859568552233616632742878336845749962298574563147816616317569676
529767249247544678928832349619754257649158155639847371641286295 85998456361149354833238125443495644122148337846933213476564664782182816997
83722769247766575789229 526522324592396464324441236812692434697849892982924894857867
924983812666122469345348467921861985698843769722894683127991213727184323172876395318437616366372 22784169245158562594217
13145467321965916374624769965892249548848415176373397374529276223434216411741 739452748366152892842187671299554475172
58812277166768223593557999474319759256931617484827872976177396576584822872749335352861955 23266252385462424811874174452985554545613829772661833577171877916179549127772973788
424 67736776561453651154275461233254716383865656464
71588579136545854566 635419688733691384
356546443276829365668786922737 568
839323841895652828667638288336437983677727546218728758397389116584391238158284659133896 718223269535
35392826936638261851521742298661817686928243925484824427576876747256887587151918 1149486432844827111756684678
659571649674734425677437467886 73469976984779674457985217919254285323987276917
6284785144211682531765113395163686839681751183138162319142588354257889854 6189292236429138622973455552763797376549397252743218688839771489832156617626187371977
91643236472619589726935742775826117368948646556823768 42719683481951396189992565345272513135185512198312547
84892415974121212141555347219574914927163295485231413618553327922372587898996311122558251 5636293199554263486286729446985329173469628545763112771513319834319458764953185
97514661989164197237813524975131642491859137588454743756352612938576953931819935 86422864662718844999321741779657247844176856696292214186472846555171841427619635691621489698562
64863264713 53989414299164688673847663532228348794292518141866163754712
3781296262465563613338797941647731754987234482146559981848277828974691981542344667851831876726497 6635126994491629339249843877877558356443625423768919452781844864178
96 447376954271644
35617543976 2738764343447333582964127312438955294663774883569211953856695916635
59877742245988666448161898511518814125835725779286624933775934372534421861584141721597357726839 466119948955984984543291
73548622961544456339366271278624327773358652 7462539814319333393442688373
33275762524825212712436154889236863247536138432242977426214529297978775714916272875 918393513184657215655127416626612572465625376989871
3493745994672697123156413932489526864377189847387539544546784273232829766758615237951367184 167745323593999439619765136559697913527955845378248531781367678714396893122457279
8898233612996583526186822948257927538444146858196319293792421858198 88244729529348
56 15477
7437935298534349936269425956392587389533626946211271781733846393113 7484491796457236465628257894562354496365939679567295669115146626117382796558879192795389244522
391598625856147795312568382187971866113135599881322128696837 84974552389135456632984262921942228239548496766395
511859837758233346175183418 6642671194239376615828763279919893542213729533245595264265619332445227681
4979975628119521199988868638118254279517939961689132954625962887864329475716986195591978364552511 274653488478681518851136396995333743632768632659816457981752367112411265277262693951596171339
29277837452869148289972277887298734448114692983139389935124721432462821 752178685346541962
6179887916947343591289513182384699143657311826747411 55418111829172466583511875584
93221 151925
262524776434934813615662 2353443659628836395565
333269714645695624191719596593637817718583763341197 19875162214419181346447957886534123513293943438146975457641516899445423938817598833859522
427236492517445933615537393746682565732731968682759362596947669514473465427214 8626313497632613694954859
457757533858453372287185327278867588749292127214618189642441 58248886184415422417759973836
321255384415971396994619571142482485357665811835461734117425943794438 1954477957226188554328913745861578881963656796359954954766988894
41543145724471847122362879174128166823829272236349252427489514266 242
1514747386163275747313115321861721463881431512866267163518844396872285744 84357648833238915132542857649196187927555145363674114834825793631386964
6765556353535757358465519119146969192727836 417692
71657 137879882513734985244458588479631121711624782975192268183534832569117768217765262852874
5772463 3146294117673718282361415914573386355332966564226769842121256756
18815987556595491836339664893331952674399567 15533316579367499732838531853734612756437699855534689728631835843363346537723651569826679231135
7966773343375942521698656755729482759641441493931271274761639846 2133827
96863974661847244424361582683137157867564316213449578134622432638553514629392242861653 873136133113758338233253133835774676997537649677477477287938341326467934352347652367779
413478187288161154158672653234279 7918267861164327583462645711177726967239643139522757584164921453384223485111397349
284529789382794988277187578769916898197 962143
961223567167527165892889525578236847639892215233786175721255148812385593976459272471758487 34144458532612214117485843299878113885176491613
2275636666486593879825386375232719859516772469277447179 94352994
253422354866823734548134779964523184419686692 98372374257425452111165691529274971445945298566672781666617712296597116785393334899499443
6481249196664317162335182142471818273313713467655576 3331722116644126474719858661
638272442937237852922258899529797167841764379297674611266376421586351211247916557 78116
796889612412158614855933114966635181421562997549349759749439357275 716254614442727913912684631735353598435321518537448547885
39191172167332484143999184247454539441242994936857997275847837 31884666462997567424142716844262
485699499444298783174789499 842647496882336968992
74125124112337916257976695916223498653569195668314342818812 297447222849769915195952685895617579294445423513175154231281931881253787798673381849423
448892359465828488665641682195219798791867346291527684 54286428
8682374142735593678763226434874239 7962829189854997615994178286146647469514276569687522374546518765
14247817672767152811871653184515511882268214978 99757489686312684957655525589581298953723198962266639874325
81999982295443149844387412771743818589473293117536893835536892513842737683745831671 7116357441117436675646381423863143149943576651212933796191523163287594782731132957555492592155
71924518895675587461866935173 8631545145715536394
195665286472558518961888496229266125294868 2366795999688713547817213637255492852978547695297879699195131545166967198545592969489656
6557773592468975912866286929 129364835742796215335719715424589425745165
9486579846344168738315287233774254512442852626671361675 75539377229922898157832919565627879311946763
455713992466215755498915198929777528278676339172776652116741898974395347784497292143633385 2764415949412
9 846177877859279577725819961995317796652362581188479383168812368963821185319763548265757631434472
31652322286616918751376491 976291973531491334763
82198742998138394993154768878593956937732 591346
28266339711659393929482949714213784984843294197248497986599546193181373599512131288512423 641549964413239
6735483293881115197262715649232546844864978284769211414271319475897454565553886485 47788675584337886975635961
15729145282725739279593393422863227271374889184429827927716124864851459942977423347764898371371837 827883362642847435213634532666973687354283438377
1339929842838987612476184 781256
1555881115862523 2616846854424836469738812353
3998437764466488894943192978427555728285616522768238765746821172968846676356734661822766759964 719984163179729358424965752525848795299363535792127522977883647568579448581832215618389988281421
333657528267918584683158628679649399332882365555514787665913484199465555671741793692554974893164 316261899338288694
3775658821948138879633336787937643897215913553673559288923786938963662 521131597982586977424373848686963297945897353989694126917551756944939127764368433684
67847386742 357199617315749651478254562496962769291983183242617611519999583531194579243
4414637645851549989619658146581733112732694358739221 15141972882434341732977914641616861881974287118698935211282722619548152646493941465683426
333248274233855754329359553 167438243161364234525929696727316393315337613118473826581222173349754838394971787647536
626126276648393545254173556571274551397255672 951498954747547565241657196386454639277187164262628831588857649514876245915887
571686964117922912511679982 815282138164882378455291415598972361555697783245568336659398
372318154944269484656774851823137371655179 2
62166753319 85883276
8787154754931595551627567939172251395576714 98398792524225477167965585184849262564555523834436498767343949929
7242555646619396111154283927441314844215264438785572816874896925888734768 19374199991179121717615567745157425368716223596186183422928149849732696734798876196999138496
142134822515463694962331427316431891289169784654933443899745397197586238218322376322469841384 86589155268545736775247413272
8754827272659869293381435472877642593385375745 146813445568388721952899166873432432924598228135434812748691
11 43343289873348276559821343765248589623237567515668894431676492869849167439561496775325932462583
8771463622132448452974164441183444612154142276989275469812528853663719158943 19936236563137511645361772568547184772
52828836922643467836598 118137388242984336132372134881954967755282
189552116798634791564366121546788 14725911898164956682341834859963417652392134353712123722114849929719814672665723257126262587459
78735269417689554689217571771365135358956355192385698462651658218476828643428215316685721 374344737563796824812629269297895441984816816213362198837919963228299182346382865282482142638
11766646315379998242457928175924331589757359824631837575867557889443 961637468294717248444118634736722175774195398
456675323 3259157848369828653843127165754442226173953179158
17823817648215591246999427928887598146519729173499338355387 6341685122878178277468223123967745111922966159112471611115852628228998722661581812228
196948612539957342481493676746896735748422657389691915469437395616357796138667673399475 58785722814227533419
11227222449915428171457898769833265429246447449799286432172519685 8689142846313517116899656967355531664846129556585161283569737595714139437361423
91978819513918431388253718866256466915228536227118357844679756114325582156369751 38964881134677496398433381857529254913579121863185932242848371598377289326423481792618139353
865712 57451412777429773991841533746286771593912622482475477888
7139636454261887 776678844626762133527424986619792298813356
45174593297679821775515287166327715791323544771763584889148559932888644388513641523477 18354588614248898857847515986481868984
8874823397581163956 243939657454596598145872565667819973822619297538163222912896953654897266669234353
295733188739366844832333979856149524888376471565678462795688731748459873592 7182235637987995726447565971918881754114484642
1544824928153435392186715125937729537184737365227132823342615658966477478 23753455
4638415717497738626743374696772625971553558542924 27456218963954659998136525732484819688
25946542174361994469635946169436485459543257325359235841939564922714676814645724917169273267 478448285559522764766391
5212379418523327459582354213199974692859331259359851715415133352399342484236 21651514121658722332995844778296211611838517986733247645
26442232957887198563324787458553694987524939176274575686943271948469574882229 25868825752841827795185485198519347343492721416414283734354722494619743861472694549
982772741583626653815768233277595756791637577766892564599 8866387661164
27434773818992211241892561654721931731392483443 562482251774135289776618638747651641521815224213916324595899496286225795718294528967554593165449
65187966818789636394677523654273584 5638511337948635491969414719553117788
224416895848516322847157493832847889314675372187669327642836391945224859132779879771328277 3255149764448138549113187255917982
11544392934484156128 5
3783544935857116751895387824531678976722894617271844 94649993326721344224243281229294482396427674486487462645621927445266514
6812436215548543449692588943478145715582212578421 78152684254
29315593912962966363297816788469611616665216817217762 6279367454767635595276838895895651267645376376525894949848581891896214144193989768653651813367521
3786839 626599351482772758499626568
69128676474414758231299743376564841264236711176753724955971584 342954439788327
587281577685213941378185358449749237194835885921286441793411336836479736415571 638
62678415121742873935339474947347479373759456737257997 282918478454468591918844336759336797
3434445616842288267476 3976466846411644366615763899779521432817591677691536283452937728298953431591396327771377819193463
686949775199735428543252454114519681678111986416492343785942711445867911987195477421452391739296337 48843656299428295981399358258759
721735535897572495696629827985351134387458654661948566 343794697135312412541231864578449168424573961754318353974291141238125
5234446 629873524145258141167163557749586919163295828955498273876277462715949683737937924288718252932
42792272116139336928917 19429698436751949734119219256293132995264899313649685536536279
51148599722514495315667947279121116133952 1263965398636839267145414179
65184358 52279
756242135799334947258522179136186586675679 38713583435
8571737253244581793972682357158766266178873732 638293358488638465571921315328918384983753133253173218472493836145665122625949
552147766347596922575546437677994846667856947452381874981537124539235559278947978 77626926782
393328376924869442481179575641691828988617862352159762393895946477992167299293964 7636324337848973517673934324192392129614793
4 14749735615426278217416265362777964917515178729935512717774665
331136821747774192749837 5184945231667155962668552832598423665884559843891691299982
98964293712593972595485233248636858525297865732256253339311344171482277 4775266353277582656183438385533
9855429124951677822765313454238381113368831647646585578794673169765544 3942286
96363524246853715153856345634716116698135945675465 22871949328194861
76758431585252134818443731379499359114516614328595554361435566257498311694395 39243845714816543739487283654212
797873527562912849151 39387381347241215828163598493394682718381867225375987449398548659
153233772396274127535 18125829364199114328393562255195161445746996883469819195925286526487315916313147
318747412318545687788124588214968316715929469634849488591932614979765 74515646213824253
3698455274243784694 47463444252633289388693571
2773 358311564932283353989643123369797577967727855526988954581737294349
8577113344596438 48996437673486944677373412753967562486347
4699587615897629368299914734649433832894571216656927523332874638985515 69587463324156194756439497779241816171683765172447869266794823429462333853462119772738496486
51229 13221981792982264973118181778
66294883356452 38471188557622559284826546244646662639957274568818981379394684662646543
234644215127239766739839822752199757471868348949941355561687679176854736264553454165348162211681797 726393397497693979269382893249718817634976522584571845271162725127671258864423914685
296837264875265962657146625747 772
35851868262441192172561549835257645747163 8837272882671621229495748593512636535865916686277348192479
4438678776535257583269535972978121736593838367846475916878115746 8677496449412974443452373295759153611643652
19129217976524864779997713572689818757 514181579899939955421386189474783988839918
437484389825699984289757294374741279751969446352531766577485362812163226438694962627189458281 5598
38498584496362815583246351218792694788721696664217123916338372195792148385994573279772 8
94173522191431221314138235358996433714731913323899667145975276593556336562211622 762112558563549867467871532912454964174
482351811841189382689464831954515561482846617746582528431694997313653375411622 656525334155366887954664713514945294716
2488216839383485144634654221426116 11524298752723635176233121652282634553112871364978418
58224339588279592149521958457657189474883631276371799293595437664136761482252285457383228 66946253166727799773332888597943417571214412844
42353394629966818447145255623412375972823361943665479652227 55813555251572819889147341864896558451553793998251667131216856834
685679461333828 4762219392822743768198975192138623536635247722445462285315791998745444556756714519825823743
7862912881859643943728882189545762915455225178767198959296538982768538435224 991694
79653326317962617241361615 1997964677648383923534365
2211597264676553916386116871478171789371375529662994 3115855189733283312538683452866769845127155274658632
93944533375892624776785945741367752412546631754 1692365156782645817735961247781273865429457247173565369234458
6716744681748136161838232535471141 5644462847227438367231299781932924578378455461666389147374321623988153462336134
6921966655749371458429459888382969649532363672832229393516325358 98747712354674888478892934611775949
39991654853651962769125156189974161775746515414585877561528411817574379779 36619242562886683786966214315879386281114983232986246968937788466793372737234231284141969583981665
72 9419459471541651721179626682919897771
871965245938125193378621 57988991718574672922953311195962534168931284134451231634687742771514476432999222877611
567823984521746944465721737374262844859587526581959654263971525 9349883919114876774193715437787188992543364587923252583
7123866747526 121695944242819531132756144224
97941232292 7283821165833732594775219956136848994468
1465664291847494253687513527441236856786212115995746927158475793995236894447264237 81855629996322833665752939617117613762648218987286671877726455377989364825
25112121832573227698517214977484337541719491153328312987528247236376457251181993237655976 728733454365583434351665152731363362473934289651939324772874
711633559789261964161285521 47618915572987655714923987467257637143217637468993552727953744152379874716153785572595271485418172
259923547238464517248118879647898191239686923148971435843545649166679257494234784376265937 2477
3792577954139511185214731853153698929775543826456999315349969617462933219269986258789634759489 7755328861
57545355 765369621592615559384966663688797152619441675929599296155634488323692954988651328
124633475983733591921358798522784163217824122189832421443763 231392362896314222284378872989
53724637499573924823547548256244491189867625462558568236589977237338644715144459494218626 57629798471427
8757874227354242483391344228678448484775745211688718948696673991151314751673 7793826364997121335676
8 19525941496958966433136
358 54328277798711966865945631188471621347882748382416548361862276528629494285672494326713
953485519569487975641772163956831525217671359915614155264588787811262293897686182 8325493624998781211939978263999145121517865794171462163944782682454458262399295216327984828521795579
154781887441773356182398492666762638 989883983417231958174699982283934479164249218318125114533948986961725738
7196893346319954625912272271853955248913711311359929 16969447922983135536357795995
21279744337985816336632785118293587651259393643814222399382218 55144114169274943617438497599442254871541865699819878414297195488679751342853373484234663289
736443662369381417712826635153574911418593441377 6666251542621833341168877333715932777429885731923357644967619681
957819688877765693462644232888997276595342984967158729666335535249414564 754137861536425336864546239618787255844116293416579811384319385
5 34616569299836594584824889514234788352
682591439826324598949529917711236638135525915912545 6752139534776799649333679797452444717759159391979246743586761876665413323581488967811422464631815184
52445918941171694143568235737853747517194729651535537543862349475951 9569193793255382392598813564511842497368325874256985618369969229787266684272697834
2574384814985626857738825221821928834 9133814413263293563715341385124114578242482374643428589843688571923699623467679456871888265
269877 336645138119759691466592698173746184424654232575658617684185832657972579994489278462968427786921
474973968587425976653426849898351758167273265527834882 57933522176534997319817
7178173235587135177127839557682787659266979188282474924275293914646869213548766916763573462117 816362981276
8466 4742522
9247214531435975232245161288862969342751525325157859778874469735468336795414514327887662619583 62123982633843275442122653525742853136776879114187564447572264482
32356358 699778216331828592625357589438687822349437711833169234831466829386669
5259957297142 74333978231371417
6292726767253517266365565139697228162386723231454896376892418134664371686796 457627993475252265741697348634921298524148
77833464783227639428429365392 686932443962128758221897795142982223191275542175123589882326442241482498494519412478
1832874892364936433733175972659523527391847388284136332677686 9834885551929553377134655488181526264251722521877567933316863459
51169498214379931344789677491879596217296851316138553155812451417655594626326731978 1886989964991876571542911156551324493481111769998893238318849856272162435329487495892188214
82356573351575711574512991496736929987931836536278 2397137131355256866527974
857467361729394494548743461245398436349694277225299957151535972284427497351226441116748186 481188475986156312591484678494562169966872326851637139743813639513739189943167918994223172434331827
536225812638957997222688563479535461772738496 39115366725734963249433577447727718312171913397615658867954
753461128528296335884357181768765677271251586134556117333256425814829 8254887374125268713258584782347459554624457779525135719179745191963467315982488
37612715629834687484181367663363974111 7986256196418339716942574271245251971267586916693926769738598
1651267366373552634935 642
82497888123613796931699999226147594864837871194894788422855874597847 898169977719819914439824849532585857758234635
33144439743155162835759873566842648198412789 423776531999926467866278628764369513391
9495736699 2924227322953887293579459993896183628297981897544121629328358249459
41586 224211799953232492878986561477213532641285787744
3429625533659596 7828258228977135843414938661723724
467223282727938539435954562713587328931728885 19231345694842759823848766493772773232652775262298831199945668321793
3319652511367389894354931969492328512631895737314325174515259242167242551462179336528776971648 4238492919438967379468174162721135974678259567266526469195897341644448485223495688239611711351
456337955863484289635518759811472816417522145373631845336 875213873196266788137435765222279891281258729198959653
4112875561422783978673246829334241132625256395951 2651584251743156689125735
315996112871971259771611123879 65466784765192765951
3515363119688157628548369112976594917788334683945152925148815599246221264553971314249 13152257438127895624132843129
473 1487363497377946762885263244977746888363416153371315646498
25372262191952491 6447285488848881575461315494974253216632485279891539763355194519
82253642239927611814115124472897948921571181678354752549738969761574111618795344949261159 586146325344
565142871118628265469117443799657669179812513153389141382164184611344549744539772661627223485353349 6318393847795572544418
15672379576268956766992467729684871789897 37581451553591477198641685368665786431
6671665351846996464756896295 3596167884612723588395599111211181432599687228763864129279124512379971391291496394125115938778472
17342546236945316715321845878671985781138279 16289477887881777439917276378534938818523155251174534377492
631545 584657821942343142
229536934516941692272843933287857554289552961111362428949235964127122859638 5751759874711248443
6313628627127997264214432488522 69416392841461695234136389849597625257178691125
3128963469 158
3496482159675893 19965557635511697
9767 17347787192829287623853581789422713
35337912632185578771 4588171867711435
941321419272255846959351717121173985 39132675554449497753399985925336292248156654635928974269274251171
92672241828748932452995183656541487993449428935836 81111842258462778476925467935251622321414533322138332652976677221629418173847216753232786483
9573 91762879524923554182224691737819891974923598727624471692185689372431693932247
84586223699272736977343196568232464866256 5317539268888536985792874857324911194341486553318857685852283157934246376577186858613252
9961694723621257697528288376481155946147118527845879246 396783761837453
57486599 419387796735659753754938
3171528267385393398257 8877538325226827231576851193914438422336421
451822631783645328855538346513112882 5296235453798914329454366842262779985567823573245124531169344556528
972645228822323845737942849359929448752628951174 1521829897
1113257746347 868341217
49312372923537568298873815292884213373252922344614915551288442482966522 4216172129354841432972938184583275329869263652865456293478
31 61995528295185699146
9842187261443486256247994423445947479984248571812744346765365898434 926282233539625465742129148452512885846534554
2982875123432829731276415668849448371683534412663831667722234127982453341677 1523683829637563498435828314816287987858119754272191547118642329485765312
761373897782671 978
737865861751168179625611684597699587244256227231145595234895262 9123146347173697643812212
289338397156289538494213453961876978291551625686773367639697 4574298425497763723173157117272137673968544418339634156914431283888851386759819544975
129953164337561768182711319779922622924959732868778865974282347664734973617 644718535761525132455362937849179123842386563565777229153792229378156
1 76147688384724789151222653199254622794367722385329379564295339375682614868394895353599934829725
8851235519761674323599258958493265662926492919821975696927743255252 8
876173494186869729419964575777724333 8884
256662921 5429997833986113358325
469299952199426821424949355224351745619935387516914677 5579394162433555261123969541824671634746453775319182614149169416698351831878966375932718714
719918348367513825984589187858945488 24912956526447431188185776915944281876691472447
7961399766193667671112291585943779778475538378161353923324399 359715225921259518495165226
5384112193821941761536961898244145468719558659422722829483718139386947728861346926473384 367642611627112763497292
842575677547479343332 9438296977834243934995567274499366841377573955151494994
643625125325625271938827117596925664368474548935266386788943694149133878 9898695
4925453549594586534224584837139136618239599387976311478718939 8428966348337215177438153994831874897671725944527455854593347771644543939666339
423854947 3512186213464787159294595615158781489
5139942919342494662367321452428979 9724
616836436177579377812288422183184112438299812395173894481527634668886375187296871666722741312626 13
38454641614351671592423674971748756566957132455332 33574187995
59664661536488572878861167953648 26511117726475359946338755919497924884986992495456237372619859727649894796145267
5631937576871335177893342296271171687118637885141188957395783328218425426552853364 2721266878833375923638792293922732
61645774875919 366247485669993345275587933261185519753275787529318995391937878766
7784662969926227734955899915676742343793923797161335413397964957546998899937118828948797 42116256598998771797512185886934673759641488527356761597594342747619
922828275195456176958873587967167362455476623339965311169488356574147836 56356933421579733832785285381346972279156756574415788114282289585912441723545473936194325543
7837217816592813963782446322368112162251638837551344928119812411477211345132 76121972357166991342188167774261311969122173851825524267477191471881511581483
6572459332824124892675423577176535845843776883217 974323137899374156719336376529343814867542284481565735194796535189818576
831899939387771529536939588211493835821629184917465444371566288275171165267426785 9357753956745516879397397771685
7474846643579437355916919 816724883519534449575826862129559723623598781447861925414124369252164966128
436537818757598452285864126945974348223663414819419845757973996692 89526246858123539688664864839314752141343943362943297679992692784751
6254469537219 4683354381753496921971
44265914247156368181151715975152881952796784357243979428947955586828438352625621733 769113829543597412194641449739454552536335175646619369434
64136419567975835417132656483649384919951219326271377785278799969626757387168621159159 52852562489254612985913485254912366543
753555253775164385117633299445911163578745221942623166347 524941937233932268
436339262887598714299786218859955148361528 14586419713172683226998148937866334434236447687231113624188
23989578617338255485234211881571375692515912613656923561363873 168597942992562327178921454931288731321415175428687893521355183
52156345817189686545133832483 346592419436597327439
471873561811695594628962575615749855617643171992144697546142323485764266 734893346313497715269179858851719956954872919166473919485997564
3177 2983214789727831983728899429458245136173192576561249788497
312925816528365116557856456338425 215334451536433227445277323751459775851611448513194744754233722533729828158
541522231668123667659666522259544116491356194357445117276 1373631624746649558292293339963575737522453223929121973978852416941179222397652321
481665387648187815543446384294986886412396422557824196557433835799164792229 9757824369714244961543668187535963433142959159469258473216654844612199497447551
563194917217387147625657951231274527137643647742285182463935454756368673738863421644473187887 95854521752152628554185889917697645835586146148162893172
879493153175521357672287543128469932311288426769923576916429332948 449418373562397981346432273822173598526
23754467647532817541885216364948955833389136565499914584936413395792 87
64742714823371191798244 199767516183533
2912823593473988654779539669974441221547224679155482912611352817213 1224897417443751259153174
847519483934 54567239225593477871619512592695127179431315389243143982253426
14728486691842573253511287479133325354963352225 67619625484954861359228938373418641
211797778553649736243479322275577593282636477953549333164478667497842575333958788771426939 55413117215213445829321692585573
83191573376432148146987691926794734225 12356618369841713747873327181577
633539929 329772728561347964295776927531561696163159449246965849486294672968
88856583588193728613386362498 7712156
33645 51295819422584538532662987756467153172283265826989362966762338355
5277832328979931142876923476775 42412236643265216955546356671748
3593627673435638619893811572122371919772541292268668932487629871 423253878832652118785314698315544779847832318699136934419
57689917331493424136836449153273697 38665338437655527359871571169627463845236392645451778376287115946652473661249434164932149279
5329227595341631451572134458641353858625143566893315356275997378286516197473131 678616669954428384516553865954545863848543555923585189474573991333393957988977929989977811986
49476642476116484775595862447235274182118136648377187474156183546 6221161821741732213972772197726247185289748822138634853916792194623873217541678138127
2553769837218 898117153995734385335644947334642165117513178391129
38664319527487535667774225998562471165441418545268159114239461486486723525326317 879293625471922864419811112529166
56315755289498556866332862833422893171999392437753498824631343599 3414997815357156172767644427883366265341463217319531369675155687933839
59265995828918912444847477692144857315873427243535493524359315132548476575951143126 5553588435728823393144641596229176987981552134798273443974638191175478727449638984
833686 69766116
76489969633792814992849743271154691989423 53
591986257256792899831822963994898 54765391138991517948724
749955189383246851189632698468 2934617692817227398547733
31291185524134713638948263221424479496587334252945985764518689489132869884489325 35737495265
63428729282518694146486611783862425385793397918517173269648255784714343422 14851148258718542362525592612852566839721332262821151327958442846456533817631
669737988491366934436815282647276521946781631625925494437874822863234153517767 196464969763644585695915472418271763783165655617272167312966226771398722684638336244
2561824313585894858348818818446981286135769294768895917672732561 149489258949411646919617444376241442215158971494513854274756994948994289284339993
313686525235987639266479989629646458294716439925928143747394 22643155456697985642479673531419813843167665234685648529934397857
425547132869617111923556352151567996945163414483446299269314928577431668 8664977684887856468913531513156816134374432751445951777364954858922386483573342423128513395657196
8942897283468465335421581949764531325313273964374532495 991184425794914477973517621493784751975634283816384659845536842376383813799748194171723929
3491966312278382471483 3823762
434 2145975585177176761168
8545219167418948819215928653277141958548693311668212596861127991695647994354462791 76977688999928982386938891622129269578436267539654637977946433812566138794141284
139149361695476144322845816184659639914461573812321838629151368935844274337484646581346834645259783 51421353246276
3699295968175885634292356646597677535913828155713336732673493226877157667387429 8357426262214911951644465884987331268978724965398762378518529197239345716342352588585
7587868674179572243288745642719322267499157336584472352292522763534862443712687592811927855985674299 42359919219786777671328345776222677854493937
5756761849836481959485918699851675366427314411457269286528692136657533699753234439899523568473226257 6823947358184815333248223568917415547148566719637517261386466691913914634911837784998894725
41719284769489783 52461584761692419931646696118868569665974232444127374661312526184291418789646512228
94629142464522872517679 5979199716864933572897826884366421313337962284984
233324 411355943563636544394667772525783983331295464774489711218787612838393988171684269843345654
24271581284461963351555158348218499517577218 1314122999912311253193215247961456796864751675167225518435793952349545282946
772979 2342689999528987385815482641837288373685191582267742173263966664679873367786468668861488224883298
823794925951383778729769167499 797488542284375994325133331792733576214
5189857365781335859978895864267136964119926289587327351495811443923753144161316396 38918843728817939534381564822535469876581337236175433432156672
22376483344855617696771364727843145 715481511936644825365543522226972843124367232246456384931317963429179443
6276385512213199147362137397747586887674417377282988429275 4791643437248414
135819939564536114812947846827483161764791988859768495372794 59514849393565
725692868939735219 531454945155669543338738
43932494357766582326331473391628328174526764564736938343555371713 1949119589315673233966644158
583814411979777684571547199788675498983 1632543564273581119
6931737217287 217845573364358951858767164613795356211382164963165444956797129
698651911172648833997651933692192751294571752541987799559376174 81871266859669132158887212597352729961612988349296552291682539345177499998797618189766216212994
961973668325 6657675183426889827368762262555876
784163135873578698255474458798553294497181675947131466631 612371397157351127699491552554895889993183285854274589142941124134974
54147591967226176127362538367664765462321394512687783412149645818664499567719774263814572 56115255748177592785865111941818617844157451675546686225928319757877527879541699694
3132197129421179857537969652129812631118223 4217561494767223667231516264863621181988875858685147778968132677216333945
961422515221381251861384235155192138329572 7923659381989597898976919
983729874947661453727174655116681663898931982867771876353217523613815333 613394952275468853336638286698517319515639514531631868478547391369677371813884439155319
5233277466624573855632668936211969113667195652158729418567938123295225485586421177416 92841853716827958821927842621933381999316834314356328493983512786424184532432978578573339
4915252679965972369682439392353169927662 877583125353877882523687
68733823427616632635536444993185777247984257866112 75678615532943259444619176429255866731837893154412387679898536713521
82692457353457624477211414375979194922888249155641719518558419334794792312 7816599393629231626145265946136662821
47943267966811442226556557431441955182349428896754763911162139347927767163676547675432324488193288 9862411332773118518
943667341931921238237945231997645988581573577665296559259261359546451375779121425233623115139932 244787
6789611938671561817973626835926 43533424742967155432183993856525337786987872958931212645661595811714681445983429633384164945959
28852382324295839786875987496123845599689782116211173566388353723298683242559225919431685189 46136584393766117916856726623946518486596167781796372797366285265
795572379864157636936364476466681752334223765679922479442863131883374121611545392464196271 8841782753785894691947785488
36459787755523973564175385857256332873445711883816546367242942352376712266196324521826916 2865657691165914769144794556388736925652954762997835145827878249185723253587755496
2834327334557776137928128724966371741841698825856494454462158683313873156342249 543515674689661993525429177963117192616258132166714243844739493415465574737274718
38871485 9794951971277223199776873254116849699885997238222551341619757376113122488379498299516793118
1266674943542254851813627231951219592874681356228617841135611644891275645598377496724687252962122161 14137542922661298
17782581667985 775335266546745871671429742344446539714623824882933437234247332943892997153672287943278245183
651439686697188857842429237252625621234614322555371638957516217233853985147865524886533634989959 9
65925719278716229184895653558981314979262929742628741594792257386165 467792856344332395845636495174396226813515992166379982982324498632485823445955654696525
879542493244358788767532518773981818992647546272281718797269184944398387883993331822746 329336439989516623181225117352168515247488444393882119978493645968519139863118553279184954929
35425164 741746565569534924357971946683999666992548
912612855591248755277683352452293928588344796638382185686812369222281453991486 254938462242831566283674568391845812973956195822562298
458918566354694749122423632746875315696 28935787815282725541815646493838631938813679658422794781554726455194573542126622336686
675658788496279957668213433575273114399748832796686934221183552626 729649119641635172613755186145153724957929666234516629975692434627759844733381721
943427985595497774343423975531874627685788541236556293139327923217577365226946177385911448264881132 18487564383754
66196964497423118797359264329713889797526322882846888167667577997976699527561897381919864684 82473523265329242864827719927723869597151137764857381
8712994549288 95684488853251955516675323562885
25156841456711382376779715598596376268648363916134733143131251319213339235 292334447312939986129661687661987863687549916859858547252839965781351773
135 3164345882151679773622996462235414464769956845927515412169
4325981584 2233923717747373258589649419883517495337512631499256298711446194434251685167778513
197289614816892771291732468214337354185647251418458627447436815714163925314678 986789526744972832975633168882353468797
995116757642238835972981514481581148474771279292537442624763621366329961991421 8291956486
445727279613 41333592894661688386757611629295888927442688888839772189792341984697675984821299776752219838734
5379159582942544131285356445213748593891887677472571818816997785131375264677272721635544134 544419372768451812611812858667395751
556834478518587217187862561469351684841463648272124931339294738258662814853188578932889383783912776 1484143413155743376989744721731827847329625564136725839272946446475
9957679677538833822693967435523611382182178747356487161514935134533529263875984453344866877775 86684887773696261381877299992628269439858867443451374776
