207
5119717173941755577944542 6922
8 8851168593183931621589994968
5176878885 359555288497199968281673379525672339592342779763874192647783461446
7468131377776469793165731943762632846264733845482198561 4436867527897247721384
836526578345298531494658659627194279458268884765793651134379621632352131734381625877768813878 72395195361733833777983657676853983715433485462377946586294991327661559523
16923172349167615994394953261356722241361 31355422594636239496534479461229774772548385926727735459414924812132578999779255455921543131779518
898882819799 74972923326889849
88119173634452717198715275921848 446473978734397429897455635321591788422781
9392314827675566442857864136371144957797739946982722813452415624747782 8729961817862617366123294529853156676794589636218632718136886354242986594819193789789976843
39837 95155615727273827989867661929525221856552
8833221422954737134569275867813372262599162591357396647789318876149814316239655969 7567741659669527523
168952926959477465929783492825293127277859294713195776965433368443974745418666791661 96555372547138331823842311481346
59723776334548196256169858967657883548125126727829443139665352688267895732436846629196 595383425424157466591997753275245275822472677295791323287694475562888125425942813
77316835894838742636977884298458 848418773539655561674698777312722288545359546719585565383341374998429
13981568892281581 2282478338386649836841718688542938851695139262595245785724826776654327
232124 1659914189351843348751753274337463529429423284512866217615
852144872423468399939452783849795395767319239334459251569156354877236169919214295 93252
623324161116215774123523696826849391898 3847266692787473155127553575916642158776632288832627417551638259544672189385161
74267228635397789387714447991384459344149679925618138114 374728997848122916987264292735777319387239226486
676678659614915215696 222738336434356218878923294614564393545822195136313
93 3182677256669141588551886233913628965398244146547785
442 955995153122684552117843134983238326978322584696
5351793299458956143868879836297984429348258915194579687611226284 5914992635268475276586614833378788792359912421196184753568784792112779957
5999593427834245752214965343488321621569767657669951378122559812111926 75
6455275355421928578344957964386739258473663316147873911585962193647765 413825973568921875443199919
9299563531272782513165137663588129939817388877777893163429765 3958255236553778428938523411414868899333163247159721493535448947312
161299632276353395486473855539762136483 63744837869888887429598622857647
619541 18635311378836972686166512787417
351975562592319495312944337913767157514118218227677186724976314213118753877333188471988332 82252598653429
8676247566899486144393366442773846325197797637 449372311821861443957889964151613328668894578911244
68677665398148988714789962662111238856499658769291539762 8748852189872666386619382275282528992457482
5878317976412863765221636273216486412464437447471615973896 321783667917119916831
77993141188253812586122331375632718348677327862249154479968276736343234 889349745757996558572422968848385
2916427285354888819672261256482586531843973515448353819197814189363249217914985132424796 43955975614661393592768637835463673253959178192839284794497224291354713671188974
2819449368559614262355288695114483918252644211328442163671624691247231399298 11841811861938488356948446333762643169647675414514956832364836445885427897
21647136588979287784993354313438815957983856671158 72778213112773284383752415651394172256244839852686498117774469612586348123892558412684
746612584578279485749844598967626442454524414 2434381751493581322668498932746276582126567933635727
276446617261715981621233357333 812518195453479839698757
149991256 99243143627967282865646246695258
4687398128249941765312954381156266764434691536715869935482981153374 297342152131252917687439444822377519916453141759158133453342993695218413358956421934
3178866871813566687937995186796486593355536964495223474759111724993883532 9213241662563763757166215339774486117777829327485837892541482
18977878343152972467455844937445178629456899395889151152892163851134382847763174922916186 537212765876985366417874359372531617857956361
652958813223 2566
15298965374237673638173269341991464413893474431885251495136141877222388 32448993443685449983622255765136
573255584361965216367616898922126182153844833714698444235215591628445582926769 397341242882961283246366383755738162723276636986878198
6776919332815461447334244498114281739425517766129746727369916235541592776274678416 523412221163494245298851561189572766447179832247484615964194394498963929765167772692666
28295 86936429398944319
431979539337831439297997896 32
26493677475151336991687933851142851579847879954967952924 711753387768921793293551467624275835118786772112293933715397821
773889731789919578351938198397895667491652646397525663474749867752291 334397776229614597746977491221198682315419985619317123986417389
2445944598819179133738 7637888897435
994889536 87228169647453192916465825564515928334537812364678797445688897869632258884665168518877965982
427274635146125252788515 41157654179976965973566947494624169791894488193952917
6569174748 8643421224
678881824766726571136244582972697187936186118575622438128845239864611159834484471242145358424617 78953795679119659157937557423294833961911665934555898756814834715943437691993
5824285659477273861767164991735289755381913515227537167538833382 77276975267368173968744564
633914173166572468462485581742812894327989564778386493832193428353638973541159685881918 132179143299523461319195833629712812165981372978433266521414862772346274
269757796563465281732667648691247277127961663596 5869461882475755338855153386479956271166733325346322974926884859849449592962935183778677161643825316
884145865715131362984296832192337 99527239624631225648254369464171388678268246511589499987727727774884876
915454746592636532431 993757722742891748856427
89519728 2291175497183536358482884839351
413242593768629636313251976458562457431938243856879194961633236786645395454 4546752724371156668742664332324374762226174459992316
587349394538865875967542748964179698243463176696738 77391646258512812474837649125778817419514635587812166344732527594465
68939797347187 2478
42635798216555425861649438645246858683591873 56793953682472277765
11298186576547337893477829787123852282297811719221361426492568125593272921 2267553898643462354928766159336825514618119327
1223829358521499632584543 546938935652985143584642335531176143731967
213789371725241139221494 13725644279292996396837592594676825413485559431658864178758987564362657833693784
17171512342828513344347442644611627983551499446 71785136376373131
7316411349382236824648921711 1379989139181897534424156214654284635145141961889172798396424917657575129834
11129913447513393258817744651745 182255911559932556351864724924936236449546112326132344363653622652199
8491 8256335991321187624644953569892471943514915611326387847471495935772779265165884238812158122456512696
9457966161436735611869843192762323687815894284118439373257589517178389259861752 51974429863364692384726334
97858889914627424654478741868439752721235489869715598173761261778451987578714763285388162 62621512113148197535229757855683255119462
38452179275476494643277783295737169142146313412653469796853542949477247594724899514 22747741462589819229816792324532632333558797735985454842146
543556 1584181979184924536989282365691115537453766154326288279664258545781991537926226756
13874328769885773979223175 1117431584568371
819431227155813693117816 93727572967374416345283245621226653857222719691373234769693
6917747869186438913363258924189197322145286879849913552125235914555837243819137 59872116984815264294397622515953594947972386795165748362433664933762326886723455
2877734766934323921612511527617429659 6372278441318862362636167278888724118729537414419524872882758612515125
728299322576166518826564151232319991114114297787 62122
1352981614943123358428972856545859846597948689464 87649623218
83926415931462851969929336465791279931575267597878 8382143388122423819
444796533559976982591742632786987 1558567939443853347546
7723638194285293774144493676548778534428545136367798579664 8661686799826167946131214887472718316558272477124959812419883925558962
48136236681651556365652891152669925579117565 8554982775745512183487964787151776453984381467426426454418268195811959655913196
87834865726791641856 45266396967839311969551758811192693849947644679514744366168312565378135424334914167565722
242155867959931872137322898188567178357468448 326386727759691646836
54782633721612831334626529855447143634828875147781922253626512889573998742371789748597353 678126993874319267641969163828667187446829132721463746638444216228171
41236598912887356825989756224712963974287628882875733811973535113295956324 312298875569532745224427639236127487734861242373131469972213884655564712171878
33685874456676194755225854774911769984829558593499948856344993 11198448165
296724476216144715659248718892191866898333599637315356936856242817 6881441792418271812553619493867388477967933547634921825522
17921266968672788188354676598119864836855133983168154917723598374732531556837956675 6647556543778428643819637891167915815122134862286447889294469967453565575532251611937625242629
975546453938428775429254885218864285834523576497699887539543813569352978372798295614695 89653674695592279369974696834621533163911127365995361959
2295669982419481928994298254678414894824397395374791 43548511765176455438211864565755521689725492522929262455226588134873749
4976816 1219877689588342798872246195688474487429384667
62984393 2427623265482236766947137657462618478458777778892185
311919444757296319184754485877867377111358968617961 69761717845256843678959998973231958578438844
147895147749239414329976716696328591444516852 731813172189141197578827794193658128438433435495
93381262937574695364495575499819 812523767873371173215723335525811357889752859973185777614825
839297862 32184768189699266192421263417914587877672383978295437237
261153698266939762855299537893471968854733 121966823213936157915136379312853891678942883912933417641775984632369922123123234131857959
25538854251347261325742622916278253447529795196952461132424522789533156665659163746 99988449492766227187574915521877763769817317861684853817369842
442923722393834935588882757212175361532291235664858146417717612585783666732585539 6312895973831191559158495278431296379262176778563695945441915671
718248666765532999953217662458912 57764481987163222439555638887944393
8192968151534235791574831146553285169729312389164694864626481398 328163515
4646434969736723257574565117869934797624136245213959214728563466446722955 1572687649224895376815899761146562899799982932585961
72168763799535437849491489425774998832249755186286188734574656372828924186285822856598218148 9442879191976561312227871846785774169868
934797243 863215231
4735165311363344199125658512115753748165 6148746366848578559535838659279419356824
562686498638894688278635356892265731369336827117439187 67138885692779541737168184314954769428262473989869144
956 4844791433222848354934487978279844673492311219283442751865475814984
686166432546 8381416946997249619472847932875
575481144355944216134759835224436141665729875359968171824276682651336596133781551697456784 251475516349938867359392564497197949524984385881626954139889119926811431274568729362312662132972
3798835239666132 7217564945795573125424171642339181666445379591335226338835475173782318281855445265788939
76378978364321416541448486999181689985263352459163848345414547825995781261243373356493121211593293 5336129598523962545
81179731784292647984651888319164631674332138467739581365987245711622237258334436588 4831881216217434538
52311596292281155145619441282698651614982643462148437447247791574369 3871143416197964761555514696386228613794154784863881924985264258223
8924645986977715228623271683885469438314 7644
5417928529111932617465869887616912523618981411932941 66674945717626125619
13221329591431887884478334746887444884483979715 8211123972546878374535695166691469
753962135568551981618997861191887765584654625396887738253733691392285332 555465523635773744143116664193535258853381525329453912483766421285238544765613849
8443761452845415694488176196261428491148152318373391781999864127 9544694853839536537
7 8438733841949864367971377638854858491177977835675871449117442492955435482839
782466642815625986926217533573775531157714736987587122 7349724665965772893
65347363991753816141565528224334965297276518237874182914144483928428934646653614775231782356586 9626378379881332546641862365955498
475749314898717461276554981181361989921794335643618633852155369323889368762538576 9629159351216788135384142361654822831676672385
295271745772866197156391754277358276264433537384 13556347433489975242484653949814625533619243149834577572533844162193742916
488596269891347366279222398238583288592342534711772423252635369411615225185231117967771 8352664731412
1733747842627976123198237689757793473957653258734132754581538584776697 695455124673361857
925293392134563943772393866254744787167599978559136444432377835969255559499611432 993
69736294463977414836575482296186282416599412765768299736933287948729383481321332829882173 336853586732888398389412224114928521876858
9571597147583153 931859535
89123648836542163 3771667985665962717195476285411594862512672978912181153979557952143473426
491655216589725496552233275587427143447377499 838348721373661518732243712335787998866215915696899825299628216715187215918594932587144791295366743
6354493126777935362368466778834568747956523541224558247 535291253467662198886655642219615295167518199275554754295637584
23679535837541344289312764898273466342839577831258912 531636876687686617311415783821139364386533542851366935
373517739587 75722642328366
2614257 7183944691998837814444794755795688939355733824489993
2232832315336149566932825915528478352646 42591292464488365362169491899867562343334633972665642695429278447195829863779956636
8275217 92231183886214688336159465265497843115998144785325395767379266556
39944531726698843986652711325922611629539153861237843723946212985381617584167369915755776811 8812775994618789943224393731278288365425592439169173825933976197339554657876582
825766971883546219236343282975212238214253396593146531176457451188 2551194664816842338252247486722649676654129884419588297697275871515
569611512524659541767147132177595646229428763 786245739915661675468664947693157285657755416223556628198694728429333452816161453
6714114 5214821349121693172273581335428447
85131364577766536329581821449221885142151146213131496686858818175756454 2835981127455267769341569274447442265926918774368
84264893178823454814296877767911187497697783911782554836545924936 1148
6593878841611847155259943253678858991941155923919331977144742992682317923858129453739162754655666621 9298447584951851524374566214817788746588246686328231235373294359533654957952341259588688528
89993733188325377842515216883691276161969217 72527485187478162378464126179534234699163513245995287157948217739385285285937197818167
18988698231569374297416794531699568 8821782522151638656774941129399139196743465772916145995382273128371539559
3393355498765641533143334596467967637749638732573999113697 38173133128833811211167526825799727225328661457699689753816256368772836932438484587419645359
25525239321239 9359359272
2467381524828559821139237617884867825228913574275918969213999181443256991 2852711832931115637893836781877626632185471942541877672452
876568682511463919952846277129724319314997942764732883722494816 75169768441793752984963127877748786843
837462535165979397887481427312536775629328243655224885915636 895383547612635299496288886322557736995635297585418146411145398412372545
295372115466293393341651554184365568832964268765551821566247897916733982941274 44222542372589932484996792259266625456456937
13565282312426474747652564745951286352157884234273972234518597296296926499 3249749271663254847387894981231219663349185437697876958878856899989
35411739644427587226 53
463798528929894759377813641165917352224697144569569156227683693465425947282397312 42493383646237387889325
6114896673749716824347856587575692731352615334628322427745641747341273847192315943817777413773684186 99592998312878976583675438
1653543176387555771459743537742346173851793371525463278638312114348859 498168813328817655516527964
24337239585918196724118253216 36729341762573779833417197657646965531
5481746278181622131274529987556279932439613286571274852712717437756292657164597164131327 452219537167446229798574792488963386416663337189165763
25423316929495857837647286783754473718358581 275991187216885947283232
151576829358642924814351795 21673291324516387776244447241844816122135335354192238278763
113357713998121243578569633789852412816385372 74286196975626
18931837126697832898895178735568274567218677379743352793733 24678346131431641235868745769496216227284394339631484641512739
43793562659182995565627 424949171534956993365359531881461487714947718153256526
86833 98298411
2314916849323216355143389613474552349412692969783154732732 463955487435166334574579396183596138132132119151119729571296116349884818281823993444521
2547925641645596716936197353924752658117427319665531846796791341717668572872817522539915449773537 8521161
12482992564514436444236278829398488697573988653283558853258952446439924456193436368489715319732974 121495148622
1146959747115337637528357512346552425749872186796215792247373624 15721829134648213821289533783789688
3128961982873557989216 2937995764214189738
967797365678874368164756897765168912761833364741 31617666964142828934581357345128666829576731717851264783558157
46635328244293519815595459842269336263168615576571664339575816457849268641132844751976576 2791775856744662999527941923746734299647437522654555711777646834331675728589668747961741617625492485
662929533581685152811996112931637468128381235 3843478119837777725454926825197482564328481553182649286435886
5192653841227412442728183248184797788632 7822478237423431778
62219455563715883982937584258686589832196683813872632518925493522731136782346629644864 4614646717244289
937478556632432916557354151615143532687433455525587985924451943914527972372 3
367736621251135847437859333913265242357185772714529766334341119852 94198814484742362651927462667531454945584399118
71282264395211696156429294352483864827871322 9916463464982
217356938171787982719542958853917185139421194436962115733524 5678118816532338138836488216169846647488825495441957214546336517621278856525
8373477163513495155359672775889174264327754357186969958551263786 47149411295856493453517439258965459677866219627149
5851878774933978827581318228553918949168557381843277278874549225861879512611199533465 96
981728468731754 242439644311213471
86887786358836571464971639292614123312258759 43232332211376364484969927431576331412252183843759559892451571351249293337242872232584
195428787622179398242811736657993 6545231984775873129988727896635333783548559754393435269585848577239815
13836453128729666213757991424747871 651482581795572833768536885852969343221954817998
1761655537522 623772183151199762348141276394866688616821581968965172932614545666277
727977868311 921185677677247716739791138
2494838491647929178738572415256156348 5744123563579362223927743619177826787897279381976371
117271347613163712341212289525979412813492619547867593818194557397622968155197276 82447981416147972483836
5685686529354812 89563422852157516321642184764282255622872885545126157311939673685
37876618746 6537349944975
819781676664928252 848154644279258341964362684212672679514528917652314514213213126823813172398836722566678545143
885396652 49332998888224338188688123398
4394322777768637331263614471524268388546726116134514681211419644151778124572971631273614 36339599177828384684463526539739568673
7543169121197344398923152279369642729835551944498115298535253246456251527352315134663934544221656169 931367
5 3674255572668117971882244297828279367761177165571
1547894322328413922 388711941192132972135243338816572467718534122
52346633415697458718685662838681183978796259491984465543699742623416559 94835468623943989744119547783311
7343338717645388282847555655419181451861 59778433
8384133833847171497837421456427591637698413919578443589712897784227941438166695952972179 218818842563769
874977 77957874854451771772733275638357836838354465312496998473544398166852877139
2689815912312227949252995341882111458 68231255764215418799
655678688552775254215362818564373487885455439934349639 3125716615649433175769298786427939912164114299668554888648
