165
51787616913259457874796159458872694335959153745985955 828247879187253836315
1626189387776487923482827857 93124786947162881615533899759358312774459529983844152389819726226583198112955441177661466676
9289673321334698235348156 548194241213613928695775965929115944563924554281776591882623873486354827424963493851638864886443
4516748363632228614222427464711746144283292 1151646745286635258651679631742528416192975545655297981232764364847156295493662943629
14267148544935566 44524787264669695276751338719619245937859533863358184422799476744479
16186348775771633958515349298568169731761311526859881344312 9233178235414999331243586
567824172221968364324113926984 39521896219987614951288714253542912869147792762975952225
3648856928699996298239372717375626887391944149327 786231874131743967722482228435199561285488742739558426
5435195399394492146253489889938 2388427479674739564425186459
26811499568961743531193392217783793437792588337111222696255 9233264466956845528572515787154615322235913958577519772633489642836934949
78345468727622647645821299168831568659889754497787253451175427595426677294573 5849613723793817941829697615264921815382827991755168621567947883114764219633676956
898278932991117727558543933943861155833923589 6958
33522 421845497698295628522249115771412922888232759734263277438954335815518136782215323931432488734869712
8636837719837 189336151361654596559335531919478756317921923166775657716875267949749555
57456587886 1561198821382866882791563444145519239357158835113162471472838494672525163271167644
2791295261111459521918598734291961415454549655847533258 945998656899153469528515437963152597814898479259287142197287
84275471713355675214431562867 9762656698842851299128114899625738885148516164795288619
322563152469966133867941569255145772559996791152559 22494762423755571134181312425259955874677832464272654789818996146849271277614378966
3472622139523853798 91376931
2972221221479189728282365393594491135777453862339756932251 391671484466349145419
8981813224844333976728346422719878363794293471344123523126213951672 8849922327313595367773931869
56895782189762477736373599635615388938832541694263543453949949 46441862433451373482484615416324189316359245331457722276168481
921555568329 269235475553261628778496795523788149238217845573997114962343446955757818253437887882638117421557
88771422774458432874367393827279216696733 2651738127395137561581827686579293347659
1671654373475744453446476 693759848459683549657259587456139172435858384558579585985256765142932624
92779461862365286214254829976611559566159526 229416791513443223938632669618249258696
566252881574854414449282924652141242762779754 837189211543263642937673787659711327687
72892721538438346295883753137385562219957869896334188644177549384181689377869575462821458185466 334631434113916784239693112515258447844
468464458712255661578625277727857619829436829454946463357197226284 352965777579515887915898278463398644385465262672797369439123596116167432618
298352517576143642717913189953714863592667672897348482854485839391536663851497743357695455873693273 867638786517668621224626876355693673257589
155857692975925245297 9527326159396952673821364372452265425495657
113411325618542242239559385278746481237291258342445272 179476714512667221682
359776139271932238314444299335199862771824271625894882879729466535255852 889427588347665932613514611561838
99736113449256519293578477961138176157978823576528519739 6187483913621947984639541329119764218
473526419857 372734976128875635623563172295664
841468838836442892256334631983479983579851484491122642285429342149643 4274786622499634735937987874243442924968948625
1515224282375252649988 4397626975162342918995755316766639
6 275745864541455467448148528521876836
27958115 7519548861636947
33977935533922726396 535962253835364927561891879568714196699362667735989797756878765796881
68663825719 375897952655996435284941213916694343285915886435625825726726115374896573586157967915
7371599653832968716192889616115895284439921378179966914425411312522481831736586659249729 964483647989392331759365639237314689385
235156875987684323217 84381227278
192531425 2554
14822583396716551597875396924338282789373247281299934587933782844965459633216712635 956344224511661395185541427154684753169854946414463284892231232335
66787518193657265166675851311972359458237687152847239126787684444138868289535991223971 893672327834346318412446682999259526384231952333426457176482689283668231913
96778748328988997943523398481282571751723493554879998747821313213769919464883425765238114462957 823852413737342781771869185485591622817944974746856573994844741425681365631897325729531531987527
27571885988641535325875288628518676323546259781447365154514458966939657685 464351885513296822377547279684757497958776315366444841979166632671319
437428186338514736488536289423791937169692524957513537984 942877164785283813833231651756846435381237855
83953625669727197599196634496269 752457214132746123315182697191747354793177446985943153193957852623318954
674 8424922126283616614946248129227429987368326872439634563323736
281373586625351557225526663822217127916692 9662824818794179494354474856598765474541152327963765195864168791884542246957558335596688
2344331397573876769434223777762557989569592483198651139 749383969566594932194466322949235665425647715367954696364747697777972
9483492951388221599835377776542599837771 271969763672446668683191173324274726516514429572
456763691645296458388688624338513982528293115399832633262566425149746813998471723555371439864 25693365758829448721254445353651898657333479484452369464
3557678911158282843155261492668577681673159286794817745731182644816771571245476483 78461122528585785134482133265716692814779
567483784829975977922915891132793982356998454 49951469
7284489433 5186417619133119124884549644512717238423955388765134158952
27923246397247311864393266716446457245494987319598113877 859154164375139989424965897
3771171527 113
1871264435443382963799326742943113485793682598372584765878774326425897733515933511158879545399 49
735384144966969145839 2347281662347684194313397363631993841842674366968575922766927673843543914447149445391477
928432876586312517428928766587717656544652586822264439258635412216351737966791376457397141975248778 843176337821271475675192748182434712
33635379752259812365557943494421921988417126376756811935583785446696133871157246532615 286249916779261451856
732548244936769668966162 32482529447466
323719978236583 35947566817632477246176524344199296168586151565756871154151496251146587497917831825569658551
39144365693279533358744663656722244812834111384963874 634181488493922789267379626681275116785
394362147362789554211582336639673817353451896133264973326625546339259214163 465939486696442178486639564143513569625687835449587596765222887341
483837721588514652974976921959472873359581716516846537 9819224394589829829986688838863863651163266442973311713435726135257
3888799425261778494336336492462286975785333962862377839237139212953275728813 2446897532181773117148561153223258945146149754622635457312127457469696319
9139259481994865512439148865755344266431285657868831 7546647863682877851531477
365581312375976418784991757873351 46333944117854865771478354612584625985111135432116751513261616869117925462665911996
7836349881676141827251918422687739141455159229838234169886638132614571613739998 5829629857195894244129571514591182992944632954452762765719657628594369362913886267
569141969416329669976589327341139966445224263317222873 661629385758159794552864293557518961897949696437743418
3143261584238777 18885389322584336164483547837354283179891136782273272383566892562375395672389976449122722385
23652262719893485755295576261296828 662329287944172834537962345713974435229383346429786931127869366386554855229186661142685576
5147423916711321764129 135245641575829167172238119155827968553592461
3929914619963647673737622815199828372361217837524982889475223723255 93973532584497246887933855963183818537716411659289112646
678561912622755931744 9734244
12264 36875843164957161749186459666173383766945875884811245435547879829576357969857213
11983235842886827 3519156832186194527973162376334379428588212428139276322639247158779965867
84111512193617376888933683773946 3574176763143468676923936518151929388915187326114118174687475831324133341529319652661679552727317
358988714311798655765655439625316779326311334111337575456374351135118 124963348973778517329875581378843822791861419939
2748842913334848944349515313441482586813643729557882457389 232787739472933
345582454243 14287352982542516838195845939447121874376514413229376117345278812634114482461439562229563649737
24568799311599846988129599959464249935282238277722921956577486838393234 26733461463349344419935673158875253374352954728856273212389253586221943662578589937493585542
8722797578366239839141784955965749314884134 92
276432576112296942429489737456863877568697266224738144785599947784345185 484346964921515927493252927849459143266681215845343448669121627192862929673695111573736322
376655212533956141237146973265732944667642321217757879181888739685447114412762249158442443969975997 23817195977963713978767293383672868612974419435147
7131139496943632499984293132936937 263256463898719432545
7779299867519873734162633512255387795698812684993683448688364472585 4964777895157736546221836546629975
556695897832 498271379239828562391139382363389252283124481235868159427495794829985279282622998839613935136
63787169129487739889815511618722678561257922524743665258628986495351476175686692543653638382339 34351473461994158565382178518877144179759125
34 471825799469453643643294566241139745919691458526413744923644822832731
84284618447476755691984837 1576737134339343115652921951472547958435878798894273866216253158
2384152153159634694365549946398479669787292718976867558599136632688863797635451768821832 95362272229712268213
2995537642448597222842267894964134785791498768536853531558131987196455251728 5582226969779938888138616747343951818175849229925849772877436
77413125371831558326756254165 5642836174188484264797877187436853963617
77489997427598897915869596386285252314399286499957932872922598263916 52531862858714296885672791335211172679528662771197441976457736786624597
948174751922529476646247347916253776877997626226343986542596499463274813346541172315781286998613158 493896114368933156499411958
78333294241216882476372376761695163977334871466977514916767384284493189975499846741821555295 18468116716388539484829347625284329629476744989595427191211644645843322534627313636874288
99214952583312914621556943453531577237893376296 9973714961734583395148487958116214652974747679651528324652359597938247133111555352819575914
951924677864876657453897287286368281169228245953167671372792679116977634653896994115843127511389495 781531325284243313486971328113875212741141942
5832528792697426634346517258764912863651462224974352621837757 552694578253955665463557
4999494131667171778848168146796738 5217279855578152882441977558818675724265
112316837912122551779287811981978993354639286318744 62153452443755428436276658327172344
88122 4717721248942121171651729687262517915978163611459563342254287377271228178516932282155544622
685832792786837315374874214593196592236265 863362619782993513877823687579132592899215563132291753585
9156911192519138317742328853544353789996174988362342534811362688878542363774913135545984168763743 25437279662346545227149423562743943619743378944489997543373458947253999647
768572622343913521424733369417793926114922513725243653159466127245255793852496829784564935264 41645191951637141
83734726338489625328672896933417948659 859376385475293638615735641457977144794864517544527212385632251581818
55335864857797483151977921645675578622943415955 6883536865783935545792786816428675541316421293656765572979836846292787
519417246526464372817566287254757159562625235172977835613769828921997734979524967941383287 7289314113932137658674542412182926356949723963793361625762313255437915539413186525
3968495136775636821574857977439857217327385841142316169376417452448355945 5511373155521834513942617881297288843137974815
532441964591856383459445219 191216113526743542741462985431984551767743152898639545561916199439863486914423751534261359747789162
94691111 9651522949781614115798
234214328788258381554411798916238 313841223343623249891524284492817781576585863842318285677993977485751534999
147811648996941828723944245847884461915618393873821132523682184496797499389377467583473491348912 132887545811121894591558875179166922
5 61589445761513474565232218325836814822256113466795886117715417
617312861254 7732262385614822836479411561978445986819886885138398496451896525646312566277697676397159388
928289824832773689992577248936236535227751611949235888982675497975884514265753531589477 87853657334839331917717128335418835678682345622287386739562596427221342999485565521377425363275961
29 41885492493673392175135557454512934828628476825
11497866425328591853832546714997114635 971313
2 146
4169425 7766641591193642129654297835539648284568322722143247
3364 29362383661861718789243815328417226312323194719878585549979255238137
7569536412255128588495418897363123419141677163464254719557261881948171192578613547497185154618236 9635161638843125893354681328329819499117553579943421412718631756766173885359118
28963163552219447654527136317848678229487363742178423551856564642929583277 19386
83469657535447196722286766992164243483841573844133743567849331 2329812677483873653752996519744878517794816615663243774474493172721666263514195215842833476
9 9823971769867921593596979869279364239721136238117694953993534786492342384555482169
215924932671635326511359644813799359969183379596541466443289177383326319823113469517387777887628 55493986331267575141844566954448869987774422285198196615492539214392433513579733
924489412649845192798889416131712775844256278713279 4531895436595473917811311332254881958128649159941277441794718898654733
677113921698579989 85499943829486694873869944443896385668153571979994517519956828958966943238687439
978418666662464199458776352725869995986517 8523548671735237931828389367761654927992345433332874413195916494184435712931522427489318191483564
96454841627578496829455953298552856325222243351731238619366772423928151288 533834387696223546385771151557551335884415912962168241489479355774567812625752723447397536236973229
323155549919266771263871922688774483645412714283771237267658978663238811513528453591278497 81456111193321541772
2148257136194195177133356138 6456466131299321381647336117335698614277696129692216712859175
527984337996 473263917528769251869454437611414419685569945711
11163788728294435342331357 63867798244241932817
237618879867649562177934861476553282274743946273666697522272793813195499488958385745537331232731845 8288
982197112284734349487246658234733777434825194454364164896822223987253677557663533114251 6794883651417123795963283394917938242444238657621115832326499659226113
64126832219774265782932533954837179155592499267641561942221173225682364653749 53646537154369555461788425558166989784419577285561787251469552664564145843868381814692
2994726778766251684243928937917281439 541364758873364795444233435242
14 96436164775536528154789436113798995156981741869416518634173456177
45227477786519132962531119173584249885549912566531865193617189835 347754875869466542821713917124899534458913319669971263414686344255639239178892123
6632679885185977699924643947681652544714242244331391 3627856719411195943848557421777384893831248736737716657853312836945322593948317829735318
611337489411678248714691146821735328941347477926424115265 1387717472886952771181867259991636851631356191745285941951373495851
9754653852597386879 891
1684986674531189258936739587241276258211118888859938867146337122522512435 943238164158128248418
6388328113842876713163175897714468338982398352734765225797944763644232852195117519756723188143332 236965152293355434817943957371977225
484292127242 798244811
73174637944663289434478383418186993963213383865668353534894331294923472384541153823 2379888391281773114621252685
3956151334334161168278889954466159412237337411891186725493282133 7464
22782149523936786556445276754568349527127262992572361758913466772595692 5625876821489513297597913549867785797428716453697
313532797556834658879389991478529324415249326539699977919872 779396987568418487864897492489259949628194499822698877871193622894818667216614291973719141
368134153913972862537612439525321482663926694928798316963574524763482596413623 9378527949115699445196118761992385857399376758528418551163252
752928225619657155177975268787415136398882885135 715348791469329485351756947824151316816184886669453877689957777948742369492332675335574684473613989
43143491819253337217521142549267139872666886419767531729935853795673616522 48174425811788249629246323934663135262549272755845434781376635217614499922574778
37258898654791562175693681444674536466521296792773545413385384 541345282735146213166515224987278
855866662565186571647675699335435144687563938343398 27381429189118277577625888571193857354116865533219593
155451363211768526525716437413425243941297594845144296514181523 45749718928424721835611622195612528779172124
43388196 454455995918475422954526147422513431486582
2946247946978272117537916816597353827822229595 64934168287896875836931592879659659494354615623698817788666845312211541516
99637226914356999 57723718543653197598164
1281392828455677669322813478248142595958337558433935837174715121114191948 5721492276249567914253344185937644687724552365812961831415136155712325
