757
5487327162786497749525372853217471295172545141284454981335151163431359328879365921313 14426892899653455168839622592675667232661177844277511772781898165412675731295
359574797349979829328175649967723323495919165518 541333641756757773229221575652957276813699644987851147115932543291587
12864498128744793988313886963548393299584451967727115493791449716162768672914358155523491621 437955799858435622786679282774384754492336585264798876577334737291667833521
837471545427882214955927525196918647225788423569833476577572771142 6825845292644398435357355836218556644865624295492375343617914884
15519553195818753379992677193747717444726371321956681 875932514399499835962132577812514327976
9751357499 2694213689221963943613677399386833322765794499697717251352979433749852571315578226426893748
9467338592677453318728586778216827375183398648958 1179424933679926
44236558614834214718352817753991976144828666146788688349166285218226527951761 492586523868352254667158451789981896346
99749271923764469 799329957759691232444485144814994482473321248
218629242524763391 475795229875135366512338675221457771985581572178914456
515172813619578348425341721974215281967129 58258997562977742465225939578339618923237538956275396313617216336613587858694145289699672587848
132814954781135286588887281139878242455131827398619191565767976194 4559591235517798897929726298
264289919247188596573218933462367341768257524274485739849 193773868327244586587759838891428584222547869593
121446844938 559718347145161113577196663683247898897658614318355115724781198547923425946363
133796679725272146551449266346144136316579776999773154435494645317869668133625157277147627937 135
486149435 81451159413586656691229194899825174522648494676129986241575
537173358697246 8556683748585896938377787242276216346848553462875866429436961729381381465316474389662216626131199571
196866 923234858398975882835218478658874427914968857163877496461835138574967955684546
121281119519759296198585197361152488789135783317654773422858786496912413325471994279997692292368672 88298539729462
763 63926315835569
9618142361733814729794855721947829946877715837881259125849443925445316129114613223752229 262
34842761282331723923212893967371722995457326456589396175895916518511289522547762258882272413 28189448923897665941831144285142424584973537562
68431346295745852697769943896935233644883191941891544137 1399921942928625126965831373388878687738195259774365769172579141588655819143958848817376872597825895
958476175375612495 143391186437
8717729841376353 52265251984751532369938942396424437981788
5313356137657675454122666198916385197268817371197277499861121928631658274548125 357334794839991958664221624521487476838
7193957782199156716793 48896443996419877427778178155834615538879283
75723595636319417389938 82348271437861458419688956431398392
918266277977544617897948575398912353889392211593173336473625919573949194557 44794351268499669718672563128739832649117952681584161166515282766616
471877139634953125616568348144195 2314432477576149555947636241115331763667293614255654783733134221775451939828766968191911368579845
667 34937785229857356632735475478829816194352479294115996732514212984541662186149626644417315
3573692482799 34315179714871282322995636546111171437691219776672797659436179791946374683941
4969985148185551536599328676881157529186378169712973478547284914982482712562 47935922487584523372155298485827869363721383338844186496865392
98633515855739418726584123968427196532611642767829 4
2421498663899651297898945731612665792545699354 341388993469461947492419934666178531829751881
6613676489966564425577326235342895916176364539935978387788 13516544675364413211731453753239725359858861415316893461985591767941
71123934556165649167666264438815314437363757152932575644923981416332136 3618489392852665964765329152536265684459
99311888681287633958274446126223963156187247467378119312286846521879828937697458269 576899644141253939254654259437174
2167 61993417771521335139139
53732156947977735268911 79577217782345393999675232633678797628694591396121599413685245867668837729728645163832834996269275
618755532318239948174419459757619677432664254345456277684586759251327413841445355986985726 4128986499131451987
732414833777492827613346253263838282762 627545693945388595833326169229857144583951524311195813
1158789718642324943371982633 12481859977644248889419632966714
8769932251228681687732586245358996919717494599 12166367952387411788288485374262377869167953832979195651
6191941939568264792987552274354218934544448561726946282488355655316199353 81358861848848367387637484
4387561319 198642842
249878782942716142511531642665695488516755732 711448659835
19359623132 68357657585525782731346218357216534453838546731496
642531931782443636 96768373715758689481942938961337228196183
9721597368855845362227219958327833342258735539421677613143643414921828619956 1626179232125
3251175844573393352 568492575882189277364156594851875278944659762368977384959176285246763696343222
1278975939652126277637324219114949582293827112296392236439326166959752568488248135664 14245515675297538152499391812484773649817979431786465614125
574318924662445882967343838658328464764952399896494929214651 297433811122771366795285876984153878262595126942341
578742173758164596633554145544326822697889333494262989718398227595298573444819119529865822949472 25393976126896926549692675776
1231153729629154689834927418195277879612183671839256456818784333867165939765374353846847 698974799751468638645183
752682139635271641391821958196929266277837811989771148973128389966768183736365366866892884 264335438621615522984527496461961398581336598561776712625242143583124399213777172665539611663
2798788191955966458712711289776798168233364 799835736718392161425315932212422456737359327622294953971119927245937697776893777671323829634651
998967892227372137236361289714386717193827135431887511861747234952836291918895274646135955247517689 218121536618766526
52 8525627393449235837851558242598935797949938
7839142988571 7812899883685111948834425786972744253617892955298916188765372526838579291556326333831
1697473153445751199652422339542458658583179344723 35271229118633697256134846147497981131926819337947483264191891542148733585286146177136295
858789516137896467325255393627396737713452914528592975649635913793312785472771172425 776537541712762534569798656222245791136738724
39731 58515738784122139877882877359978624683979286771976243
89748199345244343468342612475296873418797822187354462673117771686 13731621776389366232414413511493333467324163629827221
859541741984883643383386226816745585557293 4371314794632298512942982586826723416517389259366196151938594
9963296392631614797975257637757196449553211441331881596418955877847458748388236472937242622825 6835761686967745985185922435
981768166932139279998599138918635782579544622632723753596615417232 18352842215193697338
238794492142219772483848961557741478942692233182361372947262682475581159199349543 7439361874832791467124733444636365619
494214127367127962264298323224567483342395697632556738119673621648666421189231654446195338264824 7
27461288982765227486839198139619115672631985 1556585129589173376515254533347249617228816193466222139783
2 71
49336291326661839818414959129352125194476392722135796 85335755677689214441974678124538484451129531762415285472898398461875522197935243594
8938579157861591473999953 934765842887642723418772752555841335126972429684425469692672625667767983
342574591928 84793119717411128213754377573647964381161444652692253658968453671
935356257112934299361692969593199756917353718 7612676112291427136451979755777716
3661276195417575724174897638882369458769792414482892853929947742355976116555784133828121455619897194 559518855467232
3398312988747841371182174323359 84491931813993728247885756452314346878899847297158997951618
1448886365312225542667145426657756167437279389486966568489358838787697167735361368 439971
23992835547866424811764525477435479956349554111342213992697 9934158874751219854
33326559229883835914211513184473559714824 67
96623713318524234667821355438774351139653951251311263436182638869698814962497677857233 19843493737697458931
688461274247538265996156939857286254 547268745513179273456653623411112876976669841672752776397638658396555892
314237562446374529785671463915978263942585392418215596659647944781 7272454411
458232638412229563263629936244456896774382296319754622184438472475846618642 533128
325993892878585368993314285575132687242945276882667828488756581639842635285239151822722477567639234 917827341487632
271112876437744735324327187447148312715123778616725272 625
3688645425767 5631854546462495523249355347843213525177484494
326813185613547363143327424534911922732329326138 633582793657
671823629324645713361593313346155155425482136572516562 789568674137711794692426467388337227155831
99618727 597453715471129
2327558944862751838871923463286958872634695675773995237543215658557995128 96297731791352186264726113877684467359414
1664331628215171615124831711248214578366463 8998521933987763673475111862664612696351427427
143459232397962968597936 13382585149775415543669937842962994617783714491859245473826196592245729437
82859799133642576799442396619977966525459955428335123581 898624
15933456771861547116783463138292641 8113412292486587647932214825757826387658685175526413596916453424537782
939238623152344222144283722133242966678 5831
72542643114 52716287624153252912687976937263
787358776289225977442537446 3892135591316489452861816233567555692255716934372516869915818322648653638
4353729317568465131283125928662996469594242729139582614 583863
4232869873798812959873128234 3111731499574457629872887558238765168673138678666379874536582953734738372355541357483
4837811483345632587844351685169522512312681111869568382154969278438429227617422933915574538387 112975625118653552197989282162187885741332134834823186724533851391619732564122737413254951657
886995667642918688817929628859658223449774495918148259692693793296 5418368527223157877817981
39445996636571866278251985735 8546373422262445451757755
4311937818615693832837137769171813736873419938277483778532 488222162559936854
44 59892954161621792468379513367211514386235377945777154162313796992886729246844649913
9768354982868867443386749972984238637369593533439977172299944526819431918473926777197922721317 6143834544663288291174366288326548397999161126534882529893777491425266672469688676
4447961485958898669826643481646959661513358335396835669136715322541218515996353787318152448 64711168392848261458361483351684532369396255121761455923524552479338671596757
46634945547776135479544728611551655614371816459213562953654863 4947483956225962496929171193214977494515854886317878626331229715787467711462811763846676
84617978475161245759 1565541333437917882715445568749479927254612667324393
173785 412922287843323341552634419879959782749594434829624813973985558751748257796
54324479464987657356391764447174482823994132323331912287572665782193595562 72968443284955756336555113924515881176912215414238377545137842631749656277819535875356521832
792667721118841678368495721331 11977345661713711818319739533
795589155517339185592196442968987943272226987789176738353499254624497687269813663317 5
9283669536389646151167258913459833213277276577311689 64926954362267984413234513695812834859594658975191558534865781664
82834675441193852139164132288272881276975295498642728932913511262163562978363296166 92321126489665488937822218739121658188494187321574285312878599
423944575292483833 697551123939635881683245636298156983
4278655721217541663269529424749928214636371336518138966786623834783789742576815252 776966538297235342384994661975793462878389929798491226376378813934428877714555533
4957265471466248471965467218249276576919523969979938915652264966939238658 696292561397276441545426466793685923445723547276931887642886956172742185393
899762349797 7796415185257444729434915616329724259135817925773556128591959712548822795522593659959593937
9577443469611 7
325864883699363534 995252872465319373388194193864565867587876995
82264416567263812392359429415943513 729395854947636434876716951921923816283257644372868138343666991339872641264682458839181336895494
889839678181685779533 19595218299488531467186266638272469697234585337725572752279628983159639418292218
6632455296921435216764688166439362466954587919749563289259191191895962378637283 21476445647777236972916821679
41528753378543 1111281752681966244664683779223814937
6877776232113634916328514564819173959477 677856283682438694686334728843231634273825948885959162363542965872344954
165658721936195823416679238765645123313313454453741 813469531796533981225638573174321239186287113385
3959122122 65782713293142283795984339659936451361193543656269259373871129791897
73 89689632549489863217
129 856582647874359964533756131894338821435487367461751479787235314848945287115526978648724237129216767
52146565583258939327182235686863449766149957658749114137378435 6217246925521623712435878972758312332834287458
58839642283517875818157536799652555451384431175534516228456842187222389367175688462 476224358723655724241196734782896461823368487334495137949488
9229274488794484435897725154865721526345228868276592422823283445 97351257977861997263347532942476695427143
38361188515261429363279569483981938827279168548243126683 76918468775136981274561847673776784589374236974414349347611891
4587721487982891511548431183226 12796417225434677899682397147332697696791991272383328
466814315976336642184579266142493767523 1985218151857215794595
38216961383 4723171398594462283116544963451129183657892518
716156427595151642549168195998852246811956666 1847844528295941213964973127225978642252262164757879752478668373197178546
85571 519213682587158618887275
8236264397826421385182812434161455726575223561219527717117126229557695282821278547959 69344693464793511346564327128548882167151
6917452543365318139288647865657317361534888233516248328524289973596548381149856674 58248666792449976659462669
2437512739216428785414 94576777741129758276668833
7435695322964339412163893227991414726422376 6485514446853172252
15364571145165345311327544867 899347829557493
2424945389767869142783921619211 83113572818511756121332785461696548183869493578592193192643415797461626312468
635837627529181786222893969325886377618433 71944521876169531177819692735635337326897539745828334353981578958918458921125
55869367742973226359863998649619498493846694794848847119397767818398186513 221498785167349899221457735195774971883871349683649
499144816291953646259426159449263713944131 435565612332289835683958416928774237433817575114882265658527382149455451548
9787417937879416927227139959147898822614268258544192928455758127781321233929463394749374254234 34968511816215449127943184772467991699766455488362
752722327591447912732893216388485839457472492363132639258983124879571965829278573923885741981687353 954727735787197266453914486596655159479883187722422842472573616916
65593176236281256776771891128618597647588899993883131313152383474366252747887253 362498523846255734496973674854117422376142
86616299941259644821 99616459715986519891615328553299479898982258135537374338833466353789454
21599258614432323814999736828825819911595925493978711345597962771724353279254641765791975796642964 47372441916782688945684748999674
886 2978864673462227756872113914794823982853952819847499324199748
73351296715119488985958495386 436469935561456831893215592851849253147782999823
1996845564355852852845283662216263323655344673976784716314624391194337973763983355314621634 13551882287612848942889468424323121352115289
1861482336328723439463146636545242299 258444738718
6685898853315969131726 36616821851337129914497563562716166
389918182978612938733262418378754848682299218455911753576959558264498971818115763211 16714878265251477759983511638
857778118543 77195232449852892611
748311879638615327455611149162816539979991164224822459374161199222884343627 91661818261353432116522989675675863218473425515558916634511165218185
47285371924868564837261388731488792495777347821533155874528482147236739367261482221663 7829573977329
24517196518629326755861541163421519645128567387373624 874853918769832187372971922665819472993587383824859267461921745
12547 61212822235533452576228381488297486621
31917743526595579186452659761468 278441338845679397814688784334138767985771497829192366438561278414612429835878168472657
1258214658689672936866597579377264655292617824868131689961539589845277116981463 85159811844648436285795748722982268673843413362729396257179221317177467186167153615867138297
33 94711292494937862189574254
1949798368172123 581933753858187815586383654578544879899152342815981569647869539571
6991728516926277436373618336668887595712769278144555689274323893739941121272392933313 163919246233849867448864
814281372449989387833784628315878973962573367327441874686217383856 7965657256187578459768537128255378585154939398574
915554648593643 6514628399639613947636623148828586863977416595338617
8266473236423962821131243783215391975825712887859281 579383
788966948484486164938148957945946644721767151872988522129354948342295814175882154189917593 15885327537354437165671585849265283915437693624948522955696
97 17195179339374592241825631163319373877977125361491519344882
89132479263712759841857345255655591477786921293949271617814934317641467 2635666935477478434536711112316562776584732745592629233475687191754917688422814533468599231271698663
41382383199676482455839224228932944112 638444864939
68921927967617576375822112135622253853681912916719489367576214173928 833191352156135722186894676755568162635187442427542693884819599261228547186121391535114372
761711436711675217181131227215418691713914665895234774832287484962448446755255842572 934621699368474899151185781917791625421
6234612694399686862259477 1747684174286859757894685435318777314785578737156599486455517963728159723245355253529419816992825694
6758232497642517239 656214475613821988769166533863849427789518188
42661137556574111431712137347985 87187177983695718294366661425339961562498146729
3869799994512327275929891 9277896731668231321581733662236
9838774944335454319577824931722253579589213322448286415471726886858677417393383529442574368 46782657246799477923613562926623875963758175479332549764882383829422243
81315444768962443695419431158591991473678139179928796558794884194461362729874793283878964256 682719957789254285812658189876681158567621372217688684534649294749638186223357975186
38751655783193141387392362427535518814823429 34356828821273
9919257211998613144375473868737627 8764969346365756836259189559662342959443958669572
374262928929666845925468387 869881677852591158699936429859639781418985388385512244
8479 82996882773913288635962121321229379261111535545396255231
173978288681836716998988857747716895639797922734 631933121262348742882585896527912825867121536238564959245938615
34262836685794896 9721598563717853598515574817582
43594845299361513324892319347229553199863149615863817389158587658133183547737312 689745842556758595427857782496945356271784292219337849796743859617317954379
286597919474369614388591979324618925977268517659381552666465542 46533447536
24133919296215349692558438123617758577286591826766655953777 454253695513533527859338965589163937494795161998795433914359779169459378413924734511371953
777352888582269416837244324372865973679598914985575539739 949678822731843279884821697648327
81589711893159628374 769452117722258469635624276528526283315948165956291
3122791751948415125533847836321487 3388371269717813281553966689634294451427112469325
41893 13292
4492939142218213853627378296894157935395 12888639336852448948584578356554349462136637828958873547142388378516922418588791438877154591635
9767189654836565465132122981556762 894797311816768163871298272129764887272345642295747549377692144662
32349946878886689789831265362765514677971559991576624639291945221926473343817857 333962515255573875245586863828361234278163
32267846372934953664123654783869962588 9764458846771672864998541949186934337797216533
1766372218456691539127784478915885912314952443794915155832689428888256853781 412861668676339686917845864749889684589621893461113527771931464955
9831512377475625575395956859884352625673718264867492733863375597645913663546126778976991352379789796 17247169661532156341512197326889882187158837492754143767878486729974441469
1227382164423257454543176639122443739913249825 6937144249935753917612951684347358
37241919898497663 84123474379996649751412466255519638543466
682113588492339294724223444771945691962 123823194781727133774991
618213713196821248195125586495962193266197568186888523376998352 6545621519484812316655184489762253145232129488254827396
62627935187519311183321813764147988613716299519679188857245859297348 252413339511497228165666241
119271489133413644992167829253389262453689942449942831254214181333835724546 616488439616673452247884918142985989956122684151523296149715333146857593411929775783575
48695673398225673964576768183921299 73424939564625893956394971267945917495
5816674245281587144288963667959364621269335165826366866718563374882421164791458426586577488798674827 45584935222396886797265873352691831745146454949751847537665148267777983
847145335514759619 9183297436315643978931738781615846127833349251499346869269796475
781911275742454984755684168672125691746716588356 8364851878441937535591612255959246662368643524476957252677972815157156926193248377231457642
47687784426566224335476 23812711957867195391518788384948651522914256224283639
726136241176892198673343343944287449433218166391494984623562954146974 14842859917265782588252174244567388529898
482444337718989496257948 756312391347335354372196252377
26697233649165329614846743117362324926949413354423932 63358551318252816185361736721
2247511734968787373 8356133854972318639427177129486956667552
55437554113793196355883 1988723223946982383528457692117
77142568443437436397319496377175866755695369338437 97536652325428411649823171742459151273311148355727433249
411124837443458243687392277687251569542 5111548579156342412983
985345816734115685315272789299925626932839735175765185355223941472841586211119594119112274946585535 4215189743424961
558538862348329497 79516996141344561846897831127786155365279791633228521618236652361
16275473944966486486146378843893874597413187672399495841938917683174156677871673 26539884769541942966983141198535579566661791337461784647836155541
613943368428135427227888438532267957274799887153 26
5319 3223757749643643993795535551913886766331238752479567461356477633
49195 36446486728725396957626154616713741743545667526786184655528146653777375128691151964
18853131417467133891463321534899599366389194659238592412475584957397288826992519795662962989 41
88974747889697 915298568
71324333815482432443762237966933876 183874946781263935618746444949754193152677838856535
8277629968957862378943883735784328975152625655615649931389294213936934434583486177732625769396 749351747813857658225467125683594774428869539439485227861644566141423455213485884166831224448759
512569785455541449696181212152 937548857438134472993928882636445793826216477613443913654467327798241
3179249125751158752788421156146524582949621641525689729541925714282943 95633966913613833768384188757793353946629961152676312557479498
3628722666387341369452287223912447724588582445719319 981555464566563177724434793253811616178549572568973679483299581
4885266839741779296688477872753313974789212341363681556335198325669186238832299514145491463821514 522
43871376156163572 256219438593642
13583846353937518862591161455183569236481912912952746965697918222266335395357163538517846972885423 251734793155974138683629231185455186113913
5263138942633762364143 6461283357455444447135862
697359746852532873119231984826528653731389676931535 4132218995914776415637316257225615845621554524734
71621564679179873941593 74593288792775796116887966487348166377981457873664255839166615612557614122647542247485924
38514312912351168147664442216242877941478377166716316259827932135937123873259428418572266 35
96444822827929882186741227195498328178237691141 332932589541176839276775858363972347775351845312651971763538618663527952588357798339478146
1844429426269348518189785611976565985245919426272919 3714337879196494714779274977657347753471638794421187692863298762755519523516
7291116615487677923867397169294713259726176772861 72639966177616583363439597835995481378965972449797946
4511869945398218188989834525776245297925493748232226665452635662315897673697532295967987761291 326773888261399993233729345423668853279189673245378931416297253447975929181276348
28174352697691966748519747717319315332146412451358593 33974248585813442
87262226321922142562999654551619778582861186 3997188229
6176113526362599569482396425439351475 6181827
4165219 569888795237553474388445949729215826915693356335964889
93728945857578341414456581 9992871246851415256272875255459866875351591183595193333812
369181949375385912872156821518459654989255453148459344763 912429259524225269221656467523433859939556578247347497134243571228669548438379887618322431177
8944715955713577717171145135979969341674851 152263347227645758238593111482
3631429648729922642322132 4525147949892183787656324811211381697
818199185713177432684994363735732667139234799382652519966794279592451515335797645455181 381322
6148123841648281232638948654181368744494533356928338167267913319 4715796242859583786422659443863175565492266734631134499787569649
29379781622887531425264525895612623591653986171431567193 856866978292
43414716535635575575749666375787423664715571979169513483133171 9855297814524349712693293215355841355616738432852562576834563382
34915466228 416821231
196285296524643316175442534952642868721 714475633354695319376539
516914693668944832649143776294448435697436169585582772273656882976168563 718987278195171319
28261689254422526151864751726465 24855426
7712818274711 312852659122268885166536591562688589233
13626958144588245237385163623286297999217256784974944786343125769156737835862225757841 1287848663236791832358915399754815722571273233458616529581541998413227176453652868642
8971157289529628895315497418823162465616692613666 98
141696432257817929234428572352 27718763688321974594485655894777636881771986832746728624949133759199969237439999464877246341
1918354798 1193915495896656181636726916217247572128786777667731713771546255782975149
5137615722318324781783212164776666269449817924591187882573562722777758493118814565858921174423 27935983166262161222312915
2271176796295116751631 39215119799815776531134918124319531561317977983198767953928
46144323798762119128782296399143321178946467299523335951831339331722195 864276831933613729992686946768463
6832924897863494598716924887133463786825476821517277 715316692683793617878742355743817
745571698276833328891948848614 5826799353327456835857266
7887211655115884136 666154255118411655872755482113
643233951248727342344135416 26351718
457577794162257663764935388342669848624938422913832356269867435533646569779 35482957979155881184616357969468845498717199433137222291982819363418944192831722371924334
76942963193972234553952361279958566554785781837874229781782 534397658955421451
46158581156488718714516432191681517324853329152578543 96384919532186162728344731222596756382557455255659442868893537165418648118523353688755267218
27233844224983477864181339319568488287843954588475234287 23711586249359423927658185798294291
2159765221 2874419126969388284331831974164335125671
66876115569166849197375261319 299465847699639639233723796383878562561847828997795845595628574786699134569
338121886944568647357479898348421569675172685 929796711526455149476994368128413225928785517
6521771495 892718789147938719159273177467269
564835 177787479449745195777572675531857
882275239374588551883478725675671956 554686642298315646752133249576917933942622149694152469579787
75 62487916785497884957
8623863635767935681498375597611875566222717815 976256177767966886737163643725436119464429322
4353883457818862434984976338321323818484272483362837341516326188711663767922865739847913 39747941249571568563853589356626113553
655492 55892849521875799142365954198
2559 3336225451664639272156355196976535476166429942228374765324599173437726947162112364
39593264255115167781 885939165327622674142467285214787773743222652141444818934293867
6696843481435139984857757282564482353857384934871787566415255671325895382696328381651533 4359164183738269766684739549141139838969448169623464199937637
4158536827581446573957156631734 521956989975586366814886349948969
69785174595974153428518519533939537492112565813593233315862435 72664425789873884
28275248647159197724588522536582636465334734271814948658287615886628841 816217175358777145995218152
4814867283 663292872359142
2814125578131858949669 2312273224723549735738844151223353914658486994432623339464618865893562135642868
775399451953842485454295632442633682813339292982128373481273895246414223738461393194 7518846149285593614318218612221948523517637
512414944431627635481198832781726935376989552252376829948526186761283831126994547684457595214731473 976584247929582581799982278952971545647339624654731816828176863343875147154333784413937
9965271163191583839 56991924418725792219349249936854575672229594192339419634292234965
1895339247463912778443782785492442418734276363488799533788764545777933283627 2351679912119537466762157181337817239715466294428178825446152391243
72668898851324144692969429548976617875 348971992777718157873597629221287767885779895824584279199747354198535846611334511324884729
21551564417 9356911361375961823985792598241193953853571467227923413
38449839867619852649199194929824737662229779432544593564665313638877643261267 66836915
57983291477512111699899231769872 4976442718198188517973475255247516833854516269344633457655542727739378449727947
7913991448986799748391653256269998158986561434655666547813476128771322129463843851277141711548166 61192294149388961588972314429165298596887687742
64427125355378299149195418431676744596922117422374281496383259532585266567816494325432 5578538172
163482698565357868568528 658622615
6585567799462537314713633583252515154947449577981916226874 75441281277119167171415343763654853585878146961947424754677657783427374787469685
3413896964 1368933413311621289445629521136211258
82252889187937751118373758742346962357684528841625567574785895561286844 17741146235748248291471141142472579472837965536867512342196128244477276963672895267348816394348857
1992887999948433315842677232676371251887113843664596213381153451486819958457719531232339 1788786796742361832175924495263114854967462343684889265451145222628157143345732513683783692882
9 24686627553884762551616
61636711682127864551492719385567846539941337758621522742463 16243134965972147344347477966431537116781853171876
5153663693139465786621487381719333946785916513928259297289685897593595255945482782887365242 876896799697569231994589436439896184449486495571285657836493875418467261387421114182989747718
752896914232665556277859611359128432722519934834445242146 12934392226831
1 636833539958121567465613152718434771949
9154514832577611785983491572978867246132827514366185347859341456182655439395339752881558873 21627861689834698226784622688
651239244352195582119262426837583397464176577243134117686635799417257763429 82768862727198588689759
37883696412646984534824949232989549543782558952971398653751157615898867986165391678 2986611837929458193566336962333719456533558643868944936285646421
436725722368 2861744924127489375679319522795488885717778861486112784424827917989932461925926546381733227956
5132446438378992863831151262751629345985875121538671195268637387442848676911836569787589217969559683 57295223489999812742872312633665511355762183929713379491664648932339394489431549377134847147918
59741178237125143131896363881853957 4339761252786127531769932576382735373821351618172481394175238281762285275464868498128945751
59842761545892151537147599677857682648889224689824773537386263496599555973877884334647316399617994 8737712763879274866877588886267596973695798494
549911955349931155498983362882666396469191817289683925231731 17212596282955669359459418312661261327698944167481992588641
5545246197176732 8954464489929659994482463474831684634753195572859968551942369618597323464223638342338182728433186
9351239428662637266884532942467894381461725814493718556838459877795216747419237 371284564914761727915339369245785424737317622588752562419162613766451253459678467137489313223766
364689367911183754269818145147752418 16315176737443982891797523766386878896159666215228396484765822767
45571668765583771622339316255267 792293997883883616977148133454137896481563274569668354834747589315155194751177337667637888675269
15754 585158738517784453174845237312174692559279341654258598215669472483798
56 9149633886288162493614342675995478462137281542265767627735415122934177337468683253798759596526567
56553643923647948455371988814639225412443438735712886747786324365144938414665622391417199459 618118644682578121741633626379855771172865441943895453847946
234648292391 2843944928837833398915357131426893568679661596
948585737787397985681892936254437736624113544797896514911659931314166245232857568811516346744321 73335549815682189181725322742548546378853122736542181628528327492
17134481521583326891171569252796955421634438748234383842984472185648349758835116799 49385578667364356626424387336958196897495879339571594
57931644171211756633561757564687854 27154377774438589611539724653232854825634652527461813
488839686575172377216576913394683388827733247529998578197217195879348688211152739674349367496233 322734135555947788853143963866838734646325266681777964556997248694184271614944417
916157379911571884979861551119621376347822744173 8435839116928741478942518646952873933738411723438829411414242222249222532596873782346126174669435184
212488878386678452125844549883351551475832621144734858529164532193222617274439385214113 5418419437856747182665911
8784384491295129628144843337452378185568731611136449184768445281 64574833832696314
947864838827845714576456477652657 3673936413
6694798657534416348696711529597152273287 2354677854234131646628368385658753148186415385118157573
41341445831416629113193318677589547172198853777459225579347848928516656272995533 3649585184311357262725221876915386
214134837639165282941599521524672194736729158988525853493254188735788371713583714775897341821175 218363556732461837426642348112762286656856493993338598125184652937423272379
83237317259931234792122653154821152791187563813562782955641975531936265231276 9337473348145216895234562226979346
2321155428126557542364476847488623618186882 8342273516
342473534759562263778288271922 2756917567439734448864924929
8589578526913926524646134939957488652487364768879469689676832726535964762342845556825962758539 6793496129762389126796445326688854185539756417633973524493196216389
9893 192345471383566719947587291821971577161327628762319142192729455
5912377182667644977372 57985755151765421924632254925371682981787288888619836164234235851587854447679448662415667854646
8175564774355146542814194193454991841575816257366782 23595
26918565834572994511133371777541284664 89879
856993619599562329643 176544112843624531154182617885634918756362365867152826551128695695182817118939799921174555747
8582166389838153147391544639664775529186898213194298784117312143264359129335656 8397187
7528522511664871272785514939 6578268283368866
65198317796162987813874593984964671973873775216995546762 7139369412973759467423663667212729275594643742672228371598633917944282665
989981399736824263523661284171368498741588535837519441381652172719982761561689422 2
93439973484212721925612456174491528847485578274614619569515746623644694479422 7136131838122261187429411435837352186594166559134743121233986515569153
722358797 96854272564814839552647523514872645947873267795
62233971279967769521466425545781326653665925 87133235883313812216774469346957356364683132899598986595743953319127955489247496185764363686
2345777845644411996214863376398559192982847543287998466364 73953845197769219435736475
38828742354116696529958619749459635745985989759 99611777142117
182528558748779477513313394764624829678674386453133267887787324312257245575433634462499278 91634748975349783167488552685175373813797145498243534266876239
2211438199276212286457396338676272996656271473238472949672727495115533176472572 7437324261427836926371156371144524338448491924523119513187136167217978357919156683
127717195813718319291466541714847737474526312453329157462847461694846371231745932265278447 4174836218596538592219639431884898671894935136633316321931791844242263892474932546744999428117281
2 1718734465325123473459
1182483343598884131243417265596336836982538864354389334198874336866763749266826476 99311714164725479436829167893324546196783
14559995917685932799338838695317116374668831375221519898781429913 648136517963323658934658585331328387726
8492753869595933387642746672885 18593354271888552695365341949145336998393414179424116676491996754343
6521172128186144717481963942591457649193674459116881116782521829721888381978818349556916164465464991 2521274793
69274667717912944779526812697694795357415618588288363187184691684417914244671984487822481932168914 817676385579832539716625519398587122544276758
767631261683661697739362257815582563486396779967524598687936642733224143774696398375688643523313919 27788478597936728755161742449984514981824331188563631674924828844182
6462311384894686549635461916944266129112231162343133687923622355666484475423111978482 62139439895233632955533833155924656778235866613286311316664947721
6697916418548159893846264552186346666148357877124631324159729485 739524226345936966287526717428568712
87579552416322831327654455796317136572599157682768 66883757136
2794758175741357851468559823484514429434741929 168228127869545611132215234224197735742786236837783751633319495296
5976934384112252429227153366385832939373227853198216719995917537728 545982885834653
981 599392718327971977758148282382471538628425628276727939696275117565483168169666329182275267522684925
8187333812994337544553543227615561187767729677886421613481333166275766526383954145733118673473742529 942239983758725574949594151712543127995812719437881498561368195831742676853
658578191513376995293758866274 4199186647768246461577676995532
111 753136689822993518176161442729885913997317287279223532886517
98827922256846237 128229766458976711353274128569667889439355948743216676851263533937831871729482879
12788 9352534654314497
6333848937346447962776348562372194273423771121816828421 85652385541
63718592417211634552366695461987586482899875859757159826829 311853326775311351943118441117877643126135777791638339914117832612218436419454411867722168343
8289748492916749226 6962281462115915186419128916756353543413528748886143633213
1651624685917791597585912773132435259793544 657731566534119616154435428248299531955937158544981785723961528272432757892219
8256938643412549217321877826713255917 974294716895922161355496667494743544
1548163966558736823913864644985344594686942231647939257984366982752521171255443 5127475531368539436262135342587984822657234388856598513294512
9253614152117294854826435959693658637991775523874474118599257355451168624476 247388
739245211143534598296962933765784678121934914416671669142552353341578769185812565675711956577743999 196562855915656555916858925
441945151172586265294 749366996336357179784988222343487785516238928766943385735376457494657
4641934413 84922163954436265746136459239641648154817918259772474954154899
88597959757524678965534843449523199188691353432375823162 5254456142719152949199227133447422778
9999221149363 67157139542942366526734134557949237461623158168412728996483874625215769241952687159642117923554857
712342563553267 4526783125313565173735155337368765474794169681852224489357352452822561445179
1356967797275871963489566251 6265488835732834822293582277496876797611757571498471439292
91811186927795587912377927432341741998344261583952 2288157593277558664377649715535717
39649952688441434145714621837978119166594153728959263983518565213591395124166235854226734 3243376616562617669716295341763847
1734358456449979978343111499532596491925465358419123885861221449842713 6614112928444897437155865657921191294746569322523118454571549862256
48461932399321467975564137437877987244474485945683873885346418331346185344 21374984515798442683987316282778389399916636595345144327
3726465185818132821798589954649959163511 7673481795345771595992516648667768998388221325386436565991231321487639588664497439664189485272
24632633848272525266323937587117497335128416952244353383247531 62473245726596879876485134578981581171642886518822967876676352829315468258
9462569161649648694341742493922736843595567271486 119874774482553261978937361763768214643327668723646786724695923935163475
624949485148667783443961366735181479975869231458273 7918716227173115739246178262856938622126127385727245815989797361588349962879791952622
8372166189759847873222924489675269715195677558918823979223994 13541296961137741949692715748749
432393978583344332614568898279957721779954652643392573673494473664154792931399759188469699 54795
7197648877371389918291481161437149823692411595245624665962 124766238241568415348591974954379648681778591562297196357223
489983855863157 184382454315849926699238794414836982151566723345571976161897759735522723698132923596751717
237668537411962268882 32115988468885211111412954
168227148165123543377996 1524364557
952385556845164979143558295621223466441572121516978499195391675887231985495977494914763149989977737 769153894783794315423793352471955561575981324467476488333388128723
2868337984963983373114749619493616254836498424497113569467733255982587183772799392958921262471 83889732656866986628588934
7159 829929537966166242122582496929961376519675811939
6132562824965438551249727954826 55898365
316621336786662337257726826719993197431523426 96644191683
32991695922465922 82592457
43482197352471964682558985312199458326323595932114315337527258463587716787169538875 544166687128
14842641989689418959885 379615847276428377957
195531783251764147915737152337652 4
455651871523728327494788191994841627975843746879647475617137331729267753 83325521132482986974887566347988443129531142747682453859549943559445824275722
697718966678678673759412133823763422764475444819729314834123146932222 147263684843192157853596421794561769961168264726
631 11411676673297653198962993288836741497612
617378586542685367255535532743 2544143538
74936871854192313138634818956231 455642453561451315954978613511778217347852518681646582965597174574811881426483861
28719746176 428733122975958293231332772645761322188716273196341157374894
1749154439586519652872824166359276532757853952179933251582517826649442585526433941116592 867627977929884375931129941344
4878155172484446438993917784419289391556187314117534572851395532233419 29571598264971476585516891498897219365611164783349774456863774875166195247837343946488395223682249
6956444677513123993143966 5757654579979
6744773722285638231222473185629976 79318364232834675916626986349777441556534885
1766196127349645 8617425
9474484369825 816593871775433355412198977743555686851819584373693594
433713496893743339573626116975514 7139575243838544138414349784646597126411152195321561887412963328779122972581768371564
12936156894827544135664696413483733321998163224481279229714517397779176375135 5363145263121747795567114
92353362639833236257789726355369186 271513886415366393495759555683319431151992846574176613272951856577587447382411493468623279322
3534281429116176837194669491662239732311385425388162643519 822443265948719754128492779253597992112285665769194263756445119745324273779631828976243657542
5166167135115658279368132899 325435954231869769525886295398
17128688118231257 59423631254799269683643656414666171836111144991117462466483726
656995184198576177 77456893932472399796895743785978952655318593581542671649464178687158811
42763274499576226879862268772576156649841728254777871244533752268852549479975943932427925 91414
11666777187775935563952555329731626145758694437465166568811 873535191413493691548879272754143355644225175496566613416158415652341771226583358
93397844395273482599285928994611382147631345967499 978821324511229939129994781291469619383316579676194269566274196133922
481331721734785174527822652 465156968494129972
51144916274639445115146 6543279952553974443
682393217142635363789866133831669133517245129724522866248396665185323351767 11263548645118837437278593336
25297457246121382487936298111558153665545543229542823791189588676645637828795 9114259176687693579385117
5969498713415435464518299816213924942835414579435378333 4173575987552619216271292764271455599598729181636216172692567324583814425217422
921781652563886344938477477831865169152238972819548 6152782479753654245998218658219195965791677692218473616
46869736272216989959141656213639628289922226322864683423263838863344 4562159985917683848576348867
5354472379112833466648629188469735218328718723 84847289416856243654587568
54973424978578147752959548234148437 7527863
888538498571334981383118126543974946643234366158261371678 64964672189311122588
8923925 987948513815131767117318881951153156863744752
986 12977581266498414482963434295935389462145415929331487979527525
3586923836746296168537577146593544775484166862685432779443838735443936586 4383
9183843549362552214 2528
8657322732714671477163932654819253347491871563462 2938245682885477592681961229297191212153811132939273942976599281575831898193469366
148893263845843794148981177762743573989139259942425169625233723773716193861123354823927365753525 825171989841935825128
73516318555648685921 95338891252287929568484836658546816149951973441532466976931211599394
1282181418253181487565911648385449123 432797447184667174969761366681337546421543524585887971155283774947564161233793369614171432963787317
837737882194972888448178 9629467596646833996829125381427956879285449325255333685632268771329228328575582375551529147216198681
991423987823219885853598135694258 792678552953653565598643581367178824922465874
63536376848333557 14732698636936245757273978414397889897874512435933888784753456521
39632222929689391133 1894861155273639142149755933777753
178969393267899611633542 8827821455246886361581334725283366486795587755844341856888527979593557416154253835111381332
181816 936347249372969737575295895814618518854228464789627156381235917385785968
68 3512592
51317485679868571635425353827448165941531735682144156922884852176656177838798 4172257426561522283259732294734347921664933144167
1386918347145131666796411657845721362444655469811593242976454637527163672112445999626967555779581798 211558138871493216987444591172988772424972785321275
913642339841715397659965343356959984883345 28234612934812665743873834892533281186
9426242134264133452842625387767268199 74431912514457599617189
4985714184965349811944143653244194519297659354247165649532415 3288525838172215312811174423876644285
61847855287898337379424712276983546971562669623863456824957228848621 192717993347993117167668571332885524728597798486566981916818951524644353472798522956328231
176744897896652354287425413435313844366298389612383742463859382384 55435996245925411954394326922989981866242
9865829244734724493373746153161543458755466575835637883541997498897698849747535994729318992324 18656887754496935883
2718134691743176918239255613599417166148713849874321257 7468147396656118364999941519211245177445267683376456682331848613416766752757
43634 519676962134764945436754161837823615497744563777538496487429474493784753239942921745124715221357457
9848785614298288648137276588173545434317112118846177453 916963618728454578831373616248941532455752584251356258564647186178256396491122866978652871923844138
963853514793576962257284133527845251658448969812574595989244714824137628295813422396835233592 15193887863915272172975412175835333582776857914573516534789415931365981328
25791698262157965497125395933171545571691773 8819686721657933
63831467642763656817814768148632414277346833967792296348 5819392738759723826619564977133822745693265396794588393258164786595598133947462
57939455196418185625382161566732799874431 1315139239958215349311948479116754595915
12182832612167337971 441521864992337458328112563866977426
26766549132949867176216863936523211576878167361535761621971268764294838911125567846283646356658 6594948978582511944696986174116168832212537193531569128264758492
1679223324677733544159848268939825936361788455361967617886294776939288919571 94337924775161219568294367791414173941
4767981 146754737624534635423682366929765531
1538737773842519697556648866211199 22239131943616245997431159616555
8631643527198697237311264924148581169736397166163926779649671551 692361593348122563518117176481222134318415271287267416248783758932
78815386556 679133164247569689451973986894
27 783544319891468
847466738294614676382374251954133153738368 496325916941867191913688586346999382712837356587583
76461553629892749844339114483296435485365116157 74948695272682619421963
564128756254394812724915261159376842498137438832112322954122 859166193778963897783542122945577582492718437351658819691252819697299267
23216178618182664371558 578771415828316136269882232159822562
61112258498214733173558878441354433892918 565489185992781879641968667386846917218977
197191269326741524374 259119494316427459663625455753442213757297773833977852171
4186814294847823837764682889238178193336767372825424436132 75884559888167473582313872255839
1113349868598262732948193278465782426948836143614526985313588368 9128328154613869586748
39972646717982936613725886183439985434432374825724662483793244112157964659939364783656 4437694264281872851189448735838841638215831
39 51941416664579595953446973396286717294852467399963749165532445228416622567879684
77679669144488116667935984546985183516339256342 97219662521187736874811717542252579784858475965517923672515696262992147466
3 13545937395128148672976851576623424718211267363965
1446219944374517848698392255144861578752485273631269525982 54584613741
8935839279891388277715481764 1814682676642716261736775826917985175956213267292855951194479449488443491521936695611821119
72199611318599172313591162772888273255875624116593734939386531559657199368699761663569965939 52512344865482688187573898833678891611136596592287124825254479
336261193577 8735818471271
8473584874578425232448734266225879236347692469897534924494792989223877 15398514231944519559
4767457851241451271918499295776278412735655895145773756971291114215 92988537765753118393387648631529863334943279551891123686977622493263121
9534148757549875358541383267666472165541593442947731 575149454759931761
131855424753822366194556571883388373477452624691726369682684325163461891895485329724653882571 64529287475347646654782148379558538518244876344719571518892727467792919673
9371191555224586531953438228569565567499357344127212995993779836944757542654747379796854927125733 1
859814388298441375135372818243285374191878568649 18464877457715618395857857573316
29899577918485753782549165185336317217536583943118295282579138625138798127442169962535 387451233964729483143655975468294176492293282684678913443574377277931982884132667
199987841424285923689622281466626885913335365893276644427752353554157712499987462596919217 997371318243797957564779492981217781393311
714261487924835933154852764864117527739266662975544928714588283398428531984 17349793985656134791992865796852189276913928336373628783683793786968416441548632678339674133886
5257516195873744 57777929238822677113255976183867491736311369992185282522563771321
28791313717967243622786174216333394548729557721876284982213568 2417751372275517824765757886141499626935566999722332662734525734828397233855231669
4825481782886563416322782742947931247475615816668739539 468719317791787775823347812912434917693174172399915388544883159764839369655738812824343
322874616132723544382816969852963248587124844559998263489392882119352533512117992723418166773715793 788188566859556261345
57499952422421693294246827295839287796452715375832373383489 677178696241132861752819828799343628132898426518544591556151982677519857429715217629971862387171
231342198938286925754658332826818286258165754557695427323324935676 556647248745193975
421213935178313283132875431235752417244334379411982218164454698569634539837 7562912682692593867638766457257
171968313571426279986781343618816235752412866911668 492535275338632594374
838178292283381117298268775797474127347816236195415198557465595833988798 566428958517141136785886584338219881655186714162432747263184477486682459241942
4368777498566361383627339924218111951371698295171217342529627894837569138769659291342344284 541813588511533549742913374731684829872447917368
5981912144539694859539455968259646314811136177476553224539646917711 8811731457778162692184495223872461669352491438854462447676695433436593163922614135147723
2414821989182234767697651449488462787849249 6734532894543932363827254845647156126353842886157592712582377586286835583817685845896483339444386576
72636638654243959736929443459581 8279145474815156624125327589874616923525175265821326
462478436711867 489578183291217218841287187871927579821391392835583654
97714287224172715428195128953144789848925139155867823831286782614868938353981364614469 89295543391981714761832664387228698398223711369817691598455937476622534
8432365957358725 8664115458741863817677648198345429243672717434116291498731
55623136584342684597346615983633741895741861381238218873195719569856823792172817876252815838462 9337466954524244156981971
158998315153946749621389937312147877897 3825723473331773559473642494361417552339615254495643254157354
7789769194538753277933477818383164668468186464852448866396678127474864944248312445261377715963179 9922769943846223466618596413224781853332719398335367737392465324881
129255668586784753412561523195341745413373695148669992673323527364636425837776449926653372 5856811837455933541217643281285235139658888794257448273119167
36263351783998583466398622714388639521299258567263962749179759887466551569389569432 5631985435988716851164665257349539789363
826915851911529859696851115191279868484932371283983126675872833128162427115773 5347877458667345695128687887331411169364837125216381
8756111844281944444 51899669147481852836458856477732597985591393557721933444665561989731971994974791678682426226739986
9599883 58936436824277396811436321557258
249817586362361129716768665942219392296924923569 185332824897563242892355748718964399462211286391724796714199196813623158
957442629969841 7743759729716613625712612624335757942599357326877972
9737234839869493558385429285194135213366775197618816644882895312128524859553217786933988287696434656 633952491413311699239127114693253682718847871359911241298785695636866349835271687826356728291761794
22131183434238267937818142353526781869773981333634123915413573859918972963555926774 35619997159811785311725834793
2848869184436687455937687318478272384762927451237144349378228291175 392927189238958477139922
34687399231512115245577819136862476948982641666788 41712655578949459772
11371276368435498663335219833931433184411176282918296719751845389544344969361586241638982311732757 6722641295942584325142326965422478423183973157835972348437342933679811222138649973521336
74969916728981656677781851 8779178682625396412325542388214771294161911759
691537199136168576461911424298795869693568717341859128556927797784198787346561824874 1664122851652895296673955392334822293216146612465987329691742172413419
585823597282326293268232617523714489647136191953 89362243659223747463428942176221
6388298652499655935552666812299165821775374631638987211744194198195326 23851236398674312849561765729298856175448527885228226628728627273
7665637414341217848243498948383573176771439498649328459319459948243318329761685187838766 828843342131181112537255912371879722213546928979768638234185824763386599811644845631284926766
873216518727846192879215915422772431257557467186898277979 14584
61952946546948871728246468967687674595731897643369626262348812322936866998653676665 95287531838788233291385552979716148184231912892743974949
5998259113286855981314593194655691282867391557881 63941339653994613185217211959985818957831993923218295314676356471895793952974336775185379283417919
44586481838186343299555717535129222198419631575132243653936 1449166391813844462625274363
16398223754779643443416213544852229895342466957155284 165
5113789491983968378536714946 791939125819159228761469736385511736826179
98838915713248922253947286629731248244348 514177147745137266736579876983556632343288935531345
322184799854222513716694434222286694813844545584991647339372711915143982 4467982238819589896911741227724814854141
8211236928745365452333929824664153219381761 1595661894267676226264689422545799933765377889278581481455291333919952
9 229369843374262775524777548395362737194999142475
23218889858495454582798785947434999 9557672282534422982857752886988832852864944182991333645916375269569529998884554837617794
356351477464288333972253627 462626484472887269112722184811438885672527289699814996223257215785843892422226376
63625275463682673451 5566153523577553386129
215686457973556398581994725691935575282964591575477973967153797573631612 6523574263755151
115864724 5381924
793538292779432836568148486899694857849359368784936643987649471224827 51134478164324621781913271779251674958839279457419583385
12591495383772997122779 9566264565821133835621161928374287672429529579859192384468681773539462975254234672739
625848 849148236658934887755421986141252
25891283374236225359564672281826571994149139684198271857524231174954845566588477656616253425243567 9389816174597136612886812984162947189172174869887488482725785682856261
398635324571826397729432632985461957866534457767163129487624615812349862 132952877858879293
5491515628818926222286299832746285134354934113621357 95256537356538442347622196798762161575371586543268
72599396513712937685274 676557593961919673789933157546543918487442655751567129676561434822518265891566755
744562579746335698623656868876637524614631919277174 7478481863839647318322315363255279298922332398399142166584892842649
6826647325587335834912723782712773982246912538575452873689875317393621558328594141 257331854729
5242754743621271164654493731163852535855957898168 8513457692383874598439755352772258567282617888382299584895554455598182621917271523786
819144487673482994133473534141498258688344311924292972255744316255311957443888977794774747349265 1792549837468747833266718553642963773716637976738843825597866
514539666349647956263817 9635246694949898768
144 3595673794162626767943491279765124659199938419723613835566561766391193
335396276585142676431949414217183178965578818661452112296727716134743259997547176545 713357721634353732427936867641372543533528577125
5581867268898581833737286979364792474526616854337672235319 1532163783533624443868836514578512659545441996971797613713618621541249
834264637847618484241992235919175475888783346643572966394584958981 161975715916744541416537139699986711627432381842792463457265977241744483527999411755611
89572227943919152216845556175 549653355796454219424981849858785466727478196953147283429117344521331926329333
48726819196719374977631568426294511993923568455824211134193646694 93972957395967538352452753773955577561333998196948457949136889118557842277587765
3536981641827578938119231944889696973891436315734367817683995713496179526 9481633931881321462463
93731217883197126343586868119959 29
4446123845373277319653354753736277579447775337943 746648693791778232898756468724627761332991
39315425422 78246571223762324353486139
696436341516 655276969989849467632197124481471725992427355691223469674528361361288
329916143 864337687755799443634417
7786667514539542614254512915291878367191988947847579817689429828654462 562122631154419455485794672457111145365656135959265936784585987444896825311342382926411997
89198995233527616131271615942 97311828166151496815889622717934374742638794115469348655829945922952746143658883212894
43113284799118389611356782916593887962866494361694 958447429772781331428289457368228672872783252451553165517483243319639191991143864899638275972999
838421927687812169782 8356421124179287426879575224
77256585867728315442226742471 64796361647146667335265257548746888286448762879426219333594418757917166132931572691237622447529816
862795272163471179521242335278467356192693656782 68868274613622927919865434873897541396947839747759231489198159535718946675232525738186531591269679
923844786695213133159424758253189999662285237794 29989411149577487
162193987554947969877393697854852578886799228664484671183774294699186642923886574 7187264323499629421814188897921435147731268882546724734676177242785679
156354221835747934882 188283318764889383643353
245729633564766916368417937863877559434812913624 6347277192984313453869673786635218518872343765325835647756763137884
76884372158551337364259247523926719797372683419171336455672254484846124234354659 74469128115716184332371264552635682343115136945586722767238279356913461648
762619374269361836317937743569661556351812561344893422691648541794626 8834462528423747356911143397693725371337918957796968736589931597595155541178426784165
1943316295259163797661786718399489789462475656261298192419982371561182269527536171271277798642236534 26314343573
3926678171485338481177538211914365617557572984299197512617181774784839933413434997844939967121783268 87531622153376248774863512936
542713593873 898269561477785932492619389816513474114434172164268149427286488521151541563617191488486
673535735185197 745156547568378134451219332117284295735825489
54954199221217862982931334784869374694239738283116749 571719526
8361499333187198312493929267143156845157963583938889792983399436541721991515743688291123 11397848179785556361761649187821211474288175786521897735925692962498872961298161373949597
913796664821394427563875547112265578427213797366746714963539598 66376886277
344897911213 4888322528617165211774321385985538181289897359262421437417345
1643579928383914179179331214387444185595651174255552333156431613431459 5968639194642569128118781686398698848488319554969393
519132427558783732584412678253879893588674192976426916773186837354936443 24797736641278478448515894766798443426285423293385874183569522235441372672398189461134748464787
99424432135468929159978687253739447968844594365967984624124562739959571413451828825 72639651354216817329464346134698248337997532225767752385131737292214236394778649183114463156424842
581743227495155149 94115294753572726275159828324265
6184497471574987359919 6154329562672874623465694496343919825791464161618416342856569995195861431541493956977945519566543972
56632652747371875152936635661173594965679783919319258857525785 327496339857745999283755457795623298446678278166863444796534683288866363
457377834474798653111473 2572721323681571873334939521114184223847256477425636946565655445274919658968343525
88598636347954772784396331736154453432427882234921 712329899695674968861645917832171696221197953491527139269845796223998122263584717217
1421379678458399392721351875526286228976452691257452482824168797146562585458 8872783721451373
14667723539261268861 773
5355586275239518978635494363796547979 843932293937598283725391895351411351258877934115976224832481184239
39384472658176491883528797495681829123738522765478319542129887445919845182775815662284544 645328118912577794336
161277475128811746 98999211644755735817836134191829472297191797
191792699879 5288871431194423418687547148769359268316394346327878126677566736
86592282438972879936125612 9964363123796381166859319392661761244856235473624987689758229812626149
95815849358365869 2798339158867228125
342422978668642151135719818753896332 528841631799262767323999132419741697755748174995347329116168257425326581368262926454845
271968687188754477983592398952173133717 88646341327
3493918134969487928923636543351672453827 3798532919139527124523727397935792952625847619596925174376954964526657
1989281392664933118212 4689532574523348555274314792175129289774224965938976262721222443528425766432
734572283395591919391678735826686917666124419292454121563124287165675527578353735359623352251 5448994221146165741618253389457887274373554653963773644457861132743154886527695417871
823324214664312364595473174324532865938117665311245755288571631169493999937 58684225167338342327379655436
4589939635443337952295875591455352844223623851294421374848425493 565145445114438813576644222353689563656724547925678995352216229559
8686883843674685393653156 969973884519578191122146228343488984969
1638633875336721537 46389745175896293367514363923593916549591125757396421926594144755993929
6825565375525117263777596577861871885315641 56338855856211842375529748628115835547262134134826897641568611528813727116144675769682978616
6347959451432377939991789236696764561158313535326819819274452313935231285166152914763816 814322522432341931579792954872459
468578358992396 665575558252245
36129 568
53483159153151363197457929597686867891419144755917673959 8387549513663999935517133657759698532628146592512269626938368738474187537528832154186243
379418593384232179122521588334597756128475941422751465835953631631822253234813396965759243 9758124179155394265193397367519985757529422139262448418965755886141546674861261152781549542
6445439859133236688372323923244368747213112266771264417332467277818131913154617428973612974454 549889533517985547389111243696272367312873591546825
2867985259497553778241322549382855625912114994457529978915734595234468585183152269458437692196299359 959772894698728158938443196772717632625285266166324926858247794
47494126826519656957174252243215849465994463745444125846998989284619358893355 835532158912959268637776145771186972793736323664592377724714629537
87589715158647372579177537384532491156784 5664176729813785726723631387577754593948169128983958173243841
143956569582151632186398 9424354997222249373152376117278
3445968199634124912443675164779252695151954624587663264363539494841 5762734314466297782661163513291157
2561111526966481324151391546944191759463286146419469715374933556691 436659339762
9924586696 4995383998985884929483847767687578966446483472581846438142461111573424134942
793115345679214318751828397825759516541749 847117548379558687611965519161468227545692599247567218121548472
174 942721778161712667479976922532793671996816273937
6946 46517194625983955275394497964965354133191953155683884923845187399647356189686617115437776282221
21331994184574894489671 7893235572966627356914865326573683526717186793443333221
4451613423883418676248552673953156651654999322257312526334624369124151973233644221938479828 4465347
42369548894679447744541238198862733136181295925365754845251695488781768922 1472357745496653646191544762133
4 7811763463975797941951457825484356698689994156612549518576654614525174227913749684967
82674612216851759315512225191933835674247838868552536675755348235137229 8
8193156926193571899872935941677198143427364461337644441718135 73678355641156959551783858324
246194372786914298574128852468998199188716172197361982359218498784 515751644416272375631292992633839888
42264561681236674479358252437156231742651876231315144614918 752725362711212294837241941595598
38672882822366189524946963787494592588374839685751765975164475484216128 5751346545845915232886546967856621455777572238487359937277314358368955674765724671237856
71471789315827925763468475552841145981312486933239522272162174261854143477883496788777853863983763 3255617314239694977125135843775579661995794553339963756699669
191786298944244268825975477946922916627155791232782546 814413219385746175884913229688582955328176913791992662773696854182479
818528813387276247161359738318 448251472261624382646854735169515946273774668247846382459716631937
1865441453295665561822973358552523328 28932932771265719618614422345112571381697118893436976269625738465123914175442474
72263871618622695367281147543621287825725864957787437933818256544199733145445213638792976992588 88361824995767575277379265219443482748261322427
2688178262678159444999276958167889993337752348879 564219693925248719746256743
2994347156625 3179513651725233833655968488775894
245311347956943318 848241334515661838353329237724252637493997136654773141696688432199711477329135449485
316116242791346312552258319652656819993249939957546999813282522244947446929 88798643246117975892354667984185748231316121321698396575293964
12 456876847838837912324369568768781183787378933836589983273
867645114 225322382227
264282142734782581728619977 488121193844328853542682517523287481486927779859868618422931247342258725396138238133388558987967
23826 815817125186532131297557294644247514422388922328785178971898364446497746485858957568559189169
12574862625427816 9551716274792144443666389899176473889664141393932578994855339757779331922367138815966789398639562
8113 965818567811781899227886153485179635961412823395755481529267742965529622651595518841383417434679
565281 733893387434434593728658358197544111536573771771897
12845298621986 874495767869888298118786311492583815612668412625988925764298271332467763827571512368712
1761939831978255733912375421781792719669187619525431847869952467988242499837923344367384798 464951758326162213127776859194463925817179853947999857393953719
8851282875657772911363896998656294962737947255738315635544518145214951 897937967415588697119649521942796183581971464729665851
318937266799964548681693161354937716746286494486646922713249442918832913346131777568465393685 541177815996632439323692342781765354472717645585849774581132487454515427427353471334331348639821167
4982879329991797 42188432812448978246457663288798534168429892869427846964342832819659887449768
56588852596543329749568319197926729325986282662172474556256313444719647 584589385423423272856593422941715242866797952257784417195462376643735828828259899448
7412816184523599561627481191959825445173962834838157879391248791585254157443932992374843 278546414486159779452181776739828971689188331547894191519552829265668255933691979642
328672225671115713527281953521674615619822826 3268923659673594442198846381473151693768292
129639974658974571257678659813467436319591538238 4271795869677439357771143573431519961862356126128137277822196977724743399951518813261991244983128348
966817867899733823693345573171327261266495315913244949321247591 646279298821244517489433167626964575295542384
8832624753337559421638247 33999615911492495913636977924171176231777831849166249623196231265568326195579982683434313319333965
485973997617886111438881567937457417343458624968314887154886478685293 52759358999177889969138997511417464755532215222665591583498296614754
64519313218479461188176119781862425111863438294369942521566897397274391481 663495837331749898191151367984
724644681666311286619918357243437949431427379738427 9297625713149318328485229119774563397153967
2293732969816787424141928215466933772794637965684196928338 4867723482575798963617759191129316956536366611596115371495762481192577
521572251682177339391495267391589496875983312784237387986981 25461197648779966673828654794992342562985546925398482483852962364511868437547386933
54599855166198746296881851993826597343641299891376623574488294625237275118737 778638722317466296969296997783784736637152163431279952287859195
21679186 2476913985731116325719443425145886459233775486328967681338462745
2498692662472711775 5385566384479995296332969191938276817769463
564653165563738553491599382136417495688669899494639 9144993384
7994996354826346948245364165114689917966683478946413682 18456266665898634217616626147252852
4937955482455823546623493837231289961722287397289567953765559834452928942537787632373296569889584922 577224816697281435135273992649685576623281946718574199485711723871715745248479
84913723 31925614151232559415767694713264445852139228239986539377217919688154
9118944747131735651438973294341932753321554462647196551248221874728692676282313282 467363986832757346859382
85517285831837938818376693642139775622266968373852672787338529479198352313543 427771581516135318266847381154476953462425736382
47416158233 8
689472313866889576788692712232456438958482919657793714731269285144239868317412967155815431466722 38238992529311727
195 229812451369361967437942912766853894224154912358798939397449
1738361168546624455358888471511 9922496849
42379723128536348 31577317251581168443749
6642989739767957698738416648943638281796731664232932281769825698161434759 596567983413231659875923723152218479367631569148925776393354691611433295113
784479713259532299232186599354537577875316296136712571631247338413368816645948282186475654793914292 537376471151241781919578334
51172964111296412688496163541471714534518923559882499774146699152283743873218784 1982371733673435856363849456451981595413856939461659367
3685772553577652814549692637623168758718634826253434254418768875813328219291478455368773 35225739684524117725512887
1132732857671717293226256179297784326131743442291479558124448538934729777925 95643186
934118826665378212162311162514233116811398687611 33335298188949539977318159211142531983911244
59924973579796451745944448369536632834476583321674378376285749911937237612868662 54
913 2647862889535291959
8 6852772266181921683814413429382762277983399591769567439262531125312398
338822569147928971337483317976583657117226732356712337544364854 98222628279536885484613816112644389181786599667168372632894395474927237
3198811121379158678548335939693379847993451352723871764895287565765854397987961315551296855134332756 62657322393832688532484357325351918173688261371549927545799433486481222949784734666675936473299128
192289464 3347841747352395157312815261729797
89353365319228245969286473471385428676743958669959561658 173911599586556752718571643
241434182498919981888375515697315576267512617424592188799288189945193971668892822845475 7789953434338822691124643974455828533131379322781393237319917813994591189591325
7691972762673461959732196615571869846727915365286456849977215162494861965635172531341572594627461 85449321546667251596243842217842319468337218147915893533315745437922776755595866429292798333824619
3411493567387424163721938375778119967735362285551934413 277658555611752182499966397868712581725918195114745231894849588227619198727621973528877251254439
65137472577788114429244385628813387269443331445379814786 8556391459587954935339982
2197934982685169453325923543824941469767515135345438337228823778499329632331543834218437374164 56853934323866597
1364343855432914697662245547369645122679748736232 41199
5579716522871557253286871448281518877419179371465389733698823869389322727784343757635 736813
82 43235915644755881638539133692337318526847881857965434513928837497876568163
57165955614379417177712263789886912949 2644958792935789823547152174629134193267383393321571696138995657598854
878264183136143499223195983535271716526573778399279 37168136688224117551793411333164157654895112745636728579
3978643 4823776998128951624734761591479721967252769
113147794529393576584851438242 82638175345584893515672463942211687734384928154195712276297773177656527197289246834456885
662 84726851
86 3816219782451845933152237177212336
32525437736755156544193578311771245174816364514 545779827326277235946222281526639574487435296225535891628588252273821276546897754624264325
7232228162314549542932586535114151396235516139893 155673714115722313989651867269674572774848797317
38582875 77397683857511515341221844623974297125839236161171693141613916177776578447936262413
97235142644386174335288259347759624695127985965393132868385126833577637271184292141333995 7975322192515888348132854692765568167132511263387116594459227484645936371856968747574621517158844
798738947 473553912943559233397957662821555682485293597688593927719
475797971748565 5321167933444619662457679246321364639991891799695591764286324316537431326128889422765
449879141525567963 196939
2768116686272245916363642479155232841436919955735498166283911211676726745214414721412163638717 675355941935928658219586258912127729844257118
5754378469376794959736828221477231115734596141132858869854373141175177994412544672562625166883194394 8643149397674366266861534731184873321928771354442926112996442518196854126762663532563323
797687942656 24321715659199789234147345539983392858677296831437637486615532232
262591899663742 425981514325273243892423718698271334327271785259895738716961721516854689885477491
383784141648659884822595639598637357377313618629255967874875854361289455882497178139689581743386 583771329785325189712971435615873258996231294
797319318159138481421944513474171697565579223122281924168492771821215855891676118445679858958 29251152311536186979
296 6633441227339356642737618882742681951883367519751
7367239892879958292358321231479926987934846869851454952297873697976851569 57437839515364367973956526643
176827497134246734226751494917348136737617657568237 463419811
371273914487865981468268931579759875136245283424748287 8268254868966286851235987254936164334391312289284747632889333758544362661845914646
68759617219581244917826438525947294 999189698718921415268535424325858
825971958628591297 9571827749489457891363111763572169797886821818424264619991943526276
9699531918954184494547841653382897398226798285999163513557863566288124111415412699148557 236784728597959274418421446586273619
27591564891181697118397658952324973827671814842754557291745121329684 853891314255279459412394418
4319457861932223472281789281159553166638777122289837646422669594413429242626 9328434215295594637117816149571667448156856756255574725583732983979134525818157885494911
56591763 312913719189341669123373261957274714145246599724
959422744575856762911646981387459611183 15157864259612884275835868631863323124413359632863192871525389899114
77131367565269831432755744575369154663391213434 14466793838286236617731497415
