96
15843937748529378562296222157735526121792224451681451 7416782578866855395
2328657869997697361315687785373767388269324231225258645569444294937377652264833455773823892863 14896299367394196936547575454
8979375629681576448121374643683138526255871313677319293415247 9871929363287695452436851922482915318214833113786624
7542381253493252751438194437831796984269 512494952821879281328992486168281361461376889654332918611721216419637758159
461236292298129266699243288348484954378512431 21679132583571982542336232238
183929276312612242189286367772736961958974511385784392721164849173832715877617436229839 3688393825328439177844146269993534
25259962359252649 63337553773326825181882797197896182423441
5956199575529117644871562331861442787275963833938711979393787 94352441476447847868587936934496969398385161785191835792137331283896628655
116575323472896898782271152694934519642534432542352587568 465621579971831151831997772917271878698825231345264118791844841126976356791
2756619389454496195994783515941721859663664456778385592913917674822795777917884927674711 53348342482714166886395369713284694
47254961971254531749 89532688477557872812415957689327576687676142454479528535658251258624
997137469669646812695474328 3915646961295259222612728622932875643469157513282918281118992854142916329213741
8243373485897918527945535867427285375189187723366327747996648744148524483798 7113287963328317213781973159176475596728337
6929843513213793621967713356739 76842585175647941555233978817861344764886497558818
7845867953518393 64262792595385598451117499461381544432744961888517495379365267247994558745
83852283949941966644 93964849423228
9636476957515567928728946991744586827736196195538724335175481686486387121185153835286573 49854779473492169744927568987473478322747512659837331867262676848559255619462337
822379138357781746816295965 187292519815538325397995574
47672821846448799397435469183326972854836699528822672551941767461775554682454943 589542988228916169772495517786621234283987642437192379443692344599267925661529111871154769492459615
8967333822553775812925716282751413587 37742146925845631528483247418252314685831978999391361469885876612885451721434424657855
53856795159546257458969178176491184119878746673185185328672441991862244482588543179 895295
9392886762556619564957414866877578969375391512653562946689956878554688856329419528321 525
13385441421656871 36429353818976
7248986 38676258131241921743449
4385512196834368713375899488542299629982844745451776468286689631917863159857765935 8725976519182818735946881697977488933993373835856413796365857717832212938
1498364992356665637965814 78424894199848
8149611861223272739171958165543724724157758283447519549317 36
249759589295783771274129339358314595562159873294541567455721442 321719618467982916623829216415178558295924891587531994767939438266971656745459943118431176732799
787257788457529589 198378221641261962783
987428473334774825457568438411936868471484196299938473486696611171977519233335616321787462915 617447
18911857733374865319191592435658362821716778668713544488771996372846719336917979381989 8275977195689998583892834621572461189767
19916915497915325759515342158379252814115726545933891251968229155798 22988677452866252527588919757991928443297189937173994917788925758965
6146119311782599692797571467489521569314895 698712374932467197514894396133849514868122298916146148396197194357388622579134629652948293323
783789484943193324384927735691265652974572956866416176968439559111387836 5143982223895461688162298665276728624965
239951343351237936698497326248341226321241576274768278956952883697519264562413842118899 87895936857748656423961293593189434111828197395769317617164334718228256258949239966
483939418836752224183419898688616632324139451457714318 122497652541257634211885632729399784271691814179978367573928538763561484357776
9291919214959133419942355311184336922436438675762953263638344325211997185957125412111229771258 1857299483123918588618972349621941958153455174267543433171295549645252565625
95884677424447327762 1383726112554513489432627274577134535728626285841914484917983
63742219938237547555782558645 247158461359146
429429222272816727759811666229681599667817527282441 16317739923881394816139393564826915679146422118268462
635713664794128619239929376673871862911421353737239868777854534537933746398817 181448327178554281493726496641261512598214798476586876938277868496199913296869864122
55 319192979683348876735833583343848181788589466543327451594549973721
296626946637721321574658346142774924436597986141 676489667362564311925846949529981626639955228773919334495153158526527474664125377318
2262665499412282551657591742345888376577855537491497791389321172 27633893667435581755243928764933284633388585959935262438948156
19 2835955878916592915427231321
42644958985749571936468973167725895644635654489768515149397183694177517998457667342967 389616766763617631671668
16395296119421727149564913777671182336141435468433971296943839652 977153384827193178675886722174367746361732765529527389431384931188427
384469516944542294367432949383853828431969787 74329845213715819873354492986839584478895925952773828842831835381691674798414956757488843692
794844693792225724121868543397635661925941226663833826748194625197292774861181512113 69491698554345365761974965896242244373
972695786874896491624795949593778536546 636268786937312371298681323145355895996686928917889664656
2545358864515521195242131498373429321377488555397643648234 579635776636738451824822365664425647384811631246785723513793764838394649328793543531531643673528815
41929947923354373248 956194167345825285952841241122664292737569617756478576994633815586697951795
4462616826422454347285122254792976538 15197914766268482345768168371485969126927819957173586562131937124
65264621257582331946644531 4959181749
52275787182184123189412328329573986958328772659335356723356572654192285583943466197352 646175281729453863335415862844716271432943643975656372625288
632973284811397564175571663163722785 9721651546989863219186548391349762263653516431566897779122954143534535628444591457676583334397924
844657816323471716629987274111561512837 16733637848991267489335593598296355366316
57444391981358245927848983141 5176444989862
5492876294163313978635936537824584531784666512818621545198656821333229529389718627248665798243779892 398816587821391725127477118766216
712425276567467822436459765864392468137118721828295 897465332898777447148663335152647234229418926293796441781949569143431151514139195725198359137
726728338684998335254 64893744214687923491729
11662284877623293953422255634222166255671469971638537221635953511245189929937472475 653523967459152118291123879982831778377237726158146875188998887776442591114276
119721321428412983115612199326432916298662324553374391915151617416569973582595348745748533359394 338868
6632542325235781313319919567734785 777786164167879131223545451658316
78338951276989164968952154518662678356874847899579274843411137654565574191233415512 2613657237755685355419832746278854261343493786851551144621
3429392844 47877119317524739732112213185578148762237278949287
96542365934879638253 23912447
854342453415434669639322289824295271742447752279575945281196655267371726189757158 384589829723754259421253239292858551127883
34676464288877681411897154255446956174361377526467 36876753169244384181263553719689475512689997233848164418349659442435496842317589239858523877
3386299357389172878295412191174257322149938384442951273 89888872853682152283154544758659583843217831347778143961816153113736224634619519935845751964421625
49698477518394 6489728185897177639372995746861316
5443633144433939322851969796881362827315667591834844614226 8822856779957482418889415831349358653671786848728499497315473688949293
69377635331114861472766567261651 41227551483465276912982633862448833173879729158528
278956311876121846364514551216388331939 642978532794217849625497167182146321489681596266597671569866339698222628774858747238757442
6 5817977464651133545287811966152759
4937112291143119462822252424782971963487762442137239673861966 8525931562247642347151983996554589737341335687129196693225899996493735177743715742676326697646197383
839176978399645952875867175372714883774241694931324399251263223397522259216 789569358745338422437629791338966
592183816289232521197 318555278523946187385
3972156116378759593413682977891618262271731198149 76262342
5315889766978752677374199555261911498824867 3587569674563476976155472946112544381276127343467523929811739734495644672323123754965863959853
88222159635716845318883393814659572745414528 374455617599345872283567634588633752461314258236582423595191133468
919147973822418116915364534771149578153253698 91437898643229927732127163331174858982518328417698565573689183649826736767873924471492326324182872
422189347118534788497413158755629724376159349964757591611168632395194154823487275968 81126467277993835681445827
49728723384487481168489192684691517391911846395664678362663475231 7467151149178952717738956294365584
59955898157165529866143567172416613586537777367256656958165526567987 5413881867
86952772378652 2989
25499396433843387348794753845546549926214762667557741364954615914624 4867592115173318986169316499141
1631417936364441181341684591797487386269885123394 5459648393434982143718221953484797687467343635
245182926482213592415523949274379 35196387326299796165934991662299829
8757996994648372278159235885439793916422622996885551855738594291485556842974555375543258 297151662181536712293696
492391844933841878436218751782849689595198315886555565122 369413628438463992988893173782934952659932892562253
5916189849821196241845799659346481733264127135483 35981
6729985564299217888294962681296155873597636433211652432154517839945732 227124557163366761
1535 73862234139635567
9814453829555446321672122835539853277796899998963 292465822866951766674774136383433
827565165481258933561923495178526 127755833729128331128126531812941137352441285
