888
2868188569129324156372675883869235538119676767837614133867674753477729373666889948687624 673737455227773645441416925911
1668296 8
95321737546424445112561827253393596159391223772552549273942471451735 521735273275126328177872197534886997594319751822573791291158413158369
31 57654524178147978317442422562581
966591852729982543 57155724116179346416224653143369974413769244825652454329971898425974
585136195162144277924624186569698576987775237395877571942746411211349126249841335536942779486 82691836236162121314764387489734474377674441648731436289826871758939756583792148549278616
46671996322854865594413455626568984 69925777612929692584543942699225212254514665982991327414863732756619989744519482233151742781439
717375238331646697315229642865394651441855568472869387796976547789 475
42795555695 9488474828755418479898254471927824873314197555616
552718849729822635863885964235778566537583232193118886251512546735124858715381813 7827689257363138188598589269714279822345588856493873781984649449
5721556485315351587 15453336444746571558293136282481513545
92897269525637273961671778813124593634 4249757843117659576811754113485265452452879959358849355549844234572875297985986827265119556624
93933959547179293279295181843437538722859728849771372141383 14296649233991892686716336247294527173443579854325422987348236435813858669129745621321784651663152
991423664594693691488785523955742447466 134558651555139777445742861155356124123393861849543336716
73792864544326249599558778222523841593214654435478928183829138254 78418485491447876772126163689169475212427566138196186884124681322383947
95737487732754813432146417776576795259743845137546827869171559745487933264373 29145898154888456223
6826417729411713179891753461272225759859859837286461823964975532134 25783996465921828892318378418312781669461475668558381318
9391736656414527512727535937634742457733626985226537329969468968867926716876329847787357349267 92663863134425
69448389767659369842389852628955855294848317462788582962622662579317223547661462 53581616729233
7523963561847772678914128735243411778979636111763338933855897728228918779 7431688
81718664635793591557392394886131483467841175376524495 388229228532734
549882843195156489769832288677528793276855 75877113882244623612532
8496514528978288532353678629597677375141163471929643227644643438 577246274862792968311595849117537143261387674266351
71781388211283726565658447462288811514862553918239421744843879669417814146496 24945
4652596631826445371255548775947337891554116661261794459588564629427595234352756793323749 99552579293544784461
3153347977125883548976217968968472828748176249 656875672396124734484574827731195798667579619113789996693
683786192848287639699925315686925236629589682471711 42641439827943962888736366334993583579997549466883233536262497858
69161333917982494816944612529891993 1822613154567833265315968622549886
967588891529313617656493381571632279756171151299545359477885 543993517141277285513795985834953131118
273759929273345 291719167744358169621651142457933429153829286267937153298954496656235138145827782299537139535
4414657679 2873537461513223613671917987574133655929865133737334
577132584271413747911653648 73121513739485852594114166218652731287251551445267143368811377442812138161885
436557999 371921242429174489144188726972694125
392348759593427 68299473344898856218645899471265
79653958778651342328462862948186337993691181671771174135442414596263466762845362941291138 85332644693149831872959253471757866235814797139397294215131823658427868539328935821473
293962957793 67158398583515483763973532554515926326152382223197335948137916253644914397149657957234834557583
93978282969591476391 84884127868652124388291615
48383312796 698244322551964479897326369486398424415
83236928791185789481222195925576463791882618379898177441451138 815656441168349523
359977486782951324311935814512625883343163424943484199487528795956881163632845823961291382 771711754512555637746598541148938635494158325
316949327774 74419615574767739844192717737183345759218364699648474724487617
16698697753228293 5447749658222592245922796123421455556865485389227345738489364538372
16987577747243856473925213747712835894675119885871917891313148547227812887836344874511425335225 696772995683325515448828518713487251514433751975798596953466226749715947215872756582985435531593
9572294655665875473556995253 13195847898275651397349721486258988267595316645918299132161622266289993317526223931854764971469
542836899636465478281476231486641583461647724461851497923744594987325265715 7188899781549689294619852572623528967345511656551281886916577976328169368198854128423445264827
964124829179838225522158217428153123 84942644665624125762273916828946
99 829491412977118842962899293984629765289586665381965741125
57685532846982867342519712679347534495739511964514469923743557326 2924516951748349
33556717742411993927714747143683599285651928172596974352983592852 2397547832955989361256359146942236615448
57219622355265276544133741718151126936889544523 6412515366643379842823682663174434579819285977193366234377485857578557294687334175829412711148
27279299528612299225129837823626429938544829578964297 1124868563758281918788788221715838563238152451894242917876814385336891722281376316368
8714995998149118932917888386374916728984937388718562851671722969999161842181282396162 734435817669476243224828677664841592436433
659292618941951139853449328289338725284363383671236423388712487378652517246481366866 4811239956549111679855655212
2481343592 2328421458533285658292337587585714172242639592566785811718137634229161756544
85432289466524788928596189335237694739524167794515642591297 97158167416798575925982228731285685
5264536158942942866669823125878221897348959793857313178916724515554843387444516688738586596896244917 61322443787959262583917433225559217944595314325789
8999423113492437846616553694129984 28327619646585225323778324199611734252484512377722342345471638826452779122
9363171974573 61173651722999875941619443946398216
3568928843227559923777923438311864797356562 219347735596158255273516879528245339224197984
66732137554481662498569455917695884484 878117697738796218555182119458862861516137583741595584762244284229379799394969383465311
7573719191881153279932944543137942217362 2628133218649379622589446371947536274328713134798661615873971225388552454267713889157139592696212374
72753258792218873236261148287438156978886472436754585698972875751626154959537 25437595921
331415958728164167767571833968688379232473852757962 76987814396718495721243111864547648533548248122765378463535
417633621883462912331632456514847767817873147732313921157367584594519653754111 79934116559586191831
24158152742293469568476314727277996384471921144636 7884923896978812728857245459784436941931942571227764835971249
4433236916261216536188248182652451313631874746334825533542379828656435438 917637955658284136386592664626446
5975758848922 858795424286142555264648321
41798793966817893117643626785413778527142518221811235215 6717795
16812486361784546888634914528818555359594817682746692879862662 43737499433916136382757351654922393247435481566228525838188946797128384911745785272537262589
7743851989151694985119573989138547498813184677935614776613263245863652955 632565918396683872331274162817999638968671321324815276554572164166611818796815996394272
934587168724748773731493 244954445876981789425942418641315442347425613579422756
219447383876354346627185886144349694864711232277142888323223174 21996321171914
2575427497282569592778514366639166733837489556 63387759612572361924579267464142996175698158477325115443653524688179725458653947389721964993389486
91 415967134215558924732519419994341846257454566623316143465223653685842174719392435358264927
6817377546139735561719175384343379329713352522414569814183685591698 27739692692765117119537912358769142548542166217731734456268245
788929636443987684865289382664892795474896613559473281522228215 82545792766249463576314367116142637671388826426112978455638684955467125
9551177839562363867446793994679714261469655663599973445564545854529419229551 61274352226991569674872996644546513955
21166262979615573511383348252252482523526855111753173557422961926315158242834832146148147535292932 5462114754552642
12354451737724244748213727311869681888148747224996954313943154621343827 58124677654868
364498492548231345184 744158983
73777297697499988996871482268358538427341787252874161456252976295863832727447248 4473831846591219158143778
49362272751227138 7492151445777665876551356281785296789976676131269173983115417435936622273214
2497771373381544738651929227992193562465425214198668283335116877196246585251878 74511
7645427869777784975143398832245524178944256634739514287861392262 283554829585
1811434126181174162637921465974576525193258918938723695 9212757111
37889788151575362618321362455366594229993793181668456657572528563749 139871716237588892192777
483971271335362712562161192597898129158798177289271 76984
63 8461955
32211444139575169822775668786591792349362116443469384772337577251462528638112234879658763351581 51967923214
33167139125943897525985914184881661735568478387852424 636248645773229322361955138967656598566535785361179817281149536775496527
418638753782761935575746513678213515491954547699796275447478635951774 188629368976462541788853193596473159593743793118115337352461131583
75566885461767935756652749288138463844919575265654948 929414615514226211437645621253421637551939439177434468992735424436412314246771992
446255799823969569639851328451745321777617955691618832247662213 38241538398761671335689735227942157635738892281477466257625741
7821 6411517225692395976
994986898824347694363664551789359525 315189656257177819754
235668987633295177666139582389668889499922433 3913183277366582944668183457326311915129
81156235173749383164896119292781849229132413492286599692643551623669278272717 96685566568128695917593699746291574973629625
883839947658699485485248656 8491841474318675397363326786789711
826575137716281314122564596567234894894874188675778628267663277365416179364217585 92349834228932327317323913553522895673717418129
7 6152817977476171961764573213933434244575469751412193655586921153316963552855159
926554848585172178 175982992141313534975633
614117472393627459827427253886691624819644765184 89325656466183187998699339384
69553264718827839514377571487975547822689657725698576638462821149344422975954 245962579828976471946119717261271821716729494971227999229458659321573155
43997535725 69718759749447536793245351
38419458217874964161373242224186375476133963787651849233618167798428315918773595634553 54814149886314231715315686931247165395833332817835465919942371934814151624545172317997859
183932963655673849166136786566415819127 9627286798187943972482275578439476767262181956745982438936538589945441477788296279
6212968885 8119871291597278489783446595959425616683224237843192194913155286821183613385322
939 796838829473678871137158194576862885373799392174687945485582662246973689696934496
41277897826552591917358961687993475299226892756284112939 73271257544981558719471
5238573614646375347736311577152868245721184597115872341724599162198 94969237535287321818658722579325537993159281243814332465577399287
411386596365494841541362884913724961349579525851525692863568221826982797491584825737685 821498933836499363558257778654785326765144235562211
9381 89538824981777165374498111757142444255752982679838127889731682255927897445587247479853
788579314573639935376568964599549693847365216655637656388351199165898827855739311754 249278558943336532335365215318479115148268223232245974214224622661
5471137188 932531112915843837332623548513265838
86787967928452541229594813911924568391925726596354939453233557719624581511679 251711597364686279453546662476224726523289772816199
4757217182815169285998197366725835649345383249594181539587347417 22167136984715422343486251332611891656627988225438576151289752997264838863684113396233997639333939
25393486211816962768827599167175544928186 423
1834931262155151643769347146838787894773918218491382965453372369 395824167595263511843951234977656393122433553395748388441954876471547189635471483918
7148993 12117646281547127724946614795926429439887981624828859483711217485114264382126998715
53119651818678447851544238181169177377748655927815 316752
389443987461352815786952945856618366517722494756565268137821793681391552751897561313429412777 63291338496322364178413
651445257151786224317474533389796 351193193681682631399696673766226729792332927226938898141485466924256786294253976571
881576311829268763235696895883181978289 135328178873175134769619334974155632423271768514141545354888364349899486583942319316894483923834
4835644483373131587168848237358296421392899859744513155993752563417459949144694245727464888887 7744481728242392515363143561943923
8713943645171366596489352731718975757625288188853695964168335311584339473131311 586464587256873262692242371
67866989939943395668789146146841525816762286678997913459174791518678 413314892329521419829825259424177332316785282
6833734716861525386567985627716971359679551153935329776228437429113996678556842531336788 2977941389862422154845471339965212467991484525865362194129666583
7892182618482 64285572168266
8618628992362 559492663366683612823435788623579
243488857183494143758197847278 525123318367227327916832261811562888731825127693219538968992748484443211476159759315452118428
736119485376836472196168528438399282744398376923399312152925323779411221966978234929656181542 8846
4513 335117756781185272584488849218367477846498876437834
258395354743989795529472245972984895147487768196113568941225499636869826887257677963843497 829219468
8125667415486884659227638741577596539819361377551232694328512211474129237163276253814529629778753574 9483576737563381863
5 481787468888111249213325744415353462637166592
79319529 22626989699436596732983768132722438137683277894131121277138
2435262246231438258599918219193654585965115524933385641894839535725234722413319114932995784259 2739229131
717386968462116982488567985336643918165218453574248284459294438794964924 6227289275678456679225375887693197466557824449579234
71234219845232592495493976887163399 152358673167382564149725138989384142822745243166467452144585494676699
91878429293628681243731369394613915815345792379956 322656732877793688479613861185789764477161233661942567378741919581895858
3463 41462481595572781712645174658618787157
9826257281332999362713 1772289682157257318253151389962458681281986825441221336311829915776423665232531212359
4865188922353679735589665268539888428817776622667672674643776611578965163691 3981793596178993147943631129281218284289443454952338568583817648
7962626428825 2931422169523
986753788873761165 191145243455554281618568937283181867938281969512941566215495471267671666763361126689333
394567596993922866458996 855
57864119687383451241119537689692731199311 6786956725159327498456995531398312755748426556255514419366829739
512225149171979276917436461324853997774696 184987667482627492252383198228363794318582
86851393418577782396869756238915999 8967932113111173728464338719717169763479716864841167194755352723612721983321947392853996635473179
623841537864416118894513789815211794443383128358679185 57255349191244777389481595341799516585855662217547
77182894962829812483156862912552382249767384646687359948193273957444674358116857 576844918373415146246277214856962748613994539564576172355574
94782581174994495528952439849149649196118299581143545612962469712966877734173213576921867362314 187687248196179638653329543697693322224527793137662665561221617737
2268812397922768953975725846667145395522826674646567732271792298319638898188752722 7927589747873826691397588918529591329569579265117694412357413118
28465643326689 549673375671292296415316
45253927422269497861282848877345375854 33337134266
293451473591849345333431689356784667114227142714487284361123619253675287 59879772298215855164423421371866292
5486293831447218825747453865736673959654273222565734698569624998718359 85634424165724196337966637684799191214321
57835133373619964 4553361113177769665175693968519327165458729425424732788378682163594696461737598
6129586887 532378
35877649818225529817943376988 595246626376381435312942785944297535911667489
41612658189381314487274627369854418 39132883
164619775338164487445146826691785173185629573423345979831814834536498142336771414 526281741423768468691668775413376377913416893658613913144965771263
13243912939287319137737943 927325863
2743935649495611579151858652362882664476473962717457381841698347874585288395446658579525555555 9672215311453359721368694533446562593849
942757556324594929589479743692575642814618459935248455121863258524372128289957 358797183668
8149114686359 7222242899398336269819358895326691137736344566822366163821914489188452833468
518195224981787699259689998847929255813379469127266631926 26997486
86574547951554198598 96641255738475992752371172256
176486436312615915442824256942558377869988276112927322363274816548555643 358451
822476829981796178825719924741249753766432424258235785975663848442865959 117334268245143476488534751426117
15443471689296334542697683887464519 213615471249229489415166956477879298364752513
173384647261789918693773334642467327828717525186211154949386768856715942113658287452119323 7494585436
827682246713958589 91388146675859111441439517324369898964877284672587981945123882822979762968527811345112921566251
968187864894117683265867193554367232443482432846539789748 556219111727414786629329884293225843185199689731344721569216416197833656826988558
3282825583155143272831347123594742993424 88355574738566627673
2698565744422144535812139751466972191613942684713176912819264574 17766561856192
548492835 54679475138492171394
155348499878323366564829353122851138368998142288593319959787632828158912754967315657741365197378412 71478753271
158555739113791553746698873161173886137679489683332875318973537324283749333 57446724226163837592528865432313992
7913799164948643373938585588194862761694233131799188789833212778158176489336911183792727115829832971 27783642693265637431
2375718813838316545354313397492573514513856 5156328574118228623671745
76289564826765493839857242476538 1
5461734246619496476728785319278 84418964531389648522225376648297393845
14517337921672925377 292248568859226257824839384542479511768434166379
842373244272627234615899415326518927277198474638368342982328262416232779114 6271111744
33599264661228934953147839296139251598142895292141982761 99332746658222795333468752428125752727392978764631474969965829478997949659527725
317584689458426581359775196142985828535235182286937166411747721786936322554633239388538669443734278 844854351547556939789256181648234
275299717151529975865614367715112684912157952176 1584689518299142618812635181167773955167861711541282989729859244288612254599592
486723 972
4789498725128476819233289417 3868521832814354373846341698166824234523612623255171996675841624
513326598511 313524374534359834677667699892334328591771871524238874647
225141152917465823613921713688825982287276634751991333388 698898631683469538275374396631542572397576135158171378424398967172714193895947333
2323265385655713721332782943935941545524379187 16962665474584283928952483461416246682
98588458535323723751422944338173425414471225488528241823495855852562942652716396 497139484657984826475666371
8619362756953125497657163161586935558241287773614822279936494876244341943735 4714252739
887179921938678482972829745528618641197721344545417 136811892794894457328132586367843289855473286175572968194357228577156533486882681188293
93478369553183313824765911352357598235988222114641616959143199355623696154 75
63513124792619923184861747126312665434743538511619964367311 48875351594451617936566437598774794754624514225594982869713399896648344
538733548275186852218381387134457492175594912661 46946811222437553826527228597335337154235614733
415487711267843999541188779258653596376277984178878671768939728 998218443177375369916411169971942572346433188218368982568471511728688332342
18747321445764515517 1117729466384911993914531686
4938171463397864476371775714423958116766994629299367848937387531314318846799955933575449 8543988516954
89258856613148912581453697368879265256553639313369579777117532325439685324156892946 7787387768639134368457311864867926216442
4181325963517299477213333967718885844887816 6175776119915467378912717489393665458483243814874917628127772314976499735128479
63695994782818277547293865 4511288583817338242697691358842361716873222666388694686
815161718319992122691 1742962771364541691991
9732437214839592389255712115388526896814829445625547193372711621347236212358382564321985873931 485387759555914289829431377279176898426582554134747854175926783925284699539162133651972
8715757678354223996344991 927767238732652412198334557
6256784678561487224542484983336139372782834294125723424417276221981262237585628 13568491249324819831731588528345494531396161265
6621117787253933139547746988776492773885895448454789648975681227725687994374851 428731872485322178516599377955734785742349655365
9872265482422617178953915885586575771144141284855124395563927686524539716 96884652458199759666437367251397685749291341344921772538381874881287613624422518636455964521
4498147963472246867742921596631883954 41277755422114214286128732259159448425156551995133395412416956813273
9216112478675929627965995165162514617534321585656521827766926951387887484 746348449677643497289431922435282832172289235879778912717
6735212863576417796537881884189691422267622649229472472814112491579249145685644978632 34
25346618675838281322355333296419971242831749967546796258774745289625313452644619548488468761659244 899444228699573732615167481342214381983138548891353699632883367556384158817127618698656
247662488719686489177358273365848722553357854589332797189527615599335977721969748121272515185 249639939468922541195188551735385
7879265789734983159576361231383324383244 9328674551743678437686168977716239315462511736925981284754667432849
41892182547139957198915278719535491683627593288626486157976252388139641213867575238 97152128399736189524752818723726833339657123242339621468467911931148948856742
522451118513716234939552371948323282754387484259673561177182374717275773411826673389 2124931251314951293659149932253858775621614383978
874688283656657198842142673994622118984564672354971653198522332959697116752126857394153 32986782284363255691767314173739568845287832266831439141193754
8189393896145952476895 59398464151822751626362113556661593
886857198643123153692477652474434182661642113662675294566135593831773663253214353321 441
288243875585633912943453428987184379888857194 237765166
97928111316579423574697 669472557865943815734388889783548559273214727272835
295582976271414459789516 142852791127564331727147363792582214377293876292143788
299671787248848562125978383346 54538556652683122995756155962926775846426569275827655547454829932631615533383366
1293287123164337754642862 92652642444796429736817296447745168791385343894795759555984365744544864439651427435374
126961799826286331321351556515 4325293948612317696263279326785169341874252713847891225191288873418487671
9514284777829511263122299243633757193235273263233 64217783278472598724835551213823478353411266669584696623973474861166288939955989569842995194265346
839436159583877317922365449278433437235732886114421589449 5149164845736283484964
244548357851795837 97742174911528586831
445232542269942365451341429649111613322858481531697263211652932667915984249317411497444917525724854 4867926652443575533641281541817873457163637517796266
467373143461532814524928536381766354839394468552148633 7229811558271742395966769
517463816836297687271995443142473285943681828356578429155389876875145941336173111285 283344793199831553893758517183157763512453428995111318561353115788357439994561887776
15853698225793786151129145423638736283149 9279534121291982962172984461988297662296859319461873885132922432385582999826645787191
44652425954585284771885571568256339972451851338534116484 117521698636234
889 87174895158597239277673697188485998342238525299416299616783754121487638641454965323331222
729535721299383628614147749115625945912511921848198911961166985395636868751221529762762973754643989 638852875634472321582426881845377576935
79624372133 62366658336193615475644985244381813988543166879175591871
39 641576726217861379458243126169782528847933585681615822662723865379282
4867366143289161171384781621553572683347294876143736529544138534 245698519675785414721872851252
52585899194675916 988916715556
7236926534276113944664 1167961186529665173529
3158813253776657868757838771378265467741 51313727165429693822345367
235499299818877568598488395334989887227393236863467756996688178452254468452 259996768778138772637718875792631472
75113322487467772586312286633133667962748716 1546983892396291667545843515269297472628519639887589674489949681765574196
69667521968714185615131879893414792723627666541225495541792219714833936472826438857669962654319 265633979873316245921475213447378481645897811481942781591696776846289829469
1564959477249919865354367849668222277129 24179489153291616911996846324326879879997338377849567873266545
1228116972917346455264731517552999468178539828395727376418493752272312415532638389528876838 71429238291545726789497311364785294623693189
95916485 23987532893888674497442514722731639
6184883164171599967688333 68616869227151436263239338666787917
3454865786712874994776945353838748544532746526338663989423244891251715346182917978117285691218553852 587176366978483744831717262278365471122716186786213357711635696819358721543
864816123574284187915127825174137371 81657429371167297298133326374
1469237796729145652652753 4388799674337955573149855694684348219165593222131598961548911866322292726385
45481691374136373624833937 94779179281861713457475671597458185974113618823949256829
22677659897481783438273747482 1465475327271395956221322
9923657874476188462899573973441279574 4591898297
7339753132393619125191776336943554167573418499889469549612918771442 828515894298967839242275882354262383172864564391918951746116627862348696831713388741
58661777324376157558947647818751831889737271224555599922148816144445964776148778726545 975491285959799828677399911284673271311424824527997473729661788
2136681119 8474598994292266316277635917997443393944641
532438251725647342 8188147618156391761373247345884928482828875575672444968976782337
1265128388755915133758276192152619479493495254298811284939961964348673899917629 14152317898
826289156188269883254962462485613373222829568663751368124331356279541569742136413166867 54186333646879714354623787656964386793241294816
41896358644821684438228137698421 53723391358372691185379284727823842861243669442197773962
678521255645461715117654586383782 69351777983973167865244698165527518
2848574689533846151742644628723796619 682244568982839784436832356154854598988284813443269282591776663361517546799
27983882296848124445613665621118551365218496815952514259543152399359587 9544637321663137383669
7975435 186789718989239298679552967194631554434328227492479479
33153841858349255453974482723436616424776731839967687664624927538445765514113712717861342898581669 73
3852532441271445583518582324821131892937313139758348788183616124166275734232591523654979433842 54959987829864754739652424566738711881458796573876973696435782555637937895179559288855143731
833343753997 82743557121724713318544915569911481998742662192973665178451416898321821515
144566539359417816193594912981154357642679583637116847689 232983273654833815873727338151887777412336347396754553326257183617981563346483344
285342487287356612458341498427815517397224797181399873355429922915781164815 111241981434834188132646326721874
668775315653998374623284191544258277749433391178284796528323861135862391 283588475984977279315531669319743361542946974489744741
2797214139687595565748163918914396868592988143932662989961254918464353331764194566757451 351
925848357764488379373919176 4754834168751968497176865923784468893841954813263371
8281133592216582155878294351151335552915119494256977415317186912339349 16261944418724439684898585172324466319399247672212693173
3395682748559172422829142746539782338514237426395 7358712753449973528343145736286573386631869977226773721643296662249382719953358912236564729392
396245194618373552384331131148298336765427786 64431985662753317374142929472739471718
84236621687486355288267197833292718726754715626194112258314914894877931816963 4615825516942777245112292919969281627232212258313591322434852329195721968727795618673
15964924957122573254543141188746381874841719477837955373658232918157858745746854618363739597558835 71181733689825925876757325952881429979866428723416842153481452193354651565963585912718671261823
645363245512337384323817698765516871494621764652414543571561863635716841433635749287768 214459332974988914827417176777129697
881432214185 699215649
363121527399961352714933566815992 4356661689199711678859855264688382753184669293185658225536626
291955621936687486167383526865326171221524578337573364244847397158781 37525652
334183526167644143225246547127122168219662737445855381975 6491799721785538872923873578437212186357772258499198626313277645555951
2256583715844325828418538345445674946955146772614469 867248651391871186976136113127917986
542267561264718388113175693147596129176472235778391 62357485381649551533528166358156755196912
69979926249932943245235 327873356275387538599138928948478897
91196663977767737722862127 3326415856738773821254216338718726524841835571939268971149337847684856878577353356712412418
5298137332193227956894682945529515573975811844282124643526 72697559268571582837228294482792919196542474971613856115328623
466827287968857517512526233353333575138731137922668 6296973923361975798196976139155716
8767211112438189394 7767221913794546413251517563565545322933273676136242992634756255333853919728812916745748529452654
431878943334115615523528972181598861 84371828388158151815634316428991652826487161467985998391344964183344475195836921475862483847
56996478146314725115962112634213361474691974328882569 87833315868725875165893136329173325156885963514542469141438887429751869567925412255173486176664
55948953195536883766698743571 257114696593922427437283953342723967784251712737417328374531943581428272
21421 6668527363967489398215367288279599786124379267712824
642367794743644228969529221228668763724886282869468663291 6119384444193888158497185631614892323833239114496298488194843333483
32984575 4942255313652139439236
587976859444486756744861872723276527827612358366695691741652695 818711322269866142134334322949978
4759787951615527663314831371 8214891154532322527681517686391628856956417923629268287757145984718493873499261
941663696183445935244293157968667398986957546834765584163455716579883858632761558547224968454777 3642
316348381942582219857943755393487949876246244397971462 78312864749194384999925613596896859488865886812935765374221591778542266227991329589
56818658635497643175853287787332413115761778455594549799984453215573114626755583 63378845525181324114454512666933556616464775587415358514
6954292349 27129636219127187294161527275748
495282113982352168329759272595467776517647 35682297614819188417455761255639422664511453
81476152869644268179154944419565965393917292877381878738 4314442954191537841198877969127215467678155754836146166128773283383
63922339444579256611219338896659539649419232441982356871352941877132645288 62746255492359671272251393174216389438839948848634345931244153926
4493879354544717554343 795833639816895954
534815663127934946931684938689856838381834389625322775764513195664149286992 823773121381973228524486768986136174562177998293863558426251243486716185768817643215711
2815272272363524686941764623128896612349593528427444799 98734715841733848296112479715972569239974844
4997591769565347136826667127372696859224546832612891553428466774846418424924213281994 843793277725294158351642939275256568611994361162577293
9179367515976186938829963514992951614973264785953575927166727286952718152789622793477499571215925264 9971333519219655892244835943845321236672253763665185229
829866558476 982548887134245982585973678425362978828919688823624711
8467353693749651189 1764969274323684975177656925161645529413649458116251112992712333819744958597479813273622
582277475336162528763295753727884789 37186718931915651273855456235738112942426373525333296
114822264669726 26573764547728338246
59747 298615734425578899185911354443936489563759135985334667832222758933913
83 114356143842637271394921534771
3381789126131326139639829915724251351365985965932687664714 78
837811979614956583946723781146186931323736945222687271241289734 19171486239151187941636458531332451474953481322277323
456711733818278729125738368985187865766525698913343719 3969934322254543922227626229548495595889
492685726277557741534821544634557826249958329891199717389967772683988883181122248 25264772895113448284576752112276975399126319473538846216865548665631683277836
41528253948283886892391843541253499189484246978582484296794758762337427952 4251964842733878698656822556656479
1655462428637881662718638527667925778914466658 5116924242856946928673938977733583656662219733397
978121839359124215165688719 36283471973535849273847791235
1832834443874829255298941637223298581243993245125823149162889 9856858572783461312792549751344921674424444238
789552232315991438147734158657154784553832977688826339362 17542386395468736335325969574678741497899
684466136491457313314642787349946544976841475782744119262 2736849964522955195716525954866256614462
732496573955213823244978347491815684639973433976367879 7285562525946226412818722295223229973616426783319627642422928915595127622657
88138162578 9793693961116775461791113884767964768858266866379341375218193353
853698693881834121669883153991757598174341334485628519569128652867 43117919356913947452979442115838832549148633235722366734241893877269156176134297731549939
649431432985335167383788598194926729451488831162 799148437696932439183164159681384252449881
824171998292563719243488651 947949527875127758631388681833914165118389551587628
5555685736219281162651121222943171653488579755999762974831315474798715528248158147 25457969119417122211646858914232615377428538753766623246
94963486257696973377569127593821573311262633174517884784699684578675152 622423959333734787983997919716259189417782539
63176546835181186848969965 4511262912118374737233351652895831
341627594383772 719263955859312472356451221812782883517388372842474557689582278733864327366799217159723
773524786647872174332571682697922476255842358 786673755191871418227767958471622692766335186211492169164946275447269889518795859
1242865661926666955346621719455858178979593368998744599548976815912814265 9982368572262431525691249124453647666518934392234924224937741154376799534813926759331754
75194989533229228725281476676636573529918828474569895996878751964464932735763999121 45665538434945135359166785155355324744444414
39688839375571352987135674664268845829216 72613735768767619218313496649725429217564335749419538777975237716489498918686892
77689238 758119357677573356419316174
14685516316649276121374648489411727813834914116142383817256934418 452432343213133264587348323343132496266123596331223391494217153188965936197197843516828523146
4 8734648962511559528498623994799781934641472823978886268645666233364653491622622316
124651639329461768485333199124124867278714732473794152629974133157453559139916844141979 14568199155167761796122665236838876968759119168856
61613469927723951113886492446577466942422223792845542823467938744291325191363381168455178759 331235435828
4744738846269725833772668229491122371179433435384799136653332656213376195327621198297198544591 3725151613377724559931711228874879989688913318461786754114
454544154679741312995735531995483446214254721835594496 7293636798112252682834421112894264465832642622786194686657869
36835518254326469696913413159426761636615545628788732379373116729852381 684797328417581943415336111491239678287474312353984155612393
4596922777885944674913647168587851672529366668219191719769198968752875477 531862728466395695122281586346999866618492156987835
825296897811 27753745258137566955753396884684343736938676325998642723294515776291386633766244
923859818526619978261129162123947182346593528529259464224457124335995222814334423487887 6121837756528655433784375899536175575616451937358817217729898491885
937641234535367879991819447144489745558586587737296113573716393494118 35768446436766576528569824923396764761625551342713929238823836918291682159254589243975839181
42238842958132136568898313972566491386182837281585 1583159198714267769719654918141847679575814173179828293872358611691436893286141923748841985
65187216156768538156942852366129821974148769463633845274897373146971874869616645 859649
777929169411528635488767326187735 141762449369566216866487513872559154
638118147999226679689178358591553745651599481711 32912332949172123785
2253817461386775427291219719694875781252365381934757656356885881876816512 21315476795252316984488798736548366545789943949794315371846859
163599378459613183 837124142827
8631931121734553772581128617446235524946544568618962468482 1736685237652771597543385545169818727542287121712771327293797614164784973486869
22884845535931547199 5
165195635148277611626265588 78846424166169739454246687672377862551162178231292677186334783235281894643113
2893982692634465295727146486219982499138655435152914864968212768348937243251493352455257416232298669 1949922516
99326853238364339137735965371919342924177728242992863924681435775 773468723498851584668887
75148427494441153262341941129468268344156857351273564658128653512336642766438336325212938262785952 655733422551292718896357436
225974 8674763411519334112747397666923352783454431179599433492745665391558331834768
369596254165262717818236681129812374761682655424476726392248692915646978153156771462466392429261 3757863
921751916166212732348922748742356125438769494994241477748737844776597851999838782434422612561636 24962377157
289453138977736695 2264187316412169132447281918338818
385134432473466795238818416491494933769985756481697463241128828494716554859964222786872317 4485369416177295544255927892598122974693865745
2684838999822575458371486526119193179425377222991342346844923322212157163865414879 592785349188882889373451472772
684541827189811718129818157712365374688319777651455123998582478626835669932167268414212535327544 6493322199377625286289698562674822242732693658679482342268283175531529145186478164336
36216762688429472967827799449177317755757534157417145258277768513183 948826935124173614772
384793889846747362557177124727 83
6417226583499882988974419411759583753167122867968659621748153871188225942 8788936222695829551843639
5972551462471147721289371498364592 2753441252542867543667912834127366977139521652258151382557326751575976496964447153359298
9481772165432 645513556836258747956111899955225663733397938456291254424285266
187661292592295264312251828415726 41135139687232167225368375886739476193899646
3183616667817269594534838117585439893736912135399493595194637225268755854 58653555322742787738851418658976577546889332545212875658649136221538928428
4556453793441375697693528128664122279295696684127446842544686927177287827126283166849851 71897493664867823879847674589719733253819465645455641943877849667355722179
339612692997137159365314178822994417827864372699271652623516259351436216526 49971974787235278761519335291417643
5693259488755649127539743439325211575866641357121884757169113178959128112543747 3
1834526456 525192786968431791732342419333885986872774622729416384441841279895355388787563315714
2555724814682537798216967135691234392 7115713669763167349724792591566645318424262667322853149332528761287888354938642828492688139
26729772554625433596133864111278664531588 964866793
8933442127317368494389442446974223944974986859995276878391269789 6811592337367895597734818927177346341323248529913731824588251
3115324332396726 6986152822697123181665959247337393118225348295712987635678369795323642552549521346816432926633141
276645629328598252724921836814161 831547513762914519496557272622868936988925319248656179355927858217424112669557367193142788
9289616693779714 35117669576891679384312495419
814632483232968217 43545795441874717557556459478538977312341168276641588234768216338242261323557212981136
58284124995362488456533473648843639948267545232847156349195256864111275517146149816263639528199232 2751584952386489134984176618317833749528771318
72 56385935978755635372786268919386
831747647536266958717658854696983 872932311481818844677742774544323435254582284352
612318282931664135814832291822637951243449172772995117845733381127311335819 89699573929363266576593219857421375936553523912563678678587997539365532365349538827726
9693711328621178236525213211274899875755482129857934211799973626494547817515987774274577234819 34258117929747657
5366966746358323159281558436844337244248559437224518169844448764359286473231134798 73197449884977432117159893
141346997868384365238428844572668391568529317534474952171586747999563726 673316631297986546382233995358
852268532187752655524214418788494256612946198721484672826812896499341689848366154 4559892996995261998951987777531514759221668736794
16845715311883899648528541365533178217388955365337144446629 35234356275225422341836635811473389592188625646828258194489311251148223361854867466568
4576636322174289346357568878192453387898526798433372 5949411342394535367769882865568174438773975278117
136251316339178499444972746212633387183666553997278841675765828 873553288
911887745657313172245648854699922795664768445243416977317317398 8392168746218823491272695899438449312
2362318158838142516981894869668259235143323 133377558651853739655183763629245682699382932755896442684558751189212624591164327821499266
9155918243438193439581148353464658178353987393931189677689766184273171532426857778636911 81236746184828678475229484879
82635745269793923131371584821688176741891274299864928442332549315757629342839989 571861632145511155742292132458621855678513242264257168586811221511318776723821233
837295353515996246474117535541525979338247114847667821881111476867919331685692145776668794 751316192351544589928578769468747674965336838356593
62783361433544388783133678456995538283654157143192592283732763122165673715484454876379211147752 567964969629668954615676634466167845598979894785197419751
2113 9493211482593199531226494387177232885827422582618223131128855815435864785717419
72812 649947953562351874645941428697697189256999511432582244354668554322863436
7 14239195276957554746954668783588975937151892876461583474751125121234884874939346726
88622993925473651171977678983485988775498575712599166181261824141472996955833222683865 488394568985914786342457667676839865837185221741727857379719777831
973265243 46532614784479595445681756957936668472936299974835958885223
49741368435831371878637488 22521318467142868352967865377116426467456
427567171688198154259141652776525784369494524114797133517469259226656728354662511939679177 72755187713779992455695581479896517714635712843291447382693516828819427446
8158386693863929494324732484262785478981643614466213979838675755287 657235356272772448561182855475917579373313965389156652885925772759
577283622879247531652418714582 474769525954722245133242117853
47658115959529399627758589613 1135741637727839893428162726413864113
97623525645714117795126328352865729928297667 51247592316399524837729631811124377962261
29836188567575 4923921618951353384985378779745687692516465393975268467248337327155416824884986445498
5819337627814717168833963942439681154169854 7
58789611717926299615168572997 2223866887174187594781381217649973258
34916268614417334466424118538322924275577986541961625195673832286741954392882792512822 322953133837946836921
889122423164285336267711112454687393271223983934399336989382245125813891551 5341893751826346925951525567993585735832819721333581744472345329759476934154536861161451752368375892
56294776635 682755288557188733634156557237546293647119619661179535688127684834296151494
371834148721756636458 98588678762729948493276186389931171153885868647591743732655979676
11793992192961766843896368231355525729274131 33557612759811236875337769828163229219
946323711398299974668992647355588112119767255688554349751118781962767378557196 611381154218466625611942
64488669288229722389636132225284214264 269621259331761178113993783633816764797949511896556513778298693429762843814571
6194178699627922347164669241437472321988765561592315879721141616858462952644777839 47447774994262525716867247533877727548467199169276849143638686289934266433837228648885
31234195996596356396381759629869268 5243987266654
537176966355282368962655676934836358364652424268136948492338 29681244517351659186196611237846155681788381843224351558576588247253131646452757782628153413383
47255585254646899141 652621978529763448612281749717888324251626335282112857367415419832112423987181
525631 1449126373149585818612649321259152242253766779829588186369723398375469778295975977
4326234888427961588936913148695313779 3276751368866437395627144688473623257787926158941421734259696468515415136578444959713
94589117417831346412972799768567229828957576754884491 2786618296929299645668127646554282993843882257868522542223957944367526236214375592219
7882138869756882196713773279687616317243446822 829938964173417465757539962568567568142483194555611
867578945973774429924224 54866116354972246254825
61392942235217837429352222479492548317387338151393358447196923457924699816732223486844374951394 143953681183374251146876884434721289983774232636617376227177334911766383816363871463739559284
5115597676962392524949541379723157848197489924925241244875424299411292836515456 377
6598811186748319355675816467867128722646962492798371656389584944699922868884733326498953163724 72511544343863217368641858496153611332556855456436675727685419549544856243376
66241115367594855634585213793462 563553177438177441298162995478946923623595372114837914452264146422744528316886966378524996857956
5515527228661969464339952558575353411829464152265486415828186282141448253354565169928595535938 967345878312344358538511396224574169687565
646643867747391841192439279664198225843637118737893435122269982464 348358473365823168885498344767
7112869859323225544295432129525885547628271285717664899264322246536963434152875169784664384 71628745251224732796525462297113179241985736752891
5592553367783557164866374645143847119628186137 1776141587154991664822159296558899197271288
91847823955423965438423433944791983317265391137295763823151487293591793892257 18217184377844699115751359998695571
94622688418346335485741184171346857113729786367377945414 6661586146343899729595423715758
99631137644399666746638754614977166183668225342351364993194652918869114586162935 963626856273517345766243887941751581395297158316167419923144346588345274394725914752858384867335926
723822597912939382564938311466932338754672568984455664711664599 234624656946651874485277961514758548376176333832228973132164
47817463841699956868836736696999928932659895322522172776868726517674121717741894186644 68182713221617964162399613917614581465772441457616777296768124522789171488368997349176839841793366
7725994164337925697867136983698424915828124917839248523831714269975677468741747936747125432425 286174322736366347946954316732138632559871796442869164282195823377719828323
139678188233661782951646565965629 841138243133235188938
1246137826838712288229281 5189468864373458545957395119
321193229247274629138995992959887282697225661671167724158986876942592 25148522641868646228
516523767663422693435995538242452379251268194587157824643946682334875666477792 36919152114399717793291639759369418793
946248176867619565293241162536584331659263963314775339242483953478553113763339779891998718392121375 23977288279537234582785736468232498992312119665113449488284855738139155696348785962676698548727
1427588714345314935984535789198753873129854218672797679195183553267849458397413118228425 819185816927857375347687584214742834684161364865376961
6736545542447755686739989959913323397569185688995288128749666457632348391783984555638852318119883732 117419954368543288238729916859153953532966211496742921738516871932199316711978
616926897124318315134297123814585329235422911638478242198982531735 213694786923435976283216
9149842541653557228173716234789878537914 1916514562825673454567553643247919822985966747549548195898161941559947525
59553838456425287 864517
95693972185849549241232813717794467117739465995565451588 5189198512293515972752845147
89896797364939115998188374949437457974165167943836 15467125912413698869
3222797927823447164816633236647879515725164263 5227487144889875778385157718931622117248377375582475585912796435922143456486825221584483337256
2186357679754331264788826253997649 71839829
858681271717814948253418249353251367755285373355344723 471474348466466696396847653589853575634716851126991517642211258379884988956838422581642951891583529
33573641924478335348738838 19165872992922286271425839228431875845394189523768386397418135816481641944565421374126256558
1337334784852219848282529525454234437916274794484563526812711891824266511835666 87761263319843255918182291525929878631
1541571423662776134252813411262331315212184 191288764344483116841886254258
52225198812853612697647235741447983783 8377452412194759154314232769821542845476261778718171577385494497935596716
1136675491916893721825483268123271714795327487854 42174446914463478899749278
854635693987617 752874726216745373653669718147714
25491147318624447325426782643954478213195 812255885939382693779614625637328164291759261355551589883827
232981175 61463263452415626163748979674131871846883173377934631868382599242761699435783836457
69475411 63978247242524188717173225168277525949431759612836667639392921223823612442
648171267725986985471744253 743395841653669815155891353553773561156164791791
17132154529712815717548 3581119691517755815727826833132912482468662825946636
778245379921788624427823851499176593 58912275
52943995571745729936841387859615845485 95182819695172671961311837924981762618543919547682188688688
28167532273893551245966 8825789873882874737113135439414942343182655489365742268421
1871457578392881131291742499 218678518926729473928248322164386794
671517254298679896846392455474284598324559668132387897763363145986849973511376451119155 64573965171673275429521739377826345946767731473663349617732554
32173313596994736425354883166339165323331844415771336985 643772231166898145423865
2569882232446337931193271881548886 4647179812915117384446189221192651247392847913879883369
721749666642975453697382421448213972931849959735941853178898893138793988795463495275317541594 45844244585961586237913646896817769637641965778612836534429225
3936521115295762531663232692812921323437168135162584 2536578427186381146421848951788441962715592237784575
2439951777792896289531425364166391131522817938366437673681 16883255529279961185138861851157458556584225646399814724994
729814366452987812482136228761738974748945273478876484219922752626441337322 9237476614736778746615
7924243439979646639515417771385545223528788274491986549678757275299243253975842667 1419565259328256253419463757356721462668739332251274315134
6878157165699972868914758652241889 524493338681582436567484432585
34587363814496364186493377654827814893691196921476892424465921618945396254362577585291532523396 8644717979755216795451431453738239839324722623217427666786372863197249756463797288131251614
9825216629667657157683746435814 5845887964555767761497
3446237942938816893393878982144 66768184481522211871371516778221124454
43118875924365478815169252417529629495449499 98356125484891991828167982167258973114154671219645649929124433144413384972556672142316998692133
66222888824536368875237376243214719824142789361992924975973559728653821797626325914784379374779434 7884829847757367283686183344322835722568
875751589499846333264892219322886465622719119954556296513197536985717188934 712469174495983444254539927296636729425961641666238492328343884171898849379957
83262548933273623377873854897333788554117323732225 72693974586365357673814772787925722396217558481975839738929411194424547214586466227
85958553777478657868689994435367494267466435789357719675924573181949451547 2154598225382741719484238725957486398123764315495649232612571473
944211263914196866446659758367359482716533737738875751533134412962662929636 326638911599983512645764929381895611385478167275796778666611839381312737694925583113
3687 32861366757925215374777296724485978774439478134672539323113631227516842246844734946178
4471733649987239818911182787895942229763981465131113698985143829345365444114787555692532 595794711129415933
342642566833457212499171932462316743122918256293887 4819523834841448578
2196427151397689 56749782159343868
626767819776958471353757814681157968252766718 549673717724867917762723
7167165431311942633167482527522519169862579892522455322831462981 41642747
713169463964148311268537742473482696624959518417919727149843773673821173793 859628897217617134915867156659517579588365162946469791
958341219569339898124143477152968532977731624419433994668568366533117592837649659228 8354771833641597116529662778536598725939691335959
813348289756113695672971931726779955871792129568943 4812748248124955672
92693551124941825546917 487666995435892391872862646164242235391917933429923956755181
642498876397138397435391149515934155571338537433487 656676613513228373917364838945996593861353299925219556466842418559844119826294771143459275828531
894573162765652895563414276375851689436215363531335996388682691 13571594129723542685317
264169 3533391583587743729329692416945569163375541917494856261872323941784812993
4683479548976279713183683586854223755578781474467422819728178 37471191391343541884659779526471193935429729746953479592563435574
7574599466536178118251137392977227684342548529525856873781766632631158985822858 9611315165949661161946516368455382181374337241423316888859239
86387798298333327918379396746554918244719519462496989495297 9654339933939968914255575
335686758556983789363688746394412357935982645677185855698883869833229697999521278228516931493966258 5157229477926517951357523154113698988551922745817374
913158425682853515714744243579478566875938864956692684818699372648456516833373 2761377996519
475591839669442936811577854324985612573334718448784723368834976145528447932734678489536787654652639 863359267846781983922149945742754
61497382839828448261947254759131679671129831856817732186678287796319375678523652681359 9581126145793561216689934729479443319994174493554
455732849848794644599233 34225864429364756259663859446753752783315493228951988454688421955481121227574175448811283193343483
5242765363683183536268325242988 3861875326369734494486497655995995219445757534494868724138121422368892299691152
934129117367766352616478329354736877879922122991875112263747666517219916262238815357485 8694984582372472289956836726467821976338962892143885347335136855569156611317543554248539149299987985
83568446165418714616638141852787494135745784494976149763789426472886242476128121 61692562859287873327771524546525922576191572573122477616668252335997729821745233987
6115971469239914667671864442535661196433165684571319914165158837718956825835919221 11147732615594163199694652494651285673
38652694345516962928366798257873845918197957978479427352233 258165974696151
2832526767926968434293146361372337249288892451372251337959732758277745 57436324237521887666433388
5159877838153749913215215914471447498738467713798364 8723289136935847652256867516165543981657832177583
7296728934229115467863194554211797582276948954146934165123718852551161153612727737 9442173
364637135566811297293 5122536847145969584456748772563424396677521138267946417843
98526736493421875126568921246997954537 755429899792455471894778
51639897662555496897 6486894335233267
94643925332621865885672368184483536437811781166479329586288949233 2443533152583644169137581529169249391913589479975319527344523379698834425871426597879212635384
67535724474887845223121231674836249345778354251914883782461953569936752734435427795425 3465792394246385745554375159
1788232215155165212738366558847821888953633415399542359157319433495154678777892388826314499829 26915624627712245767991454442842979736367268955
136155392232288395521675228749293 825292665674166765386822778262686298893789518346791452364277557236616387958
889866732963128666191914872434281613386198567232963369517741381142583291784893 448959674664913472748752
746289881152797638353491937791529995247648624893942853562811892129259761279536741333848373 566817979832593955952238939494539781922766178429564375712388452867678
91178252482751165537629472323753 86389995143986425846722555455279897941595638283441479275422745263867917291257363394
78338125831981145928465496484799987136985962363116148546158273253181867274387972488744717773421172 824181918655492252669845419863645541828618
268597918193532961613846653681 7696191723666361786496997517622263653925686129236
351433336574333396988 6911849787294261335422712662512829475616987475718457377
752277275538263536889957232998898644629526384642581285483 45622139522842956992788939146958836696541224
4113799282471468333359681975463128178957662 123846395849494762463972283963576666675529733348518146655281
194388915478848649336725114389118446366296828193787638574684244666831 449684594556517745
53735475393132357779149816295582324461418368718156475958381943684536747911484755443726962 9949983833222948149962567795127441598176695562372136
582656368641436314486871277959188212759347434556926646259335 376951271375147672499917192
62717116921553755116 47372955142684937454573543849
9867515984926526411983771256158156969613692977912127136 3347873616819279637359667324164456937793762588161
9231476262716478382769518756539313766679247887699838984 2764851268116523965116655144187588
41492335639224424715193362495213865646432193 513823429599714
99287763239222867565546753893574171988928784296169877554358195784316968986757822 2874156767949394492429241354311693597473484329192617791241317588485878264442186947235535324629
22384231175297719928127729111848286645744763452852316322599874697696111699264523734875573394 5694529264885384965547661815536355952647246854869269833876246489
3519752863116542546424673558538161262121238937379226873231863988276362682788782561561248172893 534349588412988341164135446774686395892741755565721467398683738288529471184862964875524668331
753439558395947346833665368 663781792718518217424276478956854836159924185811163567836295136697786389982349112483
1513899798746729459 8856839632975175953271839744845364549397637851539875574393299599816638189629646986928654321263
86261864671116 18582317766497634526573112873
482791935828331185674358472426728257475512918244844656614116573317928127199181964873771698 2
3278671886137682812548322297313222463561555213531646822473812737148813495686314948275 98968652918558641184435415842919499471
86787399 4492336147427756879269787313692865248161181254435325373637575119948687914167833876685163621
2791695814194918968611387924933791435142398933124117497956823133 5368932669681414846422381792722246832115416349461518378187726821637438
98242827854313114614967273789 97553512558422984249876171969746565892694769127852564285742885
12999951693921863946148166255628156473 7787267166379395553469477294964958642596266817676664432554352462
396615357428519445459918979 239763238836
8628 745529528895932528499239781276626668636423895842791186112716136116273949652998164883489954473
6 169396721577424317538369166436216725454544
1376943278566742973757838 34254964864755
6216955244144466546746644328268413819289955614645673545652537299983646 9993479
38189618415695538256827886968558518232691592 8872577964118126745597265343347726463242623717993542136479795771359261218465
4858668763372342794318565681965161799 423491834912838578399322291976133421535839912122275393632989468
98318246993385891143683356317318347196772958346784838958333499173648536 599617598715983558279411888124341
42364561986264396244326368732751366126437218646499526442886798666957719675 272616249335557848968779891877678181938439742
9674554432316958548142462535 918173943668436964542856737243677926846248464734758235394779932124548154
316343938151354716669663565963985354631116822626851379554732144841482186866792 276284274186222287617684624776564236846845169769184982169781733593155553859246215229
162965163397732143499618581166622434181315283213589254463 52123267648523155938788875345151895779896997923873572586398684136142393554783583967963951355321
76827338137688655955269814847748679796452441884718782 4696362778311173336
18737174464445387654736838317526951939695524633586389452997442646342874636938666365841617366455 88997365696741927576317499861253954
5826378335141364932717648624134495 328446364931216378679827741
16988925216272 19172683788818718871558
2578 91419992897681873767651
261892783597354525794628737696422294882739929281161443874238 28142759583484771337584445867791437
7839594498613563387588273699942945152527772179464337943768834 46363933558246396418887598453453
159892582417365155125317813765923296157237493678375 4891646887997283953763856911637152258791632945691645339578983294
8574528316665233 3276
774727261494886372363321838831665574853457617142 1927723577249443126358485856731628258146223987
878428355384966151163273239835669316354374887186389 59552989913598672333125
87169868698917716446774211388645679693639328557545827245317455272966633495821352358966 35772254944186891325272127522
524999366624926839439871246974193816426 261884442323663928699292224125913566155247376666193164571674274917
129852636795291339737965129281598319883214133387739643372621197589224547229416671656179928278551 32977863366338754233715
735478889491675876182215596 1876221152676146972389253559747695259692
857477994979962266348366543166745949155362613614829958876776239778432 72635318881666481324735159386335288817782373749277876
532538896483713668451821638339147326375967926422594466886499935399865463716889944857494288337 4775968727457255527428359585676684875853131529428752915447712596686295583539539884222
316488568844845994866544489359895458676928457284891293539169762251838251 57717424613629931636752889997499
723969 28372183499555745221358
2538276692167352792714823534223 166234595619215282782253477969
141523386675939824253835634718384127918993258723876 5774499861244882959236531277711369799312699438993174963657472175166114726538341536611153995515997717
51194488267 6369817319771665498939833988691498522932326795729329
74365439885966664298419193164235553332659455757865 17519663451315224725392499812797916767862847298398618742679955478442547333386695
2128516247299896312842769511797142474111379419765362254936154299741645464792 49746195979655875519724624969471565884822711982418323469831744236434265231958
553595824929439861288311 766889777123841218753855878282222341526977927448653939388528312417766721242978965729953168657
496548116133236723 326774874364199933232194621454586983296769455622126128315925314897813638815226473611812
885948874456874349817231464623948861483663139371792413569432797713122857468342784 15274329592646324656142446376932231732389983946155158661167285976228762252413
957886414438451553227 5392941792981632859987253319185721892952712611
928441549374639647273821719712875598641256445651262864727644578 5357292515614321941622669313588415242682892852291562974337183875356913614811994317597
5659745446838549762 98698446654
515591841971774234978431733243444674855789845456271861361579641276167 8273615532
2384954618785292784542 84597935554967164566376195999413258269464389124138324411199
95736762177283932852551361626252326645169824241 4851485921231761926472944928871451843679489983227142215392687885
9469543338567486718225383844697239787681341578172178785733225845792323951484626513 696222286621251635979175621178864571624456966992733915899147941658288681338129117284
737889878691692477983591142995976385685546832631135573765322298654271374885483 382616
98939752627258118746153772364963162986751191962347434757487189721637216678531 51567937456286541135127874165
7672264316493245636862328285853186471396726253345 36
7198786647698583354457142375322653592736265854695379 73311349292143339928166161666636245837556559467725214359395958134628275
29963361937294264452564477384 1246732836
243238328743659566566277593574755596786948881693651 77842789966687639286875691711822633948586981865718926147166491488894872574
5462374664814283194775236489826942 154266736995835428141377166464713567691139433
28274332324533893126147343219 4156119746478148563337493131953998196917572756817936668628115971771923
42285949994468743897486367625476748744929288198234935725471773291412564166759639 782
8 6857632844792776534147
31592862995383592765174 398615699636822814368715227361556437651799665817253332486377147425763372434593312357823781694496
936287832261439193174458682593835853268164819715419916 676244486485236826793691926211833113688229949961419126959422429573
5647656681983275872963893448972675868589553463594945917821838991794366362799 4837727939564513858791843573739895836941487645535237226227223778659284952398
457127516998622349518841852292441389854725613979276667914393428395844973148485922174477 49585817276355
8483532389169871377357761967 8
7631798532991774344463776592698178932682996548 852285338853475212585414165737598866318693532274859899416878
56147331722495368882645871597959656725388266182994588227827598488886961363 3224238865821166743714387
84891163342554637559685394646 1135132129742833515769768338365744528442229235239955543433846887296358478381
981954753325776321781414714634333917597987472694812561156932833721942658435 73347299458552359796843247438595926892284721781832795388579544
42537338874322725439579477783836894585584777692461993195389993492893567479134681115 61568959264381564127754885215729
21367197565532847579234824159341189127672777615487727777113987988757667513295425651432 9777745946525729843696185755749584651927983375535611496628993513732376326642961
3156619261522221744425379168 316656336789951584436728
227114399386286695534856286371258887234256247631118 561437136946593987962983791412177556641492253457411644847
231624781877815919766488655692324929166265174934593 4877116778615127317846765871834543323535874748313847
9258692774458281765872373622474373383555623984574 524832822949238831133665235573269569612916325951288963946118314924672211931238
445189781964267146791655251344638739728241939629929962444871713 7479637762894858543786563124212667796123
4333246232546874271327235384225679496985796347 38255769311151226392253861149673634159598998382597354158866257721279446728
2998761994869571429192547723573656754734928519445284733699 6814331353157626755431799694391174468663784185636428539442513552799
14677939222144527357763543517772738362876977815126762894331377529949377 17383
15541185567617146876232527566835351134572713343382725687468128259436877778178 6863159443617697732
7848268745489931353512784978966586282785577854549983281127564472925465513489194559881 453711382365227569247271451874839746489758219283471884998427342273693265321735679831929169733547962
441242323997664245326544786578527 268239462489765911
784224229756737214185297991782228492234837867463 57145447389667351362423248669372931126272531465535798136411947213789431411714383317865286
45273339919172374794532676224463236922413671599998956573447451344 98421499346475815443146
6391398737471223645759832732167798985723622421952232717515593855894761655549312114844357233544469 77362
36377355673513 78254166124469588575575312862526981835392492991357594159198685349381466
6213561995192761754127846937281925943994273561165722718178113925722163 1889497667297776623297293938484294638324349959344299528578
765739385516678671452152282942579919875 95783453
4225249387477759242264766939658565677185391783568631413714327334143747328529712284398817 9773829817788851176697451852451598423488875982493291984
9259286287262678885621468748789925321528334735993118884 6247652141899291776172442672532434431562651158497185812486713716537697699186398273595458635688584235
9261663355986277144773271365433442123633571233 693195444956998713539723998
2391753672514383944798463542626781716523187283717 3814674842693564
74127611527664274388175243412868645677571521998814 2694873771126861272521623225593713774929981173463
2633896599515884124251143987596385921721748121216131816333584271758277 321579689252796113372127311796824132973231767593453847818828528156827184462488634496848687726891927
2119288461553178394381893776995316759531613797594486493 63793619764383756436696682964162848
879791678581152444877778 239878541331
63722918941855963796 8362268243478749273387221396542666616159263475626725432911721947855871729773341499513299963279158
91586882672649768565319334978811586222864191856516666479599273388522588514541744485 825441298467763945938254618835949596278981581649883194776251626996877872985
3317488474211541319266859 296951871767221279857526
8879944263294869436464428767746491929224211788393219313727559681161115229298555156744377925929 6339221742896873529836365182736426176479398257856453
179492372189693237633797968236483646837636718823319474978278352199886378464813775283915 919918122373258899534548
29489823126355642672439486692673 8763386898117689739426562533699582858453996178917928176632635963312
617441679289452452643698317381735215123646329 577374353763318431391249219867413487929191953487847411191659166698524126185597318627
2497314197726656622135985612329777491989286128473243 1389916716539583
2469918173936777244294871937592616967384693944783949115989448531649461457752 267957831567479597985327943293886155783987921911199769171283458446925917421
964836883213687728744733952729147377113359681946431285793981548778764 943656377788276755426323728965679852366657
83963773169157174381376296121846955468129727639427267393322698987273728987917476253496571859 1878921754123165196521594831523217934412657116899298
5813261592724986678639817892799718 467611988476731956398177457527338917641997619972811591
3911964751573326997842937138157298863247493533833 81357557151669666886193314813741
98688328199812684482146971782675744825129229722249851886227 1599785162874737972339699446371893358123253928649944728
12483734524947671929154851244628956757673332256623439674253748524772995782762984124177 36536364272381954962292974732425163
9759499348894598791649172259799734595744186791991598357972 35493124383494589298541856776571151923546231669693448588839474
38854968469957416164329258154148119979462694218443712622795 1
596915125166442727399189317656318267882525512192972681829994546977 8428689221968834334921224836891122764617799766388
25759388545672731351581317954143292128536227545579671111554745538778785952499373348365876994161 547948394294869733981739169868361755951629862333535753
55794622 5242687544766474123553431371426518767567941913284576498389168259
69155548535388786835642739716918451582721438347258579 852932945119657
94162944815913963145464682658164795693839876768256414818234463317242123693535 59999712597856978762894911516927542348315171856749
6433275 61395417344897819339517991529162379868856516943293219859996257841728781444388284152714253831428177
796957248667685432442242297698694568823239265745676831965331316722229968789572477768684149615875 491719851183559961181383988894214181643576817775
64157264319617217998582272249114 37445439424633396577648834627323698268871
6413457626148182317896171121112959966277332 694531971959863
99145186187333 1417654799316593713737569688151726392639856273811145321767443918348724423555826378443366717897129
976916647653349767285586966249711573962133135792825845443667744896288594953682289759684743 2554165957338232532127359527411658229493373496453599668217532279787824133
139478829229528446969483255448596 9688245692436359242599773794142161173952136136671517375577629633423871427911722762723469259
6679361755198112188366 54896469734828777372168224224159516793
82171931959215112714346997423 769114396947535523913187669179186718483339372991492326126231479748815144411289323851457317759439
25587572495544148632986793917186647278295798972966771433971621288355983362674536379774475824513917 41693
927781226543544634589244378234922419678885877972875511759863825113356416969238773561 475213651383588417423198887539527969812
376938411558194412983751799121223447997192581192 47967495614182823987326978485334834418535758276544412211797679171795688968984142265237627118787
59593487419339116923126783642379574 4144759776632838848
3583241184296436581392154414241226135596758491535362249648896616666237592472495674252285 44642
567691574146587112954877957452 423123618
3437997765544664851192273777151129375 523723352765659891538645231927773791199457644
78148128428164129253937843 33888388998415626447671826794439119845465894932832263275351167742222229586112639573416677496
79638118799127394863244258117493658359154637723948461799238 93828539632198
2548854793371924267162828811151482235686 85162529569276419548543536243475538998561849165286683957475789269
141533927434572696869286317255274639884 25711549558823851824936673513545916473642166836279219716134423
1923395114777 6991416825388599399336279544583172711861238126181889367331
69227 55813474348343517822933227596912123569838283385836213227
885511 732558121545261779618926833922492246887512759391
54789755561821921333324555836983339879562449459263173619278431431415221631 1592448889536242227889892573624858315264963658984851646482333611928475884412544644
345767584855488898326865138721185 3698283811383143982731326565598883659744765249193258272649288532
949444891725889314282329235449853481313698721351196141881548667625852759592325894327776657471877 88859474791918275
8364294 8684796714596647756989
863298249594746984913 65669951251195369488383273434611945583681577376243437236694481328284
81727136296166734998517729542242657299238133196925183677334 6441118283315455439316242296463649967681547158681373413392186898884
683251 699563338992462
23481335277282442388834362881457218246411996765539222449689984468845658815 573118355846719423966877474787618493481262666639296612627761321
46756543143535788368881866228298579476858563934567 74139858241522386947425797559242412131824
5696192757223129456224886 37475475299347367123979982277433572842368826225948442599579972
45829942268141662767537537381635828661196473245335 9933159
6254971917661475134326288862184419979123517372834458891775275183733519793749915621546688911 47964148984764468146
975952815395514965123916676974 143255812898538332299726825185465455448243442438952919418893761296
4183674832627848485451192259819867237523791558913875435964329619476397716 85111825214584337541156564874722533
73149184786377174 3914898587746813436179399127848
21214452787 421799564711456799569898897772782847852627161593459736173197582649281491795544971217279
88146333243918496997619363335594 35
1269684521673684972424577 4323224491241346756984884153626122694494216346
583276742589649675695 5552691873331
1429744946389322415237381794841478816612749733887695369322199343626981474335892968841143 6369896622655
53626195379711727663715143213738714417186846166225555278516333687584772972176659719 1684179566386747171835615338668189861288872514487721152795241836434218464263
364611858418223163685274685834 7371221473568673758713374494272765616948113992529664635654713
459652287177398951676131172791326412348128463536716714544293542987523659273869634543468851 1521592535534669996272265587929182298848914359173623566826185295584397254488372361565368544
76156928689667269332538387812919628 6164719526441522
166213756841945 9684196225
954257239275 377833439257442787639655942319238789871
45745472284588667866189178474961422562671326375368893928585749448542714652632141894317 315659848714359125419199464148244195127557113699837815565581959987813948445394251368427864
83 14979626297429579418157445386316431159575518396851241253
167698975843732975927968541835538348111792195986766176361995285616335572787289486138255534448417 165595412761614657471976785175497955294532211923833658184981914125582681
955279867196349517151972479834934384195132636573231848223363258934688 826831144914196643722621814294448381921677636414849787399873299478
45889964744758175498115961166283138537661624627723899711847287197135312761234747562848723463343111 5886131361721675563541627399
2632813 8831315374523936248574584126937349738415178641813857753847681561263
734231 2663927221479355238199357535656
7134853937668133973162849352569143332313363 2113225777929143366879987558674779712839
8991572583591638591762437735383397259636218914215642 29951199216
943973575264143298553329444575478754551382424832397324129551241938 5828669139615637769828864297
6467816 842654519149435851
14629975585316649337959228136433161358921473549566678335682623727187523 615282423456473465579846996823714962662984867526765252546618681
23365441923546643799972589685681141756678438365241262557811694489873145884972518927587755378356 5565963729844391627816992517
45754619354777151324782987733458697231959326458732235343632987146846577776232692 96597
171287975142121554616227324 931567176162322589979574736835122974987986729611962172363678963185
846895476535441218412818491148381772655535671 48984376135213629128172787348863133971242717185717142384274935588296615992487739836217783569113
674725343881239675825475413287727433597419243978258873527731785785559552179545748352923258574 452696634181173925882312947828242458368747719723567965319587967573526181591681592845641315738277
4438643729337177838444885822871771 6394973512153862367265352765878
959274213315926429285882861892384987167868354571315648391945894573349563387393 2246751232327
473785743943327 667895147195517133585199945597244913944168796585699784839897224151198516216788465752721597218885994
946212566791385126368397839828 4684241653985265689292
92129818137 317458258384582357925961344771511236193
921948454242314636719598899244997367493818245771 11132467329913
6994926383428993873741667386688341911786922497117865766663736875956542879135595389485221924776826691 86986386426815258592672327233723546819592254166168385828541331233967355783335719192327281663173
215339496681674424844197511517929981992194251279872449667945 97938191892638762597414927136828919678827825694772354285477114434921291885368229925593717
17948327581422383898573438729792196899548494746794758621137577 976978781793896889614744995833171925927887279735893889258692932541372156314519425829
433585287453345386 82115233248452484568294217677926484592253
73683995537684832742135685891211369 734282756796394237895859145458
397466367883582128731522499 677835861831
2916151957299654371952645317598686579322216698981474154315335978921169195988335796963377 7478273695465716155232465749266971244727832443731961364
23641531241661554 9297517272599332822858797431634469774218978452
5899339545925849227921392889482424675549217632131498591673788639492678 4
7878377128271519835961756 231737791231588729618337232197918263846655346393299735698669122591852367111421
3235827133272827165189838324737 46594122747415351218198379773918696222459171658892851748
549772844128295 597954679447697
25837815817314965221299534959355976339 8927
33815513335623395332239528364375148688376873273299142473763 8983433554628585695234656265257598466949727513773468
5778777145825924241428735911345885368722733861 61199295711
253546197694898994731535599292646314933257354471842914597321854495387 97966596
166866423 5168131919314527542419185864686354729982194981134642659987428997591815
718861717538895563916694317357575554363587328375663529985799363442513999389479 782397626551764397171283714212524161574119392649475219
2783859837548175292216883574381313661434125944591358972135792186669537685376696 33316769294537659416244837558499513968183989742997753378746
1194967632546435954486255237882288771732349981989649643333678724844644378288385358936243 974798114831586365633728193832216136449
973783732752328815163645283137733745542283131828539126743235824194334857137 161248273692173317956622689429438222828282731697826234839656895699544787462666679718
92428128368614993746496696255982987394767225529292 946
8493777195759784295375382532918243216376895798831648265846399216255563536241256688852 449515592152332699625628172579492194842
66967963887693196737298382826247489571242852573653184266511188 1893795786111989755913615575637794983962863792223399126822897
5463627528418725123271374793233584571275795368526269996574168175445756 73525783948772278122837258296753497628468
54781665898217628543455291992511714546418131 94165258437993722
72767918251581542362271784749345642741925212985769347447838429387281477858 76959771359633995224662635592415724673
972186726524418265298278458453364786819426464221956 49845467351
5418146613765565996264448943535487155128174142337641828727798719883925383535659288444426526977568677 7167945959345996825191918982252833481442928563815841967137917861867198364923
7986148252739887615794784975521446396871413429922182679463277195911673311 7976772659538718956114176897899864638568911836896223889165133732632294662925339355144651878
751714711398988532337 84835446
69942 22484779486243447498869764997276248118346958968819612847457983795618969435359654
1576689254834154299 9433557392181814688481114233283792436172324239489846981175718933764727
622559493359586846274799996247155767312655645286651378684825937477436641657487882218 374494254938572956562627483667293475531474293288636776686449792189125
296612391528387111744177 58697
165656999678947584271698235786389827756333755796841438824925574558573362764792226855 8385492187321355496125441936798232152463927827484852132587727322778312112
98126456759172583513877146112445229873195418817858159165538158 7565688844194399545349781611569929267275947394956915467865544591762398625757353532566157
14811322512385626668813514637613163148946748315974297281516728951 71654774739918871255
8422142793794484664189566653545139794564554681264582776563 693867865388142791744876843316933821472128199
43778198531244618831415796681911725711485918 11877516494682653418274848
873195321853867255189667734682213561517182145734895841991814215752169531592337478621135681743628 2462695225251342983129592475455489929654487583853981585478
321349422633757519143717546548238241275843789647519214376536 993387654883832531295487531212823253361768818
53891465688512285412463147924239114719414278926691963835452241129141565765444674313846428544947697 63117445921862231125234956568462623175793747986799219439167923495197756149298577591
7957357213122967716359839855645733 51778353947883995659871768622834639159384186277156753721124758945
94261673131766567818573726473574389833742436955775949784683687448738926192742473539592541234568 761996654484449651838445944672
1883335262946657142652895338541184275255679241435 3918255684791
958782315164838479158284251529963515762987686175553344361298588319151234414174399844469469386 8899217784456611948
52495652315314739968316835779612953624445719325919546779825883897249553276744748232444993995615136 1262487481
842674318697574956121192518883265622899915387 245157821522564856969934714695679741243124889262669616362131343884465664684463492
38892 1768141583114976617935624164163128626721169669675893512645517738555915382137
41494976535518194691128851435826139723723112527457728932874393665812588426644142775887879566649232 6983839958361893
735138454494435898197695399258272522764976498667631439774755594637432 4787111359667525242844166916398265939687
545749526482929872136397781543 8943311248278637698369115217426829221633148346712119857256463
3136173492173486932784977673668413252668436343854992421775686536429676275393722295471 57974883879923492542313857365885212668291753679576354356595422
61749324 712886696346525362786325643722542355923261347
711931483498523596257338836366261643137836266894777552482643399 85822469419923261324114269349495629712271923734953463746134338689532176592
73761169878239999954894784929732533395159323797499524994998849293274 78516757316855216841457672994897311164524837233866
716231181365192776663477 62372411889339875623293
29756168763278549771477743919256196963311958819448749359537342848555882961417735 12228533471345576
993277218187242969464766668181837655133653945455584847228583 2661848248581822188287256214464332147953615986424224
2146366547383438819315999146369635239359982773152433 65643488495787859898814573482163554859989112684599734568249741338347494
314491916653683471321996138125 764634938921692297388529698582685557232726467341196314367747256634449489575911312978
354625579684861976979438649566287731252527372611 2817513738673164983251744733235327
21175473853542426425749461539557658321527212546756982379967171678213 125947767746981223563335159692559
1856571992175987855794738857611387147485188875881719745417935712941966 993929418
9934699793771438925614968624898717171552729142728743 53116425374461725229477385772949811
54785679955656 326151625757442
172817 12913954787914796867495248286155933644153596715666
5917922453412133349848493184558747378438664234398274425628 3246275138491521142687384641127983842926717244528442663655
3345699958664573718117812872842865 75281436148547422184821
9111836859443 8581199148622136854871838536898721242926522851621372183
33366723323656 27625638526532731723771894916329787672874657581599492227529786616185522714673765
781654867999155325162975869318252714 8536918338229579493463367861243
87139814232997718832875746474327791377213941759331244245712718357161 82258244795
33921373178469675918769662554224393582825796675442391363738668611934599876 89193581674379429622393233791368916942763586335554825512719961974737796167
5356 56473383241784286113291164349156771362167776415242534971889
7149189234428558812185548851971428198164113 92243893994
24922632924 1694485714331421837537455324187819254643441123338568176775779166561697555
15 9829537944745
9178 587845333236682178234783185582747599371647272895931769378851
11927845581951269916848198595885513671671581889133186815 67559923699843
76 15761615557915797432945567697561887823863894636259698134721593516384653566778485846965221146115
11375626934199644431698282188295671 992949222457575355175643219771343959223778724547411126
2254428232269978397789288293219346136396136949682179787312391931187 987897617474454257744188928155974837133867459172595436
7353845738776974882468396916126889158473428 919917442731689384577555595294487592195247938812119883687351831867673975141264824276391457318382755
821491965214317351929642251461 5363439331924427981359813718589245465287756156761991897795576698141752686576167229666848713
888324572252883487859749988783663418857959832416945112219942264492414794253889958187757881 6779939627788194264215977124257632895811347334442683437642138712693816893342285745591279
89728964655214375367243698825966268675591393281849287286653774653739721937518848896528381687328376 58242157561116883
46143368834953145364649337241 512976976511
11813639643389439674893415199898147768359757873597544334767564344358416579524657511524449651 4179159397413222158919867977653451192755532641319537164543852646643831796192387188
99328782782763613329278713857981588934243364642621888 95328885486628643232477877745981513534988661951673
956449649672181687983633126979858579564997743673556584787374213459558367227714984877112343666987 421932581669515963716238415535136939963
24759416272217338914347896927321819422882298259272233348958588573368661844348262579987 9662222179151
7347763176356 3292594828797671475334337463382677191592
375119987157137134845 13725546942935224767147657356668893265393547398572
19628895817681656754258115835927 882662631973572397142498623193499682676276977856427119864717463484287788452627548942767367731254872
365983838866117674889146447123782817643739334256644817435443373924928393145795675 56346961292817344
6246928245736294723668697429511414517486145417437458957718535288543988893738578576 783257913817641453556581914822499799412851315236587873417647957177983128366735723324894237171821473
278318296234896329176353112943252358492434471422844948994221178239429222223332838217788 5593883814831283875364159478254628675559
517798358393197958172357492784726724936612768493289376826921 95913742773538938175934773849754925985443542477664371484152361
9745234689296869775582645174355846537722376753277231927423 17
66476 2391927973436324872141
6361585215368857772595115622293628821487983279437727811524899 26243975743421495687333719543517996173729882657914651283251946992529949321961219318932669
8879171766691161385683138 13994863182671226119256363879996629158957545498553771563955
74252659 46243719279121258461151448934749768361227583726
7291756654969838953687725748738529356422768 5954919174523818
19927112725577382821629112743323951665334784637469785288485294231225782983192272 8847373897849897744229769964725743174
72437793939727745118382762238584853946631772867639913538669299396148545984982527552568 24525879593975342112231115126374352366346
92145835181376577969335752524171333 3246878857674517726996657915988657417136887488412264983823853746
7585288159157766428852368814671753181264744381425732926372113967195377635823525357 732322129
64594529651923328441748191395232192549669548155735471152153175476611857897 62381728193927393368491581387687589165897836672126
2665231759893549428735998341867462262782414987167299961232494712526386394 44169114916112853969391976
1139739389245885 64741755541392441663282138287286977588846331827234397819861466424769149944887423122464192965391396
15571143715868346143251386457378977617446299575334261927869254535862551245973316675114883244518 782448688869414
345665596762914633736564881998741112263 48291788495972645596296832118193792124118
8532756495233947128726694914321346146348516558989543859864115745219912427 179948617794471896712252422762
281581712163162358612823396961261481332131687398179741778146649 795394122193972358339335487696
42175169262734134937771412317558289 4193233535285185243979986214838335553715499889583994433452977693542594621524
2722523521776623193892215211117744271824497715231482215557557244186615674545632943465751198878 187765972757365999377671935743697334131356261
17358 8739552795929457336223698928928888828788515353733349
9967118836473843783 37233681261654494688579536274543337676267
122867695333748581235799612721139144832515981243993723 9512258589564793177654
33937935231247546126463192568546317311133976791719354557649775978423639714412416 4847378
25181738491327374525621274659592727491195893759965675131744972994877379295249693728495155255 5895439821545221575464874314112651181714119717795213664535594443
875441711516489893488538942714237645419 995392497997788486399992865949238186
69137596425767371514161867258952244377372975167154523582122921594316285739384791412 2872411519497762844124174999379948585871
23982161993415511489256932814846263441554624587287794569468641476947187324 76259111596311959539315271625918537773966913629388726559
81444633269645673379815612432342886578336 99219457781946119311568665839368123483955136539942712942827
6516791146756662862172248766 8544578386219278483997671456281235876418271681579255783978853838677522436225
3499197664489829223146434642753766584187822838691769391432169785 81425888952895
45524132137772651257655677569799589 119569331951962472725352718561554589154158247733845646695822975124683486777325431931622761
96422949562638338978464662145612747587439795849 3825628999259367835252992234693
9396543977291975114739 5587432674257163124947745214668169731482124349837582892797714836469714658
946319293 9864989584112986792459315971686118142154885364529824583196781872312863942879652362
51112121957541152819939 2973323243767348398115647757515691144185517817996832219745956166389276711346
135379994541685633254541322259316449249993395266944 1832562777398524233919264253857142327838941539814726566291839324425767958131645
78129826437915892893737188648285537731322181759265221599468763643859949528 354961351344481351594362414217852926749699942331964941325524631721721824289849714943348
179833298895773399866565557328115471325516866954376689621436888161246228741371934483864 59385744145366391633396122351138225633
978141445969443499712264874771572969561263163538999857287 1979859458929861171519981419494168162571668658473632
