625
89836865285181291334438 155571692159136228978254288972849467549131291142294544831476921257
895818987195251859515483755374349842847844882237778477411452829321742151167329457713877697382393964 75753886671659339953977245185936211127121248923567684
7332486718911414576681328 79821246882633799355212197251679525554988191763918219888191213283488396893976115828988635136474
5813589824945836449249982364748572182455191163196143938647567443 98
787526327433741351285751685151314496741332217777138864 58467154599691758138896431743629568427941217583231123763284441243535519178745611527
83634446571586147525819481321635366126362394188561925864686853939161862198275148768473885344 4731599893457558282553638758627553857855674538546525469325543331226625
61866554131931571853735499988989739695322659472215181851452483636517437965743537141283212937 1944787126671676439538417257411723867177357177231952
81872867729653373383575851436991982195618889248765271574484214712132722533382372848 4181728389171472553829772726546996417144431
318927728643627287752659792544749483334776286729836552955979334869587575539912618973825317 376872414
1939992736156197791752469525255328113 645835886896713786361771769247
3231182452641391378559641263565662821816196939 7279176827278748583
54543737742124786547425267422561 19
81921555661195796898274397527465993785622911456354892744783289584498729257653777933712554935326 537169826223174489143989171522476692896379749124432684177271935183982285
64768137658543734997126148656 9151497528386995247323722887643286391734958212253569558435888364361892148753
42616471172317499786812161748186918512574143343989449254289981429791194184 284812667897652927392676847124511
771288679189687613875413746758235651557323647832169751213321517927449 9737413
8612882645673979453994514587719 9976785168482319686623661852132645162823885593357936856632535235722596948679752159464318572441423
3354333766676141791591551844662541746886737644981363469465396 158349877922276473318744911998565232996166525782393619
51344852478743369657419452772618982535 591213173947268117834595429438869976139156346867163995711315437992154233833656273396548
29296593351417344298927465463883883183158246815782776863373235788945821419466871 156994314914393652383918527248655613
2886398795195767766762238535694428475769 3258827613125436327259871746849689976849648755533515489674194154613531662252846
96871222126855357239125464226415326444861392988974137378452345445174433 7468832857616674615427898163853452811539226459634275532878869425964
9533197123412344968495187377382218439189316211627954499676141528597799264339283673399163 833422931424957553617
95229821439139485829224958258167821627642491789 93988611667548791532524917181946685923489647431911167614566138952819
75674648737927255243 274623995437146521224724791264639996189167959814754279616276718161111718434333469325935431723
396863324595566823357655878883358 95146143565377
92436772242221186122386897259926136139321352558258976798855348817451959254296 82329689294722788284586142575787332152826821313787468444868184115356568619518548
149334113591622561393647483981197466435371693342323157416143694785255723728332814 596685767582267337244912245222558254132758288922295764312648657668
62288689748911614622434 797527432369584773782568843338651921487192784694742872835679895557597
561275795285773678742771921225119211317524371472524779772454 7942281436895149413893547192946226195743782583782437467398327141242425568183651943858394242729361
9274497367755439316814111 25989438794634712337258277424745653428913632627
915981888339154477522979745988761715568866 4
37285266575499242778742919917815 1569261
75985624633546989552625577892886414746712738656655329448229548981841815784434741656664459339952672 52853431766597473588157
6398281352874134741594535464314713493758225721666457493599347256997882941189897819531974 7423382621421585763448191762616531558748551371536251136849412
87873221514976617772488714188711118223138812722662531361237524983762934427986848 1763728615375119839982642827976577255359875647326289128681257837232275264293376728611573832
4717467533296692834814635948639947918918713658267176875722497547166 7731884534639225591655258762457124339243754941195123532741557835198379526986
548279599442574217418886778213975831821733427816262833864998168791147313441979 975157923268633681964878924142281571259716636578946141761542
52464911985388189514924469473963753586567749751113185 718496195596272863852895945263727
37554782939786235 472326486477467326823257486327618355727299855224522474456741184349796533
862391697468876355315612157325354753263831457318482272273278255 95389957831911449353339314571253771718671629848567383831369641427342241544752429391623395257782
8333215912255569171 31217867476575168913161688769181278693647766934194236
5528693132252981534989339845781363213886744815519518556633678859 1987287547523111443941144711528315232458134866183559958376221452648619942245449537533
2388141748975166446317339247934968855 37582863256532481277732899691669645829938129365216556195847126992816533854983756919488312829792193
613825 3739683243377192484564535584826239379896524838
4937549981281399116 93151731118847814241268484559871111365493522119357945488984939699674822388239118671154515378372
35537413641219998734663267539371348464955744839141183 3164636135936765853779516297455779722138136852836
51674815523523727322536618571532294454261818398398785722 88371914712599314242
96331935357 6714359794969726754168371259439118338875299179797276148684895639465467668
3433237364717952299922358897118842397922225578352226419919752742691988494958 82124411898853158617673513343857484731342178937411847527833759445948649589517435966929
974615398 8778641265934971376512156
63589227489427853146 553223672825378224711625211537786992376915741486617561
4316297811732771665981999831758423193397673785531856552859365981151124167588868844775437226378866 7363653289756376269614612364465988387469935537976148571365185881995498494519314438791973
35179681329711338284742117643699672862115158685784372867882513272146596638967576967113927635439 27789985637499485856654599814911368893781659978614236624689996586552116387282582953214477438
8758352192118484751439128315929 225531972478427578173451967532467278823482723
731869389912345913343197349658636271818736468263828732926399986835142296473711482669746867 636553677599914977674592257395
7973271632865838199686948746594463234763185882611682747645824539327131667873957641 7484534179532542532282389652949398949425834423493412355215
795594788952245697486 88185323692891134276577435356348626349194837898364827189136794822143356
98596437142458662267668368444616466324741337 197696639636483679988439267976726492831369635
84518225361692694384455315929359542567214812218672 487579215244714956841232687322916566276554
6971721211996489512188811248168762416483812349867246119981595263654474115924 23333164423814752918147125196834185445933867318548165137782931
33998534697537373955295634977364344464347459424696532863632229257523226171811825569156886155 53691551875327811669375228918733664532462354
4438596628 1851425348159188334584194277595899588333128812
452197284152976524822814393645999981376345812145412294638163526882533497492285834263761814623 96918518737676689171929842939624954194429674548297121474595132934615763264859835715
56388624276625 7253687188974479735891934899473339
99132135251985899918975445238365852348496968 63127574865481488433875337766299791752919273728987257829856463
97915443424173747613839339366679594212672942419554225627648964274316799855428414843641 823399334676843796599864117256229345
424741795775947127436884165151712529617165199639613135417996126 737241968473389975836871925649352
499269517748671644681465968866386857973425741136648285385247229425192819258319996564 944325188631795323446279981111669715448443585146837622728
59182994623828928229 62439613368797284918577677963794792937573616326334976541751358498
7261932619576253679582534978165161457589828624271586154342537418766868199461598724289827455689252 81144984738693656715613447118437933366979814456989992
32214811342198594 282598887998241163288712548874686598187247431125513626561632729425578769776622
317846969253763136667953921976621 21841776485111797238812678416866488557597328996319158395155837698846353941683861668366111934469171
8481597214299375967128727831947223866313256469146992427441 15713441767
8672337 875636472546769483523589136
9492456415489239114263517489436317971496275359443556292681469627948636246287623451117478678447734689 51657956669594528832327927171985463976832396441
29949 55179643127326152839319
25362942129624182171591416656261768554589585891635918524187844473839 1724352266935445637687463433385337272567977296174565965797189185251434555742125287487362959485358635
12989453947667 25639929247613693651678657569256132386568636481584154735248182168659826641236651423933
236363226541945486537314449868869266528329234738797 645949768127613177318356
688558893 697
3484867546 695575655729852375379896747937427861674879938614293443
945669533299476327113435936311267684933939133541198383849 6
1492972634222244826339254735691544249419463866987243274316381345919833212555911 576828828147595965252322612816772
1459266419943192764177689813478993687494128831254833612 354696251587424729992651
764533357513374613851711 39582439246316118396445657164523
794311453439338223632244661561 86993729196112293718629434713755
53673956 5353725318427338154791293798696969875446291119144516655
7471225297399751474451955791728276 5497417737554
655842678694665986 758499749352233228242228681563317722112276133886652135738347272116577131167783246617
24454485897859917573939366766383389171628711 2753
47254237425 3718633488555563497694821186395871734243626191278374753713771431885257272
85445244915745464296378468496452 77284956656112324373537417946757616375974852
81642879241543736282753229724357735876731611544257568891156 122972996437517653925225897924239448766612634889351415219754391968871774135496589585847546
65363786735414956554947798796922539696211518678263171894135835651947214315379141261542374335888 78926
76476796199225412638915857345991713274618652847274167748628815111681832654222477589427486874577891 66449765853528156114631
19847854912764332361911657639884394242419987838412818849443742544 66252268681941518942479228237831138327272558513973159336971623561552225145877224657243842
853762756 955378134531515744816679754316437425156616283242178136864159965825516
86125195629282846741718 69931578148848998878721855798986665751441
739837728482753281956577479454227756613187377 926895492191124777496616334227341619267173325214673983515548567843522849197339435491269733186122227
9122937324599522462231455779895925496591 453125634243715984243585928182894552881697716572959114772
82273514779628 443811244846459369163269974221545982458913937919214672378589527956326723573854583792497978476229
86126594349541663949372273784759465637117438169132348812922884897912656 541773548153
83549492163741365566679452333847599665137797288 1331156937555599351189315135953477484669621123156453124554475187373233857273994985179974181156213722
239446689573661592473948682335332632537383681489965228129 9369813434
9858184569884276831274 214181477922191531457986295115266322272945326819527549179436964845386914
518957189574145348636345913322868813342627587926231414482551473 9314325949835286564436676858374916678737791792528832429949953798795383367
6532135491691577515194322832 1675532311888462945365164526296121331421769938395586331197388695427398782444937946369947886
718944643746865292624715628321732552998382674578616854112895999151889923366192621957543389 7287487377773883937685554856352881871224154882145447787467593567634298675523
2569872329764344795638588999493585486976184413495786367692462 34645292367212665118422979398898522166853453649575464529
683199472822636 6592671376969277774688645367679495814897671686266891766918151647233175283748135921538213748
127537667719749853646655617455963858566999 74
12117543339546626247336553217948 88472917868696666432871554749849521638484939171345112962868635
36686795799479717446369543225517 513113656534421878861295
994412474897978612766677938196183562437271556311 6439636248728475694865165432353864714336
4722524428491714154556154842651319334332481945977176269246593195216191 626895957653168612127211298993594224
227188439167636238734767611552255662173853964714382933555487542 17431372767634564925415281371573352223915
2987482677165561626339457613956499521152943198146553483664852134345139824179 5581927
174184166353299136388658936291925418891998451596571498439668821127245 8635979675584946441447855441637329981485115829219746894728819963497762617435895798393453878521186
68786295271463213514842615766719861384183163968534547362282228693496536158975 5894332868232472353544982844922926573541345314686152794819863897671527579679189197357
28225118556622449655881264237831746656566974412694772833216164374456 3387833868185347654689991677549436642295572822544219771126743438195991446962239248757915352812464577
4416848195657898971921459825568274553947573487878857885851748643326256738524525142982259567 8968618217694231594425581797634547329183322494599
8739593462486423899327848311647775587579758793827861223398776337767 28599791428392341546179712962672493355283383197589267273611321492631211824847317
2378416219958356482727787477568279278429595156172316 651726811583448765135461592225829524513211255
7857917435431586442579818744741269299215373637464 2813278875697866
337493277282748213726499717767337762171 37916236596591719377248919374442436776315377271354393852526446649244
77199475489685578851688919817 186751459467314527852567611275384847352353958921128781342592353454475716
77195771853742261472233574 6834487429312685151688872354
16178122653716349281326924954648874884251898753556925253123958627688348174 12753928991362722545933
3536165394456 97482112814576278157811244278848738321769645123646891368139875462971495156156116381573885923433715
1364785963423163671994653246762935691554364 37799816125983674626665975485865654676639695564446487572438253444631865498691752
1164236556258497417198171899595313 68654921169
3426794768436735397734799289145548518774833758188337221752838431362 12111394782199282536275518399819587123
226745245686475427987373393865947711968162356639796328292678521147532256469971161696885321181437 4736731199914763462675787243792418642712792178141626476677672717112735865932289786
5231944623566542762812255281746291228873735841599475692712338498368536 535888917826587313175982289893872167627
2878544557494948747362483167341658954196884632236587644942158148353474197244125551741 3672552762692659975951
9578832429335358473574 9581987554188942162987818336217865175556873689361441414681384
2945471497129587971341373687652 74682253594824187115852162297946737623
451 963335979639429996179635735458988277
459242339292564566382662886578961387546667458555377123352256338341157498714732843266118886 498864
5157966572284 695451151113798689
866345118751491271761 522941788225836325872687747939716974512514414522688323746532126177468231958461896472348615175
7586212583487736224289147732722797755974265728314428142 59466641115589648895889429848296762796536
58175681384541 61252265739793719854985687915424975757637521158379649941964186891812422823
9872833195324123993573334397332273983531811182949524769145972193947395576168619719 453857524311179
99687315853554533462778399842549657744792653296 6192452325983528641374834
19213934558614833319852751312 3927128877411
84872622542386127769153766253815115833836819784737 3156922429156249314923948
19595594819463 533142622239535593982591871799113681744269572757179931298874528717572863349227
8419236114315987595143812263812 9371
573434 38727546
62371998193276311214589778692498873897518115835499341832633968898715997749296639256446255 12442984364273867253698334935
189152697377353582429274696927929384327429671886424869652472633747572211961924481433447 66421251623247854238798183188141945637267211453598531953141954636614982452778551297353
417 6489596852933285539493941172976587716413482683776614938618253479463333641566413921967
151216885573328556 961294957826
15977685497348614335298565864794989471259398538678464331467134319163839551235288987698785728 514315181213
262328449899593177623195976239514383825488275495285244714629521825856245942285911899224396 632148717715692473791958127722442212489268749177862632823627485272
16229439874447548727422217896775488441171 353311759851585983367952671389975627261615287156721
6726898519522799572288715815678115988371535288351381585683464135476292573692714632562339542824429 472642217524741971928494784916549971537916934417825974885449384574
554587446115223964591579125255733447184579171779283882882471438144972514115777361241223475596168629 98654541714652591394734438299155539599287674661111567384822478759513847872853557775361887454276
3426195575375482188985816452272228 513247497838791555269378654213447212159331686
368475765531946773715793368159937454291796549612124599 57643428845
2117953139949334261621914453898934143285196947712928619932 53679997253664559612647276888389142852482855757563414157874745139913582
5346843629414955769318239318358891477417285446395295711656515499761311982268123 863241694926131656658235794879749134185711519982912877629
731749767414965522346316625128591182691948443628632373661847495 64443881685931374577458373746769361333317927275314518396569446989841141
227433495922588458897927361619937752114782495753867183274375275144416821286914731578 82652791959745218322863244262771365152979122747726892888165355654259851
2623759795131666122689321839783998181968646218119175974754135213627 184349333611391
4846369516484544512226184995344994431719345 935184615216614848623486837366734162667356711497566293
7596974676132694228762829481991555881187478334269331828351368959574294 7631835614195461462595918425822922538147977769691358827243894945382985628911127415489365
7822 2689585684
34121368 78228972959955814375178479337452811
781588375668486563235838944365199155244589455382531559643686772886875443864782395837 488795883
96249489314411971389424652912823 566375763813514362926853324278442161116994595123838185595857
456925219259175818287848966165543938839642472949421873947442484518388716334852 8914343347912364849754444233785384385319567
6376996497737293189485427569931539 8473874
27422 578197861332559687831137195669244899697943138667253499217294784493642587326
71229292535554558243361112 745911135935237312686517356685515513428723464473495241473612847286189987
296838581165454469387312794674244272834779268159774964719381618457476273597785835818 917469214453831467499475242318
3446291936776194626252864221858643791752586988554127131419232676686736691157926551477112331431379 2358535527274751458663695653931291377469747772128237686629239642741944
1779439727579134835539848849689778395386326811714199237538942794986653257437926134867497818674 42
7158649826395485796347539539893765328622419827541954672752677625622679762338453515 9297841243472313163994188542269975685851
224958567441388291414 5574197869559935775861779915418615872764775121951351427661497
815143123843665623548445171672656893714321564922816574676962162987683589322228 5
317252548227711223399544395551366482459586141794266699619873526698772386861 5294778262931342258575184171675975325
96794747276815671892448414861617983634268364971294889451294295328983869721116415 17111237481452852247371118992957
919122586719141839342496355854544277718866246962553595248139955117834114825658 155725673567386567868456497883284444512525188221133332971613729147998176642755322854814855584342676
45412443 17518812921537846394179936181972745233931478741
81516 6525342688971989398416138395643728481176551
589361929215928462166692 44225258578257827418489468192739
5933365192145889929329554291744128727691786942219843598242912896927557198176114441844346972119175 3734513812
17433954172646668657938318564624585958561945313999359769387755711696175869553725965635878 33339962177162235639318859
6113836411137291 88427932395974193839771268393398195173751
6521459313884438154652986869172423419538254864382895755239546374734426215492 6993581173765431258754539641418266874889332165895252526521265669354
9553583573347397 43733579752612842254579615844784371685939853543342778915239238178323952339981
57221735358244241647948322515441475816652313599214822915744976795975177 182238145545634573547577751876748543888264822415794921212221
86479147832824776275935577311615139586899251423476597379683356748274429724175897993492145957 9227172193465523671274889318911273674918532878896789468
9474869691162479436287787377111 659455381
91584233231961336684197742787867683457558972548335232431946559647667475337648 171894891271898276529683836851665112782143252963948873446524
887685849144536393 66165175464325613889839623268951765413671959553512887493655972458669459718414822785367226625589981
73381524417516151276199618776244852643136479278548519642896323298166971995464344271432358548262988 844
4217236614914154435857519982593724382396364 71764537767459599331433116833768394519556816164452171778424174562212658538624523727271569
478817447783766532444752216734349899194 8525496655476546618756516478729479784442389572898729957738161181173937441279589
8576543668578315588579217548656549284315516 81143823589454955478946659161515462123
758895192945276437775735373746 134585217719497928117363349645
25283858493516627258547899435869582785582524896266146722 1731297329635659684481355878449
81447171895137162326179822433729256462484698335937993341374424265953 96447215612774484419964192712534657638711196348693952
19943141338942111189581111861587348676284179589939 623512731123788249662166268581411159534911244586196567
92956939436441535415485257414599454264482939362849547978478633638678313987431935868794716121 698148869516827627651511194913848662775755727346256272838481831935129988386634725946874
5697697357326246251299682995576459242744923141421843678912229639 47421972339845434581555336271929169634497412576
47175784459471865661924243617271115 1445869569426397523698118553835696731391526576731923674787211437726638582422247735961997
18937912749545833799116239616562825284117125867584899196149417336996578689227925557313364541 151653662122414148797755682647556112131
7545928 2856
56284253982269962466997974551287842365546273614887631962627293516758468435664174927437493534323296 82384792133543437945456435435116187889352566977279966
9685373855338719727 42449619413643273933451
676857182261118368865862389841513419536847241 353476265396616338419579958279624259495672715165239
41967746437176612817299925853116846324723995887583867486415145597342895313628679133871889167 286999325853655637488294
52961439597425573333485592491746815643462372817186 1122389325424418526531461131938988746557432592188895156561683584612326564684
2172599346834818112462343385123673848656735472484153811373435569927374 52942246585763315273385647867935126366838874553531569128227579184997844536
2553127217548 89423221179774265992657888959853386889285936321458369
934237715977932447375788358359164783115328863619497243 89959112384258352698615813368686253532635325273742485839886866911226845538932923226862811392542783
32548597141113422878429441276796324918636845217329787739946917927543923819141 57781164239445943271144819286226611514257145515888924675
349154418767118252344522374666 8976947136789538524769861167382723
37517831173999447675819316445982142232427216778256747675723768848361878182299749 8946117667573742936531915567792765842596374282
1181591754614259171316267143964146722 265836665926849754214451583391679887289983532614466466455113
126987 29958691678262579841882579341434575167126297391697637945
4675358687328748139948663688457883587847522597448844597823294472396574932551414312741262154463757463 418954874792642158583333249957427829192692475533277543261745927173917111773143556779326543
586112662765621473142335564599535 2391985441928149641642994998687689996176384273646691371577424178977918187293277298855144637218
59348859649459879615762622819971932553635489 791916889988334
4826619595665478836162584419416325486362924 92951749514736728819818356273264819479493958382619462461237
214789258829261471149178873587132947393248987278992613321999271961498869353 92532729314829951679931752985575714972494663922433571154175592
9176369164 28528334445845737
3961348749568623264981359476195546327392687131827733954221448285193134561639537483 78165287449845836714774182156917828217186225262326363296189432675
48256746633273439913418925299997773224829726719357676574494924985767183356189332468139317 8596557382796642339667921617714733222955866387268347195684579578359144888
861798813234317229561428813461787249719186649646887441416298871791193 954222417166831862248989149126336551528379934111939419487959633762119466936727497334914172791
5592918261589183474376759564531899426883178394227226781122295276415235341214972 7988181725551723936327772277592497941888474211244432894499777475422197254716972121396
442581514673839418 99612221318734656949275164732285599919157147519632386772558275114923
12254782 6111183
987727893969647883997824578228219928681754516125365754777171345254994962481211435315559431112 5754738337352
4316141731853895745477977159692792749952364168343 87332157451662147641441997448139879695287697383157773234639798466587558283
76361884817152885836384583869537316395141826659468697863182851639362287685637976956119 1866597382843967973381576432489455345759256835429388726775324636814238989814927
56 8429189896536819957677577977517476953787433394866
8723438379314 353265814925584564678793416793427976223138342744981292385736783853248128143387499851
2349883853875545717951487183915338281192145454146629746859887875 5835
215763914282926 52128281312174162587551121364591
114486223383919468234983649597198312349251942344621 88947157736125559431672659381418573668783223361378486761485
1843457516638433138151116396532 86755671744822471711997269556
6379216118285225439151599279232156734935787285857582493155 32425745116715319927629125882626759683126893595528124862214881771128
641844423959864141929221 343366385725269462177345694178851278421193768495
899197781396569115864964571917774525251612484939976478777622289 87747286469216441695933841323262772934594867529577929941492523983414
849629396664931452175435148841738332719265626261246673763289599145 6678369126785338219292538838489363352974422311879396358119598374434663325579766914799531635878928
79641518282348518748474783254247 126765374274128336818897381779221787387863782653266736817591928157336587837654
45165161865751821725442845819492867 833
5892638763331557677122789914315262625654577155764391183245792621243971759 59528671627489383874955914518324562533863646732113476453166341318871274
856762537342454348422365743 484352693818755458162579566543769831197475
26962372312327351323438812237553378244677248842859185632612489946342249824616632713124754624996534 86417746543751514458328113695334856
91988314531518228289963345223361794984571935862353416192741973429615 3476129774649968443294292428694282599287277756
61132873456183566 7756527942385449563846719844361
9337474655489555828798245821654189833459778683532347 7822468269838663782713728238522432
2528137782421825716435897391647294576382448853494265455 21572614622982187381374344679283226495364152114781664919179851542385834827217288987312848585167291
459 46518668681839759268587818347196686572826678356157951781326
89681444889355735755629947884171448339215558674783242698938574618 56255854441758873432132598345188947224417956562671624891254
356288398922327448475931698571917843475122816294761133339541491919512425231587 61548267517515717259583428994855798384196384694985245359574725953741695532815847718685974644914
847559716714956735924512169838282251165958114 65952798371541791988
45923463487 469648
28238187796738857836683194264822353919934258585614215291 577175377529638137441582157489242779658165561846958655168786
8846692724716412984448449465422156295646969116739857524278612448242885375349719269337729997 37549248438775453897538564998713537719688117771687861849951588954
416144746156965525545822672764117329158967 2676586789298856331787135532735698113243
535336582914 526124995531172328249554674595398737457397466696913883986889
8974129721158443654881896984729631123262851827922324391781497179854691913626758482 1219248229243918246374823947897863148237215826831568472
952227567733828333763843612238866137361465419344671774491948131677756 9969417649528577129465451496996854154861716398452481139254596441191
424548518412351513752114525112575621729795564524548479763 685113914499493267531634432152827
68694533221867858916197473477549128195863577897684819616254597862273475811583677592236148 387833778266163556991274546764443585437211567848682736833795947561185686437254
944532 5618992548452361548591931815999711234134399228844489426617911449258616276224334733684554465
929737525955279151934132863878548518292662123598445143617685 47623912886857452397933585257
681512651634961622825164655 42852392582571164214746266758858163535787939568927429828146291544597685472614
378561519721728982592851483553837927845237688231664991 4892878347142394614913
63428 832595949438538416547898777567483345259294152678356925262668835149468956733274581682327536876568
85362894811811925667586821927718554861758492298857127814564531173354777918836771 849332158437624821857466
7972871715426713451119481233311549666871229647539587918943762469781562721477866891732845574 298687425222174397511823347473166787436333966121127589551185329631
5413 849254916
647592597281483685295158134716348229551459756663232938833411963354889825159259 572385373845361539891164313319176512568423532153535874891317854549992518371
91217714469268551386361382476941655482581613865534 2443859693767272493577874397958563478165128554484677
462641 32988352676923643313821259784589963288131971467556944226928635822957611662949716173845679451581267
493212342438563745418893963565189645 343377842836973536347159472628599147948526348714793842857483792543442
4186438333398963385762939427741365358642895 42115284783579452288841986726178626514994386223548293418284571863787594355984837935137626699357
9583725439214656985244471213944497915424946257324915946683736122914736397493233694 727942831326166537766458182896113997249884416938881333
953824 97396153545336297141427381982388539656
84719415352868 7711928199479269613472897879683
83454542239826111546132739438359275418134347384644183887635867424122836641369369789381 87288424385674113538584823935733742711512473436831627212542887416345262155468754284399221
8626872975239267296569118 54465132634533442962418852769871361974478653326641547459538252185269257136887623197456957
222963521659849365716314532546243813685552515623111652252996885 548153349977122965396
69714 5951647192865832918495842873521715237384488263387957898787424483889818137982383938656388862849456
61898114136919762181843414638898331683572536397299725952282255171733599 83997455348694232585748282232988653796171138363378
4663381144872874455511127436979783287539944451827575153759396956944344541237683543178567637832782 317393829898624426176839864168198886317887199999695373
11158474181746244176179 8491341873198313235919358727197968944612748926689271
542831 388357582381616274317297395479479837518137979544627615934566
95126 3891282479442679595598677323681688778817585657258377825
71472 833722259514448738296453288622361273872386297517181951135415539951838
13694611 366396524194568343477293233593997328572184131816274398661639981743
627335628642519212729886899495947789695178767832833825841727647327536687255226246359359542685616 3262189479714981868963456324199
7154565223846272318629283322196616134425578 349985939129284975776892654525117281358385356717213
53612564145752676591682989615467177892975236924668952868638641327519659 223493381129419713516862255759275112214999151392281523113374761766177582717636289894683168241
3194283122572532757133642538641936716313224185258526174594614654834728779193694 8428834748977997222551
1457817893492253463472291447592289955418634679248952776971918824422688123794326746548595649 42
3873288968428932334443946241582662673422215157 713512745951178299537744676483258835885675634128485695584452192155118427744736329478
39398663449249235845359383814312336136554426 239718155777266733687397782984883597249196172189793337252749387488266749463742
64225351147899279 3238237337876
647218643611392734335873161995962124145864854895283766549739488 3851459153161553752178799634472373823246211274873895261718277373874622
48259142717755472579775352124424934947263316619573462617119988739642716518768213693 233733158696318
572213428352115433195362846829372571762592173512787629542182235829287692 57364369273953917897146229227178534793255623275158911684558454617121655
714489652548344944369 3754943846141711576793278927653893995123299661
2139944596396183856495166269567371421866152695275384579149966859912711569986874726213967 1548127189592612241446499
587971147987675459399654927283857896827 8668147812535699273245171355555929268738428894418519411641925411453
2856354854418949727141628579324638658137951 724617
2277648146331538389833332516398523247785 581193353465999264181355982889429721797797737521887157183525196162355196521476635655825
1969751171 91924987814658688695411193243139
4867378931735739658426249945759436744976576139969474727963113575473356148484661377 97192425654822485775146668956281629512671911576415227153686462266378954556273911
9836791767555919536127631183324642394471768747961928127133526286953562969112687416136759345 879953335133476778639683381924
37711482981898638628175317683138271139836163583376935432558522752292112796144845117 831866129249452157163862432529817194194
71374143784379249746955877929679678583491799916478595539734876521366869 8263196537816951425929417272368223773378267311379199321855712184249926312
55316345753282129455267136444867956695259237115493886341212 43838388844339771575267124342258427
913959964546544836148721114153136688 76917346248633269354925492147215571124698
3959388657 92886478583492861758596417323682957674315363738245771724
9183491513968869579945982256765227499533969555395685971841677167981463346246973314864241768829578 73998457112779522544197534566334897415429588845315864838
5781362492683874915852657761667575366748915917969942897741164967931445943374954 87377245599847255
363728162152925816865747981281272531418687274694698833325388276143783379572712999999686 15567393144415816648892496962456396399959855642434355958229189885278755952188397978
96729775287227253361338762231684592456348261123382452993932184499786579544379954261962687449 1344879382368945447134731836585313757678127
629741173761 15516999954415567
265213884641 8385833829362676343249771496472628351388182189594961968849271959823311387224847185159411286278
3847897958365262687514947115389687672652462979721958433111666562966918813354888 5363435865843775749254693671254831144454492
2115169499238796245857744518991739812197613627243 234955599346676617722878787694131444785852171461751627151557429622661
215292244927441942995576141344286552229369215191358111282475491426944 76173824225432227567124618361299128274462316537297186464723
126355983637111391964732579432564199338972431147257117713671653863351146 6743641194
16196852213811478493729956526456494679918723774736212543276386 36638531639951
517564761815489394565932947331887817743959184331885732869514768334 958193618775618266818289415861756719814555575723289674854772594481746433249432451257475456819633
13888731671572518937779118558836939118679736735269964115445834733365329 861182889151987753329954783749464747964599691785418
957928277394877426681113796852329384214686439129892229449966256138194261488342268 6335655372937338183533133511181844761789339979415351698552595894514433258317888433982464812726358
59245591239286829494747423633228433777113453448692526528484856 9765997794322419895876436385727931226929499776786177788612595421397248532
1178172812161931491943269584864223475251559341235922172328874751939 4185275356651116488575924578267532824334167261581481389924456453854377985396749386247368
895451959956947748825259469951684556151214951984384694946 37423783476941693646171
6842659481731391656797782763 7155549864965128285948714597379
6781158525976 28593491739221354281779887529472984339913615489958177985354145824363816217767
723381528159195554575233171121856419448729682473395749948935392769512959177 958925568383631156836598372924453239239
4292795666784299911534286 975636385197377726952222874671137397893545913
532 613868599776423745965685284386521228718432485568
62796323848 35695453868147653937366614774747314182488935592454453869454831466995461674833461585
66954848776585247311678212882812437311496666226178866413757792846911756483979648 353773
147171426915516854722588315127 9211942595585275388689741665114373775377284978859148243674379934253114276835565842191167621358
866163897561 4177229984563367194276135719888165817294598451625842297699689188616341671646841734534469498838953
61375872426765658691696968955981244582698895527994295682915928722315439725935451818137222252 879261543278256511654166772811834283674572948124779291351
669697291675875738269675152176899825872253568365282219796878116287983 451317783864783147955949475536684117637791624225857624274228738326967677518288
171952284672328638889692439943423288935772988511455974478926638474 42879963191289928112966811719652956
175314994942364175946486593282276843655719726721996451727 34427886764488656442336395664645743859319834819931854447813527733563836855943
95379942641972784296919148142419136795971 4627655394979298192494421744547417379574753845428388353786949987877785714921856577692465458468256257
9965861829289827846766266645329791987858 993333739626465774159593899
4681297884376484112566637238436973582297627254765117217213655795936225253224758443 96423425158519
2913158277491793539965457814687271713821583515437317162161 891578971343213674354172169535427521976138316434346815396556798362491526
9882689258926974612858975455945198446625296741 7387297254534821648697933627857614262
978365733833625 215522177424934588533589162934823613822495583
8935619947234468994167868528188454476377643913973286752547356195935243639583621292254266567599761 1975481914621963694148737894244998685247124
81325651733863627742842145694 95916864732143849538591685395899717677553385635497641639
336918147137492676539136318546515723866666284772155115224 1967151361248555721757136443113836856325967
495257147247458425536664688628556147753465279612332 4148482129535
27235761734687156849461945885365233565344234813866216378463635 7717
9664945157 94966353226779445949615783863765271332495713874
189129911545956753689996268685813943326436664653792466746964 1529212581259418112845899226735743742124146635132519984472979816642286663575748173
878895643529574772788249717534738924851162445979636987699617114764969547196971 1173553495162248323991787347877358294871444631
753881668166395414825963244355693649818422289712481867241125234299516 51528242285721484468434447437589
72828274733698962874298488493427245735743132822491358638879917 1785799757136461212
9932228555962262441444823912588656478576366195552674451 2958346354337819584188199963814423515831355849953531989512288
82142118152294578952686232 13764513594799877775248916324374643582396999962313332273345251
339819214229133 4199713289798454632
78891588929148532424362742397515254325682116762 5961382666169769537972742
774 2661743721587676484172199775596716332539
85 5386447782513479476465255684175163168742432738219747196193653929447227
91347789159536268348465653944417 514938274861556434134655224743579654377991917755
6748557923212814384615916792137378472618183774494332675256186158753131816195464428454 41775469433754553581698261364936346724671785566995
246594973379643317979225718416741132133965988962265194887123 68492499388517281834122357595543994149382957973934487897998387258339357773489277562425531865
7356566152733578558551258956382822882657775687511 2729512936647584415224491567752965752862666544261489317
57514258951831888989597388522639476942115283675427224275949222718672868993561358342464949316939 29344817823238612549
6394821371811776556653582885723457234589166465766874733141182213613381235749812612589447365731 66128317775827937424718766638349268132721135639144633
232151899355868747 1735864188111714388988116985531313953386435145467974464891776368156577453981826368
445851 1714419363855612414951919652872379977995299
53976416317375249446998531747293247489138645571973 7822729868613461774784149577193744849484392
956168865645448348882257513616321281386982643374 757325725958727842285269746286269417284461329667277728494586994391175
3941593823969815945867632728282642472641742334879465521655629163248394 9487943938772265799684426833851925361295791
1326815668612211238721733776525487427417592 3398257118361263162945935885898614452939443499852125931229333736213526358248692889
5365246266631114361376668698841598416338867841 1755287582213369213788178852137488596533751889165594
4221848457982382592442128119446885243417947293241342517568989739231696 573435817995745165868135844517362398531775388796941438468386373232
643442729621188833882788271365572325295244219671676939487192952163512283921989843 745395157755871648836351926428316678711512215
299898369661267791365482191549124864273449337948344667457395618 14829772264965792774
22195575644612499746622869811 89617543128
81 963651982913156748162385181938237739158227
846586614612326761174466281273685782493 353892215982
56878814687893169251226525563856423272838993494293957655467749414989275597926995321177465842 661787261237725937762594328959448239972293373167416665413611195324781148466
717848644553867732529813262445715922948378361428673736481291987129919431255133 65732998867911
1613517614741295748238516943531199742731425231366552399841278472525743485893339149443739977499 4369197548681391961197675776385258367339555396856939289317548943868342167614547859
224717582787212469952998228843267376713264376951148473299731762783741562673724229456 4153185722177415495844439934484938222999789184862
9967762874181198567363989277725864823816984273983829782239199356994691519743153849659453432626 65452383911428392316876774496564872668398242856613921226185144953445491
319993375838145291617 65866869124982572314883597395722544828533998513967921989322567543
782366719661656536 441
335497523644567685777381721562 985298776953393793471924835192659261
48629994256469961897292824953328328864681366 798396468487637363162428696882827151546933872918652177999787663919
76995453463361318396 77559141874648972231773437217385141839
838362196266271154587917629954827544185757351862533544353843733587339727376158545 71848873866155937214147381829954
153693852392216 6312932492189851728357756524985341558565678732354395692767651
978525 2845131951456628763686894435458291594527185586461268819365279367712993236852955487567
799556429318985677716465991174191461236171313599636131169852712183364797889299584975997745681 3299864113397162889393312919156533523
6915475198638251116 2959431396921781645293835714233527992918526264915822625336446448
693243522997251777433232371457847565575477124738215184779 47426268162514287
847891948133711481174781826168591292232428151759638966152239734389284227532339617756192565457 625984769718328181511268237344269
558646836262117111926926522165713944498131117685733395471275249 477239561391374422624463881694843429176344241452297284146214574358575391734583835748624413523781
36973299812262455256251 687156849465422938381954373963871541627826632245969139178982489377473
6567757284328264174693258373739697957576552456158411746363254265381574414137344484435 9894164596
8631486123316241849714826135286216281961129899937697116372 7371657311376659271545845841256478948194581384
58818498136344374779275533 97681166891496852373422848833774994339927938428
67684118493647895895898 949387657575643283754279376437617154721125961818496747533193727369159633521381295159255519
994493653132417384189743988627957623525513345154 926536351624173198278447554961249346723668
5987752762391632758827476668239264573644378271922168518463538498922 122486792487835114668348367853956581712115578898246472518548495114859771297735518129
31769521399997962286376 43877763336537916183518953679524728619492354287318652331272776453834263679733336245516873722
72653998799458549689386493762489831887462385181 146947775821662945779677297872868229967887121759886489343189666178698487868238217453636949919647
69113638486854592943278964279 8293887929187569879884448113684
51818257679594522771 47143457111766181
569421151124998271617896266946531656328984317236792275246127292481315816446642 21449815246189482374311582595272919848289125856545336185672975321299754152885131587756189865463
3659561383234258121752687672 315842274312823
1 123364311981841252823934253345437957497875982192
232147527168972517914349445969286578688789274413523997965729538517 411332295335191447212174828736412268783147234322525368612238441728726784757725563664538789
13418745847228889672731416216555432678221512574758696786292888 1618543779786175815147185
39662987854211573128654287394825234274822487872561374666829898989489851726119436266 3855
19474693 4465146391422716876616223524926246515757419922666424181457287126
936527431753368143648691275535291771467 69693825675615376658628772748149229298352674642334324799
57853644863957253756954836626281238612462138211854126413874343526513336 2337985879298474479472292572153947219542241
59658161344449269192153125518895 8873969
979435994727574994982234916391723671467595 18246746154163729781361477314962752164189517288154835322983335632927
83778845347526496717643256951617758642297378785532 559
92252296449747856534763543343712755481749424 8586825533122315497386962844964624237678315634993522478433727857941628416736565254748348932
925892926581468441437493434764556457851487676292857626839547713586935133 236633146789772544486311555619888245962366699763986445775572595147372435
29616443422156869989864856739 947534143477926878396813525171
415613813866456958436543516115953881524813589483162681657297541526273744813972 9187611574876171198394241165795989953287915551163332994199
295194217226311711714177439959747987333869231542553284169 89883661555535753557315185859599133
2568481994158877952299356211 266366849441397964175552847476568829364883374276663
8875249468866418641767548513289642118188463387333267524 3638513867686489367277951416588382787217759835941158912315136266574495
225784625759225347172317792115856257834568751514231287856991643197288871656283998333156 9145359325999557166537528693
73529884239826341986952 62534425784595716855665461737562719566261852477364967486392928234676758612572
84256757128539228461364971893812883 1793281128316167841458448284362314262
644289435319433711889259993 8455931433472769293773856513891837156643167529218277861682573378317377517914149951474887962635216726
4838332621648737696582339434767842296723718265278369451984 945775581198
468683261185181614347652367331151799165571282734856572582884627884417862665785694746317336274 78494597419477243468247367422124322285958213128716192341
181321792159333223795166567316927 785495467489766558764578139982341583314181151246472
52694211222571558553765387772861488693118127672873 75843456581152629733833749196184453623856157866782372985631554617619546927315611139988796483789
328921168214464127838187214434112412436526196553979 9694583219616878711759798561183911591484366511977399549195911782732658811364763931938137692
91516317 31367169245689819411822477381537775138181339316959915957594996574962524317439125
1836734268826187883376254333635333714542822963466477218484318676822435813535854837631855696 5359242591431498475457681265519916877962356844266987684
76748778163236346213573889829866629419618167978953325887994915521946899135231425396263789673 9731895432298872536942
6687688357636933475936617654291211935485245975538251379488 1117962399526449436457896962
26791879678673352161689416567481476727512532491831768258911648293297595852638173196 6938561849889717111127995719292172885195783435
22987836338154833511152343399963233418229521477571913 866758932218565337973933563845861497391985393445924956787757683136
61148395491728118817974161228952487843755211838334356876579172963 7855746659316937558595386231711828566524697788661118231918151216612162963266
77239 15397944367184622132638892841474268789987589127278534
668311666597122331534532468782928675912756267128419671259414652953964926133987195227157413447169232 91843829784936349831835728438362837885399131483938558141783297665413137263
422934436575664465286973741148212729465984386642986221934834767778654369612276362622362183987 49198431283423515355163822239627682154747565274428849296197812278114264815246885133216424688758
34164649558243764726747666727518758435784826 5731281555129
88291361452256498481859314785383455512856163151775438719 198835144137454718521824962935694212856613356122674945
192121843368533727157695334574183294142466322 45458998925976782129172617141288397688185249779698
36613669 93454463132668249483116884165931982392811185287414229628186
664867659898859392499666564336983524334722851332676748564917684814439997621379715644 377733958
7178466528557313453672537414825499156842733256261518944839196395 399128922865691585176826549497
354133923682436211 5228612322685459921435734528316422689372375279669618926526762984273
7957347768334741646388 9781119917336586174155614843
581675125111798384497 267111434441657932184551328731684293975511589548183546246392657994744229955337853212232221
3724756681331419645768553991589441863728572989629866952247953965944461283616279142 87186388285174829388345998546415944236786841857835544731931143199691578574393428169778143666858
275765934821289493119191517245315279211785161956632875946697185358415276798411492921159386161718675 2441824676699857523743531968934871193658389127117327365291569211179135215749336912567535985
2717661 36861914981538581641959558145517511357862286
76725 442298823263123573152518159396899798119638612967988683897684252721785766935838866779961327
639222292239658397329829969166391768578161599881345775297735385575318363192691817 39799235473429142587983888145266225156534479758323696427522179764863295794693358479559494574834599
4723144418356277933717877945168425334953133955642179454674 199483917281385532823871286975579825893245926635982471129737533816
569349714925191642241 657332851376994676392612767335529386
95762946526479821881311886677974768159945414118657812639837638218835813852823791942 717796222561933895835523889998665262447677464574
7145984314453888835827992566543275446 5479541276839369777122375715
2689596622891355555638618128944514294132956149739283 397622952895351966
8716218816161774288463551251698937473725659219871151428611624 33623855754552828349151649817935145892894839
8669738442784495952978132334978455636941628685873785384997762118262189728367161377138952873467877 17277336638286548915946544281295255599526437473124238
141782684222127784 254224471716564785115818454629194749737486932717257663626819577193173346572626
47415727772182453973733779477368751879 246263184244293278693746652
2 7411355966526879275853334571143158289542549777911739949715914137964937595435769
2715567849346328729653321351786 79413532544155857659745785537624536554685994366952119635187523889746974882269299993284544983
7729929363841614888599282141424238 793546111349444214516132234421547817226393668372142595735663256137495897665
287218574649322592676124658511135819453421645455843987469871485158154555 381321238392859136791712974278328874774322712869399328
3382951234297222467719618287759678976645762178467984962255531371839 73288669346128264847453588834
2369652148998538611756245226859596764251 75116681916217231685312526336917438723487385
284274697429748755993162162539211849439656225439952273391268274664697 8464345488458885729865154539879658497169913771279968223562228125
4495685182342749813275477791465517331572389168889677699622335316 191559622157463445634823715927653261898779845572665381
9257873593681648278987997559386996131 63779135547317346641294787884854568964962559792937527635619982194134748576
324631617413513889962155893276447531528479 4458495788677291236154247785436828423757754588448826691162362415651815173782536
217426965665813439621642273 86531599548885556519456281355679434895499222668687428
22489154347167625314225253958785831853188241824358589464884352 1445944554911645677983478677564467513817212487124355147783837826389253159153214
6428618117732447779641749958489892391224247952366656816297725718796475634237455719784461443776245 929561758198387374865338
217186597861 156649782623759784846639437185656
14646812485162912256949587386614181232361628167431841496829436557148226452989266864255199633633 622448521183732535124828374147
9892741496529422429423922347542813492283348134565658832355462575663952975439726 97534138514742674539978247259331421773272612139166655357558278274957448264157
877531499943163546328198561737 4818823165624228558928813696829969618698973481745631524718255628482157866155194693133443645512
334251258453441418129122639351428914485447678472898749773323 76793645181798333847683426351714179285946414853313111721737
14484792457122914 39764288711121927963212113624521285392947634332
222576439134699177782273421521673368952169146191431157473594786 184636277143942263677216854936587911694222878318371335783562351144
5336796467218894325846968619117534972674659317 19413278562716454836329786551459318832868
1418392575723867959269693165414825473198497841728599323826987476585239433986 4167551616776191746822455265232851688994621312523873467265142756859543919894856885749526685345467489
244148279656855586629149798868218328824265549832649458857916211836631745 9263679863612386632771855845754847944769741781341165185212
9769778326249199254554452414355138696844266682323912423357224817159618996789341475499427293 3447535189953745446797
73248483386398898971437733288535244937737262516517673362524723 7987188143285137878615265849617729866144942379593215396877999469986135314616955256563574347153587948
1485759847686874485889267854764713531469386458569891281169528725941964313331256539442585179941564572 6252174225151691136124
671812647155248758339343146979251667928949151736729186461621132989135559927337364673575455398 93828777368259879164258171364182762226233879743837636845568633352678
1355445372373258161114743694776361934337291348798946283149 41838131846595499838964843986625135181324339146455269989131864143331779114567538
54787214525855256 9891547316291252218628333393387185142373896718488977158336525532824995267675
28298469781121538664855153347432769614988752171 91867128891235586741758966
1824779941882736841989884532152729854445271925624484348395914289379 54887938923314713763692713918755117522197485843593
86233879435714928692991926427684236151638121232882592321753112971155884337474844569527961 567438313841522986523919984592237693821141871
7971181 2759336882797884695744678877751124748679639919335266
39314117657252275811455878891869829274825592126836191481177341964391768631935449383 2617416761162957851448327198154355923612
583998871184212313188362586595783782562246976688473821 99312494256298558229986154919
62358545871894281367213499863134966761759789 41157836775672963169289357218179641392191245918297845167852749536935818
9576853126142947145475677772262648 1253721188911525295591799478
5793439298372822481686132134155991947553 2486559522949148426293447745793838532888156594736364292992421182831663347594
94749675168569 76476735452618524674632158218724823734811777673
5586561866775963744618548534782184168733 178776267979557715548844123813874533883213186563731971859774337522374143664813997932
637429814222633224536492666433686876854996221735168525745877653 5816644379121676881546187829871961748161997831292464893
2143791938227774883836287449839664268442692934 964
491285179582221465644714445553397572373646663 3458881533394146413296346883
7984711849559564641422392684281 69875
83835221644727464918153519486788976231759169634486655666841737593667265249633349529657289164234114 292
633274288187262589348445568752632345183339457417963522424339872461233435363498415286 7419144954153155554385838
23986917958646117781331711141771169382481167667976436213217191423452 4444326375358723499241
2769534985328863437588898989518643791533729933493344352522444868783239945182781983998 162443718641864324374479418934799815859245431881229552428178573622218643868754125644179872899354657
6951571354459432482757621348427132262717459437241147345327 41587454496142264771834766174159366188211491897886515222362556788344377119923427867176322599196395
2813141886675631254556919288983451485247968373193 483746415765436839315515695857864246576156418394891957152383545
1526834922161245 31832438154761953612617217572253
816495345115534 339918354431541477229477899856199244554778182944831781254715258
911348866659797149652594164994414477755618567118188419542459567277583595346732755992932333 44975628955886171453197
878531467246951521445432665272191286562722576311 1759474274333619516668728663678135
534845443568418918923364748682967 8651135282437
96591673554745925948493462578522264677473133825827762159 2183359686646111884131766431855748843423644391911924151754694179924317197931782679631932
18449993673845947442246193925444732 581254273358869421221214335319883319521818424993826158676462875294625972455
74617676142326383225 2326486741744453268763215771524765643977351264
143128945943782268834872723286496277478 364542584738999311285955562211739944171891531324344266734
7229846727346939258421511183359 62664925347482815192847823646
2 871744659234398
4944782144362156414633251829328953521893284862624632425934484 1274797935212938778979436329299655667215263491288732
71967253821 495535493973255876136488516184531139189766424665
89318748363296475749539122146996393646167156611795311945231939352399174291311961 517466123771995519365174
93145976737693659985639724919925792432292971854694653882142365866384515622279391873559944 72887219999531978684898627
42544624574145364824452991125258475495869218776637873713187482289949245631465 2443842
8383491575937675291582789633282318113632189851416 483253677394333112424573156531896268186885282
1796857342759663581723197378136178929529796248464348373279276172219655763164857386912587 39615132234275187681766213
87466352536272625219599519184648921284 39696
9654289461767284752894725514674352399136263114339697748595 723864283424235298328868849181437794371396383981495277462118725969548673532763
1657464736775849741383149712681326283539721 79147889885769698529219933611768329763233296491626713682
52272297857428916269789778376334212656513933267856632646835971839146342729433336424484551496 476678
9452839636156199113282244759436981718413652121821196722329785474178 3137294836
779342934518288964761697144562579766198733181374332459388332 8925434698844143673937226689284624781887544331427395172
59575799697772117599768858466 2954931938473129518591439342688886127271559732383174864563528828628682285892
821988645481378559656344193144568974358595946883685423419429227228727636749942439155936 382589275184775363722632712386846877595163836896
65647316878689373851579458539875625847378578417711488132677866874553316554945781664738 7467947731695577132916644792887684716986153622
678541538668679885 25613991497627787929357888617724697
225465344469396218533899146888125418636192451898287348392368112612759554358293267125922 71669393349217595934562888279
424711798461343538937938771334892557987 115341294387765877261838676578859
751337912274272558483677389732948932587851973931923441296225618929718269 152985125392973612428657749546835218617
75378253391745612135689719165895145917996566152119768378847 9767429185175744669722384683169747315548418927
51459313484152124325285372845774243886137625638558913714751241747739998429637 9342692147174459612991144414347972915279751134827628927721365517375148859247
483668833795137177554737883737347675362971821973874455883442163953919762416981648965399618556937 8546946844535439
1547939423133644721899318795984275585577131 1436735758876695694466947333661971999933877998482894976299375728847349586784
88342285471331911269669419213449895958237921876374198115584287469344 893327727
42441337394512422884884385489217642529869466381388169727798127989151926783792396288293636341826125 43772977325117348551
9535482757113624259696432256669192537998332819 97165758279338625692625521822177844129173369889
76446137543931845677688279899861 5271514831
87392449284623146532312564667797122897776374771344362828 9543247
947698112446925515328161195648323785959743841916929119546761212845166626253191254886556768 8218335523544838325117828551735121524337183215317965682169
1431694919677841754253962277982712719177673718246484396131293843672129885797267953 7265495397313752986837278
7881539428456741896787819882593689343 641527396617519258448468761964887934146228735763594286896882931224748488627724719686624298437556362
63495741969339356339351135963984625745668646783158822966899154 25988639569467185961428651923474744213187336256253788265992793296351164227316935756837692567449
15573975627337836952217915668627265556827248636643132136391742339323477678342635653238127166 614229951537564847624294717571352448362922255923389626555594629642342883684325
569558119698181724967458139986298527866817876978724336791284593577792682877987892128124911934489 18348589144886159478191834188735488245568258958
2765573715616551112851218898986382499485599565179412629668377724748286218241211579661563334224399726 93916683181183388556916496221533752791313752224373321
3531737337167755854161752688913373789615433259553134387577953898693918268451862245696869128679714 7912891787
834248919583583536667 24259438692544671614559596697386296638145982749521287236686767699488485157241735985355231725938
4484781776224259596391243128227474375529919466239829466529 76554364875512269476335489937566915429537453896974586534834359214489247558552755
6364236383231279259715 197189553629258824213344553858484393556368249427883823788848519828457321918285437994151118332933
4278877534644373177142616241321226378644587939541883592836543113763831191156681662269233758 1238159274573753516372813319683141545919322639263377414474251575678864989649131425252
8965916945219783864447423375285965739557341536 486122847917279389972615513
6882614919984246257176253639481134198572898676933826666911 721716837572766829295265779679292929487247
46472678121667514416164431226415558 25888781787389675574123471833115929791147314614616763119377737425778922955537974836167229648
74721461617717685785216326278764325794725886185947519 2275711159784151398116611293969837935733962123261589254338865
435843686171952847737792322722231525797244448255511418991774281547897387313932 414717
5325483 33542778529816864564194921253553969198435757466481689765195269812715789564968778936355722943693
29956289877656679625115227767353162869198532833657252154492494648557614249362899497129394571 18125592144329189449354984992916376892764163171499916361745
81419824637255239189194831591769734784617612287897916366461142313451138675445961938416 9673125792942557
166375228459711321236423851 24898747125742748257558488285435244
9 4257458136864365
6164386725146921671769875666154973628888168741767129373144669173675395555252755588 251113431645383295326631168276654439475556336675872346
2156285887554347162422247798253822377867821512143749969172964135262397825788817 316266148537912695147388849384913682455677385951226965773743651131494711442265215
57721669563178116512715 9531146684
5199359288895345537621545515613773545246419741926476241168665 66446219681621514725486292292182248719541175889759951668442626334286947867141824411828293863788
224252911493819992178719555364718485841412676932635397853 56589814128195242168833969427663
53496155261865374743732436973235595 991625182212996
7446674374 3611573529125417
768481236983 85849294388377751186954428363924567931847281813424
594767264871991971942285175417155217254338593153155832349544882829965941551989713684343 485819999387141867455431849916982593212617651225384548364562799831779654129789331
949228544877464243 2863422449836647296982666174744954193
288753988581445411224419274953612834774979865785215719475283236438495593973485297247236931936791 93146865143194938117188962121918724187529
1416613938882133987711669489321862421684252547654718492494941159462 96494492612971713761691193849334696943854923125229332458245783973743498871594385631311
8195877949796825819631619679 135671686326297333675551657399764318275338344478117271769511665557147576193878957853
97364559291983947398586922341169934955181729879474799278884591458 1983923357131684216589164549238348839468672634685481294743585833627571687427531783271775
12487913849888498599957663484442981838364455249181143895811225483449833352611183454 52
47721 34
55845372532513894919282582319188999614385924133751352728 9333591
91275813292564378319131156361523727735614513353278182374683342573889 3853625632354333682353411369166215794571
778474933111594942478364282297953546791798295182436672658159783 28712295818832478864991842229828512232948123245192
438614524497794675893835147578971163383184971537626641565354984248134573819918634462891429589 516493997437368
5463459573571187267752776424482652165926979773742746213868731755912966216983389 141788383869747753138358854541489111858134514948765639214177665874813153863
761969298711214329532884659861217335281653569182396827365 241572877428388675585633664427539788619758185
318133491457656552979486334323765615581349319583 4
455972195389826254 3498198194686345777
893634938877178842974184875889398946559355893854356555159685414981831 59641141681231259884242994688
6616348136341824536253635117924837448452292689265983875386495837161948479838521161675236931537 69163258648517512831211383734511399923671139662911329716697732
7622914545589126352912155213387357633 485384819179798648619189637269681
13721172991679947138928196972764566 1457323
354284458 14227693587537632544633116787867492
