457
99453711139924252215291648895182542554531873528634587975775976369143812 4895696824869775485269685251613257219124574469115328778119
27141462243742417856848222963112249146934422318453 244895777258583691171298573872937
9342741239126195968953496346473326949451 719123264482246877519243342981575431541569647761934668224995943256938854861721622222
184174785249114519122338656798677297247927773832557361134883 4963446124568473835115163216217994622622395684
982873794588655558773746623523497941375678715876 61526175228731891154337673172159342295698898941335519855896418125479248658954
54239254 821945556296523976873479749728119285661235646583
4572635868427864468432167643843158518296769331457178425968733127583728 49811991347182626816941544158598673293591399478325779
827729837559635954135312135 6581223746374177838724911541275168195315843422858894814378856267549421452894532133585686286929558893
61129899647648943699559864872375538414154963978572132223847819521461438 86419342254677438291936378
124699141195856432911929 699568563485725137253632554785125574
61331713763686539299786596777943956246259867 23571191257714734536723843332184231849541991182426994635556927925816879846546377466955411
916221751738121 73955698991
255235424171532315292378818847278455626395852114652811154558865866516195 1549233195741318128722748333185537686378291758168383858945926371831658239265433964364958756956871
16776597191967658329398215364 937791639951626313638712
9733963938741917196394576253459674987131682326469631878849855685176119194716676949 84933
8213978662352742714475913117151246127279535916334421742266143464412 81734373469125
5126127879543345767881479888781168679977425536538581289194693216988975798188484948976625385892686 5986143616764195513835415414184411337449738459668998954886584
2831322139898141677424925231186 473323956383768862748115
3798186544457655765297718999515256853522244258292752797 33131969613418862865678
363195269214968237855769948444151592873955939664989862223714999386551184348973 682894383213457213763761662234215443786858151274611482733659785249136697298766237511492396
581257458656518973729125728559937212847387358297278687419192465993351271744613721118911173954411 211545718558591515337745682785882757985924291562767625853249
4913713283576119789347861394287497214459127463782635158299741527181115687266223648263343415624658 5194436674576748372
9 638636888291537116946845122
2581919345643833314899871778442 7862853842
2813354966 27483386651272641419339816779237657788394227625742239882226619852468
761596586645241819738266881186322285683961518589299979746586851168168654 691185867917833944789184263487961245948554822429974692323919517847163845146919912862889348474373828
6663239727815954281463868326422 7226186547211784322719539459611281792528478717454543399631761318138459676845429832663399
6948824221749315758644176869991146141124155456 3596211378851519475717461585325212111368
462424543518231382611842181489975374352318826151654832624 5774717394236827188777574657323636965272989671715339165956367941248376338
2719583577487 41229985384985446425419146562224822171692532545759443585997541634529892
75121334295 8758426681539665481929389954313743339796776373471524338314792586738166595713
81226575225923673743139685537474657316846746422775126362 386314843881517766961766758
4563617999298361919212395 2662322357915
3176889227725815345879621488981292695165787111914 27745
23279121339541819221639966923659878545619792968672581546851225433126475161389336445 3427894377127448883437799756821858329763625747839328792792824794
268278264399737229169121745392549235566477745558784771358952323614589121135241278 545869788864541771653529988381582351547827945893438264454395993386375
162844924213368256938 95325324917511377583534718446768138749354569669741181655647279399281676358545379591
321229894999577586744386697526651363546922163465817362591365 12384469922717935241641717574373266153416637294892999217994639156558733629967
68352779125657435355227898941196796457576585355658718963424999264771745273766432151 1623114477637683734431347411967637998897226487454977333542727
548489346946137334764579 142497746945751211597977188432333577658786562457718926841777237239611853837686265633854561577687589
4635933851554113954234789686267715722858 275985672697239145454427166792
89585118361332944439962312511825519643894379689582483446988232 577514124567814941789263767953746719847515999414911891663887
145485413338319617435281167666638233214896564346891139289236367952445653845182937315876352392783 9793984451221412884118545316726746838716323161726935291489529734665348142
69371341222871315599896181937968587828251771434953591 686816434627196471661369556821554583491357632223766461275721677
28864658714396365552148784418488986931515168411269118738835962 8136591786578959995828757312467
398737999544659733642825852159858396169785212689517638672866126 917753675645213756224298219899228563162814
19821586635324241556888853951568812143133769387363159267572473941128465326537373269359399 355655532192832824466436868575978649295854743199599182756
168573142246361295969235634668897975286698558393832235518311 63888768184365981447869292197162167243474113677
4531741358324219136142365367938723869252161196773194779668964264952926 787532379463936594146198689938132882539925824472365832525317154
25941737793313412814642387981495445959525727 4363494459977212882732941725917
877932125884366661131993383553268574765998516922539397573657163367 81325
6166468131661226672427826616832949822727363248611689269975728883683272948739638818224861493 97893912
883152776867614193569664324852638245119375 8954278799468847352126624456
6777947638 467392416211288188586326149171726668698
574936878418773722949242395366716279163673128641791479961962711691231861 63184573458187
3212774855544871251643126 1732129791661267985167936146193688494612318546157379619873375892797779942148515328614
2822124763879134556296822795551622122343486931312934979927612966799396767656497311951 114693943319543595553749515731929946885459796192734646622136243415474
1731694852746184348563814941111738813428133912499362226571295589247122811 2886612
5528616188215479478835872483435218515356474727419517937673617652547514427576 2499545
436917553782455652734347335854126762324128893729 79416933168623118368461486434686196833214298764771587533426368496219331
732979312297625289744 4
97836945795581214516698549425974619848363293353715235 7874182595636846853956759719749787374
85218229522876119724478417484471672 5994322162811465825315318822719251726734181975
34 1236362361174735978527757929428331437797552599646748764544433485434
9666249 4446116254939136689742875668144287647595473594149933717821557478878684127493725192388325385799399293
953643614974567524775359718936798439454684126588984573589369231572399516715437 79528873162251463851384475867
1221484488495564751644565743549739377552246872468851176579215643143252362493911219251442193189 29349196931881196669392766734566523484495685889837444865668113564598516787
5264659539764674456321997 945737398197547825935871987663374619883727529346622349359481445498315934172417629119286269616178194
2884679 566384224428288183836711948597414153172282232811262491197798397472226867811281463197723744797
34222529629117638824475834835127922999287923371946411889263278 1365887399675816423556474328394874578648326121651824346
77895476685192664542558651417899534453633774532946823239994545439877183767854519397656 315655755875429177594417426626156796971967879544314726674727959345
6755852188621193436743281615989561665496951892691397519359579 6617784924518352827641435869416984736722692564384332388267
933992377811145216459722647842182349411369485429924437484519 77861331815966881886499627138378414695
91753954847534479247959946294683654957 33736828749413873662525
4412152437551198436181984824337729963543957717277567416619228411829624334622114169293 64953912852575567149363385615738499762736315395529274328933967242959611724236276692268786521821836
885432699465968378292449475894946826133658466651519523172518846 2536155137584111313446823535427554854793295938546339495757776931591874473761151953253914687916
7875847292948486195624542523922866 484618365687366857947662552935746238211231188685126
41117145359296296863 46581264682379431332464471536366695548332155585182377333516598465882282741271817524979647
935494785861188659 1763878437761988343186171721427344984917871426674154344136887393353258378
39546812433129389661545222937326527471 9582959517516817139362393686234344292737735216478341271556988548726665246838815963964485716213255
6845965527 6264859645442968758251351184125768925522956917147596258796562222189327658796466638745628623
6551759645881321391945856616589973683433869716358538553379153 5545973917258111412436671187197371
1779668497896522859715847817768438769855279925948837137 3427335395732873811821497339585595699122985891838491438759171188512944645
56933933828428851584799638437791712676915328554521317896339391941357456365395 55244824718145378523238795577
5853726832536579742896339571935948368774646291329 9464325753662981394214485465742335747551196582928798418391442639687594215
64324723424643245548 4145382269257599638647284474566716728997346576482739756519756864975322881761911369951885
78333784624312818314731576695582637578686541843515386135454725738 15139593669183667432964224262556319474154584215
816836254286171117947786271633588811435699972651317448716247519339762 6634655879429286524676629617254446333359196352247269242674658264411
218766638444817617452933645755 49794969131477251375656799974135
268769259923363592121596648831882374421652976544119119282265816546658574915743723367182844896785176 61523263159332161551332289144575
2944466236 63816
656935194519 91797196446846798235879387311491276736437856594724464984523383229962958676778
39722233296884662563359249792677633827331 447329312525566583572449851
37888112669475128741612487176392111171349227762814874761982992715928835 221371654139882925754988275722981737957327434782872294883634241744989832445817249593365186744355717
389582363817932963779477914349914518593327522225224 374398143661116888
823872184992251157955317345439 7466773438728184
692 95384194711146788963158326156243475689936734259819342177523147374835226422448949232623771584583
6842874453268772542 59951446482445649645759389665954418792496437599865512542575559911854789339
7791818928792 4469926858986399773555643731292925982865534153947323124155936599
56667671457633572954686869134616651957854388496847285943577189368484 8873887276497353255315349125943468162245191719452717923663728875227583357
375392156316932671 424123116378169584676267881529
38182 18298366412516721526453434358196573487336
34839547235114836425315279 623399771649336492273994281812
6271789715936342289371931931199776133581346968498142859135125972496536559273567921674898 7
5679438381966817688943525798846726989968125814228238916822355593848538396871338367636117232931228 315669
148828834124126677697788675815922657814749691197556989 99844478981949125721164882898994357198789486396775387277852594135138961787
932343897181644495354923477222716 64269329874738682615262939323894
2521234643964 5422353937358161593878991893896439237799846972225558379124375213663196849261199823699813236745
136632865619995455321424962996576869132648752316692485329343637233816429628613 8573533448723275577372123657577363391586325192882789729419447764143711495534423775
855523948914418816135368431677799316448274838 548176352641824258386352847777536525487386723566865225655581225197618326767752759
25813547377966987337575739785191629146776571514114295943144563538768 332727374865
23131456248479433433155639445678321432553542579936221148743366623154976712546877762 1296263174813896735184114292392388453135946974385848547865549376
833145535866776981146765531375865983386683592788424419622862254 15776999852989754453576799491943987146866187819972543352791593837393758169451964968787786
557828731769719365129558461648987727891351791333174985523334879287319945 51822
6245587731912469219763982241939821328979626343742346669543821856696978885413688 72533422421513958869628568792328339152814618748222454763
6116153684873736499377663247397742884492648288468629436328924359591631645894357369 862313655531988654648828233398416714989987886672122623256367835288798135447422557
978118288359571674464499961719279794997829296979291659332819897 2734756139474372352331345433697257737899496688262959686633515332666
17138297656743618394612797473381375338 5229967277574832116179249361711613998822457
5737265559565895836184124293871228812257696888286381286248634 374172289737197778216237383772475886474756511471875263367146623295174484348138958333422
942562576643568712277582134423536357242957622213365454818773357873718 5146981452764965782671439691329
3937865514437638935345324533261775892445529952534558454966739677655236528741294 8694893593578519117484885718955361984524978593
661932184114412785349186121943373269456413584989625563742 6975952185252297722253692951213767276658113336974121745989126263578
8451791584726867685476413931857423847581329938331778969165367 47182415538161551
93422352161312277 464398396987785115226481299449756534477412474
9951375142245293557833947399624958589185 8771125619241777777119665917949717546885814371218
679514464618782283477218342242738577396774895255595963556589652399628267237112215 667791439546298198966474248646426164555425172631714
29211739433631999584895183353117971352438887229331781264148756 874787814571491978841253579463743245621937444266868188753512892999136318849772944557237591492262125
536613715473932679345237149146365287725731941617572935897494682258686246463786313694 669989479722835368684427478316239819692292723
46723465355352769517382893928361389743539611 3955642495459
4922584284131122989961252719554412459 582
931633236912193252794644383764233546119466754817222617145721155923657711839517246821 6243185726948769477
753829583428843931586187922388573131288633213717457529796164 983961959977824558734852769156984619458612671264182726771645384764654114738953882672
428457112615945754626567377961213365179926213318489714 3266511564482153997688875355417314767882129169331322715555286277414764375944755423253669
43537565594886383471974249269788219116574 83293468782145323181413495629959565653722886263546897484914377258358617724433471143392767953526951
861489594464365827446369413768163563194381918839896792669817323933884516133427963958 78212524663344593124971818752977379656227434754726556616378633628613992
6155664363865216545118274736395629163867279295569166359163467579933621885582822962595235156213873 71335432519167655457865
6977946151273293834115267166857431835693581714244143291297917248939711141141993936687965959861665728 25393438424869763497328328787424922339998789668673784394461369122734336
4599381999556645998497691267469327114399165536395968534176257446 8435735872831541629434553285635122251213549366649927579
148141776682828513146335358384867313672515155515212673844956136892558742238557551134511779973 9325618459679769993234119652617484969396722991152153163786143137811188952
5341382252722787963964443927499443774536962399171671176444986794931824475869711678135723777967743 631444453384155261771651366996827299487844894316923692637753733545383183322146951441292885645962
367366651752342415851124596726225661758768599994473926216737218326243757351652539699812363317531 2365589157893776265662391377454563258225429219957941365838867227844875357465
3756379625564149911855138557211964443987483499218378385436856938429763222316 888368479572214548778762642148576252572232684457297216869
1647784169951465768294479385167883251536395271424672254146832434165172178163659197657 7264166217669583721
91949711493229172484255459819435295987476221985565445736333879351472231897247675528 323741952797345599185927428858234186648988598653156176113539236366931
191524945 4771213754823824638325643196661893876189668331747616988243589251536182385919355955946
271264382654616516657198926965231869788745366 3671455738281933367666864224445413689771377453429989451642771754255864886179526379859395
8821662753267946681288642313954882348835284 36534699555418688641626
75 93
8216898526672 242929813726868119219274968341842741827882838474336438
532255778793858517669599687749264949855414146443386519792113286482251572579158583659251587186745 58146718172569297219652265431169461664877553571129615194676597632799635659839723896823837197193582
63271324689693618546767649653555977734494677586417716277 21824768887262172638875663668257647799318173188452671819819352159838475477587596135243
7112428352611469666171773324971458559225389371638493361287924697784428426397741377294561572251785454 39955952137565624277479772529553554246659646364351216554821423986
3933817995878127769461132252899311868496429442835695844474142346411952628357148353341144888 173639379265457896892589676772441721452211651558985187584613754
4837687559854199394262365783276746215736291182357759739487586815229616398336853365137956 2127671812262572744377622617873641129971154825152429844411273
845126713875895811885321242687129351298866919846312797384154331836111447887871446912597545754723843 5543916955691645432931228135267871122684796452821381294848298494758269644
924627726392131759297274642783811851537316245888238143792739816726478 11241394411329618797218871637852163688997524879
94543762184289995438275262277798453934286759685137243558 15734136735245335153188338581398842827998982562266452565642589869
35147766552652275147214985892583235165124629464673665858 6876461142234192388253257118295413367782842235374
46191852677786775994759938668748725495878562916883528311732434587657236133782488 3892421563246315115615821474835126265835938532341916679724559673756575239179195358
15438633889282578189349422261695763841295361249548 78996829413684884796422382593
39482648483589572433243363593125314396796963721292321229421214132 3594579483193
34634816719364918181978235464122698898867926613533599189733342219436897576583934946156638916328283 214661684136399465
62189543545692477756786436487163893822111197594652168345 951995784838643777235779499896886472851944553931666473785685161887914
455526931912492237665 518275975962
932 3968935938556476383342161725234935976839277191
43 56511643716892235655844931918818199477583835357744746427
2492389533517129 2679592232795914258956386474
437318354151 98234866295615985884489561771182474324413887
69591663196548822385936527536456476168427754 749725838976524755194856712294335395828789465292683535133121869425544861342241
71 4614795685634847646484759351655767
4988887978362954116181741623412279744574853924677594522388919136977936734859519676241898 579162478899898616364966729218455496272352159866828416
4327815186111675881116459999897825497538123848194488314631113539973 86731556214943157147452277164448485426161438228828662892633823912444444251329389383
95132132749232391429358377141416 686125639334266858744648663586119958639223747166384513675151818119934272715466875311
55257196273945936721197582732887864715517612695572339626269635665852625698 93524
68679695366511319454228961848885471632 556675955728923449395768126292
24759165891578454731249834127874798513445678649775752393224599826364124178263691 58864646168685598884596874299465713484
252418649787485472131491752391364592136228381644155 32343875841313781593969377
188514695624969731399221652254814529385871812654189334792358889291427662242678674 35935923395644312717242679249874222626918851446221229436755586
55777141783325668822751974941479726151887 54929454573119594777
8 7514214372553199477582235634217886911173845
497392831576693565887667869846943143964123337941393813741478538298278269786572816154914734789591 8796122835397296216677657916245347268672947177693217678442328
977294656311287235759843169448867619746458228226347564159645422542 55216316798126328763441123797778416253788369684256551292379276235794191352512878353682473
981916556296538247141955815348424272612573 3939977688169969775787152149179163586493256159795853534142
85971718548849554492796343858697891171786359679782789111228812754127734 41487281246295872635976477338778461113799636445877373493445388972153537287917623692732
7752138181321495165627855559339811763985832997967491326121968826715711691266344841 476171681324
22738566537576195 356819933266858799752146779882964345239481194967976889929243663
761313783954957438862262677 38114
8291137482916676563194659749864712767788973423578515341424176786364151727331 54684629913133496334526654998116747929647
8595582845781178818124691467192 18235558241
2538256394222197865944917625322519948657775363867497998748369262611147251269229131 7453953771935582222666994763767279588438316572852597
6596851396619885262 3994882588689319518868157276727631383128573913261728296156126272
5367496384787523691872992142647511 75572112257672991794941243866631679684364577134617847344997617536177225542367752375578447464351371
33843738436796 997873921321
81888415818838495247822993382899292441974183436277929663656986397222684445356529 573277623359612
2126447656591644825774767759116565215741386857761146375523264576742287278 511425198587291855143488296265996723531874139976811645174
84578286 5194142362283734244827543442628824886784235
3624965 43842614271994969183719388753762614741338319932481898989173835447645396635649
55651619631358113883188518555345635916736915937582442638516218573361257726886344254273 58592413658642822967454775772633979223467876178457277138145769412778627373482
3755694252439757529275286964424799897353579776 936812767927111242218354434568
8756531735538983377138521836823366565818164389296292777 5791443212317
6795392624712263346652934523318579733352319111 51999614246793599312
43566684424945472116543559625248853712542843682384553315346352345651199377477944 9699685846699471379693149526755544754467443271779112216553147165634483862817286
7338511356286249386281431582339797385584443513736328413742739841219287593174186951894417358943814 654535776856143
87978895831148145654135972432745787754996821652449216451262516374353893682737616541231372191167473 3516379515379613769356397689
874227665728832633213579638289248667687 46344953519621944616629955858315566413921194918447
1641774237858691298614959762718367577179515958838412444798777633747468821696381192 796658834157917879592243227993776599747914575994179864713328921347
311867681519237551853654957195422844629135526933318325682351198914117417867328561997456651352684852 62596395598572
62375685314945499 8527922268942928119
8953989157348178313658448818717252329262386454494856875547213118992197816188 4372418275356145675464
2749966146858676277383595266184595952557827112342576151763118674272346444989728349275369376893892 5497877922864377877913131947682458197137413
241347159598456393317186 973732337455674547767589964697882472215881637471338379
93593467161122965859477448927433391486878259638998211371 822197213112515481614186627
3696927946874188442519113 837386326767363574337891943759985142599871959696128636567521
5739818425864457886675634487661318635983899694125811812368263562169261677991846256848613 6418345599
46159617 4182249267713862677542791268561667768265349382334924323987154325175638323
27886325212663391523966395529276716778915344175689391643337419337325578235 62541151283438833146615272
269287678585188423246668674254435638 145134834483176665785275183966893779
55751843418942554347571526679899562421 16946791214316642369498421695522752814851377853981876676262724682774
66538222321965549677281175688665494369673 1461398527584735333847961777614918973691665626458882398494
4478745151 798352539249185964991299228341382482118345873479415922156476479568218825393982341
879463577373951424115512736536679429974159643986954531861414 9117679118381443759351441529139219489663428786394969333359221
7563125895754755387728287116229862941925641812838683689196575662359174586221295516296713764 66977122817985734224164285381843226346843569682875455137288526322559727342969185699114842781
3559952829441183921448657193648268715566686598768299729933911153591838277599215175618793775132498567 67722814139228774932377679625572264998645545746836554135313869928969453625925448547848596
524971835659235252395744943265938967939487277669 8779136316627858621518864544945152584715425
65916218759637369284354213998118385774179848469788115435134475221562854555669139394327648321836526 4121573643695433831894364571298488334194373
698467385516246618583973528972896869833589216619392 584446434741694878
414178267797432999523126165188893757665842396482728751944396945325 36776578358351
418338519491621772853612197696473285576195674993839959729813747479889451946182 359
2892229698466846816835149323986233985785456386956349611255961653287154269953865475643747334948814964 763717273359787955984549918652915
7264252846273384444224258821693597495193892642973799958838188923546983636 124619223655143975716441612739683265165845117
329613165915533591682897359536259181483143846139438155576 588997227191739262372885827535972869594295887425334995
12496557677425161773146397868987815433559851815231944411712986523997817 824599551792294
1433992395115513351577479648252263852 3366753772986757479634692832821692954676718594772575645323895591912885592885836146441677243663
115161744423947298535976317975932546326863288186843338659638657831582778989951596476383943967134 59327528336472343635372748873338751423665497784655621552553632143
8459651881615142598618523173277555129261634367346544644519253 7859853356827877783515698265486299219497762737879843353647865811765253433736386484
54358259283198913828659788275331273779993492387792374583784 5998255577485524788652334131592331114449773711663571953453223785876656551987795
918843819788429316985498236549845419833972512228183 48747687
433746953 31111618118164987433289
6799747341666566274497949746231213 8222622883
323429999317732269818615589856841459449977 36439
89978265533769443844383514871718784754746363263666615981624646591725966328626292182 9335385679432678529854813937351885418532153272195356517866536268741737929344363723369284729337
67691982384267963566665883228465517767895359235696121674173932645651597798268915867843532448958621 8334915173231324552725529873167913362362944331271519
4899493242513832638752314392369937812763857693 74117537411187143792121449785418285941923428
572833179389362539119477976863234892249483656338747546423632486952 954644248327115588324873956585183452773648629
5768163967348698968478745352954814447857543565287491284929126 699961125921226299492559548249864341666879987298632237645427741849358
2349129989678874677929113577977229145275239822951529453715427986324862451 462341313565843215318432649916916576379286278358341818187941985
94685292414719187645525185468147263238983141891336888255399243166227785795236624248694784891 9
221571815966267448797137669743979213216389823983645457 69682727546876711878681912113
475597764348374548123534644169737628277251149312546366536181987953348 63694625665589827831963182668457726134145223193155557952982226122773141571865359637572417553474992
1588281958364979339599651267947757147676883668434886856482254327169382351556 315437737264927976597546163378148739896168281936884792329847688274292424634254999585793211665
137946849331171254913135686828549148584283321254931859133992254526653634787113562635795 9483216577948311315595543245693812125856445686547369159459298333949872
12967977735114486776 2126656922876744855497549732317728452854655266181319138
69348775477254 96481763572197414435152636776635261484288849453477696
4261789281796229719896591989714837796541437632429457942877379664684969386238186619625 7594191138471448771994716182629734525355754964993831176832491982929568729162541
892792537539761652516469296524374222837975861793373954451446671678948216673928371634721261651 6146441898331314493761244879182438333595974422149331265654768768755117217461
1548926287349175987426422838589557897449715122361752147737785444973119511869727932 924396
7787827541925863327152963516431262991816948863279561725166418224487957169725899356413 92591973384844621746722586182934999466726121379595456229118762644184152447716218764737637
2239611885996529542792753179911951 8334943567613864455658837358888695696572119816319424981
9563421577412651252352545917957814615446473863852177823324 825983781381
68288552371774788522916146449147746236349175359988783855628986395838381358464769734592327922136794 732741419422862682812644419
5578292639477139293745579734838767742 813111577418331788331982193446889148675346495982459681313
49491667543216696773748956595688823678667933935312398955986327393465351 71891396489558932752255
43361473166288933668783174443234467879993892559952714893264854178271618659489659 967443388874
51358571895254298877675737731447751197813875925678716722 5954868594345829878962438525327979395275734276374435235874951683425278
42196113225188176615672747117691386191525738542253995552979534 985583813951746343724348215765524864392152323222447572526752293
626928682263996885 834999567143924995489537413749427572683853866898298361947894459283922259716281179
745379463359645764985918556399 348563467175365327314513647926577654561722144312926458332237653452511982
1834125168618192113123166627249954724364642396724687617691392 5389469776696141362517243219471247524753665316841892871138782313366874691233433665444411568187432
7944566989897761859642312473545238621737498899711 4681
24584564 6955738456977347426922728556667998593242752896544426181675139294193189219159668194284791949238
789167993466996274865211196859155517448494255313253745871529 93738699166225179318825882182856998739976563282878
44777164332385242464373425186222455438486423323 89567757533474347283479653
499242378681387494588336394192544918433593159727276815456486391313327914856463391373642497264447723 39229967
6377938551329114353584251251711245826863852226793538185 7846932141354498389824183548697
812813859735384743266774 3196326535774581656342243327145541
981956481498368462315886388533311653137731199622792932394157868464319129773228799511517639663186 252688587775324277615777843
827751841467333883878637181651176525496633498597 925519155972868657696446964658233124466
8437449 462844254
11212693844992911599482478625362618639654548289868424631164256548237799222741298494927559453 8567878995192734732999281493548211686192299
11773211873281248592125414881991872329293939988585133724552537942942 67592851
3655536936738328188386325294839561382 381157837674725121476285696894423334299691591337781841913143374743275
17744936312972344867145986715866253249919873644819199634269198747533546 155556421541997594965697725198855742642285569922918
2957677834896914282363242546878488151682841993225625534443678147791 16583156678898551499134198974112855
727447737616125314426815684 386821253381147512433416495611285956566182727758728198459
82277255898153356142211856458543948445266395 122819169613394476873257525946819245956456616311531584834894673134882196573655
766713942275965275323342329835886463519954 146644716272753868959256321921364818446711592386227164
777419514145292781273577221798865332164844621375942817797747479869228 52675453131995992467513467974783634667277532676237977213298284476521745878884237584983653629
264127911279147119599932996236858369486244291498126259818823749433632931 2636255245921336963485349833958476185247928399695596513486961994786752151561262481137351384143932578
113419448536959338778247974519682444863626627958 4685934623829393171796949464
874598199139664269787916135446649331795745253797726723241752244671976954274548281148348 81241349676741863129337318857532517854514416997714726347471972954235873451886514
49971634911549886483814654833291926343658972 6116232864426
54121189867295164621194748167224434448 98827173413625839186981634664446717232357726323143
4146829 33171792133
465914148892977272948963738952756963794133338952241747263266261 9214133485338169939272659376246294842362418217123964426
262344675834598444 8944251559986328812167254759
56518317575712655435812341499 5224227585
145277367131215919891942298615194482 7157511157372918871457569
6133497676985727582376513792829368634877784278461799656533135 53969458446798163632219524321366322689754836573147352817953427
16769987515329318472812735924 722629124244896413984742857235975896282794544213853223919636357954942924119383487577424
96277767 24264
44228819415515651183367 674774176795158
547523698857765929114726383217476155785661 66321331441494499584537168497
7399748986445577338342673177924837731598497931269142513659336379361312488679 23979599216138473939218295869558578955167821379362739318472922467388355875211897764749926337736658
761275887527497486352586365354983337997475425195593681831156416 664686193545316683259315879996131594321846496388178613181191538478
86979572323 649247488727746125793155339218714991364646747835991565595825427118
121518216353462463799876355246885134884596511284135257975817384647612239588425187486286398754 2882683626942853225633486441252362777484722813955845778151893149928391796
1356797241666255838486158617196333116991119149474924712991229799889152414498933423 9545822922337428392236613962542614568997928772225976176232822284121818172137754965486752356855829
8976417249956558628412491488428238388583122489249539433728352466224371878433387618357394 7119449796317218175131753611857262433354312359648372828656615622676943962421385976624945
59 5426619189434773986571455489717397247963739717762696473382797727598633935874793179318633483661
9643596741959679176365289987 587936837673859159936838474261295541239582215856324383217776737785249267345277358
184315795295318264365977442949815633352155273654357383235725634313648972897317571135518699512 54635456246332943
2445876395437 1916314735158368947992457314645766139913549333651395654735291226282738566459717393
59889911248652228572257673537338921175522149367147173618439871534 2866246782851484976238555579244992936459677551688574925226
514282873737339676378384958991671 3323987157827611164623468718
58373757882412338182143784358626253559642582982992547 4988938969999456692322214517451289849459143594287479492687226571687489645279469674434969523434
589562939496695427625812961795658798795934658348218691265234166996319993 5475489
362613393954762562675914595448516329685887891327993785535134765418151631636955411 22987684332555894198551334827198596626214642969425129994822138439
9675367587153224539323292832785666799964246631223184113318546129658659841354624847 349981838141787982395999532394147897111239845743677232857415175753337757346728297565327155384135933
5133553228795917255439887498729554226677 82252459768
5412733633562331433829339 5632464779774751549337284394388
859923341624945592499483159761318944624 7165865597366712323795478172291355599899424353642487631698174442852317329277957968314795643286
137543227888139812527159149 666114339293868632777347915962812921387196373745952476712558842866999293439357753523
624641913793591352147144432683177927718613247941154344247763697919893398114 52673611773679152641712296244635759713989117351564639755881
19979182161534146476173236988796281428417543687995457619394416729196443343418 2892823613559664386631863439395932
79478768722846581357492734362918699776939149163651346447341228461796112 1438592977567116872798547678382839297396489189684218523515177348316599212934737234
25961956268313811555729571744662981129974333491253199718886613786358317873882541 921565112261241373247527153138415696572399993115445
1684888847833 27437944164474319197755935726181354423881695733396323442197
873628464611247753811288698318816155297226145229956 4541846369988761531779422479389474454584781242192945615879847169827282246164975722435513
7245977139113231832837883542291659 63995336473827659537486438942923389996327625933358423722797565
4553993666968921656523593884236914 15318226525299963793382623796723852134321716417953
8921767 265895734856991239734986362592439175
63342973452283486511447588489874917 96594667542653
67668782121723193724296 32287967339525958197416655848722794224285116989918918292181887386832711498494193767226893111
9522895679267444284581641924164288455625843194128488373125176 69298677674115255669626841295982583367646862525587621611434854142137366791794157184796657143296
31883172956724 1952968484665952296894784573593411599265349998425318423799219925323762115625823236793814635886126
557885 92971529313438836312129925756689938182
739235772914123831299341882239572725272199529542114822979811994382229166481995343498775 352768889855811171
73197955141476579134539529664458 7557211147253698485534971
31237599712368718929265686857 8891756167382484134395228536566654262433143369
33994433453615436999794798769295669954 388558355756556793932857949452532849454726891956818255616872186435249753295385
5393455653739415279863226543444258456164251232691298167924735171 9583682861542565219997774
97482381263628334827112211643839985789638166827285469 46174395997916524881162254431843129355
942625614192881743139126847 631387793988784132
7332223697476721146 3945651
8924119 2135959391579551578998847
2972463442155245417862347652774883542958347534871164379351732752 493935529949545852682
286998715449454757441478689161671512641124537497919469788594383363253576522934359 163654188582664552878536252243182166914463986658183642779864212456873214868656327333875361318893
8184382784282763317143616727388433579824 49847599223683435477211799432533377
2218437932321261166113 99662295649324679112363341
251436315899266962621186217917598363731662153975878396535294362253174421249536 675448611691794266575128451346253
2952872463661677178815 416733489122897917443428344111995578611933327397546961967584838935714599226834415673432748
81637888257154779635 979684163823835352484466277976843727728674561328663355283759
2423668473133394646378979781235581944995879126275596483548511817263616896 219411347933152932439797472365659675987894792546178344116663753573869
163881176149665949657988948699455281336345715837145864952623867848195676792587497874 11755466465814483967135145174479954711524765778833
362813885471726658379642383475373574637672628292 851212
51231445695518 893242748423382199356232325642521759536616283292299413452614855127456538885
4717214548488285497983691259636284 8579143193636947274929261749975469144542537179313
3182937957211169921618363954818254213754445144145 647241424635955539553629391924276519566775827744214839623825247995638265851178648643566
4244695715467947572997253587315161641645485374454654318 4662195963253867361717546916581414831
17276396883535762921484411532592185841239452866762796626735764689576262 3571925475841113316382141837458868318578948856811794789534733849977423664
657534318146439119746245628551881 353438329225248658488395225359733318719939868621137393943585734178174
2151378271867844 5117758779144744922389195619397582856991699789681785944427692581638516817929761782335566832
441265968385469256933464761835425796713553778989168443633367872719472796333512 74555541113937263229414183532747772866659698588572168346384645
99126413876149334259557993642649622929381359354637851657168 343597757233557735738466398341786124564843551861325334557797
967845498953168465668514843299455558977191545166513254537993551947223111778236 9247548245468735
6339611141481434649499239728233571569566644912318121778324174952793 6978269213568554511133789436
2969637784828546716188486434547611367715322125112985661284481141916886765936861465479135367 64433436378678895674936538264682514894953825828818723893937613823331
2634159494757469179943771937883965284125465539396878697451915868362762269541373 1352183897348
373953224162443479272656527216748873245937598668542545225999738226536138255353982995875868237287478 8773264359127166242426696269498564457945139244667448245477897895827691525259484967783685311123
5 2865532665265579
287292 462637798877342655772295227942788874
74884875485494267418598366312157899796432994875972844273755622678337372812918632845921186961 8142465133826217937995291
855429176887512289137477924449125391587651359323666296281169358395264454883767712367774 3416724791481261142944518945186592779759699753244622939678255923229768
615523658216897221926297439499548695822999199778373465679162351562362531133819386753 5258411525581575958289455923482895393627484369346466276154683
413 86827863681321741367384517858142224842145131185695768438825811565482
826891286853661891892397361964147243924837576247636113772565294197924575858 981
9625779 7376431168197843
6936232572255624624645149987252851246357353518227969437298763549 49788821199543436466437575167235155344263898
84396782581525192856252286671343345616221 2898276835474121562665546591361176852718467761333556627695678
39852454116657984264953372862865113382835912456954893978538983 637968522379944533196719633231379535
62334966617181152421665423555917192746761231186 26157115275974379379811217482483895913579552187311689864698651645454933825297296523
8693559435447813496929155473177767513719542615634 28361477851218522765121288282522387178693665174382956239487288584952335579422348631128864283429
846476487 4
29342759748431883717477 82946493185138564425216615762268691
215563453985123722473243268166993722247714271733586578671488412 4
229873218565543311531351763486728684181877444955264 666483795381727819213
177362751127461611814268448896292544581592519963295358413438486828579297191225971876226 3251779173472199451273377
54514246693936992568895518137956343689732275959947452186623989614386629323333521666977316337474 18913884851865645655871214614987397913643212594929
94734128556466212117952253268 73438942278891713477923539192525478668135381295164464787369523859686667746538432
982322713 183
825295674623113279187719148444366838497938651874962328293426344843418 285244157351923629242253735587484429931398
31722666938273585222772761411257544526383678685189473639566215681189338 26852955168164729872443752833447177436244755999184144626994228991442935216372
2897549656945391278733333293956895599127528349459998996958719964458527124497519765 8129218166427946568768968337745511172273466319994453393658
6525474273346711955685586824611318611336636656132194891964233214788438392836141849315274824 988533579561915194653882863719155494218511829379995243488
336849485693722 9979181141842476976459876374422444865244369
9792333351865676248985415856564454 447942277442213
54495767 6977433
567883123458464452641525196569266415553212222315789168218683863398 62959546733738397169
911813779548474664662736585562129687496498132793116512739598 77448933336252946269544537666474963432
41853392398428824458749299155134691554238837369367 89775259411866944497543552166993276172413632424834287343155118233299
915272512 8692984695359827113453246357158149565544464666173914
32229868359676964214211952244314776564437791318177776319 887655
5716683686452646137483197219811266147771 1221537712287826558371759779169874269324578756611258789
777614147942458587836862278 183429983423914
2354651756229381698418214 929472712179288449243619178564279211519557565229347288
94565895741571964915699641824256361419399158517738927976349415956335752863565396 9936581283324789243
994648646567 4887384893489236666956597596735654949266898886987
952677615833432595582699417 84771257785216319
68529 25492267982153672489974725149856995642155715221719228635964
9528148167691585893144129986565133 943717644
14569782878422424722192867491469412145635942269865318234165934226184397771641 6267446177457853276532445976596363166721612943412331394383548885771757476631398141564995
5345395834675498525198452656339485378929864149244165 18598335769347111814673665696914246965423662239144815897455
787546528682517161328586753356564418929657848767746629134297814584931685714614667546 741969654564939223881852565517941581941234237721987961487291315988829926
695659584543192673399438 213287316911735635225297666249995
595998366752758581383452562614641428676945684194142 7564765629856326518629654818575
643526763772957227761331638154846137596419148778234616618423966528818519566669227975169414785 3421658831399769252696621839245525438217538337992926956617759
547628668967658379224485441964677274393634276334365364576647581166158712 59678686554364679824565692537355576423957473412965172938976553719878317997183
197597817279958115331574789562721665779174985752321356749 95466883314741383243634276732548293564346944
685887664229231965522227956136325985884277 47731297982425
876192773232649635724772366946446494486258 22864983161442165238
48568727847197685482831873935426717935874198 545692481537273538342737749746919839495932953519923424412863699355715694
3217726337777219651 12583938212783518461415128682879646482876
4761216612223785239369629286816799 4113758948444
64524347463715754722482225523198 79852788368
413983112861259595752446388649264896612893166 735651196359833913954223437112891357799857441369861853873824757228226535454
992182413926188123721569366 89578321953416639281564848582729173429289256
7396344324349936876932523164275536832761914589149193276296458677338826552383531443458465998434399 3371454156265681533781982167838328954294
942224362399721314856297527939 754
6772963889698969878584467516719265128699747995827564281488622518186544993885656279954 8371267
346885565398768446196324 991639599261961
83226974334668778247534255444884667666557145713739444276882644558291653486915515541729294 2439185295846268831171844713117593414436657994882791818635292621154
5576116166315333575891571622579519527292346791914823 22
7938333969534795437799589123129998949458429329898381814947954837 46728135431524158539125615296573299398849241253656524968
86626627 44173535535827931978364595969219771668741475587344736122398531893837797528954
188222539653934646291898776274776675555346791152887592469733518295978964552114266 23256276
341512523943296122477 613713937319141749
97769722649765923718126732573535716439425134 339468924598998913141927278635446412488863617795
72629842317295818673264339817897325269892188745265688451337831889 961584396732477
8979765537259492682332666123163332573416654161 9717334361281667
5474152686732835248889125637651483177789778428262395877642798865667246731856242917 48755936358765489818225918989712241341189463129267127713742576
97317917124857685781896 6912574759787395357982758611375852444636972139694838152359693611948116
377442989179 6899149855251352697742813114421554445643772559234841964767179737469623812569377249253229765
56137379911658892492232261592276789431875438683 479841417324827577817821419344655532784682647163356662817747727423
53385214294492 32939659877711599476122312674956831869419488356594897
737346433863781499782645851324917494341543184832198352244246382419665576946282568465 4485645881767576389813849741793194637854274375569929
644573 11818
673934458892284287191414947 87965777831847817424782123642679582933746933931296476726786778532553295286358333
75296759926348917414229497483396185318637265335588247688838294469216544479735214884355985929 32926784451983941989827259
18652316289414382551476737137261618194594339721283547229993482 995387775692196953799981691344112238783294438314794768332375658718
13699262557962423647696545817454444819834631391862724283762664757533235951686578195331417684 894869593747866768699847519263253486977979719433955541969954211149727124267165
178898146193565369766436355272372754841149395 41798
93441337645931955615141848478993236339951486241249163588576688978284828954764484742232515761181633 626765969296852263831453277687638622856934749899411191482166537581988
224651737176473279577572779849253312476867623748819682811718538886 5817244977833765122474691968224249637735367731812894549113831287
927546443749953347688796546636941247227383674959835271981422847 8139152777222833574752271661452471855762936618942894594724977421913737814688283
9975959192585386465482817668818182192257564423777833896677182617942468448 7725256397322942958175552387175136385724263697589456317464765293437127336631
599134339995598855982447518532481443554839363 9723816
93231116463338142539612856527676688734819282516887485158742427612879394942 22283169939931197242998756541363232716396566755121529957516
