90
317433782321 1989579996231854337251594693641378773737368814138562154486
159258533964816756381113 23139116687399515232958223487
247167355623755533225895853745464152867197415164485175494688734537515739678252283 86473547977576674845522817566447511257583751565118739114979547355386
723777379385895353263132312799897249 8465936276231497522213888826612
1852599384249946125791943933341374856542391514745251983938434619151493427387133 446576486697
769228914457448467517427253258 435786243543496432266548153291553214852532253
493578361529824259863339143857179498471557689138441 7177637924496514654715282483348
136224669842963121313291817793282879263274765227174895496612923833634294959874751616928941 125967879273247691
49222479899542138983953943396316267244412758357763579628914 2155675242795528423425656257915151292333695932675599
44694494879192153496923661119541733584759855454483838773654751465212494251 15598765512666849381627918623592164985639838453747768376
3133811998471859863254423827312263719778631385319526747191594 7377369258889536725155516351776268838895566
2926716 264681988428269968489846682431289351232269483521742186936956
35651158613865768569261825 99683976194714619627217
5518156284225821728696 1334363581267374289476939
28126834931444834828976262444826194325632 44688664837942655435454768424251
15981365488335174845564299866484727579266665 61627394427683174613941134529369545112687466454561831558756427426695966587759847634149828971536485
169687744442227791575441245546628466731514612392156993762423364738922889945983953766251965628716 752595446666662637353917729167125872319755584222453168937298495547691457466366
1849762834824452291694445786839284245434974514286837277779775654824821648135 8977545813434261424232814664744852255649748966536621227273373325163573776433541684219192
1561364535197725441458265358327351268454667682816246695 37353888286591863426161262398574677527148784983228576175776539351671217629485
91264566337648744718812737785223312255234592752317239958456773923 793145124244242141574631774157518226282953339372728415341377248181
273878638945559821732614399995749617851938637795834626733894975678869837781462858892623 7627595536142126645394382722563932426651886395652954655138796992185
8727 76714331
65182289384 2381142758525246997542776444322198799882
854227871742665714959682611347379966361998488 772633246265283443575665523112444378332631156
6244298766213584462857167786958916292895174121279114327282663345812214399663768181 261154442944572831371784339931173811255816841842926343965812121691415255187399
59989629493981492727635238 438486563255187367252192194267545574443228
6384833298953518331836351396847857 328686678439174463412516968365914111874728845694299814821238129128898184534628865611462257
7115183552887 69572743513538571387527925776884795952953537543
91246843239666697141641162974439436517756849173463498718165114165469373478626443558963 97715198746272136561975721978346976689812149439388947798
164655975817111813577629775917744392469757673941839587616518158182836584481489415243411 15992545414447292799789239919571727138258
461586279138728623895994734913192666911178474827626341445456877441841551788373159554364 5163467945315741319563767528176389764589181545815854858917952344293742895667942532668
115669426174779677683236728543185674428387727813886294428321745711465246775149 998364611253
85111144482138715325532128922677683138342367158974699821551641712194245186 4112683176136399997
22833464592683255191622265158262735146837164279439995211284678782326592266387 9414949568224725234498614422217688119845499977587791961481611544718865685
5121239475632529581822988725724252113123872633739817675676243556264696944164883473678564436516968682 78426575998475517569613762355835391114783162265995559661582635935839155657482447727227845723381398
44546761387734175753558417587348324939515666523682389689328 74195386846763961364428918863738675955542844352384762271364796167567359
3436919122373468155773118826586712535936 8737797624889975599395375756861531414413435156225656951687466499864996769574688524675786884968
513555926156771285894824182369686767463511 6894582469456985534835831527363796659455488175885595888554764144384287353876
7352515512427986596435144476928452563653964471794287964487118977746343558822925 726815888128717318828836397976228286893477718544
2426736313845185693582484951724137 11371444757168123783643175639668588514735732559332176113244257782841248465164977132759659
2769331332154152788382983353925538255311786892866566564754 1254416857592574455491214558237667292626574975
9526387685597265581843 11412489798917711736787999665626471714462281287933983453151511493244
89424599255896933814788815986189158117599845114664267841 39468775827616572369348395227191526354417978987868
86 734548156229417368734817841264682551184
77888834672113527195528419781662137349653356846633331456365694911828118412485937617737543834874 1869514532527813875549344181861957358618454828146215673355969144
716436345146889358379337249922289243411155129929191456 31223939439451
898783195298345459668876272291 4361435566525181297662993224169189188268493375913119118473683615962359652651281775
178592944116 5858187567995317366727586292324461144117587536817988324515834197541231861
41973933389116633624513887182615517685679984758984682297816918948442767 255691523169713678242121148388841911514259143558846883738
5134176499294 5399172189196435586293255279823112183338296
62646324835613612673342292984573387742839156693969177695679158156735676211566 852327427375391826779595351943351767592675283417324989979543337677768558574276
537916784777828647661 431446963776826769369167325343536824266521
5824 8
317792866762864571589757166998281587569197817336398126159 1984219343835444588235392418182
417524413696247574474275538934834255957727845731223144584 187766438358
9877 9578619116935545291133772753175647144725423119648547143315454854339146727715356974688948641117967
23739548171286374495795311889422826263239265949228711458374172235862796413561693 67258822986383244992891637272382238517639853914659169161142968452536967426
7187779248258237651287216575642872131 293415128383356873915985428
662578667632452677884865314773877746 141747838525449699712236164461367754413149276259515545828283587851481217372779911683358
93374 291782596781189666498739218562325152298955356287439
5286878281237831732983311683 4712857355481891
5275436938688641664446948549348379151882142122156998189276526987735241 645499778861649953651152576389579987971194133113782618278119148
79594334272542438323555967552915534231 349236194115428427941942839959432622146268854978466968638594163487561195255359265
6667514564756 96352643158744237527343725282346296585592118654857124844
2287837829551261275145447191687889 284731686624541796
23263842831117895748242853771125 31443159141825899337757241652896415514899931943223471918217148495546
1723358669256582517647647438816619753626387522421531914189143337831714523176 4163691329652855938299157198587897
6461685724617571758699136855371847398842777656123471113127657295567469175942384442 16287221213653611453518633476943541
321787282239271612267337246723839813693845323145 4963164855787891486837143254491678123959786921736886957662661491962956787392656223871946954444
1546467412714968369446176364341219592351171424554 5888571374729563618249958629261545199869378565859147251912989211889485741
65225636931728 92115197986245365
959583464314819533671962647186242163593139 395787531599813663743864486436637194352135397778472295743354832332191245935862831759321436874934
6358184398463289367623223799281716452552283 661264961767374746477913256161967666763522654171321349
271555623742699171288633112261293594872519583743924877443763615619837129471828886312643436 517832771469564152917478538123375432552547929129758944265377887746721485193252487847764552
762548571368123893782589973432214278831149852694314431119 761397478151257434379612215854719811645359811964521137847596275673731849825997161963525644891735
8294789456466119855952161489594778772182612328462575733331574919748416116387796938357544617 659334397286376647119388819
97221425544575359642327553721427715532835276238337737719244263592728987259 19543758
364578928969334867278448219872325763964319443564337785419 18145846437148537785761534457589493896687468146474
65185838598137575466376671272668273698796691766 45168949442255656773561689525222874914844314521873249458845479944172681227786884512831
678382171356952897289796765746844158842226591451491674394261339475576778859662 536786954354818233461333137284233863922
91465952634199453681448977151349168924915752376751779152193185858756574538234817459148632 82489535139441952691356543543224974469125527117591491616
837377452487489121544946 63551878975962726248588199435581685674242942766583468682986127471
516495937382692114534689997813476781866577814183995785794856158183441412188884438993 222427757958562896819878933827353814185548958928292278944194855135581491431574975497739939662156
6357996438 8325751196829514359743617121697438986238495415675843929718463814187342191662
2414123922739755143483929154747251763566891994486577314538595221 236968284164757767523543689361622148562632874946172163888945658
91 66344561383353385958436422511464955851595978859756366977431
599421865155653395929 589931145853958295732232251699391425719181267746822967771216324785849252729511978699
52281315991267189684352275888498495734618113183237248171174151269472938736852567672459 33469446653665979267979114971
638747736815276269669286154633628941467725786284173819622818473536488652756841341529546373 166971478722134635769411984196798394246661134771525413694
93743751873415 57672837768421
