78
61555 3
13 1
82152 3
85 796
18517 93195
726 58
4611 9
8 4696
3866 87
11893 8995
36579 478
86 848
22 56362
52 128
939 381
892 69122
8433 4
756 61692
16 58
43831 74129
45152 65
9 5
31 121
655 68
5646 37
9 2
5439 614
53752 322
41 6
165 9281
37739 9849
71 3
82181 99
766 18
574 8675
5 35
51 25
88468 2246
24478 36297
39286 473
527 66
8 5
946 257
39993 295
29 224
5769 9827
4122 9461
9438 86216
38417 48
982 28411
533 515
25 56
544 1
491 1
6868 7
83973 5595
7 7
566 29586
4 1
16348 4446
843 4243
8425 771
38 44
72883 5
14175 2
8452 2
317 71711
5 7421
83 2395
842 74947
51 13
7928 245
1 5159
2742 7555
3 95727
92681 16632
641 994
16 38411
