149
52329731925448529553241785514538671496911576384695695879542672349697474521366958 151733511789525189266994286533489781665395776376
313575345453936812173185387483258723591719476292544497341994683472 9958191626375894
4158365283452977879561411818851 53633591256487867326636291785942
353761 9559586585762578738758611
78274258262383761525259929274795874869871245341596981852739 33921846635245143757195255787911576796627539519447322439898874153319136
4 1769811785912954964381487884375674796452912248922314123535232549874
86695891744322526424757468574731682364846442381175684774266688731983382746253745 7617138861178699866818898781413
162646968732412765271422722965141477711419432779553222 43919581725381376838453194961444975
939242734431271417228912396714173553291924574493556293678483915757646131775 18866846864295814415245243393598669951716688198653625569744126251445995431834835575349
8172968846751888563561213586322835659458818521491939686572947751311777289145864357 123391952892537972635388724779115881341314458123277725266169544822964
246388715544326741695336278256782483541196291652985789219279782381137724793627777 44476298981238852417883363124716519852357527597771597192629648
857138483818859168679474879183352112913686456937427964425973139 252684433183747991111694298575196569693754694861557293172131
33616552434828415391822676958459922547586649492216 29921739257591743112851652227412661591924
44382685261665467156168131532869279941724532222943757297734341138542933321998228589558978316 663
3493971212557481765137833816263678889727 89
374695497 68758698454839689733771454921875118477891268771715363661396741146433365618
41671122312521334375 275788875963167839122453577595364556941396588181592183674
27147725582125 35232512752257212957448429468247346318264751633629649
998199387294181387128789347456936448622 3281594712342419766637775677698326439341736913727148628689143981691539113
94196517911281613958214679513998925457562991988415164 81456764369167199567119556881423287262255376297826565382562
7291895417891913373321454971811465613416225337594695379447226533938391386526426767214113461 111175996185465315821336749168988395874985192711239372499545356289729
535921564714132532915925982581812953356379442364132 681172454748596435795273714365162465671919719584561727
799793347973651 79763697546999351299128212523511345923822372517328152869111673389148111393291826
8813813625238465389372345255777149895283781228335182788849554134 9643584868418859545214122222784178326313553414985
54298982329782174634587545276584764772798771725652682116547 964321259933425688655659742756817948
458932611268164987815494439376467669 79786594794499638196132475291958
6192126622176786543277148159954864483985378574 48421
8741779543189652598697889749413462149 691658376491953929345955788625826189158
2345244916411441584545173294 4172674756639679565896962577583854772287
7251561263748134525751281766512565822682347648184264866974261593822484256494773283 373322981923394819224688218954431839642184392549124321276
9815773645676156396689184252886618199816166284 9917688172991435125353948967222618387516824552396
6529538451389958 91272874212152325291792187979852229221815329239931338
21514112978163466194872951617544762227236232241848368462536794313196747197429949378914687 6625712528816661785915197282186618556928828472267846175675622211179736682286346815186145487482514554
19689189341249787414466436132744548882752123297 49755975332776792657228933655418151427457194931327994886787121494898912289645927762775187116856453
7887764486688147844843 73
95375355648481127975122183676924652441254754641773774959659815934777321823294743 561268522181118778683772157114839892288872291333491638289957794473686
67358488848341842973321756849395452 284634
7728432734616689544211231286743239246 884856261372111742732
114377 35528474169965769666784999578274369365447387181569218753359
389952354679239384 824265768784922711739765879756419734128
718739353413642617774283521421896547735245463 97736442241879497135268794577587162714638466751725553553995498729337
81678812343355643235497825996783191276264853859846859642155752386732797542166242529433426856158 595799694116982162
8964113975238738725181294974321488771993973485866587978644417112436357495718767186576454689 81768497343554826148727197646578431464815741419746885632733
89188592411458587752986855736317311747149117231788957 6864179591
4339625425871349415657921342265778259292926394791856254167246596958915718399839891719651926861584889 64777473913761843517353942593158127627628319988197153812231263177695634462621613
257292182737738973634355972841511 517379399741188142212
9676455233533698255766868948413621441217643358779812248612698621692965 99
46824759983231689464975672438771139446435276822275549445125227696955117814336985338 3447593266741715287951388269256987143
56955955358694571227473957558967247642694615463766724118419736596264954881 9732171288268956539397839619616556862689163432488663384823216882562
196717487891116716234496157388134555888385728914818732576552634448544 56496463755358463295183284833316278712252746261469342228597775426767737437479549756179317
873661571197685869729868315738278424313168491667221346852569443841467824418775 15395443557443335938453612979751
13156716777521353547189834482163478852866562127 14417339593992318536295864466
322722839153416284728379949833824874 716333413763772192478381535933919745215759997288968462397665158176641267187777489986315877266295191
5559174442752912482232339163567334498212112764995149815965897857642236659342 631497271598466989382257732821879385367445431483
8233897172245526129659184622188715636483498419169556231466799811821421875516696827471398616268279783 78159447
1116943673759281687374371972844887575352881311359688411561216456259891888933 9211669982886262146199796766411529698199682952947712975657796698838846213988381489239
1325781998171546633688213819431222667991611514624448822822128689592168649159531 24773212687538936169426364289663933869256325919584178366222163215698467914646477852187
61 862488717548336142753692864127264451291816816963219546968711159323523647545617966777745565954656
92415155563563328238132782384387135919591161 743953962321912265815993185629172554668833
498919377518869994238882615739626598796558435624467263 439222435742783394412391788438644754345263267732558788817532747586955492812811212
23641311247477923566813199177237612163826375448412533122595331247728 5869583624647367765578933321728278992983589147287193246961858368587149513896267953564788394394763
37661281344656532 64
67131244443361117 129862569766516566644162691485745746397262
66178723695426 76129228713411247212567245174782928315727
1723435257713161125713198373383464672439194 532495625864214358937837674722115721748521974415271295374359413674511
7137966895691678824452835714782189496154364467555632445257134 3784171799423922695839185854
46463934952189235822236387834544388627441667559199253212 7712179355486712294574879398472476852879698
42584717573578963794876294859587649197234197914823921655785431567221811985331367352972751442 97917875182652679344926829185396693628
9838538552542737811234216366643977944249671 5444471825142876591723848996482957956271849161628782692125597629358511586858839555317569593239
1576135439974768144788844214 911679521642127742741732657527475155497281673875191793143443
31331294424215894838446754253397749688 33729653337689948968711973855197736623871233766414451
183883586645753981454899543 549942383268859642924726642222272234523273512339735
596495996549456 992
13746225767624464865225959269758172126735727 174342323225169816682919769263538491
51392177435868669697578882158218997461541578818639824183215713615933879239 837628817994428583552927226368476621618441433738891847776322311221748395654836534
29361659988963929224865252565677346919688385454612828513753525 29647433965642855299546663
7889868697291176249679665582183942488568452847 35324813165961771395936678562649733561237723126489434415138922289517357537442541721642452945792
557554529192767353377139799156994379197732695149322828536474653427571825897693635994 5629431659915642312988555674862465515914467954747994372856668888
4 7641336
981575363746172327728443446532652151976319778417276 7878859419536292495735439481137826489567818562451658567
8367222885156311841847115883122698151734979192675358526355832387 223885349535893237474534928421817969547729999278561362467733779636324237984256
18941459435179987912679125264 7411265526141998468115754189765133723591772595521213499397575627689949
44597494625 2933291316666758783897518285583726679893276321
586913758333876355623733929194114784353679894593294529 21872682999655137887257832365557386686377561268696996239466512441456679277259655157978419114146666
397427992577661781633142583399985176793739936425185664136375314 518713789595396152437839398977455349525199739832482832465878
493235243633637896487898762656857334487946633219939 77576722311871618945299
123866897215766228855761941675799825885494664514695687525887923141838553948 48149661253527336234874174191847469786549172953628659697645135234249885235267147256229459663371231
8419596636655612749763638271892317824897781484949611658955458595156994653912823692772679116893295887 195324318119533152934943735196293
28898285235468922832122473962428715582951898258843952445874818495683246569158723241132936552244436 8966843774378448241662788532326878257574724728294434554757712457672157573628626926492433
119482626746261295266563687413222315718316672869521125958 297356495964174297991129612157317896131797519972129446925785151
484769834685488712283899842669371683782973288537519252414754624 338491116143193248761898524418889269163617238291383149153985483643338324724
2858181943243332223527928895282293253835346216714318654741237244774559286827928227399175661195644999 194526559126637479616864272937213963548341539455911715615197224921
742598878129544349367267578648754386782744583994565735572469855691123593735617959634546734 3124819872717847535
9761675728524327357963277284719238948141249348685253636267612396443676 2879285949246788592542531477594249694882216142357822817879
8747164978626497541981891856528957657728877336413449999587456887954657 81271151281645962321331429772145784162986555937922681648394511669
7138948843329589242175314728952826328882775191 629878331942152412137468911
5464852411943378273192796921263815272773757 1935162482167442433354186723668978486691917368411878877678
658162434129555869879847588247343921984885315798981886 79177922538839186438517188639249319973787144215468764628151637583654216676634862735919
547226 52898845225581
77862885439797374216645574985147976 65234132836961773676417131665731
7261674811557683327549289161 81993955358934159
185556872478678843841934672122518156229881786288398719993 5959143986516264411832838513135434141493659995238949733227547546787741691422856424962428267216263617
7746338817785632155917828633751421224796688951873842558272998241858268534888946431622643315268355465 56576644781861147661915137878156418633776845287189284436884447247619285627592571132561952164394
81328251749541883316594838 41681238574833682363798874711582767831272295235421657947667371539
429391773847187953166628119255171917956444525414864631887351296 26492751233923173719978648196917193522369
33322251292957 7389543853823222467888491391848592483785947336937528755962136778246716528773525966446321174168
2817249764773631342447637463795161655892656823 633227232737986653427223172178648593441585435311978898764
256422842162616718737525674528833393896811853233916357935114929746872154111418941413 78
3269827129252672298565729597555 84
552881622328763779667821 741259579886927331557574961841419938556133719362718925214828
8471727548991187166224561 297225513174194443167186115484751758373393222757768126483168844995999947633
8686367831723992912652842523715556223562151316951375744915338791953277865594582141356 157134429639487456128624534344289519748253778482856932533142837131455295625
4979893316119732329 69798396
6967545843997927854719231837683431525833927473839234734884199845715956876 1171832777376653383644846627615146365712594946424471894835396525968552816326315583756
517661193476735726236584147552916167852383655933463378217629753455161231466694334492317436 4175979182418475295592139942133621478549974776816337967787715268492
672878791652416924874846728377513232739 292339862979121962596594159572658261533988946274
514264284586188912683127 32563138857625537249268755498748467677112632569517547299931894916753593783386185828279721923
5273153 98741482891
14891646694238497656671796668666281551427471216643642 4135561271379854456684176558729584211183783493117914618185122449544711592
75718815768771391667622288775364727352394724912319194727512622365316511197 626522945819211438446797132115488385751982772261945855528574436279976113
271245877796364435895566832564963483766918892444578318 631
21942 31383316529515657873223992394555329762286772
11416325429759384193959777152 77447676976754479457763778923758741639771356859579589551
264338296154174559515673382181239371836273988378617821666528111517447478247518174975813457667233665 12474597799129325754
8185821 12657592566417399981273973178894837143731
581215261575946913599632486276515913996193846694263374517438998885797636148 87597873633443246469233295944493811484
841448568249768366 59294
93823939552159595596177383398671398215462614935696 58617
2811544514144413684975242617171122127297566577296934597517736826751556831 447251429951666485645512897753
12875416512295119358583916291252111852564656175277178428571659926415465444146618417 3
6234461424759448416731512827322153552639968526191514615837415693789766311322983751574475439838182 86229597411972
5961623695944188824335215 76813313865163757689544299221711888148142458128543636329522963781348344
1916578426969526547425233421743298127388754977126316617436135858565897292 63119831649116394413945769928661923475696249
612494584712827846788169 555449142758627994786488313827392155
8474929664649445298762666238371857296751522756131587947168487516699567961932689595258255644 536164722228877767156551126321686284693367469127741676451
98853214211751343288328992115133682128755358843143146885252722823866251311141849999316125142 6395827712233695777113193697583341741667266676875519735828637578459114145732864323851736
2151823643135979461744224762743983113517998244139586728925778544723746723527889526972795383398181516 8988754382541618117292385878535863796922798994936756268638119479
15156987884246683699 45135981845566578543769183249341241526998756649913549945174
8394659337891138542171883818483 854572576242995691811661985572688633314841691927535219178866
728581979642862399253212357761937829229176221448455867798384866275 96744614612273284257762481929877274715572981646425763778937682774315659115425919768191321996
8259668163 23677716993894
433611665786367538945417764718678788689387977855241215364 242565794483434491149395551936988785147877315414859181471982616935635358937833351293975352141
3724656551439234313944162289786879515172879747721487334919429613169125148122 927555148864861182477721928953263746177337479924
99 532763584783664159369836979386194
153488111 97674316546768289776433758
56898663311855916367994394638767375587485536355331627392837555815579716129786537324342268966957 212538464426179841822562184
145634268971366741128383434897491726462978835 624526923387274274637621
1363714178544616427599759799611439177983654423 78157347937936763524251111372
158649715218281517614349876365 86459445917
