358
21988291968952356687992762994754699286954958747739453971282842649853359851978618157897 57877182777197861728797
275468428892825919733172575531148896299948954872147627644796298155413149529653643 468268845244341988284795659
76192677637553213823711166448 797256
5232995132915568735493197725975497378653948584523 292361627662433137831422814883476
743745798987278699625632749528575726541911794557827176583679162946 528481317392576747675343387284654275
91742 385381759936146939147269931358331855378722768761182724
591689194227756413268589582391721878568255572174953181554148637722848678574889827493181 93
9647762659914947216992647982236485521381417588347543911317935477657953361299233315446858714965164462 9261618831636379762328473686139556398715296712572862819852196785
738359836225146331477512616854814195113977955897838624659598983846363 9694411988966795177922895537431918971973293715466793319888677682727692
6751176991 54526988158779421579282759392111896363942866955468412648566824585421847624394458378855914431
8654588392423245374671253632935256654986983971873263447355249 87424494249442215374913887478166783739786511981225959281856267357787451831994678763728354
54438853245557419161744289952274745736856617857137763329352466931425447561971886 249132
4775983932458749949515659496512599669348832731263767792728799288297659911148881957243897524614331 4
9292324672229 2136838411513456285322662848298634245264695193534197831729261341955481163989353389548133331454
3718915763 15434511
69154362955543865692256415262688867867938258436457527852781379 17673925672879236124266942865816632975922478134986289944726883522273331995611
3698928135882131426189487143376351252244828632252533712793749535 82413236835983555983333435822442422572556144753499953839664
9 6833642758573495552124644351423852322579693469112256561469694915955677755594121568638
238798432859473262754226436157518253827731359 86178
9598168452595469885618621169853134187671297133 548383913367
243959562195539249837737649361661923757935447222269579429339852117455135262381111458366933395 43271215982617661825874493489645158289883156531595756362738299454541
2118929746327153277375539245914956694545729586759111894536925169192865 375794747161713988239738416396867137935376424
24589516 1684455749299279787865555533627378268675721445665521711475727336364397341795
1935213367911336664914896961329295632527874243658911988879959925648448998 78664236531541295342492311462587472537319335254843147644672381326
83921116995644164813784458762695615421817349246862 1195659684978158179261875136426932297235943151321763334255397576246874389
1193545522798365466613787964538 49116723132628194334887875259747593996973895844621413144876769112265878931793768845836155376575
39329527816328991 63927923257435418363697785139852872386331343839894569
8338939976129572794538 748
1541782284482151833246764921886744161769637666 38856514645576262538971215612389349544
38765818528295874941512192 5529417333715173723733411969352189168947143622893289824994735196
964928673767 5443778343393113623
33643442449162698829767988387953273996 854661762495551596598853951754231614734395813768549769982
6888387286424468976346555278338567393332131154633558927741714216725385587664623575485675482434455988 4481418281935222815863781855849146599437276591
11987667673736722897866753618483831385637786969349193586196161353739126187219988 178682575751219
1171989812817365794897556681637329866478 32882414529883656654332775713395547715451457961723926153783576939481712
9619717877798937872786397332231349361288939517983984 9988363133445877922526917743786624175114466563291962817225486213764354389937
11935598392819799825255868153795254274541989874755986459931329953816139355226472464247246481 681125529463619189614978953469958468118364512667211591595972622964354
157331924798391 6215875458625557445978853673358631481963342618828729342364337837457292469
7562539875688886235493716325331558418898592965516821573444737517994315834854596467737988767713 968147235232536978122679531936887624145463157799357951727275846544844627855372976691956149732695
624494688953169129637453828688142497725825486457355959318889937734768778747 99571362224526458849
2366395356131973795745 8195289999576379416524156711648747791493622578539787346252175887799844999616161
63697776977227252427438832963288121144372257766854318669693948422946 558192154543128892143991965992423238833111118211991269392567344211481371361827459669
225769344287888484914229244557256171758919449277232 117992765326781771
148357577472352855425321443613788188474226886355977817631291862693522714 6667685482871267148382355123534385348816228529591166247
54519921592799165871726432225621429268 7741768795935871
6446718919263185893165753421646997229236777929998267927935775722127615541936398499515737275739156862 5485976174391636462382449726
998119161298987556457589389822455 985966643924443375192665867967344329269512278855258552667269514
698 34116751529155541275953637672981555359243852937379
725532 953
3964738192728981911189298873941653949761964118247929496482 8
935841972996829718689521614822598471855385951324723117818981224238172798493338961326893391688131 17643894715941713325617979227746853513757228486825155287612366292421454299457177511638538496395117
6877853627555716683353676441 2935326915827581713364827813898168121831615837666796274981146933759914862771163732933
42933282185531196352796733226596335892196 143619533965
413745728837294368974743352952791911891424595862399297 3987445215241873724732451673688386537747659951129951659477799
9192 697764812279933515929214426626551577816424197314782337847751278556128
257871513653238 12767148559631476135392451646524
777171442217187299512541878264535441675264723653593279225491974613738398164842221819766915177 54918983873239894127869636213657725954592489563186346718897843981682412598
92249169641735545736277895466954614188261965 61949949165311892634
9559957875534631747241583877587326613945728635324872933192724811772151676359269131 79677265595681969913876632337614314288976329
1193723291261229497969216677632 8321762355552885243691259871162115354615656888146
838215528161286265859 731694365823955228796514464162971512212312846217372333141892321
5749832626118526799434989812383773435775539323158112118296765 621189136161812497955523397751219
82694427255312953834379628 216354118177137864596266815454779465364617182933444669269628234992
52331939147345875183933322632215757522978997163321682869493 38436842137925633346456674695274868252292257773764
3625669446931767836321 42488832723551587242686872
2236971481241787354668724486783991473571128544381227148426714 5669656425482685534183658992411333592744212489519869442438982183389429989395445255527875653193522
6961297319742265988556445762 336728226725145536659231891375445596961872112583313
7524727413293872548913159273218874925145837937917243774947832549981711274874359984133315257511759 458749418424873915434412278328766855154614376563753323666214514912297178477
48521517616694585181948949 18329518813137716415324489381861177
13228527995845465295511761875229154273269127639724831149 666275115647242271684828315651119539366786337775917723184783134395949745989318124382
63912649785434999187597174682213475632424816158729276125977846455425484586895412978516 48147493341723832997314582691314724581636295177682
65118576858279664326827164373132129818631779955329764563622874667 531597984785796932287742248613662549
9269227222162349723561337425561131368114638374328666698596277642859 818427747832833714697113226452833773438253234862513816877672998662521257666944879454419682531
9615889658479252834665185575161568461462172717713965456246595188366823649574 52286772767932987163477484411373874745544256412
7997137696576151269861652647386 71336163945152783517672
9622382774177 61594569725152534535466251472572644838624266652948721961877319698449135
665271558458661278262318186244494121447271191877793823642289634987395 19546448613724215598133528252542
5135266335116176234575217272147648521112271828969635727655256588243711412221352624688234773787 659711778596731693
4563331116474442514287854225633871414318174464465552531 54547947457539518612886888472735724183
34285963882467273547836129937674174279587 9653369314716121242742
81766477437157816945721334468619397624322738931338958684795527885812 8865434183736597747149166472944384791837563163816281436725836437729
49519955847818555994545797521963 694345113269475893339394782618248666121438791436622537876343741448325497326167
987316833553444675447525331951484479139572344399246949973481314911158859554569839771868453429 874625757429173678674126412
9698929111942328235777445 14597122343732344786
5254388381164762784511184518828659132996293524615245425251385968967716615426328495822628927174377437 9411231313576912523859718855174719516727
565557775763269939147926835387537373354734647282676184283561965183843122429332778533848611 92699395
7296767479712498921 5922676637684314145944861143392473751415352545312827337493173311424851252817519999346496367698921767
985591425857467249389457956551679276841545 1574588848497129734293266159555973635448248421486324589417157669284215683283
397551746 1938145383176529922373189945868182839425748226727785
2331215754417788972268913443372796133415997236872661373157437152254877817812524111824411541152356 92254696963861436982994938388786688512411169565883875215346821133342329449952
36366629772321656577962781861 7259795321245693486312122867224173787252975742936528234869947448
2567334711186554919548717262829917476698244797991151626 21134925557757942787142243165281978379
84529516542915437832749 82653653825853523416965242475116
2 251678883848447171151576317942991294728434277361459775243412929865434532825579
66582493633156119589 478161979359167625899157284546356579291281855
627527251136464494256757532735326794964 97238997921756915169583331361195435923718769878121564833561232392599399116329196546155255366851
6272159364555322345374367275121957273 24169554565816811563
4824 7455624448782812214577335189197475645262855
28253262865439922298 3189422236543316189849714248243177617748867172541735446152958662581693839442534558264577
72562819577212846124492161259276812168791311735524228493853559 99357477955492652347559185467432836672163488575917959
5544752423669945762196377521542661491644529421411282967179853212117565413665152417 5843846953
84455167615125261735223413747339855169293 4527581818949945136219297992364157459187
2378376243187388893411622476457639836515237438126945392896146533849144357492646591458119644842746152 466431878298318869883339439273945891222153291236
32731118327529129423882364984577596763918864433442486471974738938418968236751946915 3687917917373554527429368441764915641184663717387638252
5483165451384644968187369825356677759558517858794443975348 41936444254478799841169262635619847963446236657358
69587291646189289945753549652623621231884857967341393466223993371464397226835534953681 2984
278368184256552437938239785484973733241174757822415795872774356564112168867536311397345889894234 1326884166638446334522267921786615691783216243649997387397855915439979126184658675135263
3986742691983368691879123639188774646 3722141314256639986976328468145666
431 71255724819578723594559686731661171736444238967326292567412822876466194918682359541829881
86196157531383579743626721286951844838319433216867322789847122663517435922437176695991147259685 6331813747587681358178477988359356669246172378246815473555111787648
795739578267928445477587894737967855276857421224913746116179967474129472521628182391941 53773139368744533474144355743216182155
918862237529931827371463126949697325784471275445341273359784295629583673949685292869545133414499713 394488622464539558176434
678698747723453155988635175395457313494213345429153333986221573299387692777429163692741186936917626 5471371632295628225927266685346478379
4367594724317986341567113448885757657458123614567 6817441398357823781537756262282185756141722491775621789483476589256788958
581631 4739565689553246586636811772362
3568686714637185312855272434695446139778548645565552572278555692744372128521413818 6822254951461
8 147313268
393636929923258139448978333974459955948722292442852834366989256519662185996863471438 35454
815498789394663573187874574732981276785629693953443268871382686259663383957934489639977682411 288122359513765579865652156163635151259513565185852355868785129211396
5943843 9359188537351176699262857528632257936519
9317688412167273394153543676638524918463194675438975485636645223132895868727546914238452753965897665 131256759223438976
58684251739 53378383363489937321123246836663728823638239135726958445295
97957871868459736453751857756625833789 3852267711522367677325433183671966668763288687837638578874888482463639
8235595129759898126875772 496668179378354645145737433355598144116343689614489457847996279728786399762
4198849989212763963393682182638286378751236451237654621 737
158471931415262445138326578495626969192834316749366978821354682819817557576281445672382 9119623211182572627248944144982353787168922455828636474289
613378264744466128556176815226356579552935151136592993954571688262 3152819528663766869493925668662589634113422718165357415591681
119531882169636991476359253791858227332861664 899153853145
39164848558927425179212666442 756956638848361764975629493322989894333211193947867282869438226535936
229859466756 21323294328211458245566636492856629547969495348779665923286176343
1647323976312984875425255438979315862328716553319442825163326164776682211783554313721 121165393675636
11225 1916256468726
828369222172173613899398111538464672261678421785479287735297594238946876962457671435417618457826 81417751388988544473889697319297259838497917
464711831765559498812598168943155449587172279235432873864469375666428668339353878355228611 12945335751283196437558895585982
479443937955428517718429348335799671291347977777619671746898365768716 12986959621198312454867258539259715
139222994551864923334527369455117186758537251792852486478562589358666389314182994298126749 58165
99896979378242776548534289594224766641655374265792677326146257799446669787742147174838957775 4953553414259857164654555449114453653876259753112781191131985353352748574315911173797
3756585434348762268351235979361 713492241651654
6685593819773883937394942784944273867599223882867415272 4356114445389981316951361637171716123
956134467354816981569488266626824732135 4427342882187878233318574132
6658437499892437476243925411288336169598246752 988657428995593198528164944719443742219426
162461891961724897521225 249253248291649954812352694425564719577717516783667154629865768172165173386765711587581648919932924
25253368572275977 4942546796336561769337538313193762186784562917979659581323
39822244484921485611434827411452118157889383584276699119667862472284193611135 5872963355175958856893644326354287732533884846224949291623796365241838823292
316255529352221238188327778211175932478789957915948161349269535348441 52791445731168112825746734899766694518344163827591526711756628932622727693633765819
772987682729922279663126 79
515259821578388225531324549926646 451177181163139637958474938193358862419368424642911683743244887867684171745112788972479734
43659258523533335843737755129619345413663195457719779872257251769955185419214768987965892572832 7738237484437233626537278772
67977599263854212658743718461139165867999648955839271683895827789132877627525 83831191358781889619997119811416184432336552819672383787832214557864399259
3756133424416 7723364453847281196773678
125 47873795311257251718241949479989129128
82142963917283211235967893517511367364571396849115693544494517966557887626439456297311461229422349 52798331341871657584685315713663345623936512152546518965327582764861
51293918277991789812852 6967932495721588176288572694369
4911739788993613941249766851917276949369438938562834349587725285292127 168735938933788439489631132744362355251138
474612346861578318133588317733472418742824918993872332344741838726819316128 628923656927288219754841313168297586285338139299169561216377656455146676396513424166289356581237
2539184319598248882881595166473234239512649575541542494629484785775656687856 9652173139666
5247735442658191756444591216965587844934896219922319495422694977922 83422335835529491492962544787597358283686173226931128991997531558668418774692456445726371
9666681353922929714831529751 37328697654466967719358943467217898837217326854622361474619629975491329977345335773368
45772333631827172441422759515414226412562 87722261724525494723882
367813658769232456355953386878136784948951779526697759217237759336684189243389791633852 69256489623519319822425998673858968357161163413
9426933552137678 8477861914385297787369961587318165199679273591166262618533445721112984
31318918273429793685947147817876551426529378979397663 49849928364275648371348539295664135431997742992138424614737
7841141592291779241898956168424562679422897882368724 9553379349274152536557613367122226563
38966242512564485858984664825637221127183 33435178743216915995576462247467615666192578669987596846919267345794856189653
721844387929327495323118155798566449649649117232697343239145399922612447 6229784454642396444254573593285577547373927481739453893974459418614655977241143174886964293218
3876348755924361931297889711211152375498387927915144213724362968822137 47468619793168538123919261335368937935441893862957895957985279964174
58961617 83755747379163163497741753877632215514386895554493619695975823463145351432248597134967297288692672
551253873696545438413 97312231888595459828579749776776311263253792119178941944132425919445275125
42688149461241233642 536816598657318953877941951742
56268619682319462747314146657376957822733876492767799937913 36233615943869895575689489141349386565
8813815268776559689337157696349983919 328666581
975357663195838347 3282557834181356236793139625943528281284432783639385258145719196146331894214378475722
2569385152756212131791526437714647391394312887368479 653949759339188841573534879555647882367217116846164615134991
14167973434152912471572572514587825397681988965937449335113732694236577293246511449262 7229546568517237265217751727367538
2418378758141632797955636219451999795844137443793251675666243794356476176 35752417738415139928361941687
8771845984675899396838685776716243363915252954541621 571494911773128268266428488639391528463475287527256291877877341143966397815832188514966792745814349
76322511215396321 657756494521954382675953454397313651368411682444181836897746839
279633149572623194534487621698123786628238487236758196897549393896676365775 198412688147191972719122795598882252126283532299841833513897714518414794725653124392
868861757388115169 8179
3894176745686343117892723582453233154981316257486693 98633143783633499225253352652
5311363456826726574133647482862367799379319459942229636822355 373167835564158
97137985889899113585517218787459939631839854387174128287237159282936596582264434981 444232638941765871121949
646628125953668476392396753664355597342774585191332693288489466366719358364851742554765688 7122323635994412552884844684726882473842694774786217763546345595645249556599445563178669549135233574
88979214382941698811414912921855279332446717641577682122187126219968537462579231661622333888 4471115526222963949478694865529877566564374562584139285315343845
5637859921437763 88192887254744481744229414174963698499978522236191762728459862591816759549
32745611942816676716499969836227417842261262296263359298374618581426363149178987724376658625 6632415782276682543345531661471644955427674529784272691528581972733346623882191855166543578195617
3785945785549466994887493159425413358999364272235854578174339455767872635483858978367955264182174338 228717265777962823866178
71593177822897369884797366515549751439535648627381396789595636726664829769757491 25318798
92887951116527665215753699627768436 15892919112539543693888715143191581426213372183468374644894199269158
51992 794787647525415486313451117175588368659939854451825
33338234993566225837225257677759178727768 66754143137897883594246959454336717832564337349156569595239523729684
85177244697895511649746722723572929132511583 9723731185467442673535486725928325842227272662
53197126733195679142132714544791494186991912632342735259559445969495758775823 122912356577175842591712
876746375251541163447492764589891486752367 6926942798344568142946259296156436779241752139778432411926455763375
954436 229683385284211563816941386457941852636453339231719833463
816518131979915727499758543492419893339979727833962322614149224747625539112349823122427 1224234873638726927748366822469259567674228953414146889454883343
1 9754717752889288728313652587728618688141952824672624615772
1838447891715346771817611643828126245321 5172777469618116121133797188967845419988147656529166424371775215376563871698
263324693738173364664885249924379886214116537897383251716356674668555952133117444 153681551266274672162894716497451989834523816
9399426951119683168235449659619814334691917936728947227978158684667244286244131183494 93336367945299376977215735737258785869775277286312767255753232723612441986
75382825496228685315721 23268564368388413832561574811115214667847763916178321544131161221198895742773284647425
98933997154344679694279187199445716885954668875385697131 56164763941855962356454289778425681593735688814795137126415722677319876111936154518
54758128733415697124769825383723456885857213869385319727249448147687237657693361194558888324 22172899353885426328981187274947477944293886689243391488557375448497796193243346914824249799
25182758352875356657688294132826654666872886275681799697526 66984811186643265578
42774195641348293449971863 322274774783761325449272565738
568221568165428442628554848816375891171874649579472473563771983262762469841785 1663537281165713232154282331562763835976118
25894929415246178522828992411466367657575454938237329446957528 822679622391889681756421921989229963776569462246234847426
4964663351391173472723143577177473627248844854338938638829524278827 9221881827192445534879235349133858659
336113342798934784988 694848263217519831313136183661233488893162371334391391638875868416542472595159147663644571351654676
2986162 8621976292435798929879447335941131985829482913998216719859882888668471
761916237788189757849897736879786633885721931294365529828659278273538967537378942447791155373 566512491267761439346834965855323866589263775769995625692614988554578415958552791231716
94349833665277615678227289537643458144751 8863
7417438119646372264134984511914666944255936453559 766112186449751482729311482239643638989166647671
54769 46125297517923212252645192988937913525782438386993373825824864322656474132637
599642626197261594721814453248112968438424741113283313828111819595689284558687 1473811514113914823176286326419225625369822129674467253326529773963635876886878128
87623 384539188418412777648128345288196771127838948392478719464768979721539569422925767151954822918
948489293628446782761446249985968474475561487572257534994395754323185915448 8837393532731957688574422448721131913828298312284353436132274645562867461421917586295135351328
94887543246866259416432978347988937559114619424174147124323 568924
21443556994795468626767796329117342399136399266565844722662453181672655474919422292 25161192934584241628475528134567629213369557853339221175248994335647916623591883214
8663617617218737255168898738842461299968774653591 4461764292228466938633961954284618178434189711391473
59673761132492465194572499256248659753374314353443641637219748968655281 412218752575236658823867369489821957365196773889672743267437548526245646917327
377449328817841551484 289921823576878398
716282932274771531894352687734489677769397397246847811166752425445734 831496568535188564622532822632242223528394423573295589682525713245665643941176335642525918218474243
3273478163835371899225645636753838453783441349261427544512847434153928 69868334675299584979357151924758358294
73226357483294283481 7553488792996325418833111697127
5723985341192657266657856663278481147612385834 854438731712529478539896252945549769897894343731111775384677326918
25415237459363353 63398651398725165972672723536654857673397965869457
98923558535621835151859158817545243218365541789164154629229956464172237 215337446852528321633371577195595446391669443363744354556586614457556123436
34564598425917497546774411293735333876957682469288765 5939257373867917936113378973462
159753931918667394566 5488378287593481238632723863819197253578352714438375944587379847564771943792168638376753613422676253
46355884297785223767552568925844392 826627963215186234442544172419288892988
198823462378815941696286587742835339624771399328411977936 64264636127391
659563599 93394369223313
1919885916686888161554857526915291635876367615451695682646994921521 3745265896882779
8425525396674195842951649771463322627642615566518936754649676528468793876665555374691262255828 7166964652834796116899455634769599252539177244281376171244159147111777733994168
248116231267314562499788356188263355859511582794111786448771845894487828 2777793222735537225186124867998189878157
57519 67127194741
39665954653839366919853999769267113571224237158 488727538347762818574529285127625482537
65684322197442897853491755967323696742696368286613863272297857443193241 547753719979554992678873818733581944252597934
8823262275525638146311277656752727131216958838685 88725871917882977951953324613453562944314926951997833839
47511449223646125952219951688264388826972895841249751653618472223672871939379516177888367196 339512115238644189454846331263316746861887933679695361
41328675685167273575493946655646619829662682133795587563 4675624544249
4139329356342515433491745915867115656852826432815983832445829241143 9877743672525118614353385492927384676925227
28454931844231591 177853424897
81944931335586612632392135161832962 95114582619434
84462918568518884331455328742435719918694 34312519342194349623197759741567441333646215478278758845549835589233382796927793833767173796382881
6334748677482224 1899574944748964556896988311537846415924193354717982558563729578567582
5585425454278 76654477587639782172785336133874539836239594221436481281881537799453864126
1753917665374878578257 543883711324454731877787912489684687648391856358626738548672461442997117362569
8968615248783935264717743791573913188236898758818182351212823558191917745198612 239477555813954598473188242389795226586522749298659739266683573181481659496819896591522748
992137438476111291453446324328168468739725596557958597731884853648591713 3358478652478197693515151459181684244572979879435849146228289466
611663562798124989625136933939597468253332687411252546729629986683725227767592671444581441764931 49839921365554884598429495394767486498618745786432851446161833881363
3123335313688268182743554 5286217875566312926455784982375974951939535523749
357832878374422466259171959756786 4928365476717963917336324488382567611884649753424577196831324483224492824787118617
4265252813536878768937419974614843478234554314891694423349929197851272364762 85652648927668165323665197623541317868399634
14676112789426486885966234942112691 845626896254912652446816417913593811439441772474631375
4574223832319544419335955412194417927839655629162475733488975574239617818261 895286942821229362484143199871869
92939319138116897867133868645544795863561489464363 55481876361678968569578447311826964997473979232263122322814585768986883864633833455455264514772
49271979272342715382327123226624343895455221468331249325473537867871327534345799777847856 898616475976689864757722355479923574128146292812312891541857729755394
426244565885345853552556189448873739132957519234269945419428575 5865214423591166791347787787263977612926658414351224337223816738453156617359544819281451999731856
872839595422555873988716198128158651617325651133974612482523151925642881378594923972576366512539166 5147511552914391496512978517388844777781776716193165
8114125678975916963753632796152388444892926375486275819215244688844165889965893154586136347767117197 197479
637549 7129134284721436746393797548625726345786996883898122255691383693647726322474746551384268634
5973974966375743396425937168528359617241479368688214898784523234845876 47536876498695517954832712575368826356423158561616764785391958879843629
5347323111756998282357219258385832649511816817463528963461925542124983867631869567248 3131723246892351625251532984295753958246894243315526398351889761659523216149994
949236299682811155685444735138477248893536411836974626622164766318172 656953
655181717857888968381248775814348235755542497664211621558852756138682951637 226845236648221514467353839846189717923264546847891644675771497148834251155283
87299798655681439817135458152323265694738661935756175675612 75466793418765476422926262695
436659451356578243647365431273677929298849679249298662799393412252988379941622449339 4938857669843989811346749412791999799578275398967951163398
41654496518858619887247 8667382825831749468758235511557551714379277819644425855724911776597217911977626337683746772222211
57174517794 97134255181118735545251525341654999326212166639466214835988315727494265735822
58277752917421142732318 134487837684573455573656458734979745638698936
843493846185977685492132497983716343293616 235686115473556162963238
488675119765716936522977 1261934384693313768523865537992848956385
11411772597965319429727954191 19225312177364133294348253183967671814698374984156
549 235155423252715852842266411335997926884416432862368246299941118731183456
921497242 7198552852413269784241185756328429534669387538487164392682218169227162
421799741656365842131 5972962196245572451181459981692281695262427167526588782795796
648331121 5878334
94229452141442215668713893466299336998476591216264761248661571137558579 5
7248956492128615198745783677531274186163386516663565 27542999322965872666488275324651885191814495381
6613382655899787489755477465446472656314 314154429784485752521
3428661138562349964886 47522728584546654465472283818312297
447711935548812277199 6893499719479357
91931384732669497176318397683942583856652993394497163967833188747531489258298319639 297276437291337599368929126429413779422511622464331817125316729148834854251769358924
37837421236325225933271789173834322716 359794865118839741479418381361818969158632883523454112641154297763348956
47326141839862758581179538655153973284397585684446294174513774882846 1581964179541985111388588364879754276221613
373268935925985527397298653968259787176741694835978936161851297122884 135178483429752187669236258792321988489246
3793494752226512 839468828739672776931788255787166927192444677573897636254436348
8286695839121742341956244637479644272614 44188282335135322933443895379277854956961941839281
17 63658445126444911366422794123216759778534625944469812711828685724515443381862344176317214639
5625383137358813545851246432281948155182657939473988243134463671873733635742341766399428643293647368 69784487831174919
3279 653571
529224468337351767498825735547971558376716367517548171598851595576484358 118957386288459761723378951267362648574
1823819977865447719943645728 39771942525231991995993849726
67624583279146853145671793481225234912941461199673854673956297 1142425771145598757597368226139359624897326531
16984755165187935499 78295119335887992
9933863959332746943529624 43649967251315671654889422787369858671746569921524412
986351567931928684 6291
38364439535972297149625463953518785916961887764617513425354478663196 24
8518551293235695336471753372848423221286723172226276891 3339413328124378739822441872982
2122794151884619458155639235319363211788721313296788114827915447957665598291888168961198456884665 5231474861685
1996949663615343869483625567884316546459924623284545885978244724819564234977572858425144937829 381195532723153363847327232644865316914264169178
29341387631918294171638727683696445529854386852252224753154286271 417753274835678516344525255714152435777418321191385844937728
9159238761878917247391688375348616398283128 6191
533673629551674481849279293549569938698557869141 238612835637492745994617483745318371352162997565922245968214246398745313682853365175623
374678628819211393716784262731295258919772618253691484614349233551424 6331729433286871154474556298286663921167566188657281238364296316596595
5176747624546169234615771456 99212452557591831363629856142467928895883941
29167776237115354785933678417347166533114382654629235438883587261982757416 2551331263558891896134141359552986396883341559516278
9738646417774962793615382 9326572544341423567526663979398722896266886832346269361941853135761926284485186113684916
4938981686482141163439 21417589458944415697147131252428634515811849456316612672692975695
536395112648444441121799848471591876 31344389562332472573239985222288837673212596687823339958996762168527
492817485633644874884996149676975537414736929478161281135628591812967626787543431698973898 167348397997517599787
71243154764733515812638438347712746459133941516745849797913915778884339538857754443679295822629 9
8665111952466177664741452671894811877 9661982191113121725194711454989923632155736473675957729186
679712839531821457292614354739935 479526762
9529575884598256491476349455774664298738477899743226969298 93685562474778693982642192148738978129312426871918589165366497256227614745917755312478421882925531
94114 455726265474286574817641542382372954993136194447668984914558551943368412984694166
296322971962937185362259853445926329854838325429387562263311633788452555184912484175592 2733442656176636952836969413185742586221649425713683897881675141867523912969399414562553255594
1815258916973849112794911598767551932489685959996748992363 746481838177379849947496467525466478344475739664855151724129771221357196743231466116172995629872746
531472533357846216193186834485635499 2413812262228651196584
14238345681765933881573761556 98842142639579841937285271177192392922546564187819738
35239273611575365446884815411395311525433218811211443452121428972158389316662417 721395311991452338741652684661239217257644312158468251799821324211891
8576675828586413255358512225467328343256453918971371997349267862396179155593111456716156933286469 47241737335897986399
258192 13172882254678261239191389947551229716391556857
87238866134582749659751129 377288472159194378535496
8192122272674144479 87583378441798432639157395874782223338231832688222273235825657685663931181552191794982269682736
27986488386791596365933671611812286644874755469237641973174816 8378676498764748941321992768675375263562839853615867999315238624
5327881228278317879269 213169491551722326419723797842862517692946294712281493677323637199162668
7854158994248239982316296951989482657827936547125 745554
92122834 49589794828151447291188161375973639379225449496357
1777636782575439162165771868295178238259671115972246276212258 47563927416253232481617368574865998991422235
29458 75471147984
19591529478991342358418518839721991634221985182151667342914621613522271724383287135548662 482562346267484833775156463894878866987953869755455865367546996516842595927998761387146
76513381426191373 5457693483373614152586188372
474369793482257 6117824394911616372783322166439987485143436722414339531861735595476457877949623129172968737445776
963687386326845251322786913352572285519256392996213758737534149673883479372612828 2727533916998183277599
3313196769668915786847344533758699792587834267727139925848828799393924629133142134772 8393646
14442419213186557167643684 3567287363528942841
274439 22637569655275384315257384728
6793955 9745744225266255965942
8452411915519673771987355129814887673818837185 797667834516657722154214984913725375325378631988586497835684961137437224
88975359569267267752736636718656812819371458256933219973724127381681126817784974684935133951 57512564449277544669576144566813228416451474
258594967289161325744498265871881611888558448977757641543794896333333695247616 83449261991382959338924293523167126166768
51952599179477954799797774332997318154442212491365358596177855439542664738399147323666935322353513 442542772882279
41219156224497848972362898564175991933 4293876798858376668669265862239488175334877524772389893769998493572134753921355384597711461152454378
98331 564845512987325769889953583196739658978353242945141482679751537574993163332511663992426759
413979783362969647987539954212829156774864792643912193172 771
1948971231546639174879643111964194697244181866361412387249244619341213528824936 454982483872696548719725935187458792757863832543955629658573596925985666564952896544992639
46693497987711271963466215324828868194336746132665321795357428439 7848782463388418215135273919251433653293676165927818787319539735251555
2216241418178284386383232937293866222945837958336795237311443319589459537777975 5514574464675963512176727961964588833558759
7664451474639898916266487165336594678329479345399177472346551995262 582562827219456656878438181394559
125 4346193648284212257768385953943262381194135728541729422161879429315
9444778948284284362557278384725368366421174112985817759889956345558643253759437212124989677537163 63695547296142826259612625286646747932619792871766312616684575269826138934926791451711738786
921936571891 983899155473563683176657619396642239352394364382495993
492855799672666368375269193394777835 7127821814938277654669588353671966553175
29354799346638866369984867844986319563333132237561786497978365523988443758644 1858845531351186876159344415975974265497223958784663892845367814694
66994982571869845537446883394314929155 2391667358457927132359355238339421
