28
81984957877352512372835769961 833195387784434983
37347279576958929822456352319243812628963278522261961959989349654794911949 64138465743253957849437187266275389619319944688278688285967563985154542
417387154594187772126411821147 98519184936674898142165962563933455113884991915711361211445262791138866882254651628882156315918
3175953758765676558947454996893758752991177255345962864976972848 185191459571687511865179822838265578563
7443839717349845188514921542677456541842417875134179776929134836546572199334476315569 2366854973923635893363165568835756251288954857864887762769513114517
2193347567641791329751548681196483818436671 5118662425867686819211995794992364
218241822541588177334772187673356197723682131554194557922423925741136697827899222671573969833651611 485698155649464219458911256946229777426132539528498321122381225951591496765727424974
5 5698196963124892971939198231427858371917156879894
37795664156675692332591382125638612223239847672925 36396779146821357281771442895177716134356643418932211851846437863816792517539441
5941433381161416172637132843537282299289745375755356866854291728856342785453945737165783538477739643 6689549682219947676363749145926311432951665218947
7813775956431459364146882961382734539 79486738545188416355862726572285864312138115551894651653468857532477688645611351362577713
645225356214534231753661764414993541532399473253746132289838981645 999971475
83711944761886637751365618582716349155486817827289157316312263618374747742126218977627797 3587243245186678167226541344216461851431725641915496575277754
936251685391319636185943875421239857955839852421928998567998947934978916976 29217264593835373118375286391667344675314347
8628125636956196718398679325625426 493537844764698729444224765461458879121
989371 4412967233668496255624723854416471553367886116284991988421316
79536187573287795362151456861325844424429788677316926616878876835815945471311835184183 15672874742414353666547
7332179184144539564264636344348777389444 62162298
3356897272688426295322346535887789479832922783412751499 1891687127556546112615432356512825756178721
612278716785235591797784617417 7846194244619739282487285832988298698192827388582666341721548832662632448139625478958271396817995113
197448894883836589318526863729598164449661283196734568531671162819259889772991351451421 748263459822345962148542188614681799234564479264569621649595915676934277859396684682345172
238824299735952415436185236856669495674295736455333286736737293286255577 368216592391859467619485387688697875174298616953423731716414563319761148769838456928
63955934463381469664771421434451774538772156247757537525778288 957165971758586264176997829565257395418329554883891132483969671711995952486769861
34737731777369674529474916 923849544354245272219215255821642833147782129389668469761182227682515921648997748244314565892
251743629293661785965 475262565378891626947485289846415889716965696617164148768193123112861583
69338261715526 668524146429329925281335
751213632552177723598286886946482274656 641358521938621591916175773139395664684552223555341257714414117939873
8815349214622324848794697599356743374496254843257425191882338555113437163167886244811624668231 772734298167658724334893139476244182141184425264317537441145317116329219391138343386864123144228
