47
2958122463974228145745541256435931115539943759921448963854235211278414 719515315491
478993851432948227725273531524613125854243547552967386269869916321418616 53442696955952934814641715167855394716583711585181672648682833365249748862475248319411923454318539
58849331484335541142587675879362469925554636611413662918539498738275152471149587623665351153 14943
8186727571384113219833366395863668445971533857364813695371957186556773214871312632533617265737 28723751689818596848867153744997531413858456813617694361434191358826
66265625419622788663117439567111578229555398695523912757335781676811626186416566746839483238491 378538822461275198752493464782651352863526699622283537394445
972732482386681156712593336271517 6894346729183136988216435344144429179512685842559424484599921969218636658699
6296978291115596462336886391895539441912161 7462695534889182122476186271127696
873698688982941493529487744868628971983381354297224281737822235188976653742326717 28911185467878882291257435351128747765664
72414838779746124748457928187727328586151235817475888166968992954446547458166 572115453228358912
26862972141 858165945347998865331271644641443852336491129427346886727558185164115264446
1124326116947674 5316785
23274477 757528417229581159346996416
6144192155598677382512341417668366188357322128242946856349566197422 958553768188326836839286853
6249518887943967918312597 6742566745178122642992429734193279669115575892941358162598278353768
39824857476843829283769252946194778578144633974267773942965573925489432331964865385684552926256997 51645533519
445791885594167431688268663687519451399 8712299237287957356551622271463146211751451741253815595666757833151683321931655176348653845359627583
9526494495715658979771972634999581325848148324339445739566365338548551883548471799431874667388966 1889816995
387883281945847257581147982291987447245292716984172797797657327953676659616388962695811 93464511592648789124542998313185934264677438982866847123272672863844
467866313392226379481732767578351556916893472636958624239183564188371 37122
853241688764279356949853695317863566755215621782579325639581847333 2268978377521443129346885249941338982357741788564997633149111465132441496739291548444766677
9468496382127136447557243412577472143427466 8989346
42225951416984356811539843142788143233859597227638483513781881461317 27558598669911783731733583223665526319859423782
32199288454196576954192485323691366 5563215727687284235545531332429357593767697222425839
13633226696794242585137557232849988585728993636243786419243192 354
89112652973287717347623286465417433721438634118218324419662 7893134522929925128347315587667676992519926739528362695624687583415878268589237922
778231944567398778522199196925932746363493 4623376863317428465779477869626793244868951463447458367666449374175931296114966231912551965276362329
752 87122837915727379885616175115523414919568391281449814565147165551962591571179345466358518718291567
548982992381141227156376438597649239294682989279914525114365935 63866894668742779518474184423527684454168217217432937388444166828156564961852881133265881
8489595896411992537398654125753742459776796512654666717432587696446556764 259852757984561659813338229875176
459589861843144974459912959585499948741345375717592799467262362272217349779392446443253527627 196181639574579
993527286627582168184 4715638946263778278589178626789184562682414236898364
77486258791932471721756827455654669415784667581 4898667254929298679576368568367454518548288711189587837874555333571242742239254799695239
8938819794265738318352842821337377414682527369191474393264217936777923661372 48492792184681716228583563619582286121369784721842938742932564483319525263529533174283
274877322282958758159572964242842483875187476864622516687929311212528444641524757874958297948 813579618493893382258444129265538927497931242235533236164593953163588851429217
6552684615497588371679658854937489722999719248777988326894259437137 113419524
4138114132178511376889543295741446256873774365457419283768872435343769569996241876948122 459287568878945865
679297432636635285944366992884992955318575249993927433113942416128617418516953 493262893231945389978893567459114588137
32579817252586321344582353949116871321286994694958526548 131286581978555762757827368658748976854685971569827984153281363531611499
98279214474285143643275823192311219866467429989573221594211775495953634526997341915 54818136381713734386742871931357982923261319666613832223527228489864
74 9856719594681114136397887528399571516452738232763175224398683
49647599675345163763314438519698719166461317244661456619298761286 76753523115984873932577971195657
141461938385184927313887136342 336897
31346238593739994454857247663917325646577527814496822225935763564729682612887585226231376 7858831715487228664527243955828169253377242613926561217714291679464388435231525
5119216558129 16884481235454696444229472522675935257533578582668915556224787614434993621632873349388297569226
996373363583293638846119677762497277334373 62844436936522443976747954787113325779349613478416691474784919473491611155363374224114779
18639354839512879971461613842 5534816112571256276689148869376636784521538897841121678873486872686791
8681527922182591513142596258858 667177815852175519461193538316176744946238156877152337868343296162869251
