143
851941964852543 2366157748638383621945828748
94526 51699578493573533825425211476361216424876121865247429723541983737363497148165285581796875
831685331388669319473499383 798821882879137986111
93839115361467792772683865357378871917974834716747 666371973569999335133165271831458744272777435712517499233512376952921559698655134129545356147
465258653381747144433896468851881982553335988763721558732911294982794517287588279 8657559843478924378486256957338471279938525328685137586827868636817526215
229445624155641782956647352595537154 839389817591882536354832422216742826
4158352686676891251132122293933639283423512746115119884437764448 91963715423868969219622718439648493438253917489274783925264951938671242964281231223494
87845619993637438216466684318994229368377198379283432 623471158857451456834547266483711699747779
9484537536695193194617192934396966412477986176382632481439557119498328784987 981737158669962364613559874196624586159396147528848
3272512778791298835211358819636338755135879626196859765137226883617551851132733119529359284434452243 214855943619326874753652375184686165298915514154411315915912199659252
8487388848428649591119185818374335451382169 62519781669182195164547282367449638864287473185
8163423929181782951181518671429113517676166383628648144899623318 28595835181658256924158833798469893343693759864618183391743784981413786854624559996471149787242
524655514269195491585913232822732249949751998536349374981944935741734834958538686428329 27768549587958266885769418834765373782765312175211198434446356336393639692
1774255895 749199355113444986565814677163514784
3723777152451578348755325578161174668768998826117341895327 7224689
677958511682787985 766544544819
68648815568824925722176463954764615657416914 6482588837479923176226984725299163259984198922249545624529826535145597374113
54692127585585989222999978382242429861 565855543567947493957117458922897928424769433617932724418939319742791444393961633226
6592981613587861295353887326873694336644445415786232 18177149429
58117615 241519525139484823564659653778958698625776724832795357752358231884473658617769392892592695265852245
26242 8513693731324987266558961395558116922533478223186532389917
378715535953449733128537334832477212189759167958631123453973791764647325986865412921 178211369661416647767359149683586
294518731432119148671314838656763562256965117119466845853314821119292279146 7458565569862516318484653122826763471783626338217364356692263413741431943635119329426487636975414
77779735553214574731618635547135958929161333671816994322811712544614425198166273 41741547281779249851456378262517483495786275838465966297435282831824735659489425329884789986778182
8471215256991994162779117 1422345321
5892167536641529822379867911968777185711657771882336863692282275538349517415151 532281334565362993536547374418811
34835351452694485322331922377921997665592181687825132794751574494 3632757279
35223221344841525843663135511686411171864197317482147922896494736218258344722129576161 76963577373386878693164755981662578797897754319453675354411599475965382871869
48877252864189498543199493157896732266311 3949422749396542416284288827178953146645312655
5161727635747 15259368643572374476332219479721193916824232299
84646336932349142753936899498187976923717656695269331516748434143639 23557857152699498733816291461792145597877366423628
2117141775657327229117436239268493162883222143437256492888222417386715684664651937157445 698348264882398924332722
4128892921669 982999125549745224333459548453243256569541161981733173834485438113736577467363959189393374331
23796911699411983669232431628664275167858198 1796383269933765461282591918472583296186
46152223717254645615634553853126439925433639827589545436 658976214159135113173128592982791249263857865715177863841367631367455557314271928742
2911218838156138919245894338 387396848525643491191791824912395681867983768529549234141287737458858275974
576382925745967199625979737856863634224554362628471927689735453128135199566974527916771544885228 57247566921669925687662516328269155974827638312349519133238113
1476292442336328951936674894138754283177731989391198412323853 278314759442819413649223488312861337349827287376327549585191447258
777617212346843395269349257238951759178973264275893854587923581 42181646884649614556
962657161892723237155444912358739789914324454789981266358795559588924263789771448923742796122 39267263715443745147149
2897117994911712377654941295212755899621885356628926424665344388948341943889953145164517266 8895496872958133346468392136643752459255
12521561681973967386689179337246286343368265334512327787299745118 634249786895918789927677767919522752589378338851168482914479194791594964451576793444879676
3596991335273367219627 8397335991179
5451715249484248956552348939256158363928865355696519666635935822696686117338225462 7251584854394
38563396 5377499
9946413219828824328958923413372234987984426256527831578876642518322844411814 56775541925967188579658
6418788598138324591117418168233335315 8443841445989449782867673428
3287777845718544763477555992721972541853963312632894143615535378 8486393998918677827235879219619342923761232726441533621358174991548982432645136365829443951711368222
891731275382192586633295299848179881599336138889888571738951886789111883821765576292481774479242428 4486997953413296276145437757624467317833271
327826847836514 9644748
872979396682953666395859292391788927317 1888126438292529716272283628149937751111316692623862442867373626127674322378536371899428651
9692183933576983833116811413329152 7864117591423713813498872619975525458783741996436469262391818391885561187131421276348322725759293
99161493665555828472742593111328981783276555395823684545418386931889952792914253898999897329 935413388778642449653683458382
3525478729336471883889686229644756997786528258781391353215323378237827 399394346547865167677667846748977948637465888651855794265435163921523
44814878466951945765867136129296433 7879432579365864474731211128486537471961728
232196873763491477194944184957658 183437441217126191713386672592869391574657752557915275
625782359197312396816657936225326484189599678812995181869792944249168237561238955 39316487594786284951955558621
3673619533851422246431435353471 282921714973578982932271632836955266838317271463315389268742458777676
11946468448565644584431178122686884683644878 24114686683517151747613275179886933522157234342575775362442446787528835269391342381
29622139266 18822559359325694752142731778335717573745675849863351
326132159424933497739937367161511221492827757789832932265495367414773555885949274879952464612 4848799665683838821722959799573693954354346596677935435498253
711323857353283461892574944373765619499731455819794818786621528836395782893564159464955272873 698118313211675518897448163467996336351552181685911591395159515399871
256783392265342855418848296154124337782867331529371598438911188578564135578 9569825918913727631387831972541719149423525719968464225966
33566923869846245941688694815175463977666643796453963421254212413929876466839218495446782 3917139538586563163918958979924331813489878615518576252112
38622462 59366712342337489774634129368782328616222541185834966543145525379995
2496874393 47175515199913265736698366926166728955922981196357116579375541947575163345282454919
813643636868686256883426646531738971957461223427397932 4668252678762228568434837196563478993524298642588162252
94243556297561888217389792791894183993 4324467551684571462475922339195452563428522634663282159292964894276551215
52249942 5881148192698341672286438984287123117669
9 5847264217164763217287929185721153569849523813122268713874328
4996878464592133679724328792537816414291356762191381867858316791721328841552386843219546513771476344 32588961117826744191361843814918887272342212868172423735777
4925373145399953879755293393728534869981247641159176288 935247195794783737997192
3241346873911241257392942787 5456786355918255613
8411351811493651381121194457968412199654326431643412785812822471543711316855195721784648219186292 4389737537917789568983846757856359639851492131669116
3946495988323475296994329759389482415272958418479279926632682332846645921765864856984518432849522 75787811196
99744149168679723897759126859314132978927657765928428911138988126381514 9659547332142126558111817911851843947165258397586463161294782
632922346724226167899611479694594223945218528264612829524965882616757918212195 493626469587189956343789514425935418419132485157497412339626629396373321
88533961638778121999119562146716535557466476142523344524488445635791526233151547 8933346962544
7119983443159781446532651617934666877967263 13244192355365742365239988455965287378849
123448988438873978281564873132921341117485969912993822159599311558394 541997191824
897545892997231934483112162199733681919127521292334847 529568185183131349115445367821665334223465836632155197644779796947
22889861426741973263858413158592563992659571377898249365 1683195596122687236718163123356867827654958322236822862975332477358644332648367528
57972721819287869511442959688264469778691691981697611346354173792579782 5199197143789154121746
23762447171448813939217552271268918489572571 259253729639792346573263741113859632322725468375777214
929973452237967828445691532397612751622917723473981143999935862893 8454516925341948262967144367887991871255858957487299417
395883216533234816836669235517195395995328432753646775639462924421 663662625427633978628664483218893219639487237655659792153231188785883474826338857484385
72999916964514922597516888393244599296371829116994 9941391328154591283316359426374948446623286645887238674689992211146889454732
438331158587514677598859294533192476278741528971438639569189645122333685263437788695461461398 334237898585187919994935462933961948732741464177982566476747871167
7962315 8337529181322686195465317362266124617716916245376138378639739398188
3687717777467 215242888776637143632295347365644245858531514177665787487687356
84495775244467654637981488284754922286774522 5229258372671584111613475167983263665359949159736535692722575636193199567969266644496
979785315573351498937493214443913233375793446565245952 22715418499874888637967286653161927738521415424
53827967799742694788391186491411918451594676683359966189339219187744134893724 5723933822433234387251299721971774
88722642273187679486441642294155987482578737919956486795474871252271356882449212545745713971423 2226365765948155567714438853
21352581995984565296992827848318691 9166351213912645118746959521956276577133459915571337869147621576978593876
14922774627591835342754634679332172974289335175172495353117 733593351182
894859123276752242817767362521855475697581749625 5914148941294982312394277438751147447288235697465551617854442337944282378894396742563926637858381321
6458178862942611265327673955266293596124196653229352873993838 6465978972425129479337932111692453844293862787465132571477795581421745566992572968328578182
11151832845261352566697576771576212828434615433258596955832726477451953476262397585556357999 3669328638149364793397751328753573213679943812671935745382869374412979924737538424412622171871
8651771439779297554252867277 17579544352141944151631973446812252612712695488175473336281855956381
48557723918736477332136399271947875 582766578942111224988179798433223831769899784844538344532548711298816283856
67193169685594639727381553279772263564937376469795399721874636258172654733794573268554 16593378372945628832
86336587959745783693313242618575964389697546778791588354946131577998549572882 112123218235573788448741981564229
43799795885685364381724945621942733 7554881848434168328
585826476198965165512816824264258931113769288533555621317377234654288523227458336563859268425574959 6
462364873123895988935738154372958269996966622295981824966217784282362 57436791169694127593966254323863823893536426489882256
125111717718254667662728129872466126947967864767328924859571 687444388198
71864891777599 54746243713261612895782771343881688684192615838823316761642969944426533912732866395282934218633
275981436387238482347497182593749698112325496143329445667274874231732264625141167963325427186397 592793785846236295151521519789489375647798738311811964
9957 53411411128188461972342644762857573162459629272134438965141911641936385426149487425455951634526
4373775971213141269852298399493338726327426726492655 8324478526317321194745391926186253698266172512859527322953392496753454959323875713843646
35226534597684784523635569986841118 125779349978248418164154234469625952816245397832771747298249872138697677897518534338629821957866
95282367344293241663816285 44343715222214846241853
566942576329543 61582952
62398786849821654673173696775917924656292782156319156747132633862578277389166 4962983386639754649229643473535477456197292524359572268577864387991585529
152731789658719365126898837534997611143682996883294955598723965354465493559745779 526937234845994777583228573469799831928
7919975183 726281976849763376694952454254576829986872542834655864646695915548385271472
792274265682155734945594966377336913837466142392425656739928729338669936815126419778195719 4164162845252941979461636727918333452643318554929875584125145749954161949445693183474
2732457441629248484464739596795176175944931934755298628381575619352544945933156673689 7617919494692524379282724128125199147865
12672529256541885118676669412472671327149422171743447597915695588338235699747541433881 13379334628439596623786935229376676461881599479658833549928417
184271677538482961439839118482234 551484665424185923273693811358754212652431911783764435948288694926278374463989313753527372124479494
43449186186793714391561915812997322773616155694579469547584285933243261678725448436169773188714676 17484589989522438834
512942974615379585314263481719386941211442 54732441424124156237
42662223916927168366346898566334166833235789615423316963815 96147239849767
3256298551772485565461836691614762792215537381538912865493369555423571734535389285 483428517613818381726653976498492978253781795293515963628885291486246234474812364289746739422832746
998935955998118836983546939819878 6195697292242175
3114546 44133948774
6926665685378733331878226437598464 3348878923978121341643817
7912117274341937247668822597816113814124683491629945861311124299633994673 21978976549476537417118837256739187831581785758964475446467657949446882251417485752
73631226742362488651435323293853 4639978341289531997347475345728426237232433526
24514468313564911576725968353173247155992837 37818333
466511686447488445274642183669385644863586346326316 133942885252284765381493297274352391517742815927251451936412323
863734711 78875728792924174375882645899244724898792521572255441356173612924674542411759496271425357833
31991138459981888965134818984786637 5928884334343997538358111
64323123479411321654419433241274814344589839415127417 76812724561447757189583256848567831938635789
77912 1658911754
429811439652688575127989638791727568383424158638772858398177495535937884 184591514312723322617863258167998164878596633435821247241442861631987772764621927565
1581574267826125386299386714433898635315926392752892812617523112753418575324317837636947 936
21777354344493636654799339877166355633297728681816156141495185399524915714194971669362234 924338979999611144265278282584459961428153534881257794459841393
63 4119729662623867141425487944446554236115761417952495589
689246251848966984736931716376897177832635938474176538838141476886536258 85546695872873125
795556311841891415554369669711986778235139723867358775734532652563959824799456266668992343165854 286528183588184222874876515171123955333384564667365399285355666958981488875327
17179547588829981538717263964388699724518751352793524413242427218336174819856531553 71418588875799757576945539467567329684927126896134147556972199849472819
