154
61125297646893452933344215663659917456342796824975575 3256344493238595367659391164664789461747374491658621997779318475167264955198899643895861594522966977
521459937495624923182153264612644517782499895874146224128926931819322 4814524812498975
71793336972312679948317246434253231819385292897181389749934264471551211356647116687286 4541412221292
1514 13595585177113741847824391844159254861549646365117839188426567956441158836474511677448877541921
93568559142 82578538826681829635625698548722111831472881181399
377942349511154323687829431586664858 296616759858239119851685153355396779592154362884447343341673427935254651673627
135352242152656164439244624358841637324927894528143293287635297341258 946944
2115681933291672195 766497857475475997573613253732397747324748198152912413173248657865
1582755 97487131331673961764982692754912587747298723453189836642
244884266515522392376911198548232173775796833128955467822369497131758186659299951885367926 6116415584498482183722711342762831186864
2112415517372755918885864334248352382186634459678573448356 81559843791328375294732325239995257
152 42522563939833113472843753358591
981874885681 943836816178677261889578133954792116291
256656689822368219621196769571779695436374325124675642159965 28336488933335189372639864859297397779546971979455516456672963476953774282183893771968
99644919976699695 75332189345721158493486758182973513686192446732889684728496733922786788761188512
333922553931835956 423122
476753224786936815915137425726169166612415948326584426519599897659891949 92993864293645432283254881729994731563228786995214124264365633253613748544992948258
8688253225558425843837438262684747158484986552492 58387421583
244148 1988296
18973417176579616925976344694223318735376768195243888848866 55635
273446969166851482886439838533 92645385258218271387714827688
48215695561551972356438695 729969785646156618251713
5513353214 72958914824327975257658817452143122377245399747654151211198424336391899217469468439531233132513
821983759878483353385225488427293832734597489798264754344219679652399946927885789944181161312849 1117458781264916921271115458
1351744521233372526387262886532 1672975857179554131715184729393659171334
882634874122239322498567275185 5654852812161596473195694189
465643672299279591629357428 8894643487233651742624116186857892
844394148954566323342665251298682163336497431716916637874326392497219884617 14679914179926226454232321651281
6778873791973399493183427551188921332227689698738767461389891676191278728987591896746 2744761987857954392154
8333784593564952258829644283 754245344429992572771387564296379445555372894176943254387335135182556784195575899677421499
884994456455674886389841937432185683241423235291172712371928748176577 86227417872679294222978767256724
94598193227691477567348994871354952484958234519388911951625735854535127245797363 5362294155348789161563318613548197126154663642818491461736916493627561835845
616595399611386934971753285288329814225178877971697 17989812336
521465362443965721668428357127254317794254665383 97332929214343295518361499255265531859774934443772854
316293799334615315461347293168468976986466997778595324461442283256354521799723 3956632754666284529236591244652422772499557753595696724
4297191529539895457426917592984 644499667754138219649295547258615757166
29115413259124772671687832253128135488971559413755141144787954759161777289236293981 817752923346549218294855735
28475613912256317543 31889844475298951369746443341348752545591233288492752771
765843283487986756 1166534276613
364263526198482477599521962972 892681725258785372912469969748737475218682449947146291927885771756893898
88949726971186113496325356867388259938597749889481545232642923838284141935891836866216748 84486218845349413474753
254885151875851519396691986472244738367536327167533976527156 89877995734468195972667636567599756181832
852939866563774722932155396236617772344628569451447796115711511525145947258959172383 89178849663522424461128876496643534875643277485173668
231239217138862289642898392874936138741541154876132486726659529138819616845417972114471797651488 446998139
597867175273131633969568122521634836372925716472592884623753995984574767794899224973 556768948691455732791876247823246945736768679459231334361913712934513294788561542664
995339433333653763234773216631715832729927296873355745219998174857 5764648497138251977
47311256777169865933787292144 3354896781163113967197496582662776611934137614382536858463171334887839921921175971321714818215882665
71581912262542116633797757281837185935327325213877796457499616 1926982822829336559453133732347349999476561636852191986486978522442844446752656624525651682
7699171643857524286194342751411551622171912911439726142832848753181231994882591542715889953839423 488217826391196717939957751273696882963849
79466434545277524548134776346837 57559367535158446648891666794835562868
925399344277262377969174397757619382185987196679595881 3834727
818931265221974672118512296839719571798596777723466265667413543648892587492979788944 12857171929636627153786281273559798178298276283265164771214466883532855791131764198488961
116169216819697713886662228267939187969938568386718528324 21743341589981462658615198
96775937593 4394623822
8746138624652232911953226892176 956985977954452643145485551117375686427737348768162893164481642567798298568389412946
55384966598737731823476481514337597238547432487353779261842294244419959544493787971753145456 246933546577155187511
1336758179393945852899589516888344397864637622 641325252223664427715491329588965994825576841865983674569288393656898815981869188894892528985691
298823631315565 7329625891249627118659
8146156483976258997976645765458171734769 377936474811611655381358859412551924152194334617794446574531129821384714817161577148888427
553813846193998923 735175983158831668538185849457868663229633541753367111713352395232926297762346911568619
17415671572912748977887587529 72133124962993192562829356918898188247727953359454941945297321135878981415462
386847396758148586342782654613693874394561181116172443668929537385465287634864483967157734 291175837615284956849279635471329226918866574217976742243667861395632545
39886578723151251377757858294889946861913413964388 157444134932987441724491811753536343115197194946616613794383192
375345397194176557263865668945628516498663274712821256747253797 9317836139365734196779514129332112622559914
43525714337594617 59193819963
5776699215414825679366557775998867677446534489669961723844493611315866219 98572339741287218626789771435138823878738532687947838154624565988166765156222559248193191223
4388936428291714319571913388131627426143766 614
77563433637979369855979764945412957576646866456257854349353879233376195976749421981384731989779 43764944756733458342729625218558
8457922916868435985 359177889765512625451472826629422373113792
8274 1545624534856448746759534626958885151768227457227978655941489169568933273122752512986617
382386231268351382887727518443567497449341756274474741245516 988911969233348778591567712411999748125444814788996358596386943117
3257169273968225761116962764864446149577436765227682483831633252585465373196689327422463871411377 38397795977873151985288316375982612299444364787
2952396259966123873725412896122124616777931462982447135511651718621672523975253297686794157932997 49165186213481749247373153238395963613563487225373544562
689411886474656889428653696137899824743155878794533494266924788396788439778789 86985955349497154757365191429298252382894598181563168881748967851
443186329324372293195331758223721464 67769
555279386363936262361735468938543712665289255698843245269451546234997344178283911131736197 4225313591613489528148649893821126691161248668981429
6195332591856767693357175882471161815811354 42645379781155797721391663538813779213251191494212244657434857922631924
658565583 91634843499946337668826787355316713899391557287467981638297376869919336621
522658594233629263644325266158535267441712265224872882197374564519373475549362445592847 5571876532384697463357443247911713644941787538832415574297258519384991425677
887255 3891395856284422199754194661618814319854358173879273
369454181831183634761471299888883585341429354847368552831956 42215672297259582481863929322885428252
439844882483936488926224567714423146967892883747362223162785945296253873681 8218234615944459512424181898782736675282534481636352974556
513959855861852993779699268 48299444598115727815939647959527786854769225594821722924855553416165435837282141
836143771943279816822637628 37412119948351559438249914568125674655346324348966
4576217845732338552429441981142858472589496251571 2532297889896327493957235398298342287648566483649353473654536443
12682611246462313222973474438858556491363256997391448666164454625223 244688354895877362116398737696961942266448198211691247333
9988853256115563364557423764577749668849782987185 186181346665274515395332193611434544533685
359768475711 955974168722283769475944662679562793558227358343735834381985254484387144756828484161762636939
3999674968913734752877 8843752221393727864268321
164912428916627455314452858446364539838348954741553977678433785325143437126 158944854233775626877798927988285178528545386363841579337681625
27817122124212943229574959171752781794468695798881563562 321637715761869318225776557419614289498627973543
65633829248983242816877 35281475559716758532532628413595622955723946936211152826856749638217
6292943369476351416687214955238838577891811222745984812938825569987 3148662757598392
8693352793988584245484636583263875648788889924741548972669621934541342267 361974373184483241215634156725148486834936285
14449378251955724715162975713588574175667123433837 9414
7459568594549423655682376868257669678241724417898527975873228149639244425672 3
2885294174563854919673941633193826292356389418112486778441699697976548554596 65
198312439734628497442969185614921446925249264316948946353932866157385832573954228225511668 23395938125869856632922496916753737534237646785455139127435
63137971461838494334468136843615596671784432499354192346 21715379197273377213613796189276897648714621377142892772
5782422418677 88657799555612148631751
4639537896456344552759876273344264139796283866344123234245869764199439159138316485265 11414788157597122852231418831119713747494791653277817714885374942245686776853418983362681167
29321716229724719958534254651894492814836692638925682694234647764165643429 69711223179263448834248455148526993158865662153743652654632161469625821623985593231136289625167
828261338772391776317733731228719289281963361964895347743249962912468237426998751313 21674415897658356743289952521595696631263158229364632855468954853563243
311955151568968929486537772777265994362823198883 5197329526687858713342734911158989295442542
891293129239411919914688262224826118361 49263
5116162973257677955963154496213283461632381894252419 714968396848636426273822638962673384385131655663311163512355129642
87574762743468931498313911819789426852435779679297229417884376474568279863985215 197845572847169319554766526838426787665878173914557545276131889338535676977291184835836376982
5346415449993597585398575 966858387893575938
16734246875247674131268289535151335611547187745422593413371418776419 58351623827636613171425876591998669919534915
4928262579768819771346835456154789868216517159117268 835257
8935869758782688199135172566994449881615362856294369112987943 54414189191117399744269659295846872796833516332
856213253698289969227593934739212429646627187574973172156824563585742991 33
2866698739523851189956744157393651777439545735124771443293151529825 9466851439913832352497263119346999387525819134111732834561619238379955527427384119945312
32848669951583333378941577274892836821488547 8283168427162815576451594459949145757658315777434943836987923261899783798296552926744
8842353388524612982797692684 1717664291139549126395186149363361682828493877196491631777929144574
5861913324696453 91933652172788457281264498161
726 689458797659275175328875939111945492223851592612426455239768158927426596511616277469
34945647348297154416615968284298496975545 6546653591878356559315512336855557284828297485847584577567956965693494162151143298
127435632344818791286116988225145955361564297199 15723133756472
789564682 8176346884457355486118631273516736889812628952735347118814787832349114886863348125637883481537575
57613726531952891735 721512162
629821276621522247975631641729716822142873868785976998345321798722921216362757752629541352418571 77847789836127743787744514473521285657251543721966651653886882392473523984
88365951739491291882271669653566178795332377151957463991154245534544425623992125446793971877 98452368295165425335643896833373551776237543772593626887136312372467
159 33412282253544918786381725111557346888614265662584392659565389186196797716724387168
692661952277649674636356635854651752967711986622643134997827622367633552593587 7646318911852455468698839138363634819757235722168394674651346969696672549432861
526456997993632754479782684616921816734314321232344 365267689566419648945962993415518735225539233585638297812471695284568552566712744643
181727678812577248678874856624629426129582643846861622445571827827969246928668616922751 35264727661239439139364158874198275813617855241739435218824733339214433329749896964985736335941934
564413768956296 4134888711243322121639188
443 77936978291478262222397834533912375458471577827585218158379557358889415872437482683149
2676452286298247819417533853281111654931882693848481433737553733542865185494 967473145392153384
36185 9
795588564139319112597284183669288915172452116 75232738369221761439458988974389
8689844345342698151375483269 3241211961356116247594842214866939928976632791873383817391621117674424656631
67931963219172335278 42345636555587795596861556691
793 2326993677815397242553692545
69252885435192294713169728816314178547584477961395654133438338677 36579393818556493316277379198569112942713395514585128496264548888253
3562283934954638558333917159951954686622738444 411318759363232559119282659238326683625612227
399173135 16379684416844338696635257357142398439379839139279494284863737493
429961125648944427995627831773776423439128157662813138961456498859368 3413182349782352613419449992214
948432316654631735898597771362934657296133198772731216964932424441836517 5527812732418484371858135512915729836851698349488693783686235
99267927628123268461931626555599175145738444865116241852485148 1364513782523677898332659937837669952167843795274197461753383284998
428324844355426286165335676 169959683929351153895385656896334551786855171769743849555
924867221132298628894775 1797421578189564583112325388662957963165912676436166616149797424423127
269616846238925436437999379915225694553 982692434641866216295951219618138818963612191586439184589553194128885623976847935548779338339548497
1418642 281885643922265549358453437391444396591695269466783768989222613148
629943458966423416938715112395334158458252323373476381517896439669114128871631114 5881772466573738899639
961319369296287979791759648821276692368833422526 1657715566479238276665777369426753319976792985199452551492268339474513734718883637668
5727827715144949966732151218187768168241836397652215267717295162328558 7366531413279821458151127636792929474
78789913687529745173659654148696724157346944277649692537977733336262541352995 144786381858866735921576532685746887764873856755
827855194759826485398243153987596979 592389811631984564962726829626187947655134546127428211939498597313149887822674733796994
39594874162857587358396149439876529893666641564681565258135917274127742216847399538912237 276549971735719873971538472191974762942928332118389187323273299192362281
72625982985673286235124576 11819735433673518985866793621158193735
915641499433872224152143429367248298262297214582954518687982514889336721189139232588442 4182
1732996286995593753365465931141742432575878977745997637955882142696563122179559577263598 218369343374783921882339639388429883626834777336613157442
