168
1418967635653784434884881985525282611383689885873328765972215814428898652556477877738 1717517564849244218462966668344947539427384861652693644432681653118294776884582499
758419631736957832256993915568958881865673899528936758162744484196435996984 2247452224212741962493287283561589947627265387352896111365966288253785216
876356423671778864871898676316664631819574688299596194512124926152747693128662356147188329 1283629854857847176995163835873839194855185288225988748961645399629744
326185275573534964532978463 7812541369898949662983938342159991895241856286288684745123457411451669234144234767868
2972726865426224895512197219225777556654488362398663 7846151284492524227244469942575181318567883665525988193426321151567375973258578669732349891654
157148254433177916864198612228342229771282585617781514429758245299589291136349695879713985238785 5788
49783634318922148621746 254526841817534695566754695391826575165313999583525241472824323121293527153
6181174434836566346497353749397883863245646756328952667448661825634928813931798691963869269515411 854268628395698372996799978267247445244878757631162448661735879726582
781813273953264843675623836478345479837373988696693747842 36245
8297427835926 22674259
2658134328548139993787412587687 99872538793
51148122532997718 3177634367255372829189663916593378455326678483292958314648849675129445415339298785
21847635683812282631844328345454638959 86179438785341984696878365881924456771286768946163866583772823989649563964
42937432196762756637271114263572141141746494897971349557776431993297 729363434751391932974273225545166221782223229586634683157317821349763169863717954231917
793443981351619341842332272652543399241913 6579383995213651891449749975891186153825579985
69943692777162945 8531157555699773189334161622
47124645443422128277787551897227722792981287444799451 8957155224749184219554754459518168238833611969754997371849827941664141758484385534654998249334
2153354148266953714422451325818 23959174723593243794698236476525965688155817336736515596
69 118186659827141548614568785419312478345983726524478694388915
6759233774546758931292765147112423638325696759783 8944953778
196654317461429878238633443442534682381358188318333112141994214828571316146 62941687
7225861323692262477522832932462463531543367947836859469156577383143626228272 7941472136228475118383463
549433966969383584675361754578812785446812674223444238343269915664996798217473124171749 79834669737833126868881711795553751991949673541929947324175619691238939295
51262 8355878598871646981753231323453457536636996384231716352529731354935168747174825472499
746977337836978872 14286776982812782164915623385459
9529835321776365569951252349426916865393852323871461544614413786599219661174835999328867954415 48853191716841329151693357131225878222369849546141389164432
669969393987682119422744261451991467675 763776521318822177864858614653683348577
6844472589196553138425751227955337169416675946 4847965181339895778188355554937848455296236712832235152326867382287
341846729389139856551948253347965747247969723672411957796937998313453131192891868196421555 7334485454777464412945948241416529616141944462388622473734263277217374522989713738349
686141727473 32422537114795728663317639223747277515169667473
264948195495172368572815839246671273757411219486322 844411992795755649836226851368218885826998
7495571785157919688918835698155168866784521359849996712221951539632744551976773984438 4425597386743971863264457114116466418589323593445986888233214537214999147968688111493835
92174955584993495519449929935767383351839519 4685669385277483336523831557616684419215882761653772357169915496373917994495578383978564752
221318445586646191441839271194342366557764678193678637347936594663 47488161193779433982571762478417946
9956459735686881582522476266284397317742836478111142796652178588558 6222543223158614315874833556614212299424523357854423762535296454628
2287937726469783449238781333221462765697442187187353297565942538971919465195471834133251245764625 673384933977866526817524418513141122871817671
873 6796339967391935163533396815862644654843459
39399513925883175783667484632352687498614359142652914417878347414246139 953481648426192228444165852445695385467566745918732823744439414277453219583162193
33345729335264556955427757128126135836426227754562731474576136357811594498691776645843681 28369233371677788799151229615158198625722467549542369125742983584957776358919842675815
99723366831316475816179912 417756686385941598361427224854989769426176637223944313651641376674737626516582259946594
549835743621446259725357352942481928695865327835625139485466985251 4138854471674281527472328292373821281717433182132826258687
54662148282985812365334561 26255436274313672553535977187143416636428737873262632331395879878362921744986
5143 166818225215235444652621445
726425114424977824774447991675735649544135833862968852153936717873982447 5213497919572235591317519521432226222359545373863423451547853617645558772245729231
6394272629832821666313175441726512347853289788164791812545798 57659935479215134419239827768727833481876487295519517995541155455782641121415516718
156969881888747452354261624934454523511626337774688461789733327434759724416368525725558487126485 681761364111529714431433767112695172846782721837284156684969972547372924555395332958559
939392588694353712381172 854831375521392938161575
6627134469962597461864722313181481641736293625732758263559985944672512274422151348694488448581319936 63598425188617188339829837978778538397391823895743271396269
382197687393868323165231835561578651871371 153848653879712691884368364733869684966372333912197861957482613794225993536845852889961
8142791472962722523619924176878717953799236 5768497486778677345881815616
39557955826549229898446794585373532148192973125778481623854728311874324835827926233734838936994588 17258173655377824
926778977338477196733758 74524788229577754276519979361649382737412285889548549633214328477327856549344331658436944479237576
67829423654849786467486141897784398385361698387979674782781622977496988565498453933612991 9183289744716761662
721394675756 79594918214896431111977828165957431435287558384329174813859295771367
7989367858932618486729632648259581574814 15124351992279213615165
788462434679179362552658518529576211885354996715627363388497376 453989634564994477151343866727423313173432969455754286481499354955
2257493652227536264877126717935 964316198858213777175971456139488222433543468979161343727271
13581467546342794219747493183796165314743378732467316426232362 64565459554969149742627582815283896184984398296718798269
7711893472532363144683275163 1964712837327239869
84729381224312437892623837131 2
54259993648732539887425927451154917784286982678897886735689551854163 23187433745413197139334439381
521323595281717521675 919794966934681
5479 814451413824917994788798251882367334873785945583871
9455552414767187573159751372742158811994193243478546333335373699 474127969878637813933188896119858938551486973963939642195516489291989
942432282896697943233686455861958351818394 946486772575241319855333556861486244567673549796289356663
734866267664989696515983173897627779172699463962964567115648448488167951893338485811568845297495533 728849214166415984996646
118172458395244678461 97
155752535194543566957621278843893196945117968322291971334891567493956 266852271842131356641797276883942
592612611184 527544214257982911716551888625461161984714772595976625839797825674279824115535457734897284
34545474641931927593496897166999 32827781232236218246842649459397878271218376415668597542938573861294963565612349483934822
3693 32384992
43324798134472573431137939 87969888711542616179689
79527543542724855711742429231362352818858974416975264568893882948757151136684899911597184419 396274837238745596372937929119629887786981126319861683458691124894952152189527179158183828986778254
586662338288697725933216755264981377848427761988964757819794381873519551492436344 558611261524
1958839834739 5696266262421923258677155615281724143
22444342985497193638288671939259655395115657419588441867329929556778437539393668755 5363235528249886118288643726625659725758895733422483466931941737
3245641355994966579549922731911121459346472116353693479299832138466 85641221125267999232299442735987653431113869847948768535271914633544
815484941169411958415859946239426788341411 177549454928325874525852678994822325345583
355488498691473849821763534174667496318223326891958719857252991142877375127 24632127895938224819373675238738724359574878248434684249454911812497537978355274344421554373
58428777286398151157 63727329951499498278859824259826192872152873892452483369518236868169362995237486538281835893815532
259456623814166732 92328818293216648543213351559485946741656997966524853
2122237966476173564442279298686337543491442557519483634515946 951573688876389264576245916726312232196639728993186156382566682844316261311528565968958523817263
3 4199165986938184437364147526359373533142572583566728339873856883375669
44874636786259788863142276482393273 269671354837442351589821979775634892
55656246639971194917 797249427511974949
3671661914366 54344667865286634165436813854921
1857923996712615777718664471932149232762434163268132756818158942631274686152321587743832943986846 512636667
57793266392169244999959268877244593774618521232 7431831559672173854599464118473573592762623996578335556851924835653456
87825376185281519389629582769539849692996264 6499613529856852967417945491285284375164259899277547342753644184679371562986648399
154923926496835464762598258727334346565292427457241687682921 173794735554477541495727873767829685651172198845693316779188753785323789157796476628361736834
776652186345756224189521294473383258357871639732535 29275256491159148829672361413698614221428642236233
22868141998287759538248815469312919382425652394956394991218838957573372929612891712291818939762664 825458286566453226917432351523454155178571456112869914949386789934285999398959494732199549578
8259718959478255872764894915947765399387845757672334824591379996161438542 1492136612851913397815872763613394
56665159899978443277979269248811812678741188266329476796645625592463115112626 33689916899649737114883313425761962846438844731495636919481452282535247186578151578991528326
25387524359738421282821668672397123669685766744396177 658333636215499236213433966936913328417276523685519961941655628819692178348646556
1262 47899876572248865337186859828263233994195522855825152853762727147925787367613913225567176858861163
71784237961677828625188912296842774759557666167837322218654745572735648 6332595163573729243572789696128263751848846237658634248785686212386974639241
8391366589787516913925886727352357724531448312193569845792945817999756949 18239931891645114923961894981344119912458121
1589948 71717795223851393462312969763937359633334974368212167878629173895968688633813459758517444
6125831779892741648771877718426792455111469249276295528176334895 168773818787118162397836587
482634189824644899173697987179732176157741172624368337694758647671294374 13435243555187369737653859716963
76274438883885339668244537992831136492186471271813241282228576447291785 5793352392479452649682943519853385745367536366273726382612818889757777339637183635246399733825275
54119712792559139731927128266582817957495689494631969259553833 19298158992858629586768672177
584588367721225536659491425396646377423299756 468737741159272576766552975
615555262839729856282658378668328599554468 59457382112613356987559613686284821367783137916764515
77187139474785829927122473828347864985125657265428324432937918275778956193374752 5383796829867361123922957754277
2676287696928976165359924556774752236486911267845122324581468 433
488837934425531264478964188 543587299863233181832286353916566876519744278445244212735132685573478149158559369438354465894461573
49146462923 3587885434716624134137477624696229578671868
13973884558691395217173575314596 86564443838947962331361516912555652856582262872959718989549124783186546119828825653154992282662
81745457199355938291726691457255245485822312641484597493789 3364797925298975933426832837419483178998839544351311839545194143952714654484658242324629
5155232776257299242764623518739466524733 5
8832798714375675959221613987259855531139273849817224889398 154551413126789794492455699983927728877115928416513463638
26968672423376512364538588625252752739168195728 24479986361742758231679546841547913231523131486525688739
9914564536626556259335716891198 54172222822629246763637116295836146964223197347665
794844585756986785931253362829616832478724789424769315476537118188655666212 5265444662768417888789274393352724455
27931534583427326555165355 11322662278625
573814657943223361781395479917 85374934479246272319877984555119936176892844644815349969
26826871941833656826889341326993173211588577781433899 376
5752289562 865733447614221977183985458581896962171872744326115823547619486652573453183261598616514
2158863948727849184445767895164449745223168922929778882935557549939524167 7655524299726512258347127647214428497764282244881272151336
1138644655477711824956969227963392798249611515762926175585358852549634542499115966392636268 342753468863128494469885497475469512859554832654473259864177234684167
274635364 77233646364648157357271853823961899223947552825212948627673643251528
571418296333252196251611261359642596179661821387 72392371579126872632987577555171157316192973694716126182255438312122833163743272521337685847
721773136428642116895457674787747951512314799149972642444 359722641775667237899736429174219382782398784551
1289293858539852865299274512666731 789741631984536262673316144219935794422324582255192323722546115238198939684557631
4931722882624544611498832262775726 579881284257936937373472667644453844253481818849895525184668226928627859593738679411
787785847568771337885218764677296843481629156396 1411588351111976165423745756325275377279761737746595329793938256955226925388
591167389263919119556334898633545129761327624658155262496318659211519746644823 16884841799842233773467976
821148833648722411829596146 296337259
4643531511113543865985 784132155
185563482884882867634159551531696326371774288534588336 468582997482631226569758339318539115958885347849954564262646
4487732565373898665739812571119393259917542661192926637749819693867111 4263227578124677237777677959
432692692237112446251838373782965184132885771248695125113625486688 685395143539294881643659367698119918768146353163994173349694432793145939763
9569452722796666555878748915451849482783567234615142722566381353434956746874 6672878512385578993185493784871319973
44167161791195399544432783942921436556666681858246151938322458 6518533773527871399156899294318387616711451
7516387974826645475926854192682998411294485593876157863978 325243821323785131721939282718486325742774892164929223283828447283781456
6732159952388642231594467414659861533596363533213489824162585423512972792273 435342818
1854623453577772387332698285164839 15692748455364942436891738999686
4952511 9581855742325181742174391623795147239995221293134681289298571697
971343163673699631927512851265387298621199517135554765267198363393144753859487335126 29527921217348394951469623888413162341163345824815143774824173879893445544816426
1848797295818527885799361827587564191828457275149343939722575 954846617667738652789688759367992616746355361552245247276356
8997727613799324558266574495688151523316357445784727695199711264113814438368948643147225334543582 998541785731871696887438496572684652649435956229175339553874171323543459252317182322683836328492
93135517147745 72318121698444631477449644392569163384238258374218161748622495897889382955765472421955
199447692472877744497 7661591636
47627595899967868561583622392945353657939762467195483327614991522897636157 512964443446821967221839324722529226556
489 81712335874635
124717441712387641195228961873698894695572673382226623627263344269682673417896213671 897127946449846156146722
924487175871118745246416246562139447813565619752563986232789612199 6549569655696288715761849356187192175281111785985365977213224242611296859
686522224942993388379554689843118987646169996163 4717
5187494415227959392274646964155784346553962 694797232342824211693677825
39578828521628822591291469973199751233273882498527862959541244193661621143 18692178337917385446622989943911938151966186587725724213
1 977238447719236835156146268832393697334756581813166892592
45411516468139999956999217911657291278167331754458896969158989788487256955182447525367899816924986 81533
2954816798753747786945361752589161185234163439549996775127112915339712382344841369261413 87315575813919858315222991394635818579
9564262659728182397322667343699476448368273551474958175746618555351379464422129555483949686984376 829742736596868952241257255528594874479813212829714913252
65279337418392527512898445586826199919952536881325695 8192632724485134347838
973889935759 589241158831297587274583285451745337297147749283396591937725286735155417335668
452551 35754177149669416
211485682464943845537275844633291971157188115564227152299973 1739321532962921996792561759591695389821818354329871332685958857953132884869421292814
98266357179233839267294481267275621878994482788584683716518182423743117544222465125654681733335 92418856121993576514439261169175737991527739812457593267551791458813
1975151153722633133384465741977668726581476529486596919849646343716225956761 65499695539565
2962399976842441185294365413295814781316279855369572393557276696162695217823 29798752146974278254768472268915737152
59898277373448334 335574867625494743583238
7955615514555128769958732741194778571477477823398115929955635584696229398555147428738778761353668 8715769
29543455232545485697671442544778936682857661631157239515684559381 65682314345512193488978272516527919822183195376958924955417
8924411364978645583564512761795737336737855827162688839872283442 3958644
9194135 62894774993266159284671946449354386937734
