30
877458658949537129316396988487897716321 15526144237393173836441456742141352434491563268782666542733437657322528
9733124692725112438379 4614539665562293756777656623494413485194736835738886557439
9 1122344171336652472592566753772637476946849443584619355284779838287569343147779456581
366572493183345337595551884542936757672495747386853422418145386877597 872955712776442147372784766915263333369863433243675477211576296887891525572
21592951991777777167 9551675885399848129362429632862118552847836817248947
16744486155113744198783898883485183 712973963143988869111796115899975
3831983392155763568118619719287249288223917582777163336325564114512147654 958294813797552614187376847858448928774279558312682357175534241734748522375375345742553764494
75269485288176696751511916884144988993959954353382346668769868253778533723 721575391792139491883898451188181945222181979938383219464
29434223388775971943458469987131192 55552781769
398565823617528544 27459311877696227627435221578443767811562166178185
766533357881659958142826366247191747868868 884168667643817425321254531988851333136699333756533371254231188836191122858238
28316287 74593876288243557767736519913256746977621
873122747 838461178282813945755761725617
21451361232158587362881949247996416497627498887931391537161337567891864843696891291234244749197638 32416955463683312
83896555658951411537469251855116353442665432184479414354714737568283429214451388418 13469126813921591224658624155482764918321873
79293 1932535814249581541648615
866166924285657118846579285332187 65585247495973931224391988821659137264532311335457164186321949684872539733251495891456628681474297
733792767993849796888683853795 5116375874491214115719229619
538448 7663126942872613694911355452
717417762985475443667522885411233555492535553121929521 424356245562961745271123716662549144527852131378628651965796945496284516
25453456798311656983197483124129137 256422523443988617483453712891881162555976539165833887631415182333972661412466786
63277629333637276719339114919449633279339124888657336115758258524377172738226344758232188 18243748476397331436125588869342444684527842814469974779196161296
4931456868113524889654269314441554542859635342275267381216168142877788428659818331549989 186364439538992277485879889339828342245369415127431597896987184369916667316565849915299
376119335939387299328599471947 63941469319113264791866683775771686787713783959389417174173682463347684986116978257242
67375944948116748 82567943552382968489874426
99992965591737913788538933466615211764553583162635 594926644935823718
434347154142431647 4742862893
3358557844366382467 78412361
111862747385772994371629693359574134334149742943852573285286418816361358218153958356167127257 389673414959576216527445
41892874 83482344297635
