491
766573116552397187716534868767117245581175694475486194513772182356134 882391498537276612735632355664382487578387326399184327296721297921655
48187927775635929262111634295798626223973528743188433393746944938255912 7396192347718653652811818942338823482497597684688897334486815364146246796666819537778
73738836148925322 3341138616153891515683236194484526223431612274159283796
1297833347271215775192589454121397919381439288425985542241399531744825841817319 112341859394596283664488312365732462272765492852929539931894973643532
55188985272235415438639882184228585 418769895164976233697819242884681368855455983355991746565759893346842934125651962
1741818915994649259948184328344163445315579445253213597517748967954373528214826181246 57164579524
97257 68393815372225938219633777956
32139743143216182811114189529783135529465997999333568386381368975512687323777 8518392794157232647242223827442267559524342352518192264168574144399323627
32858663 91753239288633866272511685972957455759913249571364149487641421
87595267767827197916967865266942956568362113191861358397766269545937173445375 4482112263795183182573621231369357798
9138738337965659324625536159786235952568431759 44634539167785571223495519189321272674225374545873162273716561317766382213455841623731532122737926
43832962214467161131956616969874474185726439 8337658715395862842277636547799428165294792213765165372562782642632593841686746248739
25317496529334916 487631935997388829993499396366615348358767619232522836534633428142776866
664417 388139561458111713348489245675924314
477894627177238598 534662136619914549389168648225851658334571422596613838958351671781376
12493551455497189224133137258887132666469842486752344937983779935765265915269344249359477783 535348691375282976393997623361916311381769247584145589923497181395733174674777276
56512815535676696248958486487251872539574916133846339836645486315523471251139464618934366123254429 183755437336716669236683923274834166788842629389416
64362578359419723999833772357416 51379823446114252181759948746578352697884452819432253489178574
6811836369117561253462681425975217753786159 195172497872551726126491393612912357657711212569661781932583923332419859741385995996134434795
78 8415225457483112444321298883787712125
688 857376895133292277271
251456612628537497298895773832793775117589 428379278561618278973552875592693351298634197264371542436454755
29648465743757739482523985567767362369738887659383627734554734736987134665714675814131126235683 2977518579744489376
9576287533542154252565465898469825711617589641567564941 73152354654678914391172853211338459976492249215662127224992828
268289615794242441259697148873158743171234624361982954164343293122 123319643974883224952524427788978533591267
21611 8854317435114772184887878587731547917127378254377569195519183139236432787778138474
7849887743574821936496 6775478
566243217421783431711987844465866133475844 5487229198636347617763371396823786348263593
3661778639882697644751888495126299125888849913 18788368121866619641537942982467761229876151289742568655531521
246562883341965988315687899353646887169111621735643767124352477378289877259175274214454535 8377341915993751285916536874364241298554235879
161692572889243729467116654586169146393283932 67164481386194466579773778291336332671322521197248739273765199588958584224179
828857416973715253497812699792 419861746959168864531546189616649387784517562412343531351683939862724248841742744
72736568936588723856994427932462955855292814594129171585453872695876596169644266938535687323151 5275447958157
47455784961484155429 373974264168927992692271954329686829986452422669441868445268379
64883528629924283611151945253279472351316674256848398614117694143213511551495957961672557425247 684296217271439747344333587
2212798464147879165778125253527984256816257721958315419818296293642362187982622287781242 373694324156664982162947238
36585972298631251374453126779837518817786171258678171322631235544715282839756575 9436686693957197143251653247497794987875783734157499336365821838786564137726687167
31278733394945729525189334947979 8847973885699365249582589982553597836721129322952614229423225853358146398936121
7884741696941944874695435137774674393342492384552339119583925269 5851736784566979665428574427411146364127344932339167611331422993
1393922857853463622836493766866338181127411853138138991528768648115374836351 928471724416468676295234137991648312397274842245232
24419214637331213756848294652865866718942653426888495578623482386425271331546322287585137286243 8626325727573498291121263245578383766666481296
75629876444 21573838462873545195464432238793164265846781192185572968127625593883455214234622984
25448997198467253184627941667173873885796128472143554912254915433761594443577483964995737443 9684176687863529319791368885495111776659675748585814731818736381894
879655843692195734485647699483821142864984629862544387712895186968842157269747357 413387843973221771296918161561637186435879649882558
63766752548599534188536458655958322794852247742185337952878841582781671861764927 796521516486836289267499165189126223627569
41651319771727688564418416483865977481898633164818546373897941417927581675462 4688997279528416611663866582489753629932277784
599436639587772552458153212122826131284281714322651327615927482413158838658869 5559233842683849152425315187587945586746639545594974462248911926515254697598
31125624882651447645173688459159231693575886951795679 7397884874334526863599499594112312667818552915367551392867241612135751974226332329287774529
317471743191759996589469872642748461876138218997432645767391947573852143397719616762224567722 369954765778
93 71178426239749713367714729431819995385899
93292775577218649412949124573659786444115426296999692528513857 9758243259993375728535112176219762332731227676831286
1728915167285885245754895436538547137983864442953119925528387591 84937381232598314617812927439567651183442677745246434829511349298636559691475867315941282136372642
99836711452253449999789119559559793952189895212616535366813748896257478542 139278278328734933839696218431412613784222555369495
3527926211445391818926989829164718359341257199517574462 866211574713135552396658723374278678389265353935171276371
46554752634681972665273594483685852331558329354223118817851825 988892817778768177754538551382542939137264159
788736531266983632324175 6546822874342674114767212845241333713425237339211972926
6621595819995156347771152778559832521815443243951211448113754293848481373138899467 62889716272393491922767
842421454824737438575996565926924514538659737951 75577239672649868216
359123296985821892177423641165911934851638274937443273212677687 6935611645377173514567117363471433426778753996817324531786267253419397964
16566713326221349635688453322467827557443841135654735989778499164798754282133854525 4464289251382952112611425161565868185793881926783567765
259911348851458271984778871199261535984852416473257153237674737613984514131536699314111469883423783 25912186587665199667491681288241928784357191881817577694
3621852523386359735412284286813783468686938676578271124334617656722588774685362262546238328755644 94295698589733572151355667661565793853649422359699429658558216676549129
4748517563471676955127332665499781833794636472686129952 1987863592826788388318851127733488554177259729126633437432837312951372724267137411618259
363535 6441119291444178
569218156791253816237868324881911119296126133732137779411681259 184366199311816884646456532584223655784133489224
85189 4981781187874984991345225275554576672922354361931245655385237331731991432844945959221965468231
23462828492585143457668157 3941945589977335211752672598111644548445699347964998976635342
31926625257773381126622643566642398318535487276223971939751932275757898961726448249833 28897557533279855253257489859848954239885168248685936434979458232569437372245115286926319455975841
95222412394115345199375889892624657292321811481379317 13371891582872614
6833363458444372177865218578315477 367697544
6388872522795652188417922262252816922942497659646583298696152475961452971148584654423555983893 681876761432149927167
868874441924844538224915154176359746717519461691595137 55432
62723343272432463899852295515956847711289931997314373448775614723418684558844142958937443926 839165737754628367178888464916229781729797
7947936631885852594695262166728657154399317272731813672543656 766
622484765844599133212947723258928526 64582534916484419536558464777888
55422327255254399926934869343334392847356857735459487 12975689312
5615583671847778858164965559985525538898985714722171613426116588392673796522378814857 67377729863218818926786636772323542481259616269759528232572534438674481619747836754
1262672 943834412937
67339795487121412741237 5597862889831543452893327386582176249952764147297716187249922843993233766276
28522457682867539228434674661119264999369439322963796254844 11173783327656528293775829235537
988247116145425972761413574785872419741439956143753889284719442631138944741188194625146346 2171317574988937239969687167288587316378635453863229682313297632359811212337
1417984251839657611469 51797119393584959312387427727679327648392384559117286171883713966
4835933 777719735592313915935197932715672786789487119999764668345735769867
14458456293942322274774942215338231621365773523264438744434596692573225993654 35734413694831219412985613253881788182679783564354319587166563848985837136328335222141245834543759
4825497639597458184384767777389162332347932725967965915946569957575 688168167219155849933867815676172934467247568845336489192336747547
4727438427958655 431874668749825687757745633618337753181817536964273596428
5553132177383139875617719714444384184813326154786784577739916745811225339772754639 1174316225134393181713667433669961291789331926
5673829 3114546
693596361251824272434983314581157144678152627545321164252378891565338685366 74889538982736198866474588226423286691365563165561464826224925473379581136487625563
7163289993237112876564969694551128924976954875457634535878 2591786769759356457648515525263836679286642651611342967765551192476578677715858392858321768442968872
4186564856437861526914672118946363645259176174785737333236683183679646175 11796431463844127474839143584834915962413198844936889445385321779129699246
747811186195559428425742574937845873912824 3888629369171312354193839648159157195657421733427121881785244
59919883986413266519444713327682447276518736925696371 6924723712773218681949
32959346515 68518715547172471551527353392539958657483944655
29225555995677514221946125462913155279677395186287777486582148565878733236113 8769
81 3141
16459618119825495294342941524922155583914354979587234199635977776422424564726783889 26616215851387422495139245852412397499446444183919469761763956992265628743223596933583819571364
79923257 4457573696762221986137316914855433574872231467617592793496523757933266398839917816714432282289519
1916369779215 58848215711561732689798931742113784491999372957936276698686312635855498262648945613554211335212165
117543586257221286792157189918351882935876613259553792376896865223658542975137268817328972756821 3364392668719865995846616785465563153121824391
3543547996548453126419533736518189 626586196281352153467668921148358416311653
6525892593431952517937235589365991612531684415874171388196536813936349545521334111931353284548964762 7238215738996617268179798184495431516981791341369835561666678169331448195933156555431284283
7163264454597595925764522821117455424381545925511614497651274425155226464481 82293423857737723831372725448217252664172459767793871853656724
641184599344216369937657476873389219378962894769684135965525791544951576672668331537521 3912735641874
2524673242242664955287336261152657562444316858219797318769921526631314851823433213931 7934532189594732752327279678446689766
7487515569234436725137868366214342424112934161248994478424455978593389386 549647422197851977479932568992844724775445858614667477846847799257171591673584259743
7975326916115961548381182568723 9936323499215257154354222233577264516987519735699975984948623174748279183346771825
88439632529912331295383 2872328253939894
3971743863639527193928714878979446428238653 6332398728937235561877754256534713522744731992612178662368
56192495819326543256367191728283994586264369883665516666869 994517952112161774269599357785778969662244
2541694422948635316323892923347355337646485262688591291233937828647583844688696883476693431115843 941375558451
3798299919384842315 967144411668451334627752423312919678313866488165751739714528788
34122432329353662835513172842287475738936567544573111576 5613126185855495491428552782657692132344959935552315978518758334464157182264229528156528756
27286126418529376147329818846193481981355558428818943 6179345332241674
27353576467511325276921453936551554883397376285342659217121876397155476834744263482973 1784459153762764327533295171
964277293156391117534214782869316646586551273641197 57474253644857892957945385415446231867689942544537944348887925631522623785668333294236935754133858
46179617439165772625173726496833255362178319979663427524127254212696347548953231492547 58977539548561213511356581875712376831521352743385369121559239525994145854428491525
7 4947227137958992235581253873591759844531823341955
52117522971578214372655682255132254291485445264173529983 99613924174658241268725781823896837116993736397277623721699387948914694893199982443691414869
472159856175436866547239188666314199 3526793
2817638917877515962765627869418434432993449785452986944797869312311682132 6617662997627561833853694162765181114439952618664652935762386349484867999481758289
3143647772697156935713751278472914293915473778774984589897853432473463319243571264526 151755591626621316231774594795465497723599592123398
52485236145211885289284933339677357566395341 549597941381643531899771583372985493746166824167434257326157366427346273568847416797
23433158723198646872875539841991614194799582 81
15988316741361673342557318225958112676628518281996517933227138128497411368184264249 14177112834299524169492346325
981644169768598263638745948495843224658912653 8514152
565692934255992831586483145513368996879311791651462553711396846289611319176373546371641 3751357555663591522281712972116937914748218946357355984839751
63165157 285838748884958372433322276877954641357
9751484388667296411929247157382818897728937949496625752168486829632258591383817294372984359348799 4631554942157516919288398997838144833174493967254395249928698965
56679119942316869244387874617839352793198328476538531972834281965737497645122777586 6
579924112951199886458334271 71456251163691637412827243852463486341966882569911762371413137596745757416344
72759144 7467465179679161222451742499137177628843729113916785244262245541231527386
18428272211637948123789949518226655169226612289962468447158818384712668 91264647792574427173713269216582291126737314673944469163684339755233542915637811195293975268172158
5865482963661879294493326524346378574925899655335721321548695721292892317424584184529 3581179625114769918237946229431157535769357461748716635
7923253671177151676595542761685 3156153556413192879729449883371
95333838712 86169672173933732571497793459919677721372215678879938
4336441271111585656912137 598533269198859552872657248181346927161474375267412374469214255275175923461919973323197177
254143621797846311711438433826975738112367741483485491735254252329288767484692561 47656722774219376
267523847127322313731585692565412582428618281964379484231252679235482263598 21863312357458416138864835862767423232493991578
349796777388767567558742317384421312154126997836699586672151643459685473546415362374199964936575382 11612291145325964742439766342937967639763543721936636832873538816828166541264
12813 485541
2272885191916255416245219197382322324157 1335819339365364576552558479585233836925145762926585774338721871185
4142381667686561219124146975784545779637398224117868428494456453 5344734436514964315816674718173954133989582714338937771656
735381517716531229772669313329942633688918473536927627763 4686825629795919836836934215871438266
8753542935938374795986133117436488516428682379417123781 245933987141615854132115344759233639518314329364725881423391834
6459483556243677973341518 622249652441662366736277977793627449425238477435214426755653396343589572855459663832232919
457193159972543777586212468753619439878684869277134337334179669591115633519448612496267 497322681742621633578775595754869469899147699326288849758379
6973211268559662398738561669554473624462922214326244655294782435385258759572184293542226 111684824511874955658572832337291418963375627997899667273699577446243453397645
7886277511378785725366671853125645459973994559183496465632588639744875818398317582 889967991564677921493595332316286
27352664921149889688941777264759264886867995471274269314163961396744262 3168181186891517915874964335881231651786341761819542558659164363573773858598853981246985322127132
9339527531243775798423427753169491177742475922427362391847957189824719424986 56817666183579933599539516275343924234648115
75999786482219374548133129226158285964999496122693133254715871573 892879288933975316341969829138835379492591138128512978534634582567713625298567952615789
954563787379936273389234858241199391792132889369646378465413547273 33681636335769542144285698833235
1635292821543789292445668547628571735654312199167217869564566682199122668729 196589467587231562426222431782641137263199253
2915473576617217297816537135684564918652722298685338252232412993851 13435165126343345589543456942233918826993446783711198217937566832394829741
7546494464437624638548115496891997953525652787959462968525876382787 36823333276355644297624632376139872697
38329941727525637931877249386623 1857918188148277164759963543713916995687631185373733212
1484545638247264628649214264984319182653138882643569115334168625349355 881892373586264415983956926915843248352118191368772771316419349393392
815165525687753229995618565234373424213649457524623659837283877 14
592647547419145738984622714384629611161 1399332874926271824819363
9662236721255543695394826753766471726322142691338157266261724766797912124469339864 754461813273269275326218373886258397512714491377
29322514746939292425899753119714847687186518399655111829694997232318924267339433859668 47576339716715487437299988895
749855385427173553957356913259675916438361361756436713691763778937 21347387883937161975
11234172683612557598369197859991861399944591775241535593343165226789839292229234157271931752 84684533547563726741191786547915461451
43273492555 5818598828282467573947322996489795154554998133856113437
195866992494255437313282 9
641185829277225763688275333621824263913221719356278282378 734884442863848947494743782868953571288922543699626593823721224225247796366474542461497134
383968286832648719699336381425855929267694527695596457658341166423295256 4411563189671774282489871688246811946868919214566289469882857
3166529282639371465914247775993699474296934986998263977127888156499597984484223328 832129315224575331595991638525171341897379661482886327524631
1695477271195419379389695963682954772267513228847959748851554793974433715812712514774 3397526946549249627223927959912457153451956918422948132989866248
44544817529424 7484597336694434513152
952333794591925969875712124493242555136194684597671928171836345313442211723817987149 6557916171626365115714927554448
1525668273953322 688344773111317216216339951324674676581441166473439771996881639523531619933569
4275895597744254651571561325855944626756167552236124624144476413342212 579496129812817344482135291682211589553963573768642532998459688938798876875384824536625777
82471674927941533163291795393514378252251725524376663787567943885417 46287345469373241274351899786864218284437218882531448757833142666985964753563533654189984
987991597179328227166922221996183933984673689919186354829167523392836849712334987639749181139 263682445948119668938396132459384359225666221798543883921248945823135
57179356315921645417893951133232827789617937339932129982343 45132217753
29796681127371259833148461158255134315893486482965427247 4
18974889581687446681513579643143765957218987446155735571756849371954763934724648351133 826194128
22727831336574376119528345538118114118983525645927554 83976166632
13252756362832211179773 3515158893245993265583
5377777755221371629531878531173343515869383734177676674549412833228178638913965 354939224439658791239116856269995
3444911528879 78516593223444389
274 48336269951153525189514
329137286428167432462625542 7175961741129813546176283957686585319663412426
163788715525 4726924335574938245154762
535844366315483854738317126636151873619639979492589948519381396884738986172279463855236754578368235 217169567294264233259763541899479838551149868294761198318
3149972856813735796349649662937294912864893547 7975111898874782952299971727477778699558252659473984386935495587161428576555717667922528678746
4666195592552386916546716978212899531745839122558226223672282859818277344375278145646 1527482777477653681329713
73666135737315773237895893263749128672156169665994926363413658768 57379918939388647321742855331634777344135342815882194237184122147327158522654483361539186277121285
327356973659662556393766733911383746791481682356334229268219374529274565672979743617553768758751 485165137929536986263229987537924765165531957838549785731996334262764
9967865249135836553979814474756457751973118572531825823747536929587487622978637588441 185338827924476596359895961417841824581711228732545113731296895947292236
851515683494583353722785812 67299347166293216349696888753576
16869743154669224547885759414685638766252497682241 531368616691125428367259
11855247759246453835988485566964181211823119751476234484674612439469294588 38381244813821364782423386856135211269711366811667795636737566823279363832517828818226
5163958938956229551889296283425635473783551857645193636313776977865978453936127391345564865557192 949245253539332419746361415646352259835145918421779139777659654891863647275394
673488271414359518739512567313138714716297 7213415875516596289693814157196554188334
323542379363346138136517234582622194148996388821686811951413729285994627817857497498774999219 29832672132672649572596657788578931527
93775858881185284635533794 4172916
981139532499554852815785568611463367 91261344371722186159363333538777834753127411936953368
77941355592811868155226565694639169978717775241384928478631621568 641939646736
8237375316627664738343958211 9467978577812663868144917245435273936112817169286133935643952997517553437965636233251
32874673433881767995179581557545652232178468686433328581429371 5875866511441554434937342214786721181213876898781867198624542224479623434
8994912782538616395266551797619835941167663263551243657942894352869231376 654679834443379556565589974629714916294611583942293997799137796494235249831265294334
8792886116 5787423978454737387395748222
2888679586131 23214
46241117942 79991233376335257972837429364816563982271127742912376842599365431436124479938896145
92 49432594262312222134193534431373598866253599667
8952761953965441419759177522719256353173 973161939219763376473
69325226339252442216326398318173596253277924177682592654797765373131934697471738194 39772373296341818
91541463179886392271228524851443261773526672838 44216172541418625943
3886317941585186128935141457187886384499787121173635714739156238266478269448 944821473328295325798959924183592791112923881253769426835456271159
121218333569666829267953637298361675761295611316221898989589828217 7742372964411111441749766869836698215827115
426968127717574 6928448569512287742129
832918597571942977536525593826443784 769486546575969193658549831898872298122223181928787467499
6365587344934747918675385796167897581529661159325353372438753264452125778916522782 1371318822858725421137196694987524854255824778762338544895257347122286437743991279
1117582876279 552585698942
4483754769963231458635 791547245659254645949349867964516453252177789563882
5213796946912964545449421785499378397863799536375618966268591393348296769455189859278649365875 68545545733371462363626746534313375
734824758471177181123433234116656493318829612778529931342794153399515835861573878739 94238996553595172236798792144963291596342797861964
7452145227941392656142316245364631339364953516112 7652534868518977768638559971343466886282619869456173932969986119563861476154224375752331129
488767736887417985315188582553719381382142941893713 86178264739576817427164234
4384954519485838216347386847399675881749577674465583865898999174765936578595928945 33744899286139782537552419499248145495544145824845498792856
3826 32914398
73767131656676447561493987963198511572155467347571219532881 527789743538834685329
16428364751789 1887327576892683991962675856216475928412964184722314641357559433264314766313158188293434137155
51 5988325846579898881645243457811128418513413278853655595537458616512899951814537276878382494
7913324767514736536 11953193196823871142491161951547441811545318864287669477411359787933617168818561
2772647235131871481999595347115577591844325459274876465887653 382949313941464334476174858724467247632351359715747735577778535284
89 35471826644357339829381717518171559757718
5592888882477642151698421145814914257856863343422858139923684826916469875668183 4636765286487323373523442221362618462
2661237448553573231955329859733544649565323587 44366998373312898322635396463874521386895558362777264117894454115852833389594517447346852371615
8989633353921723454979643732765519672333569292758968616713 158872522778812456712235198722416174699755266688924652497455733426246
79952655869522 97749814877475622254193914983136344645658879787759885414794826916664431115666592254828143416345
284412897386171613168546629366636547732663471388393521438538982261442916684 559964744751417894978962196575457
44699622148165894597823335949258719398179576256549221944989348523752488345858628392414432117924 29179415838766382772481483366626287763
642636317 2859444844399979767289339488124673731296422216169777379491861647249934
79474384866391649986594261663153677137417748991945592459327826181538765335684728719948654745 6954937935215544
43813557727599979845473779148418519227744123551761565333975486352884 48131778414583327213647429532192274538374514561952271131761968573982132454
2345798534123694736115948468972926944136895174933165791359531559132334798976461831171 69554
263624827282146936724944616729127198335269916 234852266891973631333773
8587945623917251558 52276558638644568986812855999852188949383339161428638426297413178
1915921779189361998144374124291753973582257745344722144267 3184216778635821416117767317247947956658236979234439524953156594932761228197841584199
574571426446412445116589692229644514258521826818791 326412
44344496555528822758 26988959918482176844968693293272
9681742235489993275677578645995621468919784237668314151143637753787148813865541352 8417694566331874886258589432651968664579974892777578689335132235944457
546675 172469933451482932812716528392725854132593981363675751862798225
8751246296183696773232982421226124123147687226864949856877175465263721589 76596417921163495893736276811254454387346
451973541383717484651883671127964636459243246232978268638122 126714982768688181
4653655 2836182239551625986919386969788524292
584385542536226414455176259335794638939313 3244595993267
173817797991673672283741176191795732481388455 634839539235413754178888736415265767444834234139568478565416558528927
255461116499986719693788235189353684932236811812386659976634 668996871368584452749916186
197912827285971686117148177953591493144855748273278928 91432167351495574612312943456854822
76966462614546838631522717761942368827345 2679
7319771763222536347379561853749746294115998755762826887111173872497875748154336895254346355668871566 62795656612335221
7451693698941396794747786842834223364542931541878135471945338878 6336594124944557271894379262784822914312971861953548794969575952972842656831415
36231185547656692881472568522283 7868914773411222928778728947187973635382847367934454338486
317137938626297752845137475744217 86573
121731691525343388832138534568546 69836667569766364652237469513571993221788766123631668
228666147794642 12643322655744599415487562619352719514549388
2275339246336741 892452758835746133325443331117867765771272528826523881394257741237821463736236818394676
378474971837141838355821785512144 559189273294522548771991896959359536417667475514188346483587225913414218763129744371462
79792915711472246 153173232141949632283456999233967415248394526641444355882351953891544711937628698499
35438415969683822525164111111923744317959995394173191861216728379226756949327977 4118756698265878926553162588245
291854664242858876256236931297986577612138255564459897194378421486521828632658562462322916636 73482357368596262282578714541899783998832479691213558244837834138671429824513449723
9159772125898783649614521289642851543887245445348994774312871746898819968657 22156749513392923386371396948927261532343276156883586645983256633734843411389862
749885956943923574176341 119787229377538967781528234761538623779863864191
4636352172 94818524344891955267988363462936872451212925762424165798412995452393364457434819
33527167569959278227246462623258771114653539658956374655544 5227498139184576513868969694768482724736295191167695572556438131915567242327567874494
513224447591233721246289831535789354417942965419 4471588222334458623672493513
1183469625796318557428194431188183521454228966624288316551849253136357315 948597492426928782
2374723883897665729765732243822944379719721544877529524843148249922178538423 581957549541854726357522585243263538
4214924457745182367714378315798645729562531319186 8925175744843
9936344665859951833582539993359315149221268722249774726181918849154675 7534112969225386475323852931488351261866722133972774422828
28712987555778284873165631413782457178718794776633974 96959527639365646817291274633184536113159321847182573241813262651147165589586573
83733839925478995418956453952426869921867729979612747755327867736729966578856 6518319258888957292479357521119574293358
274741775927667681771582495218168 95376575724894243113899141911322
896 29449944486542495495312151953867599541983685472382243836395892239989826336539
77126127215382567476425 42
3673939363742735486978772647182332861964141374239614591322925177139717231 77493
5434259644152176483 927914754333499971687239894524913336737194166559816657
8577597939867888682534151438643191284524154179427521462947797828929287288517462726979 7839648119762926539156326652617618639
9516672684573926228529123556135246714817233125517864899298163253391383987981813266967392415839611 34327154211712722293744342568172244868287951632978953574858413444271955828646
7251731683432835923353126422411347687983614134219297634444437161688556716378589383 21966598797768
662358599954693149662327357762 346985338651588925933323996229712951432962956481564371
345447224654683125688225759427465387686114192821233434244939796515983115 25931757758774476243117699491872499117839687263645
6875146549255658668917734775346447294431484 25533337418456641934336994
54395566891731551492288234337488294397447 17835626491394958377814321468971577363217765455211931675621719985553984436432263266465484
43274857872926738588361383129769956218371756134796365541669838385352746575769383436 59556725313228517779682473
9693475458962427875373882419438683 469829382221235683694554751958148289216361362811853846472623615553478697551461132428742661194235
749132589678993641697642877261326256544 84991155994339744983464293235483821671
6759928623263169688199793126262235178846376146725749366368842763 7745172567375956834887249172793112764993233
12343857728764929359781876377786197 726299297916441865211881522279866957729183373
18743591346745823257493626545769888322514892658212938228224498954188648434787 84826843128681884665671759529321849658863665774654559551231821969984916831141432557
1582593516776443257192773949897818452647213727297333454983783693299629581792768143452932735 83325417414675768439764134458529272849626684784626111449464522242188146763
494948415764768717866992767316268413229646561761868637151446757178183465211977 65414486151296428447578775483541675767548767296738412857686582621258413357938914445637993564783
3463385113799133997156633155958556676866481455921545661212853826898484541 91379816379
854883999771722678799537 5993471536363526346174196735216884129135982913368291658593997655415315988248711578757833735
7596616862443826977154793475599769318164872513598632591733 54364184383
168756212515 6992386432999116434447982634523194944954555457399637536827363429936672934643923
3658866886561888272996775339 9739916425
92196544732387244129796 8811731753628814615714514826234433823583953265591717477674816411161246586474186265942982848995782
75579983477265998375859123424975861187232471 71956689354472232694159596994895379164651271363677385177
628941818261323561645385868388778498159395431523679614 7863239184675614184474945255516
6979796117864737361386266723757443558684789452146314181 332922568622779967181767713217581133731419385772321565795
5235945616152917685 54425313774773271459159536393843358932315693569856774465778361777826217118235551854
11194637625257259637466589279457442784419836415727182641719696387415161874964468617162183633671 768759889682422593338922222219429
9579234129836421835566728999482846753 59857964344875631463868637929218924154341796413788224974257829511432377796811673
564499198884899959233431875852483827326514528432559377452459732386297847 921486982672435547372997978365765257975386868
7877244632432635595691734568348 143437951852556697492651284628261656961348226569245156525795865776125523145745237475
6245598644436263617324291543113391368682854871838252782653883294389396117232633685497324488876823 34327998361246739474288414788434172425913271442177732
83537415124489576984141282164269153692189334614239357985331 68769398725945496822629859698716528744551152154553784282477463423
2934844948753124594754792815197863251864582635487145878997672279544454216 835976885699841763685663618764432486712565828463479266661833294761491852336456991644291713733819862
899195898236348448659265265273237739779428524365422991873838197664552148685357523627275 6956776169943984547282637611977568253877814314479898793694563521382277576136382647163712692912889
823237652885566134585734243578159659454377858479891917742413763595 29946265138482824881344292881513616872299634777455762456897683951366
28679345831 75499177184385746717195322983773988956344775792876724
18167725426893574464478766284274619183938357912195758916355514874698677691232889811 6767711746873181276618522227422355786123456849
5237563897751161515843329183857519537873317297915996655288111851 7948297914145853746415565499961971429336589747715512844369471
8731789278793868767661423687647336544681794887147379791 33931864362175659699815412833255234279439388733794274754186
6573928829376957 623134514484429886692121621458181711279445152618287299219619599495432251291223242137625546675443
4227992162449589418882569826853576375437981392726217288856243869535469255993 684673337553511213754297779495652875136667788224657778936486717979146
5244151962517558861436653252321555618749784939667671191259438218 2257739284425941739
99669282767179138287617345919521461582826244288855664 148274284512776119221636122574761856567458531912144722587799683658299755451181113597668759
5828434 74986598113429327549898758189924587367849661697273752323781559735646666732151
1979547832588572272967681269424344876276636427852249574664393992292569112245493319249 554377859217865962867829119677865781163184842427693793
6579 31869563826234323862312134815
8654473951933482282179957957869132398867162 317593359288549479513165213472515678218552775725835466121461621971159119479367127
83794696973678569 5838953253812976239323819822393168337934389484418655598259469791958342116119811249685
451545424959763321 6816746487521564132864747844913817971287192538786381994553432547177165835
6361939299337253968323212782897625249294883218735482884396 1154231391992328154294721986752449
17543455629314827697195954622685736382133389368678921481427819996217679872 74957578576687457471284436345893489591
587231768945229465895437693978 94769468362841693817816352
446211197172433361578379972657269538271991 4459126334
211328731261866212476873531275684587497577263992136395188913122663739715643919152236128392115 299927257334889484514855696565816645975519659365174425142664615372612939873541946162916
6128877289261415167534697642975438124731246129885611757433382729223 248624426663321733245227673447969784925429332674717554373156848725792354771848859865
968625564878132655869763842638844742196624997327 9194186246984424935221269181341577156849384679784215582259747586871178244182832832396381284
9433754918688 1333267439369837772
38727443848975664924693436898617335733538839813887391862845475 23585521492
6858753332717322799928698851955222595947 45521221644698456734985151693478271472615967595571647327323282768878328249558959192616819749
2546636839615777324311845495239462994757711555389244757942844159976661327997989673832792765167899341 666595857528372428482199769476157
124772751477684972671581349199375454835688115434658178349335961996439154428312275554874467 36935951618766536258512544567466
2697229872353672776376464349645514786612286484461822592963234891272687387327 79764894437248746812538818796999975224491551673943278839925514269891844118877
6278499646399114591349479346389526371732 8542228275956724891163354832863
249419965863532718378516295755334778836319125574964545731367891819 2533294693488985355172564596282823649463444227165292313611583147395591629197
22812919766872337848864992962214149894244994776985661697615174461536872532881 777872195899339995548756958448267615127544643
55799326411338483266625653126472375525785979566457295748715238871122313148384379123626285895387 616498
92456126863751124885199285111832687539936949733336545898469 53947562242778741682559247562676962282948689523118968146893
486563399946756692987115777268199779162855122678995 98184129455425648613887374741389851746693219995381625152133884192357186417
6968999374376176577946391827951683253277924215232511862581865854876 88318383248361124696518751427589614352173847328935473834873939769853
81645936111738737582193653435328541255444374388781794921852221574427712863924925374813122 13159327118199
71751632347694299847944 225482897124369619896794591453414213877224162128487683926412484785
34182829914588217621 7941426148151351149591716238876887393243715231582246368215655462735438166411979326999199623459735
13935884858262166598431224786743337852269692989192985522468166685217545557414583929172684258434 49197187572642928218225419171915285223289266352173
4452946186995486471327526257 4751115476767661118614247799659534125739
9234912783752456398312538765326156546246622728912435577685753819187243612219267677571683813 3537728945162717136431137772158429246483524188212659689547969241228624698848717269991626522722218
1813711894292788151841588768196932596543 31838665233429454642962533693218782
83646588515811839921889936674492691368164466369385537411123138388 533365199951
258959419145591428291543683185641361852311134228794566872133577661811282836889783296611892 62647832224711646
1 7768321638826329529721732393
1768268233791584515177 52863282319589373886757253967119912162
29757612368171486999339413874285391485484794391961711996591142559195595352 7835599966439345356794146233342199318679848275
527817418866235471861756513696234 445215396993215612853938772521231615862976478154
336463855359888671246834516887166819247469553713752333648874839687187278616 653292127
294134554848357177359659518427469227121958337895562771592278548858716525824711366986 4958931168317664632691968248218221283268513785883248271584215489836868
97587759627851387727672988334864554386457283835193254 948867922215977788247528
51164122691679397319868119689673995728326871761181132296541991987 8767899346149833794568367916916482765769
8558187538733546568 1365628599793647
23131456 7592254926397742962769963584847512397472921773847489962591488763746195378959699931
8683426419634885448873796178737561622418693996446282726322685662294895449427922113675845934732227243 33523973624349666522371923572734357741559851
2214939828542544772218884485144 699719
2979666946898775348643685896778223546817343798744368618572279449896461753673499 9533
87646883575143135873365759774613138685374471356 68728476882922392455719729817432614511317582548
73933729791949552478397772326174317 1723494649785522588676693113
348925561393536 219497781524787883
6458717644818537912981394927719428334 8877835382352978116122952953339587739829323527274918442171713241851528413969315991986153379113237
36343161388166521378258444261768625511118995839 7344648564826794757665526759685191488544491295162661433518726871712946913793
46345425461993437811527913175975723333396851751977547 42578861776634818152985869628962992674
473138376835182354324812924657592286448655477349186859213652 666766455194892761923944591837353884611863716399585322527997324893975122215619
78512582925 6446388355169127922655137212422463198
8827 214972615381663122591147624551322613194194213361939437649
458641786137313522139168924456736571199115784684363615992722961888258884754 829274196
9237639117515832645313447115 89443119792388726119149672461714388559218596
3121239693482346918583652184398213445571229311164531687787564325288929429174627456226829219186973636 2571526654827847791
2181182874371576637347793352137875187861399574689218445723619111678693799866364529232 978488474235181985632578621684627468251441
144493341 625884548573392853998162892252155496822894813359326441224496547575358715415664874369111384
2276246986597133532187921747178329536 972179167841614529321715
7746732438651443497866874126471775328318 63167
732569425449513575565839219672421399491731626332314748321558718756711639951376139773981468251 813244848714124517972829676142739823268521516517736
37616563112827498498782382998474873726473947371837429717245 4345396523862595622441749176826961473399398583499186831495552331174792685651427929239452145456232
126541447379358497637667498137892154941698755338559937839434471838814 12
974479494941685641558993 57712862193482685975142755282448741817315917445224572557115735851
2142572697459499572582723555844499567976682979875446944563113481163166654597 962839851
95772981619288675618371259126889761623519617327637 63671489982133373472
28767591832255842655531 179634991975372648615188712862897787739675336448181734136379
9384516848155665125146386595213421155429237611314526923224243418297712674378769367958 9491747153461447449787877444251612714617358981915986828754352849467392623896338999415849612
521319259794261396199249568467435722926 27633642932693417962978285552568719394
815419236289512188618418695232171171841586259798418496982732134162686664875259736 2331
93291286359344951437886841417768983131884864745642313161944661552225224232751816888655255918196986 3494374163169273443316845662
5897359423535918546266752534599819112752411411823 55276362632154936233377337489963144616616163853347531574444519683816155636568588287955868115125
12413441594181795946392734752733784925654599573938 939272632539316267375964649154243645179319542
861714432541264126688171132818574329718593257511624 248624967176788546817878985284774525837942743348158153764676765897624198338598591122
9454378556488389479932463 43823187763543549556497
1123946532417173148779364249414564173334166857198247489674 2455817915557932791
3115994442944546817797937817199727399926 8956457437214924929488569823173132883691238419864922746683943
5544435483862957 791622962416687731753774155124978955615911768738135167734979863587278649568598366639234439379
25867993994241833977685588296118983483138559 79677788231622567424137796531415179536769365441831546183521465756
986174355387481976318253 2137
91579628221922391674464718625516161356861666 8582372415643639616864626489913923962133982711534825628895726419947684516885242338519
95991653973919535296168783582 74329574582527475779316575911294474577
2671482 463117959156371677336928883573856784985934437854854951871744129954
93263635599338587723473817753388874389295782128149292389115988329479315183591291991783795155836779 99729921283799647339743949749433771425579237349916
6187149112639863522671739767777175111142658876293 991964
4511474677814914621687133561269 6391647984168669617748486287652883945264183524527548763
688241146645 4686351723933259
75741649426917344562248663177575262358922445819 7765
98812741374462737727976479835325294691651289682264341962132941292647 97797
741874296945835198577684178167596934646935542563745178896553693 561488764671121931797562837722968
745877678948266719155633637627774645246548893654313469928976354474483141729722454893233 739952971432612115289631453418294295524824512944161
217648684147342257338545182 76492248267921141679474929818174761591946425971189759474
87963572477926927171179789594231737331497545527946522494321893934 9439379496674355379656459355171
4834671468516259853138575112276596763757931554477772555482537427799172191553952594318887713891 7243666799874556754348519579939262196312143853424532252482148251319284563128
4744297238948955291616694177991758693172318453859175899541149866176641714 94718889959665164842131835838573286318293279646
1748868729739942124686587267717325555493812879276184774586 9542553832694762446881431922473215145965951
27438574776272351211324691477128523486757115652 56417663852721229723743613281
773866438592467522477444316269425976852524349 98568443346161221183764362778247398186799398
697775649691175965989887131257169255 35673272898656173989783653657235136392741891798299393468
8741 16561841594142898718916189178567966717926962993459696192755436245555893539
2434 85358
3678144986616272531371119138368799245494567914393333194491 7625312565686374291856841385877624891372
9647645448 146954213685579775537648587992557921779636379772693493125366215955336413
442942599293823354771592162446 914439113263728795547427756681235596834148136633931847158634735535911789341766426657332425159363932
886368964466424528777554756942732845157564294282831568892649814551359592 7919346968516578586468127153943317216519895166918511759566817126193528687322172127722221644852714464
79118381971774565412865482913791994942241359 87457999457546
13819819557367645589365361517 7516914181462224656315368357327323
56843313795717589917263841828139572584342895211568135893779929784741349218145586181349619 875762541583721618624559635212664693873554353123281781515742911196278969491742896332432359
45518477877486684664165178738582941475519883972635285312742372 167734217923816233571672551
9438513663749774897444282833718163367438733946299827148743222989214979452316835938517492752674 69468289971338915771759127427696535984588662911293672694918119632489335
8227542417114882324262577394646579155843961226213333618565351 9443575827997556953952619638957453339369635193416338139685379977373567637274616111424777739438831724
5613188841296185315484633818465251767426644944583775698919176276186929545363829 5892816669396844774322848816126425964651916423985758681435547916353462564746533453626916842287274
39488837713143538 63239489281192833871279876451254482171889739976
693782496823474633131239513486126721 57775646379883968473267973399443412766782989567752749942499457916929524763414471162857175395
468497431162966727436744619634567438871128534397699577443123534693587571532596366987952368444269 96191655693368741666
4243571627628224465549676478859731678791714342265323 684797855491363196
44969344828677884813561458313978 591526758796443769492813364784831328256521671851898215717549915765942183571613488935651941
275563167388473524 196452114135794
171287412774972893796638865624634352425559474969 8167237475162195222287
422691733839639958354131345841667545185335912122566139173548841615691881631323 469429167751724843617913937147552717974527365921358652855824414243758431162
91157947779152372692268715578795969163798896678715471848195885855175 95712913
1278699513977198165617114629616538389387675816737879832563297496326885 276494678885874683577753929491659312117233713295938
88455465 157519347816458977772117681621721
75194731519421133972978919932829333357889543258989823886897718968684839477247998743472 244234546872145143912942541
65354888 94579115646588489312514838288737656661275912524473347731687449571316668832178369546853646968743597
2479691 42826117957816191445922463137623429957586965437933373776576126682198458553326312322842663615
188889246995674867642368871557537918751851827815386771584718149921 23434423642747981347866781489461296576212
8952692337582374142 614182973483592495635518962723375262372995772535416933
6336587336167426788325435312566 37179
3126165679897753438554212221169347174143337497986349912641663593849491786688577389 2164529397929331316481382796959954816331674115518446755843697799857282232982654694593564
38131385383393689556136153273482438326 85354516634983623557114393421432868362969696232483894326394382136728823
797477143467945121686181844552212647136354 72456866985952997992757446645165177296354383988423683889824412579745887845286977927
54877775349451642466156422875999931875759336275874872376635448417745747 958896213858395747311394821956
69412594146762284455371685568976547837367169675635692191468824322785294232499753134698162573565399 363573876736488584167125647843835344966441612363413112981673422663616993712265815981985994444
835473234277158514 5894151138557757342791597937876724157177
5195385866352 34876
36648241645978415815465867689383433379377414165969579484991851998778117498371598563 5865665739662997958544968121586557588974358
26544747751328248323994452645796112 5245792455686372975765917569958158521768576726648756454691559779168988887641238
52723299625 65765
159637499814189164154381515656545527346479689715994269686631127735514788258165382725931641483 63457254884932875572711783612946338913951171855796494741514624521845138355915
726622431517193811394268 954267928494488433782318372897391234646226
66463985187151 1182625984452555481956535195784666329357143747935177331412665974346767987379926757874517323731959
3525693364942733786592364589199171 425239132
32479674992154138387518171383 9329714189436765399416882788211983441
8465493 48411546746157398931171816846998
377846721337739437725918374145138191385943 6762428331731837871232493826642283338144677915393299157184458928349
3683471317396229591778187636361583479435666925519987749321272599534 82373151973991955836751959981555982849726453
29746455173359851716638663451578899258858469511335693952815226825346285613117286397467476 825299479588131218183798935694989688361296922339846835494798768287845
4664791376518268 84552394532711279854551252546939119119882268
7816618193322394643145882621592442177386879722953426332732491 622683437891861
175321721647379551584343354395274524521446719622951362237963752616 288551
25954678814246623719165252489 496998597978495143265574954244776534611787793781795618738917354914279523914532191315
82451418884893815869734592583932 4724984132328931168313937237713734
73841399695447898743762568951599937693128738482599843796456288958744555 4351798674477311176124544736896245261528239336745942115461446748293721853736526241868644551891127171
71245669831373431661545446813259734945721176344539231479883325756837 765994511326167153663352752794577285456662433962233551321157229357598976232126219885881967138
2417317 5575763964544896646926959
93151446499647117579832 6262594581958627938228466212234299221338895737553339574244915816751855887
46661118349736999195833686314158199421 55687267736361893336539371256798235654169726231286453658535131316687223942454
77163139829129977182414349786112 394341766142174274713264481
91268728425428533627822898693621125432745262859787717657442348424137868438629246344583137661921 9447491239627452786572973552786275665846936872175317999563153251122983191658677193515
43924439149196688738139569181118487682534738453467892274 65529168674871357259129883297961417733623968999941473317813318777986321415176775435
64413811393123421958394783643236567369197747229255522866766822294354397622769663756567157 8116659722456233655599888845526863284857621367233978393147
3636356676733153441596572886821252879416954316954249972282618718973134588887617162498358616884363 248899358487278672861221474959942327359125717762883
