803
46436582882563268318 864219883183945412835325421184827819833219113
7533657746177943875247731316881515442859152 9921449859128626638685498851176945833135975172519788318
125477871241152862731519675332461411287243219811153353315243513832819143522216558275625 8587726643855462556878568968961179951677556518438265959748863835629682752567
3586975138781732937859554737822935423893484184527299694599939171891915798623373172842549475 4884591565519339
7189972455297165554966693891958962535492495817191551316673528415553788393617492248426526 54226221267477745862478
744717496421928773846399 84735
97334933467142512554212132394513794542529351 157865748
3638681293375744183238438424611658145691896512189628727554235 7531748328858174643296878669682792189234
34463277212997733531243825179277915645423924839181893391355644136582 72324397352381514331219232248
6218269284583724232953385112956928312456136225468952646493 4511992
821993859493385921826979612764667753513598158227995494226259619759389468523888684483568782 465222551287239255689268571
76498532771824228977545926197461338541667643795566932384356376346378831232625681 77265334585232615225837775832882121423556115558
938692749597176622864179225315154378948787126 13318165771654361678756215431667229724945828172748886379143185363156611232289692213473588671766255
6561892981 398352192195922945555142423583
99484658129462575776892193398826188383995117897772412 48387831755324812771371734448129768497473591965288473274175931153216438629711246862
58631396955724387241938759224538635941164712 964724
1712751716433628466144266915824544368726391374147555495915233861914599248311869391489548517661878562 2137225795324879834154174
383129431584323341714 7994978253949
15633558789168952133384599647114111426426343267466526952272641564378 56854384268552994623121116228178964294586536736784178126243539
239523588723821946541744489834961878981783539889936 87739194851967826399864112725328425914662833744978298984239174361756975491861537241774133
1891 519381951185256667
28555715481687654127747314775954892499938168231281379186 8975889941866618823326895872115464335642835949251144417747933947781784752856
6642594753149554948679429665492469335215371267821775345945969923253929984716634 6154518842754462774469563732189594377
678885274392676377713671178428315429879959867519731581184547822489358964 6556491142548867756682154149512874844223574393144223835331154992412892824576654114897797222533
991428 366
92523345115979247269778278955163572337215233637964967921231396849417713465 4426977997694226314217785
91764925478858564819896352127796273124 51148674228415471646729551297738396883366737753872371374987792451523843737565432386713974859783
852576274148289611813484489489263139932496552572154832541874851757669364483386174736617814584622142 883785795712944761778473365928379532638367896781561937654724181126167718886889218122546
52597852491741494585844291795879315766483265331117284654233475674 57821261688283693377467715762863147666563599594667134166276248
2425782884643 981952786696843367
869619482589763752699528153886591473786646196894112658337371 8664653697828
46556254863623349472389837152484396366455225621227953844614397713281287287248 21862521782278811241866435559341996695492132
62152853 6362135996488364476356678872342492618887
14779777266552251994417633134941376457836572421291797539641229335288186743147186836 6763825538599
41191539236182392558233368422981 563676391349923
3554674613296586968623136275139438568833388942277 5132848114554459298692277866565597372129167619145566936615927991987
45898312957225322 35632519978527219654569168859224269367265975394364415566579968816825624395891
6 45135173851841978934254976727667191145636647216943357155619896853574547239555274268763829723482
481611336567715917716358146985347264289783 61969724912858875195179557479999163869582931658963664426589868413383513874413444764353326862994
2189862348647539492841586256658652468949238971417863733 75325883871942145587712131755328729298327963
522929561639227649971396823438195255976374 214938965982764365997539964566933868368849496271288
7489311123782236557177396947723428289 1838461487363387779715336284121985367
4669523323456498984687822 74868656773437196458541666832113816285233582711536149789747947484338351139447
526128561848744 9583
44178147954354513 319229341795967343619233761494928553871
74399561767188919122853383872759 282456296774644874327886772951433794367141971989441996751676682922372312176691668336481
37376289348889192989896734975294156933569351472211379624 8191116185595481596589676599969467365531891722382388467125765
486632419818212828322422965637749442191213823977651666258393933655139289355651 86454846986914763964724638284141472783312412979295712768123922782339445989877847344826
177365325472388153913516158989793 62183849947765812151782376624759733981291291332264572418
236173843588834495994485671169691458836757736231957988465678822899 99399782331668184834152922827846965493652742968245478
3126338616328599139495199184848786587172973718764132111246189514973 14585928321531936662398113131786925135272758277928137384147693469649816573662
9238542954534893466121699223342653643 45431694714286541851483223265895585815773858635187247643294453431472824754665696898127916715285
592622734389775653179625274887473364782777851274428367332889694456842442 81539334864273556749763
624137556144759491759882564211558958188823487118115715152752778567416616855987673785871183424 316824878323941454864691361865943227627153964626113251327138597971657984181554862974723533548
653143711663531583394963991333351893553323147616915139212538517767214621657 2428528372411794334536952767871615529581464821173771
44359884497134872947379655265975998359 9827654963527231815939989498365755536184418857637618341258285631927671942
1458471648629 86181856724817445
4521865258248347657341748583439712162 686825477843833997182992488758424684274866572934
7412386255984484166452213268392926327242691 26582464928324465147846684585936879873257848711294213999186
12323792472818499129532565471645613962533414653647331658578261564638447627595465 9385722813692279655112985496337937316189374996917837321955643
916 24714322331134822
12886525699977844463612693417389644 4691986589627489297548944835188855892188341864146917314124948342428674
44837495496846412319363631918546421125714398934436679968853981511544 68891729857769299847685989841671996242455746888721421525512694879216183
621856146368881139217596418766461581713 63274898541248115595214887633255385399923198823582
7332451 52646549524596999414492531815958735273566364558
16175363575313771794693621675732111623718396263392151199975343511869832562274361955817446 183543915472135872145636914724699325818482512517728488248873216787
878253426834461899281491 855857564481522512
11246113311189852622848742349273963944274163673 613532917751785631243962
4953376867 82429769659257428
738681867625135943278225252591512112926943175315554572781623 586296164352133226676133387792151184
27657345579554417872857424525454435643648481731119947391394415578285311916823674 499561445624739953596728647659672498363199
677934411439128569737513361737387127648115 771255217
8465654591268816269491995737925623163359137787566341319685732364925964736478679297265818483182 711956776676572166823813981171483488962652553313652947127628955
798194178126171389413331772378582897396297439327874536749371159 322376927212262499752379926961196595769539611859359912279586975183694
6198648 929666869433536962944267837845848492873565468682618853788883519597
656897377936886178933742383486972756839811944874578729843483519479892292167346 8243149984137124482662667559671835233682386587
5576665255513756854475541485753245358142282195372 3591869862489716334562558685562856178624779463723163922135412695912273458373541188418525397
47768175182834445175717368378996859896 5578234868557399161787622
89136136227292883179654533443788868589372383662651776881493869565223295358544577282599773935 41454562283721147651683584742189859722397116681491882
593618494947259871755262788661935926544463977619846248191586671998425217935794136956929235865 489416832717668829248695476737796382482416516159693737859677418431621393718635323142
325973278761453962338982388943488159528724721564597637549741 794222145169514738989216
439754471463394321687133658561361428788391175472988434663188356167949919 1861666683876964829665213914
352482418324646194331774214859154164891766614287913314926158841754919165848 88661189564745
8756873131529329391915138898637 56778718536381
14115876651645639783431714411467323599376651938472835524587566256 184649851369656153896957212154254998979176943336128668316645558956956235361
8691116239268864113374599247 571661559987111931217913987869639634549117
3429382465169411333473217875 1945289937232221652311587295183696392296849752491899617675228763353715578261263821142619668464
3244535382438661215223288822635875314283842782235 5399644973159184149188454111577817548164516649
16358683718343562455455897332615274892373422399686579152591986796387356647177965354744448721755 99388189111279198857367416475949714564257784319427529735164595635226578712725493699863
45819835765963157532832257881775361765 11897777538328662291536726664794589983328831929286578439942983331399773125482121156795
5761259753472696819749744267984614328341493324782564768594641197869886524299436857661 32522872618349994
45576537949571721766427321613583775373657948351286591219 834124347499979697366395421797749846958354911324422758235
696343697312945956414222445314999765456499686851736 267124287436536611258269845671629427885564845778762456751687372818517471495182855187199464
344481615961435322461342378341287882168913143339935237279914622 919562581818976592838859813753884169923574541996694699979654862975951143954
994455155528777729615194217 1765331828582
613488748727534746562577436379337971636822511993693887541644619429479635644886432533547 314989665154942344355479767886278639573858
115338796324 452823992941992349921194282689396613722849
44543939539373635142316383488371729834818135917216654789258829525749935146 71561446863689841398932727624886794668314771429141139863229922828254458514616977345
1825496 97511286453742658323686591118978716867164461213929813674435795554144396776523251895794959
2842536895598927255433969296723312869 2399111667456826185253691933682181434927636536629759
625696247635733885452255328355434959875324556728334295738 567224448146181411439498779376689649248486476867437349855387286292695188121735216591597813
2315595199944272629431274963641461864626852737489451539768365358135937985736637228612384 64669639493532998387265254153456676372565973749187731664856438
1348472861694238194579275399531 5751948984881822148435715326514596
6653965658947899369477381421727197126991863362334317847342333358211491559315849994158312 77433932924547542182923892993
814169946448142729 21723457864486737665328636341819674876782251997638453333822933789945188431423964541347362857
474876148693761325377886715699349629689813827291476381457926765139872223934975259494721452751829235 4261613891843621295632619793889574141672458748964236734781693743335921751337697732629358818278
778522134976817797553493973323946553998957892288736328298842342 251443989651187624756941398531355913935956179657899651276447295337358832
27974422518344689121544494287795436634345288 5461512149836669429949915628422827841192584287
7715637688374396483983497466189841388381596459654331182993394213129339327587469897183361496527259475 2183
871225611246981476654554713537487693827563191186646 665775664225537535873656485677931155238563869497984
2468982633982779128374973191494864378684939676281841788625875 5461712782957976944772
696937 23537654278815777692328897275581612134223118396955254252
54982282237471994649815743 2236576861263452248839176
64486768278363699469596853231452963487962426486421235224787413536 333868663941516227338928696327495994768555793593994626161576621156845758
391657238 62493593367817814134162744684256193243133231613927387131274765446487328
6688878926283719335986638366725296276318571 471765957836778973215566313159193623557184774398817634483526845473991
86615943332578758835443615759733489553537461375114392366113219736658474314942939979198 529165177984786358371243964375275295193716987373352865
492157828263492512442511712875895775522182115895674415853653648988479669179144849894714729345565849 1533864626819398477137659973436236972576324258926768128761477449934881892362642164
5726157625537245512723969859965579743849496743542 44444553666114698997224298921372968668587291267283974244728457197886333325219353364312224649
24 469854861952715992116787875256
375535463771 19337656574944873183837864178884296575544886936275462133681839622781118612331554349463349183634
123771147332579627423976858788174393452643914944671927523931857329519259951473788571742161 78721712984937273638513812228816771646537
741145484 539548565424
5583644735333476359289372617571291913864893686239397116718739829332811244519256246631 574262747473141987256297721887645885369366833866135531453171749234748
395288315648329477855742892616624182336167771952229755757948459192 782622692821
3974613352648425198461282936937218893922841715 75693549494955927972188154827637469699129665953851643223897
246164413238396315285951 757163319355779997735584414363213483433784375782628313
7275735291568226868477684919452 27624451823398336923174591251883792462935789375142266629943177473299
8121455924245247515723446586654379928286925524574138552 73337543
99939528325154564777812995142848994912763953251 83621653715393319349634181771294586695161531923
5466623334236278541921228152227979976216111928714329685766335393194841621671763 22791834964734181195854473585664937532311282863551921645427622629926752136342391615826994919
992996447838775224697755885388389 54255985937115136324542125616661862
78528639213 4788541928464612651253158695322694433787562668345
86796216549318781561973239879649914277339234489686826375658697414787751922194567386184397737947231 261535919945738888979468466642482
2756686596694847747678961775222723513912373632757613429 87256445984242863375285173517934654297732814527936985526272
8326 31389526911396738544716395164326927561587936419
59657221471319576781847615714322698212293448272823749 855517714737963252257237532967569562457236395259754992379741228176
1479777352331118428775135883687969529318731596819957729139841917516373354274455684539 87883591613934892879
94136171548285694199634217462227242783166486669525876 53259555991466947513335556579117234643112184755212815336841963537381715357455499189185843176949736
367138986946413672161476783926842744827816689178889226275376342258285 695242324847617957614566911231989164828945494731168929712339367
33288791683719424389323362359148863339239225 7169385887134443726428611569729426241961265358119136951544178359
6419418715741238569134195494521862163536127298511529527 9982
6731375822656425639641775276372 838699831718
74418243147385845289436221786425454921852662573132718 794511
12 98841873288
626151991418847951759419256244714554279838985666371 68864215544442134692789524659322773261621358454
42142532549757511 771562298811981378735844284379929546831564274872644513658418143
13421932296656441 22682755179218339528671866121828625327347442373181958227849476858866661
22613698286864111867563546972359844447356585458469256297361787342318684364932264585554468889419 13721846117743371696382569691963672958671738156693551812733448372897361684843767814972443325
411684766297157124175455119194432942425316953592928 147944653
8554884 9176828945918415881897658454385249412759199845691184844268554395123267151847
2511278162787458286266244262119745379497289 85124537957965566818357878475572399677184461791843988782188988613799531639972351754465212178945893
757691248946583619983247 7526745198776376236318625131788219528121959655175121
76945344356385997571132342819332413663763765142868852583482561 535
5273728667527592249827588282544475649435784335451316352548176865637183549383756158446 9496842151347212
643386838111965286284916148 56756597596249389431162983919156613558816468365927428997466717332382852496862181986969824665626192
384384346117922923438946838843212961916274454 734131834917383848756371329114735428695656223397462297439553231264686399263294889622434149591
426494564251173614212483532728249123193847159677495359632381632135672814141786481647477917 8664424755384598261455225698851538956386698763737267452711752223833457394969894289621492
7346697326261983862451552535132716958352664195118 933375696652231749622212136
1354394824519195641475536761853848957544699971492986 574719545715247497793741259218962312
62158631849448392857627481887375736577717715422179 4185137768195959421693127596755628682973987433566947264353336818566451416334296786522757
2699392183643367293454269298216968 358998293623693644387412127918683166459839281353878586772
288992692513661534489971346224 8923518794537536155351366177222513785247367672257926677425388672895
8964441254429643862643694722481258155765999762772927642357272972973973881199672129569836426899 757779815145
6659922218884336296484213659 1473579136391386838595597247652934331214543326856823978798911664868789
15536465244568219738593653 7614818592862
4565382882388746556498471368766466253743975432317886295128116157424159958659787717422571732677961621 5483584352734794634377321257287183724987149629262913975658832669197851675715982737
3341696751883762842621512953538439346587743236126748936766221844428515589876659477 45151
3535829539356552934829248 9245166662733185773253663265396426226112
28685625769175975258796726186292857692757766418 469718116312324276642387261251661752494945755587
38546434852238338559923892881374141179192746652884912337129549583477 7127425611824947262547164172971349182597398985891461141695255187594841383964554436167549712935181
5498717766527745412178465385536 656885343
689754289915761733365293989195842935239917219267723962262258 4326738951
1933479192973564797796727535436969621924471548855774535458717 2993445842171411
95388166257375941158178298885223 21998126277899186333375721114725426658958324117994638768497692733943643424597367644
8998892275216751155272938774496817887356533565958349452258642196891586494732795986362 914149483192427112136544382784181286743797911368695981965261483583973575
889287388461121737362317862436229836286292648563711685577238919714444854274959571383654 7316143
4457386861513949364417574576229669228941349438 217653794568293227748862588139218176286994261245355186499382646
236594277953 55239179733442958129687243533463379689586343951129149127192395825259334322957667921992
877131345777 17734429349261162724288785342754847197138756978238514591842919586285611753126147
9627893624252537918798768996829151634533761695566235998792724882 18268258389413353853993458125847672658634213993114727818722342
2298656537227972179814482513554365448912 72617352291434
49125312959535237473893584154474 69716847497823764823269
44323989967735359532577132 99253524959355244888
481196598612176413121485 87139598468134756525389
79818499532748765 31312458684826515229651474146724823326428449259998455162
1227365266351548126578193466866326834769223591352176874743116954493761737 5
9224445393765893513123836562952113698988491181578777125355772783585575 27497
3117812117133162311155998321964392365342836362761743 267522619675798396716122561768385967676752557319851
2964637325346236714884652216213898314595822983858857355977733454485194651549566537676553116327864 19671968264963314943353542
64186191254237876169663553537796842342287395927 7839656812841291925222964489513423213338956946646792159542286929579
3679684954 857544739669917811597736375823756316294163414871965923915727399642714894559289
62833 6768296449758718216523466371411568193692375164539961777397
9872139915771139642735116878923645845386934349448934842 386483962269659328673379789354965665444619399845423541216583146286985372878891
28881375935691755672843175243782268119454818333 64663157
8895343186432543517885651258533492 6694474552698432334118161756599974648622173974649
78316244589393573452543745151551462555 741159257529756343211913232781157465413145548698342179723884475548442917256538249198189958562
8676569871711 57617263757983822652684611481427195227571156993535581492659271
2251422417544575145937925942949537546668163182944963 45493262292272731856159729717472322577858146
13419494826255254656941291785 1221981874348772474721746288625373888255171939797741485214799296141584971
4291513558397431766848745 2244456746982417495318
9223228738482981 766741245949774457764387999114258786968
4868962641753691696612452588348938611431319418796744693135643494364197255 4866964199992324981544879641964219453516325913657448259145525856986866356112422921519
2775192624719891122352278835366725588129932956185879247891117475622567898923548769163836 9113991385456192882265499131424186425944999716397768437591848665255387126326377363545958338174948
38758694286989426692227487833 1665482648959215759497457
514995854913265887396681974316745689322235973598432249591885445324182713752647239776111 4729528782474774598821827814178417667672119273154184128531173747515468786
689594162358976253431248675458 83453476491519253713229476838375
8822487733233495238116872532986731436482548716679979186385 7365731777166118338
42261748299178867973162833468521148568848662592588688475291288213898138723225972483 12943654
2444634675939439256381594539566733681128545858228888276486133465975 2644
4786751564 647647313
77443393719791198268722122221654469395812976788778585119269485334281693476 75586857988933767839388455816511219694223791263313
21923696984275462538 158718412229692568
8217253488648134872917617147795827974967565567954257 31439359552927227188282825632629166724529428348589621667756478466394728211259398462
9127229218257362186398346861815181491716955917 334373457731951862733984813845349841516
891996364323715893596757925361136239978685595576973898584568639951562414486 7282921828241748845762785453867574238829686679118466279183692164763989118738971275824942928255476
44265429413593656959286495145825769889915674231312323357968227617792741967 6
5412696238461247653865523459458939248826446838468172599158341896436 75544141367529638381229554684517746541236998566941
733918187814676459983942719761265638565583884592879 19953
8619128558912584469521253522934613226372756974174889313112534647 5473619593959234733265172626736637612382612236935496787532573789768479181571328
6247745183945162861173827261461429473957945779787767438272415199965 12549152318616993338763364494826
179892762977123291999136431553971755962875575761697791287519894269173319129515672585981376429 7329
36954493 4652854582636996114669719461467658764152644347968398555698
62553244963589637444165311986367939238179847428382833119619438411768227827762437795139142 43986612556683884667799259352429316248586691749985839218596582893384
3932736443479934858178579457524344 71419885435787174591114837
35842284872451551917745117762517761587383512949818856765 64484919295482673296877384682856599689418344334375589
9456725212134175693 52525553211426577381
235146836938598849849733638927574178151557847738861 6289271746232635668172488932833268819531522532874799668597146
7695 69419695697759727572136399964393565134447947326665242389266321539158
7287876814987788284592925521749417961828996331264575559815217294799689 831281115917135622326951281619623336536259844997497552866957698385995114691
592844813124155257726 3969673385635961293326659713731472457551711512792
128925581798853698938118524514893293163735373874463138385224463571752146399 6824811567516356388412328622828137699
1195385745661937832916885575636887673537213183882511237 819367762426476341533398586
551988651813734815949115285881391 28361752464315881575592676
37737152628268337155639135761357189533429179175782127961221743371512823752524768 43679345463492252494666987729515154557444942389955491986156264897998876639529392162583649667697
7992441963385216773523488668647511295697185972333595626393944999338133 389292137216297814924226959438822183846596893538867323782628654261349671775553799242
4837739674273183815816549859864612459161813185328794546 5859239357461667728859193519231767273423828314745435782915234432528922
3219724772436149313596 761337737859115651585937613962975746918226483685761335479595959923421271
4656921 77115367315
56962479411793675618473827798157477776915972255139297523967231913813339732781829698147 859228556494484371252261882548762
23921465552118273116764149555333699682491876563862381579184213628112417817818697 287263575487412821732872
46196813693424923973992588425423994291787366163927946474426941886966439444959 8158568998311328358192129238419828352241728238287326384
615978676543864243583396424228336514445493783722 18659476697188163224618174968917695
254177925146235235953187911516928925165822522393391561283695756236417912186651696356912276758 86542695418333257442662838
69749716852312195357814743134268169114875699264594365957253 912991214638554514597
3561591724958413976465587179725869998985981275875628158981395125973177787632776697118676231 4994683833261951742553971
6779499 6129428679918232
566664672534679951544856926945387532791936788858552 114654665873996151743219968968
8585256139374238945988596578858119877 1478287386732629671827577439593617488885697
393699286215621538349489669714788265481256957137931641225541179924 35132512826471352424536668
8368191671472468445379516358249282566996981263951348114372822525 187319311626661792485851
45285475658316735196573342617825827511867276914335352598979258656282677846 843138544731276871345373
259656525416289862 987586381985511554467492684289852426583281268837147253421319754633511856586
274948121768548148573359565142527149731966393867257127913888734257245846 843569522
1734515513614866318342952 15613222575
313228132979557692419286389441221334118 3817488867482554
946644535654948322822411319674532253496517527221592878629 5751555492632927534563467311838172396938267997454729633839736321811363369
6321685285365969735991731727467913169237584482571888959176423796395819362284768719721762 29346129263574853
85156444182768668811345567339848 9868339897647963945412944532753961819588499
363329935262234949835444953712157898959867153743813281612398615491476 595277694471798699372765488526748248
83754625141812422887665637387154329362169886655468854924957552217489619931388762544656484 933499169331457321687767591444767538876
6647896196449433714981272415516798823229 89244733478879653899583199722283354447
4276279476646572223176942843452 7699971963134
7584642143524815154484859 82818416825912951849283436673573748796674578315288671935512519187248614281
76972639762915751698663725453776888897153218188333247568989432586554998334 757663522722779481634558969199542444431364464
78124884778425828186432619194798784112866 97339816372515854214223245894851933
8667931378938612847449554965874477265332283 12936558352394435387462195887644425874669691871148123483744673121166692513449161592524543
191557463679 195165465829326246583718158115758489982577
216378617956684813174897134496351868833876764132815955151712525 7521479779675945278495512
7499282 929
669949347275681916694847233934655828159384734 73229256681418744669367124562882595585853886873373659614
8612933783735583197612533516672346362589115444274465266498953168716416615291412 7499992131918982826386583571271497719413239918946238162995654468645224937516
36182654632 8764933563795814117184326868155113765839243218894427551368192465928
24614118265441617839939486954567798 66362434596884318627
3718551656774943753437854988961195776992413182639133466384581361 73876753635829971699355151956458381
5517118185432151943546272236298276367344 33289727365439418641444725298318821541139155833654599764568
573251938743922165883447738531757681591113761352 4974152255618
61178658227565921198269448521851379464531311323848264213846149188778215 417134935725352843219947237266448575734823572314287686492124331294357761856279465956835
844588641663726983624776323379489586387326442668475938516216121568972375363321518387695732887442663 71286138419948983813814346762818
174559286898848145135475242866769896286276312 415559911
5268561551894919647939326719963382516138512827688241313212195212943461956829754 1249629876947634189899454148282233815565416428525122995147542176241988713574834679823784814465163
4791373593478684594718263495919493286296691637436215254 749519426113
777172533682151478717565527979257646433245 62313337457614662691526978659986545845419
238683432698559996252418434767193624518596425476474918899397426856425299634882789923377672238422326 534228477743551874298626333945543979576686711383357
34348935638358236423395925329321182218561745185187123197622329163713833684 3
834558859634558334916178262499879134779632477371418926734799892 924336584342244195215936322955998284982494664932527742
67597482512956836793544375264 4417916824384631768324219291551615834594699813792158381849683944164629423925753479464292
196664464728113238156257397473818454992489848575771 66567851529661684931974282472
478886113652961498566229221424392813826353572624689299442 623682285234468268163235457
417287169192215379529341157533423439897612483688875576581297318293741185952656833747597772 4499793131769652634959294536467
282924351182845586827618743224 698259617285725544113111549585463224845194289725484695399441957212113976753221399
159985264836142191871989874991368533481878246735942218226467137244446597435 238636798682768614921616751642358386657244823161249983579857488422867137474
9714773929458116769827498597182165165313756918551275555259726861269128836751261666884587829377257 466968692213141962513672655777453347981795879538764
746 92236239341989984122839856694532885871921161211885631862235749337366845389396516
39593547425213647232581665618262888921494386 82821
765764496359 299786972645262699228235913573183745554118618363732641918943191664626128113696734335825273133
76116258375637816425728462527626689516873167459579676322532121321971196494393857729943934634533858 285521233
48433341528 87966569946293928169731843591468374658
34227867684291728527497369395324747961984234932263594318 133437195385278649697453551547412146371285491584
9831229418524948768276544455184531527429643653984644112382226734922589542362261734415929761 391521719813853966844913959594365835387197525945899322869763437497993428743
948523721854892751999455265321296413736245 145215879
892183571343348658926418415754 968357615462636983299528561481128192818958997838527889879956849899311496414557771695696735436
366629344664872759965613785759847199132616949219554192246759498596396 32575761166293515399495557888553641965541972916854741144928877551849449553671738
991786397149453456115853738797547585374843514723551742798514945883 863814274556763332387778127467319551787124698931231145491328
5738197682269756936487523741247627582113991699539617186289168646428131 95436318423471464595955337383963998667294199471222931394352688217584222636
139241822558761416834193764315665998467611239819482248999757534 634914928552292842894
19376446616523692424754465224957822584227564469543 23955841341341415861257893637552828654528
61434595455938792898819577534121945953911744174681865813712769533264613 1674742856751977257113533966
2394 66882625255544527145763613186686314656291337234445182333165282384822774382
646444559218811426326318742453239422674911494412469851121786317 191521756145643
566371677471817119677491686586745761688626234561682987633378898853792853841177 7876355531829983322562532418461499126244929143672999957747259
8223948962792664692259211687694 7853
5174218844182383383922563847466591316847188364773484969826243919849648522677283424934244346412694 64166273567771837
36939314527886262264759271885172246412892614212337135 55925379815
664752 418734236367565845816626732126977743469888873376854551516653548413614291114441
6163567397827219264923841886678135965959632443636576794848164754922484515597933756176878474617 38973398269576257244131
3142931778285965654239438656949474676846 924833267362882965822731442876339985665871872971643617671919783449929113
25729756629786545621933523474456591195765722928148785651657323176936984624192 5155891294586296658792637476251565175536771752428
32485638417561959711131279497711129782 2
49226499322265637591281792474172843828999559669437999939619422229929865941684159754843 3744226325581353931
21659543813913119382932617793362923333175674411198874131411117635269795166818274212195 6752181273883
38642466774454945297952145651625866289854125665432 299444889621497678498217286762648844452151835
25222192868482764764336927425331869377581274475961113518433 73131536318663696567431772471999133
64623919183388977625845 798447712317326
69932587365188982854592434872177351783145133861446826853639294972852 975226948352995549561711189199277949484487212178896387
48848446522499 1926441598348844672489961672168625216634235977415599584539
454588596 813895495962539934746734
51994312862116491985385733624441673555474761237835362 951141667157679917166162792757767966654578747547932271
8978368231462452498152394332263452822393268921898639573386411394558734833883146794745114718443 748644296554866267331327142318568279554747122537765524533762619246569834233938737454613953568
15257134852615511655459863761222836458124511622562913932135298717797747468913863 34
94489894844228265842219985589113714669573159767546481476896477869361939192866815817189519 614769223948239815349772185318312479847219211196618135984336612688411163484826269998
42762136547259721916466322339923639842172967741254361167534275382178948373753829449356127168363155 4956475543789999384563519391777912925397648363777852424869962192331784848484858
49686696566266952665361692587182468769197969 4891197637723669122756824987441999926329874635523693873184843
326 958592255611488846821645148216375
33454636684787793914847446185751436279834543249374672526577766412435672868147 46851391737962993977952595385856561199475551311237432318452385653438292514117624984
2439883274697487747353363128973514333984625579412868869972425327681376362458244962964926411 71536519667773328876494929148579992138818944936835618822363952243357
626397845126894183168156686181448 58555838388154539578844174449227651775667966297668585936148815466763583
668669181863347576414666961279495 668995168817353867978232318378974365537543587185
22979398262422232995637364668847224254476257411751685737436478127714295498376414 75246766145662595532555177
737816949282818967434591183714455447647419747579293714655888739284458787998136267 67
55855293161596761167645841773319477219 65888757725723651111383338815169457555943556898
181327736924387367265984 5129721332148685478642525132886688541612515328128622
568519398571957166293829495136333652438 51492271924717865337419871716215425395389491859565
4467485962613864958799857412249128836192 52849425111283341
865344967436272227256794889332965577821861 212489774688671845246662761443225197511147985945226732187586674356165852466746219586633641468
1 41864296296719393945474157463894348984776771619116533256982531842591618573853872616692934
8335464551371258648756911796471112531831938763915193961212181421872813595624824913468 2623892547169719438829341545919171246142114855123
516243157938868851821842366278732374659182621696234468677898568727794281288578238861218477774611 8595173984664776514928132134614947881
3395975426 14773831856235682977692435338134761146723689424613127683124191111986784
2995876138615697836927347854951813255928874968842344681741252553142262 54191446458336385324253878538987741963378222914446526
386744441693547187278588612168757452987284443396746923369998621519966243999527695262458827133 41537172493918176767
53182764457125864894863195387544 525229199288922386464147338225429
7397662943225448524552159536957333376466966735784466315161733 2356337895924561448
862399485884575921596532593139965222632931329444961126894 29224798123593475771977482345394
6789851946123133325334237363422459313 64778669356565213663361187327289497154568827888
85331426172669985993431732661613745936819669827299357829463485137857268514599227854268727461652 3921487851557741738171358388292983671816489465471879747765346994992496751633739997844
126787795948936181955387528251847326726411757332352451261343494231913 549498725149359855
199418481444518823338394238751823298757344 718487265876138532718229912486414932952829624115
7463822953591678852558561633636637337218136471253 553688133538933575855597132181982179816877446997342745763758292
641234345816986964182387215466882436555325425569298589 6223331117915415897799451461358786369985
57961432316793481347967 224214673635369824855952242811394635954511284352761
3797577775741644381 754255919873953573761821232225689262922192148971246326
5923895452182151173579686357687 3995852527241746159724565311588477851542615226959714789776657593557447988574451646
18661117684812296452157491278 15628791385486933554432591925154
67155262929586134212652159994764295911869671818217478629394116949998426933642515361688 1719647369293463476298937999171
212 1393765388757616144687649
33797371 195633397491555734245175352122184841165355411481528345299167296976776464888523222928665667
18544141149976251231677574482624281641457556993436164626348231988163 128221766275118771586873887652475613557681975532568741761554363
7368365761687956615445341863229677626178781942973346358845757876635222777673699815412541279 76389515449376693579214237949681699
429912473517387216492238191942251621122491128766612869562846974148612844917654629994938248 222312481576457416755311424842328388541127135629158862363
7293856258993586384 25258271159479578521332496657383252289313633534758955512674441764794173379883882942939
384322135343779381289564899929634244147596241 312296446796
68995129865743186967422216528595157519958239518 3234958924253694254
677459393228122788725823192242457283466726483586433388131293463733 85568313
3944639144973478284186737474167349571682869241317648562339352915256 23742224181629195579477476515381966173891881237142
96999835382726332284484448349 36349157164435879448737415273958868289795128369655262
59788216465294367563857289164554269137619695 3112726386
595872564679498471125555746993559713239929281129444191345292658861924322893589381596 9573841483127255769458
212258283453317326655778392681315354123 1436588952728275637
999787678717528793235426723755859435141959578656134 3719898865648978863766719462325686461894544759728839463738223684419449752662789269331892
37289264818822892591512741951 52719475336926418581248723549484278981
73629739728823196336613367942732743422412368963131947917736 9861895628391976888877659253111294982581796214
211985682731131636571651611237439638319816245782 651323659653113143125922736192463992525545196674758
649219348114877312233897213685376513119672883546849865557354247599311817568662 655627382738619852985835383326125743843114192794563531918
348186137599615598683 1996875689461887915224415874516152888497848323
76851228185811341263491832 27217166737924321598
2458257946315266123938233119136989525831288342442217677417197675363474355175352587648916787 738951336181538
7 743334375793157625261433588671777531829182377734948345588421165154641961552
7346659458756767153176716167784579438384338936473557 31694251496528961385348185495178222668331352764859216555972491857864317918347775585111871496646
323852922512725266714554761579194997971787276176721342568974278311527221563 788957913323671265443838982435546244574624175957838742417297129117296688925532969928923
36985379418661874457696388652744479128525479893273123464931555767211744446661638996753 5695631612581
6489 591355459412
827348153758619596 96361746873468378431786217267558691224955662656169625917168241567932162368
998797618791 29553473
6948143786121752141964 9123714333468961668749643141846
374 284589396342935452888975
81986686521987646 7626545164526254411834515716383147911969777
769455989788729888851339779864613448175249792149848575476815164757258745 1232281635118845827574155516756435996
573554822699495738958351151432619839731951428623722131691993886155148847131744 6921756422633489918783948413183434381352143836641628424243746141813711723481434
87544915384531489826697569472771417152927622398948814896437867198162277424518513151294 9567352726571299395578385971444958827755135
62977594175597194414824243485549797752886839957516675786693191623545639287578366693593433 21892774615494696357463258135399681256337897545433696562784585
5232663215712127835293918531836717327446 14831554917451761535671336711738148178227497543446456336277381664773269823297769769618946522
195172369741313175698571536812291242622749429963351128923488549611497593284774737161477215563542772 24163661787399811959827187865614751122469524521727435758798758245178748781
9734823719214696281916212384427238618168281715733522491379773789323896266133155426257698671336 7766561433487261964
21787827943197537833977612881657334648852331422296827884513291159918 8959736296873247276371481317684121852683664653866578768322551249141358523513342778582853821254
76647623248199736555639329384855144128595231642543146141278573787528513163786173645496813399891 47
3644928969685 95877295744
52554455652339986547757584638162694563546411443538178 32451975454219595166229
63434558133473784946194566575868 98939346651499883491393147
14215852224774759426862227647382835294333234882129348678775116442787467731969693288 29766492656822941548917876716783242169991774255859
25773714748386178866684149622612572641773699826469842653 249932451186885643671894156737946623164936592758369995648785956387392861392
198139766489389973288999835 579623514
28761742347985748322364984687359953888719289452617178 9636469257233339298189398658184124776721712117771516239393
67136189534424758838716973618438418194786257871918333266931455387787256324317264388484438766865 4221328778652528596182879764412538421
2385431543154327788753531493496127425627578714626278128738958779151192 379748376251281185421511664787522
312417594598466517124135877453995741139285934526398274858457634155343462794942519727872 593915263941387122127226747455754533479217286157276388897685483379388972745691
42384535323928 97547879214725993168314845739538146326386391992611624298493757347186
873727975614579153814855188175456527715439533466838122894 12373559291451598357631
37439277468625929734547988587922777457169445978519549922167 153128457526416412657492474638974542877537377639619317671967764365731
4938 4491341688537486528251773842629157424662643679
145737915213882676414812872369982968976349736817629642825379688494424916699833 33938565632382466235636425299976542535896551
1114176122737727543588639674517148885991773 1324624376716587297142452319451168311396119431977966762216112118194
961883224781235482892554129378373868693442863329166 8322164153122931458921836431
71222818558145236371959373854294999995927773173669658246797376961644622292218627644762729171359787 16817912512661195931264726987163
91453168 43495835622168326388282149735517894928652597659751951718544987448
544115255578947773373827373 92696337623621732516146339
31738122825698186278326914279712836591748163855856428541438947221 76333679229621748871198721366394426223621187468896743139595
5117733616174413733771673585779451316661348811478747752257229913656541277224938386181614938 775822531439556312271486
6184643 6333693916525342156725537779386315844741417113683179183291896665235667617888325247843539977745218
94967225235755879478711197996859323327122732883344488267639185671991 13942222276981876334772351743512678629587222691762742345523582597652426737523712
87619267315672754247265947488883352798323192642 45161558673454738175734479
89168644931189523461931293498753595213226584613796851287548775233928536322378 66565249292566884263942942141666281468953419815291597752541499817423983646789143747737219371677
9852525576687657728694564716815565981694621529187394231373247895454721977 3846514758445281889845753633743777637269414362125221678554648523954459295171724893563
16643725285199654248582861826441252957743811154945143789426 9769126461233731785748139393742666969869242651
2237547362752366326179197111289754137981376613812883155484541525952 98385263688761354579742255747328578168985295
2124535818848161132794355918163622172333 32563678173626212569781498182621655757854287333132125694438786251652474562673264227793261319834
9953245289314873364 11296185839651237838452922412588768184384776914188819721537887694754662613731879761
11 56413287638263313775868938118994774
8246473121962685531 619718678456878242854717775811988453752353913316459535777381158339312617592843575
12661143368243248373249751131512193817684236581893357422499425411951155946261144 39946347253272829838471477646212322619124671525234497333516576327124245418364897823531975
2986738641227532753579438519921164295745798645548 899976395361644759299955262816579977182643924183217751222812978898276497219
5163962697172675479189615351147715665126974459155478814478714889 2941172568826562829
434334972136321822126938612626966493352387 812358926433918143536473774867718
424629749333412759645899779444446745962671979169164569863933473542878 1417147374346372237842856233564
17474382261427476199437239789239898393546839 9322761713858174318955653258819162662861555197526186542772526216559399327521
54455823592675222764378335619656515544334161231476475461424832581 863177594284897794331676474751498792215977686246736868749827839913844658597278336611624898
464338387974864517351561 76711758458566271864984388
931484575253152231 49853279686
687474919575287677627475822538842656225927717 42325436685456655482323719437536671465223872356251718279232954463227
66654436575121475865771694952765588246963656978557413352631731993698327727124345976763873344294 999158625952176214791783547285855611476331689441627114822334975728423943297776578972436694
2695716864276712729 9632673168745282121281357167263242479466843792345672668864714577573935582725271676497576673659311
137375515791769815264 485857932284
531829237876364751135161546597256528597243656477813 57496255512814
937494214976965279642741837369733673138878213697172693485258152138793 4377986297152671284181349479833239135214752298123243167567362611457663535524746
3836195561 92958189723218726138593183933887886867551493557516516996518269884546215689426422811574493239721
92433755898253777142453757244558456122639552112116893938264541894576916629317285664278699269 14889156753884584485656947844181797351544164268
615873888516655694585526833189982 8541336122797981179495681526
437867576831214833216273976344613716363945679829124 5835832614812295291217991286249488464793162452648453283472998496785813863359572
495938221778145 7242745541979
9686973862394361912592415736466236386648454486248251844 112331423491918148218423678817344331998967
6215819317732392746431841175943455458837374578882247217585388694822521 85478232787123543977238479275963846746452972857642464916927655621121634735716579355656
81151532291731791816396325425189484655531833561861518733641 758333925263393841278
447544729738929473575162896285938771429415249163362655695367894448144887 77679332988971186495297763518489397837978382588125984377868
67474112531592977637453 533713476346516576277572684788589595394344765981
1649128293333846961788134312845427527832723578189432539271284337225 438165689629421498319638427568782
792678386137342115853513962621188834399 5745443519648921112248499957615677416679
45561369648934471889781138548576912545628428145239692718 2933935985379656882766128779178944978446776839962628373535533393143663499864978445337252711
4296168397511964229878419344721834721745956468791468932881376644152221935457261 732614242794291135185312542321258838367918648619261532727968699712
342585525897627888355574246681674428793454627743726186131817811453186399139843767 334133545577431
143358432172262551696482461957325651794218593253211236944316259337237881534455434888581 458
913733132224819587749291986337999419254583181142935981229785884151795476818778767453 16593681923125117398462
855 4928815532859885119428392129782672968598
87766317531853563216396445175286218313579376162362 24281672478325998564264145156
197685929737727469641433168646714962645542235292543193298818116327833715739167197554437577 438884328223579817513884831864698
2559829742911566365125 4154383134392519262153868288689986262476514411755822367836643186957256578639377145123
67671561777255875865169857597514165451411299863994898383595162563663914 854929195665863518359656492893438844644914573129333649762242174731254364756858334322392921698733821
73348817657561379822885972839917785121788835588138674776191894759 36927334715119386183949152143542823451256198652752657648995289
642 43668639577736871931621623378275239
8465891446766534952476952 59252171476417285968923176537886699678936626741638
112567595726719952635967632693452592551924794832614475114 8248147772335361498923291394562291515192931774719557325143826435399778147666
19134731442277123118463938745159585894388 6
2562 5835918566855534525817336598488267118593543849342841924
352963198538633684641484792897738275776467284323783479187474893793367 8782646964
565284395869968676 595263765951423528224522195676
4482157796951493668529926482471123735639871399874866 96468929
18832288484673579283614675873517367 77476579616714422996191424452452126314161912281752551542279
965694558115764516236817 93588932261767827988
449453218832395292178821978828387 3523374615991713156236875438162141311115181
94257636991966349226146118731329797711362475213397782274783229882149662217763681188964 15461373587122517533543277986191349
93173289357145372151173624258856242893714271187747527255229537884 76662346625166738953245146767949323167979417972121496612
3993161171791243383188921277345178285737395741276474 65231349849673658843434939129585886945382785166646718576
7719523483243128259863968472769533377772721416 79882956168986851
5264573552574475744556336783612324125816458738872571176367475544646663792938459413946782 7343566187469432526294491165675117468185425397283263699926334183113262641338
33696217568442174161867694572646884219552763939762931823 565876424336484276322758169695161
43136496431755296411688967127823954285928972672531629424545489 9891541425847397998956525817825556712267583712146975854
3861633 896946945977459519128523696243248268928783266845193478982717353461476441
1663652297527729432627161617398617856472858421181764592363821789614497456658646492955625542 97896182443856799826628753364445535661245719558169889727
317382352191593139317114213923612421699738451483727362993346537669635421884517915 94544332994357264121349431646327129841159765577235756767849266918326273821623339691144736
6975424439 956953862784
4974168993755599416692733858679864543952743 9758753996579
869566283447578963375 59884514824565777766214
7962424524255721661113295 436848
9748598124592236939213884439722954897629129835261746662552168 71852162383627126677952989626731288114966568814488323518548674
4923479869293546239665199483519518895735575994764471749344 514284899292556728
362949791594664127931617617659361184795196561585427699798583424691547847338556418871988 7488433623468818348876336564455449574
8773331619711357648849535459231 99822622627612399495655637723823891964479
8346671658383316648322416197149861321 434486498489831259665164214276662953526932225547922239232793467323963131119396461432328481
9351374244935274328332534565452549151551833337175836 5383852729847938952263428261952835143196475729287153
86844968632294192113326375814572234494448752995751162636363633 436772547597855537853797222646745819924
273971162861656711936179346536729846453349 862363592552889943127654267291823781445812319679431748952726199841596428833
5662174444228266622837697195389351283721462512281567353851 8
292822 2875322531182782426887318619712633319731843333424399373416811246568284643767677491966467283321198484
4313281462284675288432615777391654955848538265254 981597859692717651161744929666886953819973733821
46887839713334952974732442127657281237122493546279821378727316732397523525591625321 5486883811271577273654369475598422957949578151517443261318386743297838
4811265644741581929484338369666719476965694598664466448 249229431316527441272874482126676313558
9887144456884454618855695397493459499419611796692916995124365982483163675717295157362272385572942797 38915314412333947274514313655664338726816228127422197158666633
12673112 82488423252349461361715136664268683427724669813994965786834666558388352675
59471273664348469949213397629687949923862698431584332458128648369356172394447316 8187485295984444851137126188379675724926423486878752918983116374181
33116811363544377563 36334455638996843543554837354446714776391484135361245316351767295495384493685263573644
22554745326492368726 915815513649229426875414738344386624235881964826635454478549767794298134958
668579183364598122635 87431967111674639837
177161589862319689911791249479261783271984629973195283424898238 39627272494
47 416119184531427126967934439723195249465641765323133878769625975347366968879
73 676866545447438362641678192495342575993357175365689574793924154232553398243814972357773957
495523112178548313989863316423743687344464673748993491456616174964419185 4543163933569919489
515919744213814815 38188155755434565749821636734381486328282145889236176416415147354547686
137399319411651759983985284662947579918396148 915632714262843713716417593319772336134521862131126474984
145371865574914575411775822438962866898633127328468129747628142325416147665862 98542766395112656321595538719576
987271773 26128564451474133779276527653583466268757649479
358876253695518949799474352112286787714942199436193231 832191872512931946252979774121124398252943447729765522689334719552988686842862572
836569416127367248678171992275171915237159626341585164725231619672557447151959387558972689432849626 81227
26473211991277778658616313338418625915132414453531916 5346562545219664372728383567162
21298552727328686 2143332691438
118273111 237826348739561995115588595111155988738519412
4978916312163696537559237841415398847865775799629661 5441853965462912687682999836574738463571966722371
6799222618886657483634625167821477 513494947269153959527763864786285684242243632482874681298795498587453989377138259812188939598153
82732195 3577896369858547789352478546866913396694431362215772992766
485144516957565388498184362383983135514168727731699239873994591127923533397175535389169757552 9781345573244653281325
522746258653748936721147935846 638399325978469487116
12554384876718322345216515753689761773793994911919454125442373967796527616875889527291759249 64434544334141383355897513523573147712162823
896529739231686415332411547575724549475841739273851988928 3924985887783985955147997485492869957655569748313174139636693484551551116811699
75398128922619582817725771688387242788757254485313164523829167897874593492584358153938329 943223414
17613421127586498168335379563756 548894342444152579716595242877
9613887546273953237248781537598646538397224741513894184287646584972718346853333438595932263663598315 853789726818727652956214365861279263197799821
2479758699857261118681827682959275584598882886417471915724322976343523573577452388624783926776 1
623945978675319548752792742215598746736784194571256432245648767863723627636314 393659273385335367988816
277958449249784 4334413352898254997497752528624637348987899262991944377795269487967741722331221752125728897483182566
6382565349238649216917224472578954662846217414926446864911617573246281255788658 81313948327826472553518363694351355944914562324344843957347357269344387
182233567657513261891342295821573629911915721178638 193413169937892627749485122115925189999824281555411994691551
76794164614882563167882978154819321138183 1632387272851542452634643919846667347238412926813512275729691157174564921326213152789142
828453852266881194837962691533257312374638151837795639588641356274453487356684733266127957154946662 83822694391165176542441182
47482788371384296 3714966131
16719165468126 15
57228784131363375356257714238523485363749552931694738 941
514455684597986939494879672471429497265568227272166116454745162892631 1131348568211521628437174866
17636231924889689977128846435536413576161458959563754957245158284 565
536732795529288483136881883816 327184741727671361156342623675451779753642136333226572687484929627542
179942411316453699 1115
54565491698 74286978297773798665526882436139869973713295681121735415775
18542477 591481696212463284225282531631479716726629142456823852748563295794785844739171795635111574586268
2673468917739966165987359713287954374552665476831975666836557971465492492 123832478582449648213953318928991139186716567792758862676259857367396967373929853
27385263794389365731814 93536637125522558934576211566779792718689199215931545847693239528575392856879712764957234336991178
6598312518758949763561949671576454222739629482342568441686836232 57278868325272424199428845186421177362663441
496274274154336593261716533358384253 12338441123118
3766185699162228939569511386199189392587947635344685148282185512129227558774375447 7862182749524781837976158226729356513496113371967634977779592569363299988312867649395668753111127515
3934176686595124599412729287757914695127722736217935331199278974496775869556353757 4589987429565946775812749576386434472694499256839975721925885132515482
356524981483672194576979154423525271873561821952597969256576453485437337446531714997175112465968671 855137692462659659
3934962169464128246148163181528653615298342737372371513863821341685933 5129
8544424124835594425791969637781889854445152676 6767998499618198573885894627765633914241
28 51232729235915381968581847345483276162622619822893216356646324195855954439925
3175841922526949747558722427335897568664611221249259921489646242578731389773 93264796662448281563963443214483259572362149779972119328455
65534244572735422599675188522652223453772245 4755356289351322979995749861131666526379
9336565357121832872929965252871115679757789368217214759116281548433763922672 96584946
8322233366346899961882576535136687517627728236592137598941382784593911246488118991732159287328 4824173327717134
173897963432393915917273145124376336245459275554665281754639888756353452752247 14864
746687916634332672255959932666894473815116341983263849527794728627 658792511963192255843194625937747525836437
83688642134122321949246571196343386175 619626251325129993879547282357574466296624
954194171824682834521763561479139426417545281248199863821981521143 4393771
5788275727687492218219486566318491217498323187388343746868413971621448158256589299 9857791679144373257344832681519428829197445755418985126114394995763542659943514717226443154
18265126 516898974195497973
21953 367733953357433278863272241119
8964851315566272593884 6648869293224959495544868828476956613873331985572415555128373139687926758297599412828414
1611146584585999698991591965174321673135239632 4691425256247913762882325683822272198887687272632434255
128476592251526555536795239867195345216886974898566 497578535126565281996243865364756317291541482514716323378336475793162157491949351352839692
1 636953749719622
2772157625821678721 94842352755826764291638488796252542547532135281119727
29341284986331262479142 687896595162147537248812456649519263891515861883499612245816346285864562682412212
383 65757545197317368622637622544517363142838
31162628135492727654134643418645141115378822415199282761966654313273 17816424351264239996975427346681956844618257964648418561124611634534814339464
51941439962544977879187288753797799927966592 71293645374569678538115392783138428732516824849282996418438577476131924
37658326 1912278447215432222826582884326918621544351673584226237285644175452314818748346435621
95672495656612949928471619863236 738618864774193354637558461313595947267979616922461758599353654233355977128622329822854365932663914
1986983646651375425341152585111 48575688691294825894769325929985225356749625895294151791356985964312853
5582231296441361141453113517422978242679779365136685328879544636632768453116832554765 9578172368859824315415632232978551239616226374513887931354867643956596738
47114112154946389869933643953438165491561831761738638915169128 8368418628677774
6557295874885784697796969544986928946431144547892681488681193873542684453333 21792481851249748837945637273689517457917119819564496452663226144599754339428878943
322117154556882574841992733441851212698347424415412638 88
591715187145435169435637152292163612669525663618299544827141754476447628516351816328918 116959189285936363642395539815486339773766835954588491427557
438462872153246319575836254824751921667368932153857249598511979396 1873947458349898957452657516642181295243176287666171578778456
927971294911394652771487181861513443 3234533591915631852729598163134452912484214448
958123837345112691481283166131327764224677792969432972812 618458566
13222442339127514481427555896948682625157231575732941266945576189117214847536681 5557921682377883711285147158139912477167135477512591122887518148387438553939285735461
9336444218716781349836536373658121856877325136855493791362648699516745911571972898579735 25547456424989744718624872438758924917284378696344988171458277878354795244629982
21872581326472199245362217 289135797696145
52668499573666596485621445785432251935121139567355691876843325 8453429185432261789666849435395275998565267239835562465747539739858781485147861969255558597324219
413114283912382496387612733 83742776581838558291851412777374545199579727439125269755715976723
77466159311363952911499946758265938493156849979637886861993426479 419784663841743734424957272
87642834256533756838877251873664415174522448841681335623677868473 11767522312722453455194818776594
11859487683358588556954895548512225116198533559591643346387363921418 23426242697229
8733766562257159557156683819672628764199225432827392622636782293572849651239628158738 69179457532865118977638598249382522228849492936316825144375766245245163951437769618651
6196615455696881483683279534116874378348655355279135376352982266571728236881378365237444993165 274221516264619985763716977837565734
4312365 146
41322263886868359929856233638 4648661163968427181937135499711897937414514473412326
83572199839583958 397233751666134245254878493773645633789243585183127793467393885369637918896883551155
392885367954931253598371178742638633223546298385431282556544871142523469371454 8373422
4893123976178576523961313294888636289873693328134895368451169584214394892155889 77172561237523439187977874898648118216657354123368868125
2282866161359147742526832471343928251493472259948683367936268576 16326869941516951687286652412531887659753342143628328614627515
225266521472581657156313 861779957595485578988766328713376823343775645939542189513824887123265269571135286978166
388267448862593278793577155869389163852412927182657455 59718997746712964555797
9225379373415712137 345689872761848919375773625379995445853464512136184395936185958392357891592991236625824138432595572
7675416748867955788163279489166844463574677148749968649433554235857414146983568381948676938678798827 122399352234778546436433563419581111717641621961523461167763335234815411953386
429566182189613235935294739849153724667632633162752857359713612523673171955643582277412 433629451785577448697941733756582666578817918583
81584677857979257913665949334212158238236714269788327339292683889126322223921442411 9558252711459587122162728497541385413859551365998379813235284189728956819912345322
71358299228797154493 7386
817419265516339657952941574837842565445336499622295 237641834423312596349829298429763326114134796448735982615959621341421852861482281511223
22354461586562582 82686333228561434594118328893447553942349545457141417586369536736187444115326895856744
882477879956838748755638441792566217982677786565233543184989792392984299666864576993649547711116432 881391518738746882994382292214931848438955434123823686787479216185
182353328 5745946677653223163182311274612142189
16925755654121985 5596381164416759282847882895975942279177396256682769825721874492123967464
86363583876933177687815297524884855446296979393497866577848585816378 729111583183915974928546962835262262426
7215887581946625196599226476517458768154217724643933251213654875142293572 39615819464735974582515679525557542793183596951659319888279563439322799573972659823819614
8665291 619965454251712272265586456953921387756849359339617569274788187988683
27267267778432988851859517569213269198676413972289118667487895635759378685628585324855 47597176375
959425623957639377282492742369969969539682146971 35766345139766
95225826278523966433669634937665612791364348256654897469357658538576 73976167
78539226348912758411384488899833478843514659588391175559762723842485544974993214572782569367856 52729147973717992692
3739583953659165844857391485576876 9713526183341453732544992621567
5316913581966694222266626749789469372277792865 114732592154425536964943428868839789828439746874659258254232457517171256
581983595643924288566695219168 1141523199715721268736786952554415848416125594459136658
2311555421841955575563825441472358571162628563637625119455336337835422871697166399345456377568 7911183884726718869587344394345115718476343924266524961758219129473
659532156185251931597359442549657695458365276473445553369675444146894585169298882754625395819 6337561336916912515442618251925852455474821199158652139452697725212644531949197221999989
34376552892141125767264354646135553125353527643292899296237991721588222455131273971981 41839867876388363697573258789125
7534554492536829241653357834342116257734727515746688243598543892 552664192596444128484727977121548566886333874271146437485827937328965215
8447654166595571224775654689172911121191749565274718662122192325436292349587849 23325357196224766924343633516333489312967145412313244145758612349974983677573923433341876
9317 763386224223723276654586753252958855776713789449557986452973
59112543493827913584941364522332785711935991845748589 5337338839443535113732482121739185993469591156781161376441
2772 273796847349361384233448536935896518412788572
49598588288532939673118659699613953225198554529723263 1381674791956293149144136664792881587864666931958844496865114382723769645939
427277 63959
694466 765387838137864938863846171791545543554122999818267
839268441265 2737713171988185217616689485167455366539295313996726793
781978221562456636237249635277914965742671275358254985234186483596655752372942163549512267 8756433339838773198757174844675399839322159471134856955526385164675444156642429118529123711762
38631474793483145998189962291472562598667 93565819683411228225848479357593163168155826552699578868147115351143615476523858444
149685119588369232526963233812793597811716327436344 9167512583899695523789375228789829424167542343189129117456853288273638256814216661146576485132831863
4293192379792965681199323415 18155567758833533628575576979555483989116385311399447529766441189
7767219552224129454764351875973984737633662595841349337732975 6735138753828838936292146293919416381127428552417934888916699492743958466481528169417298655497
988698874599893698851297428714762962486823282679932479252641985631233877577276233849566862344967999 546511616579237221592665837911953396889864451751236748183
3783 4426842738453781289267332961623317769823251853426964264812395
388294145414426593996794282458 799226258389919597
65442129518539529861723443749278531641249294 4127986394942852816489367294691869517465
171254587716453767719999234467337498969815379782558215783517118113824385675859959762486 1135147837599341
96513983529737522639535591764121365487489979774466142477137885494946278 482824
98615184 34312378266628259977366282761419554117584429347385868455959
864431973298527612943745923255521599568129293944666334934431277671532658246598471756778495853627748 362326242116618476936635542155539818113632635654
975551521594144946297415 47155596446746111484479215581637
55215187493528657255428 76976235149794187175314
2924721969269543432893276685742289449946142697944 7876726344111311979715788822332339128138627327363114145775
58517645181939927384327992856318499237425541436449171226439891512888427942827914627 4767267739747486827444384685219123715246867525419346784166977731835
218678553614892353 9664
759147288718562321672 464559846838928
872183362347219484855169752555 7782633964649434553756479234288
395798997623799773194163329351528769475211415783 145682537555728881425244864212249237216114638558424786477164863168687692728795447489548279461894753
537642572432413518319129893692711778556313519711321178329368752974459572779 786317472892857669
15198513525482489316554562292467525471628339621593663294785819353695185936392376514742266247 3
7298821848557871982623639755657376446593888223292319357842571493 313933977152827333845632552152
7331875641414277325477 7779824226425672277511572855571978168227118935627738798767481869342513826447358948732931453656554256
7164438321967724967382222786779665381 298877548155132314224933271291554212235735
642666313 7419427216275376987354456225914861878448592213817153532434933513662882974511427
3782825674112152217972672912789126565397813312387728159378691641759148758285121617164111 2373245345514521832623575838681461265191221116162246854364359887494
712762834962434373777542957123471286811122665568253499411815 59335961748568212982894352
845877698166113287933176481155629241642657394469995835928312825964563 36995
9897981131624973186164514524283611974516842365851775 2715481119616965829862375187522771749359171875
55891942227323446139727793838384465716755396468113987455721966878399715771649682155165834361924339 43841217474692761955568863596458382357399817224937846287138973849361153464
578415879199717787195681736837683584899262948 772113125136595929327443488971387269
437519393744364918597456242152788278365977963366564594596562582834364271375 879346154233515932966511761554473363
423314488775989284587595397461581188512764579124897966171331628812772937259718 92124277935455541153911461354139236826916614919
8812616552845578187625567625974145819622369694984263525752513132594348314341489578266651 53834213
3117497293676624297288111351558524799411953931573131987183417159736813415219537258176944736511 2791569282429692684253888367449342
9984614948853638438738251815831659996915619129945487217934378952818282923899717223666131281843499 787756
199151319639758597745839242927272429 4545226576127273782765761477221126955614195326348796345221376
2162322825588716911693742779125631864511747627264819476 2998212363229725
4498246142265345887723981651786497689672185782367691647713554764262263767267987134688159 72683222448317733799968535546
321235587493792356948232294845754487 34642771681268185865372716618566279974299143181113655836641641812557
3381435921468837166252668976795498968133522272974468287424121279 6281412961644838517715533216516521797393791765422861469137129757473
51752616541767156688384456614627513678584224538713253685281517667955381645529242364512656 64492964893
3798893639634366458671354194412456789896994974245851576737 5528788822679478369585153429388618228761973579566238367355591339182666621175
347561379777348844318427268478323952626115531445882317388111466515582857897418416743544487 96255536913299996566163472226962369976458789137
759865358212517283422422919444964785238896394427216186965845985487232584271716 95525243758789441486893263737512287124263659671284339753831252546722
18623636868622156474336211544382636526699588986977929171133747487412845377658557961393536 733911327374413196846552186258533486355625744977689763832694342549661
493625 147739369485171985892946535553269722656742847818151282617342697
85515221 462569883483611967674794257496223924837479471125271835456964
714716326476123443413491358711636591887613525182842256293694936585183679629586198274 44174
556358438318182141968334427171535616361594135157611793726161551597945657524138763651684 4766763897335
447544942335269795668425383325426933892 681699964229123712441167211842749496684718752475941419248731581423416921756226596484
47427975955298185618338873718814866642727615411786792654766193654885474758935 796887446385524687616626525111931354363666259148848636416883568473558532998614874729
5991261511646196361471335338639632973666856298 772823591614544
7486221568981196273619948575528 392298822938666559983263538825433896617335513818367164661857189387583222427157857261394489
56258476626378455186677824473777911453911983571381284 562949961675719427154636996619966113537786893423357177197
7394869911537228252651947264691866292635423 14995735753738795785548271572843481876454433583394267632942882427661768251566
28744641144121212579136759218252729338356743668118721694338526955888437629427395537911333597 15275525
87384557236574985384194377911641912388896814489327414792726767426194315358446959181945687954291426 42318411423899377933622611667535711573555945289612897887263926514112677737586589833619914
419672261568353446865258684487823964319621316477898493112622255 9388586451294622155194246926
5946766647193835638675976297644365297167519163171252589435955878779139343 4
96852864334451555928485 63999244962262231569579294622154115755237816389935152545958323893372439478392961292715557942
589624428171557 522435
7312489267235576248572778779 8576796935171476181784
3965728461162951377253181315639648883388947154897697552177825823234318449488 58597999658713286943832514473236977376987579991964138336324727352952119281539155182896474
646974153217666499879128196939422875426339459699486617639 8392268481442531137231418684389238342861664589854
5389145517365539144717146346 9821674418249692736581576
318239494343738199992558395145881925336733235755131284597723618872932891589134754675957586431352544 3248294639237717977912968123283239424418578918546192566633799
38167779231841823256942 516811848125443247635285497981368988227973732936
839641416878656978317292396867763959786351243972276855716175642825716915318391 921625963923963443865376
11961723397475755675788351576112877923317546361239686 3196792111172472119183919181688542353
54135993913746272397442825567622397278 31222299377352834998637242135369265532332229
3352211278297524635626821415628937831475942164393783635977668159313 759172651825581953177234348741823932413266578185964157439973592699964
8321845827244539743975 389889714693154273843592975651171417699395336546777194853163
25121561184414921689142814996461695926499285381723924784 8557444563634414535536453856766995952985634344
4753746678724735959893416247185375336382171196691327556715926565787 335279261997545
25296846512782871591819937197833633822854998 834849134432933919
55159533881353991822749163251725679491266264123271289616996414 3324733433912152556896142877295287352977
6456123446741975661259423643684178836585814265 3
95472597847295553753562286634388343 35892346634431784626553577133161967944733488652857139215429569241569464751582859326664
75627765635341749839795266194551314862159219614786315269412785 195167223656612765781946936251539527558952942865779858675626795615299497488239218
636899366675253183744944469768154741532853758275571138718192 37261624443191521265
3958488173667243693666155877368536219594712513121863639168292 161485
88241398276223398858714923287249173579927386243425 4961259148661586149789621899996294313964711487
874743597433632523491934 5228749738153113824136297481216118542657321881997874195285467752116978894116714244821362788
533569485992398766679371841842276535892797732786453323327865625383359653355311313671792 11521321146565917988184224962779867785839457163515637833678947441349478931511259553239588437178
838853192576395922722834137897385629413445718117372136269265163262429774817647276952224 293638685393375677566
4987198743219735719171468917823147145519322496852487764995568152623173164158618189 48189726883845991414774168141454242384
83355466737761418135295714644868623298368839783312926828646832784663933146149866149338993 72412851582595582985713819761767848533815994551396618282568815243716858612376464124474627576
6561338946456465494333161491639315787575873757523968234139295765863 978448466159542741664218795225353939992319869272383
81253 87766646739813453
54384129749529519736795668814181816777989631783359156 87161712844541766521943634618383549582445871819948221891271417529571757921332168388
758712818265116291587737537131636225472346537177253596665393386189754131591 27394433458219793185911
773551372528542688982689145473697665942637516751538593871194481186295129288166314889962367 6164324566648323277
133529947882717128118254678257425186942127641 2822
7883474335968919259764419841233423541141766589389118383379186792514 89385883731421448243327299466874324444266255
9497876243118847914525869247175513898444841996891 988387
197551776638183977211 57457123695852525142294791897796634432455379776934967329755443725
153493 717583829935144559577329729584939756161
631482364977826139653461439 9648778214652624593936595789176411454576161677692323245247978976298652629691276796651398443
52246244114927346558997734728756261462891525286152277683621393585662393597979312257761394758338 573985286
73 28578972742263652496578912
456377821828286743895954419351977454268996774772954324416521594698 1327449761942127791125741346559515239433911188715245312
19641373184929661239 644122385567952551384145631824
34679138722259168758685676142647693957318438 778962535917225822498356584428839759236141897819971622847276319314431745311423786791542392843733458
83766576265567458168743392731297849778187461792771853713125396846875831833356524424188917414441 659961814117832426346772559811178838777653479115453389256913696949166783225444431525993518672541
5857631786941988128349495829174987541864419673335388 89621789832519262851849446743998469226572252753622553939747279882182571811713498968157973413799
26677533469811279626121823332252756882399747 9414433537727
81619274794614631341828466251313346836696728723979643513766557713589171239998642484936 789361876977477343163572716993618481394186643152388986642167695287558748935493793377989
42131856572448 754583178714733717848648791566731545229599356938297298218557225956713934777375166965149284597
67153786625825345199577763677214914132999488426355383298431119865278511929326382372936698586 67544978371443561813597589678279553974
15286863631873553513232556573565713281337 827759541793629221626855228212442166891825754699635873887468824155422148957476714522218311728252522
17279873221854919491585628713738739594736759257136889627699158185535435694252944338742 21858761559782744328888521677222259221619778724649
274728241421344291276517138387658625313118134315339421761469 35583541946739388133988
7699842148566486147143657741181564325255723758661398863159815929169416929173562649165 1669849788786531377132491936458646274519111284864232861783876715927569537344657114829118955191
4888282511447921995154811791886755713123744232345692388125113614722 88267684893768233227971198126713558457932216996996219782766944426232171277885125
9997876698336561562579616149297452 487383865492221317363661737211
9281814474567929226863152765595945141877851525179994264933586839591672623353979142132753355 425652985697657893775296892673189969698971173194533822226971912194417464416786787423516
632617437325827825412332614586167427 957733494237632994716216715912254489831449457527627744162634
564627813661388 67757364574394786255122142478496233872573425243626474415614835
8456323821186112783221991468578937897728865924 34442236627118591798722141989224844923922933914122128331156656977616542
441628627 8478361835849887779416538471377196894517774167861886463
2883669521949823432827888 6348414412638218682
919287623678567394321419693374668697188414596326 68629592726426969835
3877436733553625497 472
8741958429463622944932812165116894221 53471276182565641395467287797567323461573452252929484653677721171551321661994775144581676185
942726523616246955335919311365743786438428544784573159217993218681741625985478355843721177211 974761857417977
3267961955692658117392828782438358816626817383616433255975 14627285641891343788512228455344887394842988131782779485264
39738628817234472472429151921262481317381495466537865 46871273257781746541436669846557383472826595381457374398898641553878571692153116
587472941858269559922152225988251247342467679187529827241635973437112596975321 6192394511415
951629166696442649164825724295335 378333253515728153657126414328543728942682418
41597217182399793385451434569879 2611211959882192895888714121324345412551842213528589565612439945557651585846678975711
99519431 3224834583697262194921434
57554315492944561633227121459869345466 81948917829486743341219797548952658864956236245433647853489837221323582772668919
222246493532641475548856692949972493992 192
41237196233584961 62622444943
644621868326 185871398787155755144871147611972142281971231978299792274792159587455565927546229388231258141586395
884251864774839265845936941727 17997652713318747845577384665496611364646337612
4645269149574259379742493964764563844 4812345876224224
64569462788384699489794981277626722926598276879953275151466593 7315626136622252361983342891356957789745975959877119781584356988639851826872337582264798337986437
8947972876428768545625534219637658217171248652332189257378978 19211996227754661473563552315332866489193689232218436688334392725656713627
9716975857978773769567164214721798126987238179842 78149285627157893821575439848597849447687385845
829425366873179216819151443287211885876737893581327413511826336681747746356692424335944 322976649718422182979431426117268677991472446347
545437986464929454136787912891175715198888981973212643686739391 628377142658536761632115352361613796941453882721699618488921288932
2218235811 2416783627796441129841927182537386196622748858131697976
4857934851698588274981375113183566519327965538831224467423429 36547693522335459
79825568671551528111314646727235515933112259811621672848249651545651 494583253565681976527936177485695347919758171387136525693329599259
118737133213696255813175768917 1691812215499962681881951318397742874177679445918712476694754565111642213275987
2986311434238968954238885497765999984563684226 953855211613
42327286933192936622156937436152 5548217251745443516625833459711257749182727182394455962544865465
8281451365985165846134716233474486126358213293924441788845656713386447773196286136455585666788899 26334
