162
672676994112761293913453 14256829456499275517346754926442172359995825931956151163992624665128891351375
81474861734736563345 96823376557281339764193249272
431169668777371246347277633738198213289312947754463874184616298566362351247331416738522744 6561738353299146656447664123748837568
39488689121625871214 739338296722151136871786571245955682217532689683323146768518974362327364947675265942813418371215786
4983 532871743445134932249462772315881396998168118953357964794454758924555
612456542161979467259719433413148 352674674421222
62167851143314 67447826625697
8478672 678993943883972982929452842416227149668855331655681178144
24831871141471 74131382547411997
21638162782695331893143958845824156628816421748279339634 749778465623272574861387116455184698128611776678398
48156655768774198773282538734985917349579652391434958699988253185825915617542 697334333213
33422852822965522922597494729946689554313879545339671981461184848369277 52248937946699976425468237947237857689535712727254654591167611827938973384596
91912765447861694148433322195477533287511133632954449372473265139435154739769258 9493412754478846
4275375939531762688867986629536717769337 3287683597379
5516394296438534493833938 234614313677131316118962819653995751668428328412746552188497179119
59217967199 9838138678973243765731786317313386931778418894245622423
6264281748135854189943453817453484728674478713742752847155848796241868 678516391922337684863766764229416157343596244636819738567441484721877497813517
1669458534553732419787892668645155312283583922166492214753315883 36642589288635684195998546
988591756115679713229937215874699139125313253331564875241448178125774421157419624352763 4578648239796822458638853142228892621159313762171315
378831761465889289358164341486648986259626822343481846 264394853817581219771354953456
52399152486164971368315831917186278755365153313443126641 9154918734472491657421775723294343238425441535
24454529649483645514111684594646827978544376746356647231382468 5878888117816
5743875821937 46637337532694993139776864136171
369578432589138483479488362 953688221593781149139772764915322168188754783925555546859138
47341985286811441597245465354334685724421882621475189359824452527933546135 137243297155386285377
2422966862489149628233741164 621724866956685277136976367692865838599812974479851356444456
972578556589456553487252367864375576115682836741419222673251475815894847 682276379147833947754765422255535927755896437117637848971958752182651688363
4636693929739434196268931765834833819388194633655792524628666149811872287493284222671762 5
3555151217451885397455834298466295131331447 7922572278499653154982177867517622129958544473237917162238629129599559219389682857164
556288643289221835792216136 37242616889584168156726124815242541444634452194332491669135375537142616295561582491747273
215954568128175853593238977132741655831364882391921651867137691926876135456962227 259129754282585158854316514914185621533224833556776591119183511147417579847659883136451788364471
122851186575635156592684193734247489341392868491189715424981884121272636177472873762928366961 862133442194724396695466424362688977822774749481938323231338283941756539183468334683344482
19767689278572714582314635944623443941383542341999661487253 794233581323147339667
661766735662993368221942178115536 4457123522456316877417598321917715882167712916139653199745132528188446374433341
5718129484716321584487136716854672133288171447871 18672369458584378722995977244235568891494494323115
61257773882178374946774316863413531884562829356792122771 35825434294128395982196442772191796917391785812873689825967
5261941295581634633541572637192279276882373566357947354946355953478512895856184414515165657881236 15596418615
858642494255649624994126449432999682755879676214554669626911114211781455519616523485145354683 364717242492541938444235599822575362922847844
63948164697254633377635417865689461187188816334922199965358447952813228 895163869665594145215268927744296
2336458715621642866374249343279186357189752558811262781848724195422124 938531623484161482345331565923444933792582422932765637178139183994432829283762362456866
5747767472919363287132433154559481228837238211749238915123631184941165213337295719537879283131958 1837345947774641993885792989
6953576544519531352735113382949674558825126326461515645763198189566123384438 59148521269
4465448618539597454851938466319635165123896239276495592126872337122431685587434462695974614 44129596936637212676451339131762834341997827576967597689785989961379546
3466542451634153155749313584532113356946348411542278923896838576223342824184435718978468822758 686917253344533152677299594375881668344716764384133341718747232362746934226187329978435191132
9213 158523245912956658931121831939388512287213333
764786726918914464417941 379326292882555873539
21495983143314593899634144861754483774175388746916888285956793767882585472145646716323 915557649778498543476318557887453843921345959
298522959434334383879231925352451364398563987235447934698 12435679898419693326151794232486826372461835513187889162334354573633897495716752525482285747
351768978645438695282536832329319157642274944555942 9364518571873521591817838617515867993546179571152273285193556541799831142
6882981847668613726535566415129482656124968877469873843112332253 214677882265219668273546894431962312617991127385729641376
55763332395214272647364 5155825131778171699262
55482524873894165483828973753988377756267488966211424885 464918775893918961322586824622311
7366175371132774175471785486812352118391 5217893912983425937676579598384429418953845187951185324356213373561998115753798866
744922428912817744821458786581652327433645459521961892864211799585153714632 43319519626718531189979384434466113993484727582616712597329894594767
3476318414529273946456313872854139846325 8719988828365
1983843431625515587861178436226129115587283994426516763879999935866 38742256222874977444414487524588374155823211516862354354579262773765955
241311663685835534674661718594281217927642217435518635 2584311483941553311215737839498235571333144172
7369322544137584295641769928824111841749378643667273548517 45585654653123574616983483828935646514265256294773926969
14565935633879764241447967943571321 7671
59832686452636134663843752115289429515234526211171539 772528456745823364441995594828
1453771297944248319195994511 3359579375332493495182183588512297162152583195482743934469119542721958
53332461694723359568569977276544734753987562741441697416624531394289158727914363595147179351 87646546
367714275682476676515622286516498987868538316676988322566677529239681669833762254979242 562618789724994963
53337442118267348762467946145349282684963835152646657278229523878217789658741471557526943864185866 184159433293736936536629747782342298346128926136171989653993898689471989422241387
5661859522171955 489574985785149565151796187534267449963343392731491912746
21493918736345 7363712936674621655952595868437516182395682141336177859262456269
7429132671942475257389128516387988886846655 5888395964622144659236766819598589625137612859
12114594271149713598 6843617444312691895982841342583513578885849272421884351813375822715165839879183
221531941451977666978378752569746127918881688455521787436243 32872268855166437167738619487962381527513
487378647638368937319357511396639 7236849257532293583557467441493319653637822513369689354226173
14874 821877711885567495572297815625691679587455666896281931181827841918859117544611
49893159116778778345393233975688691127237973496518525 5534129565788515975562817
855856324627966723217246425799896951741948977126998 5846556171
415938866293494219369 7688464489133726494346861896545271694362168444885684475677465281361898963
779766297 55376469817369225417811455189154655477329433685151649525693421496159344
187483357184185616892857344795329794626482629155582322215886263989611284313143641681963277589 77353647377129143437648966438364517426416479286952355184816938884847686688484912755415
53732935318122192522818 72517635291511391473685957391994354244145286661748598283794643
56765938921936 9471173581563591617772489448327747648927
664489 79727115271218567414627784725875849669773985689419885
534385193597314771996891632296872924674124427924596722531219366989435548953129556 7469643358626958353416414267733686531998787562253876926773237446366
8178694572 485185486584166825588745732195255
817946491953228294632572273166491595533593347166824442191343446272934654379657225478679776159 895982987564483345676449171894421462895266422595144427596388879127257264218366941558235915838775
244872968574224628686537154721367255853169811643416288651384749414 8649112998876189453627754768376137588967834514299253614551662164459895876342749757657889
1871634485195834712185 49469192527422913914116142348394583241888416717513628874859959869986926428116581549
1125632684642399671 17447997943928237525372348491928426722478274684937
48257448181268557786992753361591337762648552157798 7282549536222171253768279214441322341566499963448214762483255979731672285845295844791898468683978185
762983481451768813767939643489155352758918715628332836385745536437452986567628271676828 188
1735197383862459346884666454844962981182781656489162 38119624628582657272884956792492685299948784594285784876343968452952575439825645121384
96197236913499321691479152835485586 75422738588812439156916349465838363648613
9536234192465285599129134611572269352729346344771478774499881333652112 2485582129913316536536864168
6451481476858971596915176635232974565299127419426 737425447
8524546938462672942775682966224418182711298547772889 585681796411221638279621143661183644372349392355213215251459695654241635871852344634156299541779839
565546278665698228364622561855 61875525488154642192476588934619247493811166619
62774187241276384445586897125543521547838792588958578841422535716 1267798761548942543614581293533277382673548442137
33477692752996214372973393515495363635388666947264 21772733975465381249536612343988985887343621288864937534994113741452499
52989465985584889463436253616737688533755743643755528 557426
57647839 8623138385874714855878479932121311362
91666395361379515745864365426133944854554351 24499886526127131899967419181
43272369792433373866666313319833354819668612196948514334581556158588286231633118889393811263244879 29566828281777451455195717754655213711497693666976225122132225145565489522511989516
5618118556481433254454 823715385972789669656891882884948949867675278364
58911391844 459823656837769323278983852274885
34561441683331254153417371551491279579997928757314282965576267999194168721564756629298242752 39784768171484833942694
9141396753145343367182292561933829712474598835684353698 7841
362477657714985519 586695246818821152114367643552898717896397851919
5981835728619487286727112542458955856631238714689815825642189552212575245954897985 853544161669371559715951356378646211129734547719
83292867624595682619465482325363827368294 259742771314195631485462643957176553251313435192394348376212
3171616949978 78624817986151951194962
7698353128714364132 822558489284244986781446728
312556945344886297444159598591429327963919497552469399721411868829493861449748262731 95664656661322531798151624765747765655232677764486462869352789284437235469916168
79 156747662556876
6723167239626445741211922658235269 49523677167743625182119765836915928886866418258735584396861614698185462499921242631559722977349917
838227873931144571658723225757426996457634535813445382179272726156495171654956 226833755343
72141141855 5385995366649196533311397775276929969915727265559111174315863687168
8179594654897638147288622847 9713825165172427697452182847228993658597752751
1721723869419546756617344959954875 339126557515236675816614223637182637843165
98889812778187244293722198237 7591
1446438639691621 72743363297962752
5724786195318736733262166314591647317878521991779554533242282592316982812483746148482359467456352364 5282858973722899964245341611593779228182597226132482116211998554845548957717893324147341437949614
28575158317696288693767281975314339985967974332939925197188 74425333153567483343224151319224981458529873145833254627813752796675963211269167358594484393266991
727522893273968415783431924445235249772594 7919225673758485474385245737731484427
2 61565966598762172677818268487788436787848349
96 3252931739786183947584584321383282
35888142399319342612371493589747694548549138174894483455549589132511354943379592532 65783792618942234929269695125665121231153114424524671391781299897227567317278883217
93487492933374851494 865697572284928251951691291164824
156753954393988296749252743596871948148 64372954626984459781411
3541374175632265696247652716719693231519824696514348638323922 882477165999466343236748161377181689251317284743282645391413715462231131622415232287594322
8689745684753777355763555384 64829759
8676843341984718424166377932486641318186386678568592674159452927975135155582968 659683882
7916332189715658556837378828944575953546484566426355638584757242433952478866544 1974852383542739577797615113574381549619635295616552
828 81821146748484196166173747857743959688852464491318532317884625134765556679143175676554433871
384127867789657344977416715758149585281897251728274561419765151984863685335949823725136753848143 656234816412696331556358554523
6176975688625947572715179373112921639966937314637239586632 2
86633687143161883188712914413694635664182861833177 4966312536557168994497924311564388935856158842555479988
284784227586437749 3911285435855941649225656421759988619291384418614861831357751831784223311977289168638
11512382457899567884971396128323681622 541678163115475164621
996483432476931314592715 643453324256842884622347327123126237892314
8882 52326497585621999951637886146223316392513248643216344371591596981363686452777283
117661146394973258713546941563 8681823153567364454451199265341581729655274484594423957614269852676
236318494468258658129129554578548571354123154458489679626232975932748771562454481587837539 266523318641273955916975375732369789934673482692488491273662173611181369
467895718169144276498375825824739992749 137496191686851118419579917182334614223152549515246697365933859225
432113171725492546322771666231119648249313262679139728468482795239616777294836 634732886139594371372943951135162934483277793697135637428188996754776692121379979853937
7425456763564891184755987962 8394642766712767945576968262621247156979446318612962221889592483853242152781826729912842252931119894
3526649778766581392264438998691322692311411375426738299 476135182943469644927775192438811772867
361369862843734278287816975235431691545227572895383346276225541788517517428 75958696191926931113366989576781574632872526575648641388179384819547374
28339359843222389969798977531175932281989452247739291759363667364845499462573843877387 25679161799134645327889848218717454121675457171591627491761823243725775911417452268743
71386422712737659713837692921182549276229259922763441885913437421825684182358525285299223935779461 737247292975156223994578756187
95846224227755689533242 1489773329481471211
917735859 779578569489434823113399529726714986555397539978295829645767294748716843494949375463514968276
61617114787454164854174451949818784972757 474694296
31755888743231783869174291443616424357459644736189141734225475219998578746111426416254723842577986 298793171873146347335587419245155818675755879857542543556627628126987967246289
2382771751332536594788826593245291967531328773 716667644889565164991938183936983351773232657821591784951948243349173722897295691377
5171877947297934399323842878138776399815153159513235332595256135814264325 9961864631419915979727665382488363888865891973189
675958238265141346769531238581412538557319486592581169452328679348 653133852483362314345795112181464638813526541
61241474533281716 44
241399869988978222 484727291758393984897298239445234828292895633647168795658683
262337879497621186777928485676572388 57628219528617
124814749579478712442659233443689481 63141456663261395
544535774464172533379371398738371257861163849145832382566 24892526772246188231259518928326844516261498797115164358681716133241365394977772677181822
76614439889782383492941365952472612464312318715779692985294761285723432547719811559582379114393983 34942671383913443345247682324824831593897326756367446
7643464 26142734764861342833662786686241285638952333474394254494115471131529942215241
8214954 91714949
8239473544234642673762114961183564246263212195963772913936724 54129218965141374161198227341569354531583127151758522398349351
