716
46336315823111624684363736177 3792721347164366221451274312232855373145394475251911198713275656626131
21152646962579622393337285 385721675217586851462382712718513714344
78363118369391613589736227944974686565385998217168464552674611741954132522886916311134479 796774882
81234947176477276945648356463113479932765884235721413154751457329722486167768293534 9617346783723242135629486271425589778317931253215438985549232985769777561792465
81225937816517175249759162779216869744162856337859462352579 29674619822893966882632639452231261733
835797463792564658827973533731622645113765976994969177467797363677 6119898777195375824393885426966131139378996173341969828756477629441998517931174419892754641341
1969575121667736676731386213837584652966628795135581565386246467277 27355926578365334782123933752971187977644696373921427
66779284 9389637967627593286763545237493322253364475164124554615491621385
7148414773348725681636169667788263298158679657354537629 6282211398768578782629134742293166499893191642833635946834217718322
1893625441688536285144337658363285697322568429184319178634236842754 6933689485961352133411732268611544
96619578244914426721154349476817521664364981832663814667997785 84749744323356416468438489376625696536266137167517447811256615189811985696728238548683977427785123
34823717842976885989176269783964984644179415149922558241323725677926289864236183919166263 59465311272919474642379787
5792141417126751356593989933213 5642591582775763647667893331367741593254728574753573474485639611611443181653
784643935512567967853311531644929949338427 7114319332192545299149129645889221431663651853477
89945993117113131155613932629529114649329725231753237222 2568989312722842693246397239764398681
97789243187519564261163986131965668649959464938677772461915 66267287685214812627924187269818464668
789852232765443832885586812664993417677715452412188144555861581487582425131642612336866564962944335 591319261861456426771221457372939728918258129446371767735139476481116683
451814273879245141646621421893953454742215477841638997195324867299248841947 585737778866161376526253171684641972369314244673326885227656625324827784244
5231524133 241882389835962634192634494362585522885714551464192724487
1914116981674419139138313261866652534797755369442438843398742434917484148642756789784 592374258996897881252237956788326774823499752416445145745623976362284335613334653943
55189532579299892753356384811153935667923369695153361363578122 21337786463185133658261951
7778546551518491839996152411991722539633512199444296951753191198365934997223154584521563 54576994623278844197312927989899811651757155
617732891225232825973144158967319273 2625922538385
6564899245535362358898629348272785987559174387281581417492243752183112215285688713714779915 91564464481854419739564496286615232825857576213779367
2594437533872174537498868128878795523379937575927944371679447 525313429128437235598684191376818695699951945911
381733231943455291524344998491486692472957826552561961215819 44397167998
665614972999287853625951179 939
91719843484859346779339126991788818328541774271432748255894255243435924148 8175347
1828422437371992598933598943468464268517232318431443844742154737774257181124526719 893297789832571191965858948487388153594252686149897831587792857758628541318276554612235899554378782
4651926554154582577193315225526139652542712464184877726772339266733415945419249322463946653472351 2479346235734725222644384323219791493879272595928864393564842947615845346415672649961825645571
37 95168
71188488952747739956232248956357515274797534698 41982538883423164615177312254771894393429767422515872537768189194251476636296632972
58652659256271176886341726212226973141175634397924855997 42841145948858932173881124246644158576825793317161367187387464145458947552686837758
26669636383571244274593135771345182592319841826122863482297724756618779797183 615969718123152559338794537583916595551275852225662665188133269867991559593926694946
6737727653825832648377399923897517219112976826216684783786997355427781868334 7493176313715799
83343 49384953424697483549737758234168177775755826533144554834782276628157643823
3413 77727
48317922 656693573723833965193676415733636935796594917811646386243515799296749245916714744246615836659875
12429391418412167594348547731966265645533756761774759486437758421282567471188339737869 33922142216332167864294737299
983777166474931454378171423554555651833178597122811374379179322516371328866 6667954792753591163787124818727187527247641735116287675285163924
466915941449325176759759267748 486426663752
525967395776657998788487937944217431775435341164954612311295 65398957321561
4527532526911139393653414359678493718736138559532773758213588883 8198184736792823172448746765921186214998145163561321558795332172824
219889659988481119146534235292628869732155377541264172874141 6593294793896485255514185264544675161847113185425
973738773186133513738747467693 341293913423133187251424174364242121421673157562361278229752568835922154435339
915495419784663662496892164489565127678593242278271955814713568918878461585626763217577193 33588922574283444634364784242963458781352844985568572835988728658694238362616176
9539199311795197776643536347465925545449832134681218479211599897526177922819729519694 8639253553618188171644893521295599874812762618
8336735976147552992 8564485573295772175482787226357145998447714866728
978345443721558254189454262126544248639595935354391954267264214276488854 63395777557465655244546251236597175928319199496274434823152435459715628254168435
834373786368669685551146781898645717872268162183 48392646229861122224383523182757399751955768541966446862354135
4428496156715513932646154371232517161899666477583859677252134324779351381981762739969745 7361866136382811378346868937488349618293165
892589862641768672311 774775759167251684317546688119225233361527336775389274453676996377454495516293851577667529549911
7643274783953346543347 197393917159688872719727616659161173474456
27124935325684184656261 6975479947652825866762131451155598474681823848562568226439919464778319518519232492411374345883
626299697225231563794 3246941696496245496852318261768896757185116125557691
969511465956 43591283419315647141127946968653183232189419968724256438372675548554557831574811216888776
747766897638323523189617189869159178977618592691241715149946252827369378858454297576124 5298464772673237172938222856823
3287515357 57423564299716476752471596186638396
33251741872412414626575551487546972238944 5335835567431243352467683762956879259628186284167113134291354462993768872745872418942
8994554324255841832617266398964792426 7265663953444919347369198262845756236441254615524295
87696989677967266788866389314299931127258168919497956765 7854986257142
8324886519622 5761654
55112917536254284126665242984632759364232513214583863189145553524737 195636784938736198821214737196345
9184763466532784861295551 81539147958337376125573141374165264848385883894157274945375
8318975296882974755772471776482965475159537754226743256791395751692326456494449574977 75918898289178341787681331972567253744877936976261234623912
19236 29613556944255
4974469361436 758522662965354911
77141884178368522172684833435518549575383242875488516983972753624454844725417667 4754667812267451546794521372324422996782454374766743486818147426916612388378747344982425214432
6381611692461 7352943346913356364191732156868821695648888799486186979156144198753686467221185932
999492484285984942638699751677 934392735319961685719137472571695159285933738289985342685552767565862858254269242462752259144945
862338444996841849324512711731755576184518662 97462783652568793153223551292765329877931326128655983312836636425722797987
31466394379418216254345173521716517928519393388969773 643941518124645421285826148287319
411663276929633647441859432867638872255828493574673532494595654685836849219489722156214162169 9518
36965925619477382593721348243566974351981298184631742614412892185131335252835334268119624 9326932197979661366555
117512851958399193281675579875379786792677881414147745376 2635496369542281546263986154619696634787588974419675825615
422759184347485415834485279175495214676798984977388641386558251371311743366599781364565778499257 5155944557374341665469228711597389249861599
33729758397541871745799267913766888 17443951281485715722755766745798659974786593512127331369669623635178545811489781556179469332348862
513297979282257498166915313339474322795156891155736144876138 14851887346151199911593491253515426247322232712736185346166
12179835215997769561526983411243382795657221231659285548534514668223717966731113933385745633326 99425752867593769572142424867194435855716869858689875217728282
771632967126199461974684573514281989 33713125497214782937383724561
347683944244918716723589269517777994552432634 8799818894353639183722367571883488564926648151393811486474369844391
3541865534645424 89112548956811383394812296116588846573243166762444368842925968959993826854133
352829557194389424939216688157576714828362851837165958292588844998377115252314855 612654464681811243895633417888292916214289455124585776466546525365492512
4529255731317446475969332539941978353434949812 66263894412363556463885948492139777652782425469348842824121588
82351185477261681425892499934468756528367521544451962787292916439522149532419349981976 66116613639115985944
772712257953418948 496584188271821984439356152367831891114231538778889247188775732346695
882564129424845263941473566498165663631395836342448494659646257 3225642916368916712754255358833738343161523788
4565181763386484376661831574543 84579296613826332125966191328473357735398326363381234817941476775618136498825
4157194442165211982538648567339552915284335396417 38933786684772714191679685868887556889264314855662763113915355498677418223823787
3947234 222995555738884226221333995821681115671684567328837943331188474873132348
219522648131132188596816 222657276179224793369926721631959145664922317969827241292227995256754692183113255
51543474417884974176391541778583712777198492442757292353444518821589888939563859728146424515 5632552668555235137
85873815222647947533932984576917493265482511673541153436794923353728858623898176418923483 9686856451653947674842286372277337358291355
25884189772125468954412843662 26364365366926536965529176693458992396748979153
27966346419227767263137715269 29347736211
2629841582522276414919234359218421636695562261459548363697 3
72247262179498982798524488763493737437435476 257961996483944392169731821448644646947511886158363581562236342
7 5856134199755158838221769896864589773655121357349174912
78425351589882916173699 31412254381622761644814841833979237689775644
51978594762259847184461739761135546965725358338621638 76623197
9983328512689145747762571131439335466385431537364777779178526924859278873253275334678 1673666368718226
231665746476613814466527741242963475248148666953137544177114645913491741981 828981177483245455462
65119739541857951739577111469697939352478693953789921232 86245435287834781654997912149388886616662633828188688792228979343586
253826144536541692821119134675532418848912113224967412114157679767994 4445545715377554681489281917717486988799271449654611218285987631476132959265829
4887556259159697956797131 61312976165942649597717722674925391461539736378666525913781777159489
8688576361952446548 1525924349721713258
56399883492862697733677764733151269536491542973969212628363238564515764295992483566786718 5675389135256155557562886433416824869112429215825436112522979893359
88371399286 11534943433447672878329235923592178395936517
1875485413644265386239563436637576225 3533346163391212812556
95762324512966448328223127859886176358427922148299323943177431548887979223391873312417173913766 71432159342869158714156737931437657411892762
798363625163725929911417821888952174195419 54468628575241279457616624198959177757675367646
849925789571668581366247173455688417849713872823268532591774 9483533752452239359294186439426918276521626769595441877122526994326757485995792
73979562989693311971569257877242383838779874729697927611114796239438652897244915423353396517975 75669613457539942896739819958317597771967124978487387535547517821157559435626577639274469918
767627562529368227368835658741487667197265471326922565797749789279254862782839 745622961427166512544652737631778111867875573757
7661685775278461952988219683451464876814193958845758268574586528614535266841716366798913632673 4941487926862585851777614296672199866876762955586127325918779179876489553
443568799839468838316835259763897844966337314721956274821395225159218325756555353171575 29366519376226776797191917
23526694825887896796167547122256381646651952885621749678 767911673878
169773317439123363678382654339639581458873929177295448286475461883376583921435337287328528525555751 29861145216315144747869153716539394451766317794532336735
2119399259681916876457986142955811187811858799295433977136921 117688
1667429353211553227175292665833857752241748738526 468864378538251544934417421541832286713945797259724154673
27354466448118121341489613182742348969763582565321329395 161429515264687222616335555448352282687318577244916692661325956292253581834792
5693661645219353 47964668454686152673211449521895354985653882469945931397722716
8671642572877445358277 37317981351148679528573786466775887974963615
72773591692732785175582846638965669186276686762657247595476 321971462936839174772221521192414972939947
541673666954868283752215529622843442566559836919492993583419 2193535812481677667353632246171572439373271991348666131
16153344895927333186619941893996597696694146799283997911176755799742472781 42267587357739619354829589421183878558296758882211722668448853111124
953 9253648879777153733331849322828633495265158143126732783396821495338115877146553885959929378
559635219821238855918337 2826548294221695358254781122415811172564851255639147368912395692565798
48644132978794856678446613439293889314727766422711317288795798775964474636698723952292428619 4465793979911564166476797
21 343465183929281653847146516631266292994624232373848815139622839735
3971948935929143623847353593977669775522541863779174446146947612847498641 96399786277222353783432999915856565767449428476734882649321378263721291511252156
289795993896799692769561416984723557258172327442322169676729172984225277685256139 521334425761
15954114459861744971718547398679693187366885 4658142971651
83556313261941391411538595389967981428777 87497545533896681461717871
9242746143321263 895523597594537338634598688
328131272398782476 6525773
536379177816249364812619153481834671745227837458826874226682718567961666 887995567946813775134137156487732
972243486366414897931192813867 7166682558163145222
59183794511677153 847316626214319833798289874817295893924487
4777137 66885
968145626796199969673972749896534 32419326897356178768688525531993789299627151279211826145857426764824814128824279894
5889173297129475413773227127785593131727736863654247768174558756735257422889869474951513345 2152149514465128244288853479716619537763287578441531583455328242839155946551113954322525612289734
29818523739857313196951812797623719929117661682218443489975491986 11964
765386412223573928772749226463687 62437925941549155129228
9179731841199548382799481969687293526967948718749177689623276833937152223951331283512723466966565 2568254261925636373613942288
2414552893891316723134131928813525968897955373341899366682953519853438917618463568814774174 66832128958491452892353352567198132447737822453567862425858324612
51539753325434262675749954195 7398595137155343123887591412957262686632929426137471422412138955985197548224553515553552
7549183 637832847416144262391334353128359125536739791346378628143242166268955415795977826184382719
752687686629192437797288171139362365716733578268878668461297426116479654955815598 5817766184778879959735787171849251269
73856692749825775425715198246369664442389863578158188217951212117635998 1694229316567545363478529419551821815917758758699833423689341
364264331175258445743294639862684 96893587522387585529247644649787969942853738295517281742328958521375915
23832481798759657978 591636514375414911
3794195249265 76954436251256864321122981538213547954823182654881513
19522392613799462788 8782362385914
259487283267414682183716738559483293653489287966743993569482876762574193642939492381592 7582855524138439572462156536522233843471812529959953569151624151621448
8972963248148199727124573812116793726719373888763128439733465715656587712 68893682256486732531366474213515154849296962641933864978524582348392443553793
174126224837133452444378954978482698882 5746973778115287191224284761247414949445486618694884179569878765999159454317544397273233
48278379965539192381449318 831838681789
36541675651381323298111232732417452874472996951252376559858143726363517312527381776338738156566 11965433142377636924265398891233598813671774
1581969199269787429376162738987757573879588262693381516441594725474758759625964361 256
461961695871635466816932251786779527544882456997754414598734851363747789514117376435849 37999235894349199834679565488525124321399412353374746788173
751391946966143143282899532562327862794463 7412858319234
5478579151195 34363284317399146375811858479228187642936113
22674239285362826844888715562916695345439681392772561584212535926723 15166112713322752
1751371 32299671519679992853581527583233
9232398548937482516825468939269819241444662371316684268878387389343537388564879737961 595362169926975465318216517427859237216577228712864472745687745454945241243396912
3772559286566212385339563847278134768243 3432911166517783662311331238724429372158249913582959518253819497919635683598897682952541498
3966943845116915628113841558717368178661912618862123 941662375956434921791483252861629116677644
8237 13489782397215416693
4185963864766214243997797399968221822626988 4261171552547126884913568464356625137734177768388134889765516396696757513757853132143
98824417594181863518317974693698797667547225636628997151822 7548852171487256597922933499351363764346198495199894775987781923773741151218677237738654997
592478378986924194924338391721983732998334869361799215733561 36241984166794751542481975712514487726
1247717332625449458448281715843866259671136137979493774239355849319952471 868271417352287856449221669315549735611463446232458944374953174
3959914843174295572431126425256245728699199911685268316819521 339727815683864718516166394358759676118387135
816463649845694594976456494731166695968811381429966717786892149935551872254696268249116478432 416865465463351762913
11588596361325879878318768612439885496148 773282131213517678438586551375375361576512575
5853112815581892 448
983784818224833 6121617895553324963423549268383
373775947143727112379385892563528784 617718738687675331814135635328548635868329881513545251866618
31158358594359273697248873163712916939851973586547128573849921648171635125349618978234 844466933937156342239459793584981956132119388455227778989214563426695828533341998848778
4897658141363556898269835962154627285824762957683179355643578516534227948843994595566584463995 849293252124565116
624857825936464 723178639583818637135182
823579515113383312912245881995637834921393663214 434629836849371552974932573398196218477716116764534888144823
763518954953345728114184555268157941842 5586672687851838463428368164854617563859513584647958155897878661761489567465422234164
529619276574985377988115461559263547479215561954628568897982699511341838933568914144345822981245844 198484935397268837988399854376
763175125834943 598576171853465959529583335558769269681897225379424262
46242859864357817457436354881929284893392528 1171166436776886169955239245757322285518619871
685 338925835937929124162333422994717215
8979112396919339363221679879226973888626228453724632331869938495297344537348357 79549176687413444455517157591229422222364225244625591968492318992541834313866473
288149281917478888865517725579992533369646223172867648269462456 4491387226165755535357294483433292643571988912378119495595612911754236559998461366248499262621
8772599352334421217476486261832394621219872389722841124257875132689733561878592833 771598116226233864735312829392536467675492868527339418495327277891514829821834724995949361627
3659584762733849374849232141385515132358 398685553
36922319518217382414759449728826293149653712835684823815313815933155375983 8344129136571125652562467195785873375928322348431838478896561664199615
5245677399674375175787673528574479757269382583291421371744293 314727642245936327649325317979851767853781859224524259153624283692787744536342
118146614748486426531489739136951544292597973299585566314316945259464396354875 2516227674793476231576562492573928373389353852715392476363652534847
39864436296771147515195941785763311576787579432858139833373593794228991469164988 9588762419477553431997185616338719593121335773949
2461197234466652493225387216459719697682938815394183439533377812823134432526633618 527933359582575153347785794531945279187852111864627317
3728755 3493222653629719516793888839124664975955126497177457
3236526682466134225965434117926421188896773299641479152598394528751294262739612655283957734 4511262423641586793883198262774367296968136595998649
886776 9696587535424169513933523276538978334974759953131899254752719213318625335774947691813313787264247922
83227921986673584999913658974975181192797383693212319225477798943765886 1563818435343836844415644655215541472246285328838828363521861451213197
924556223542164616613296564152 465932611688482511966258651467836917773246823364495374225685934566453893563
519468982935698555938145626123154857498874198766315971356219811841882548778144369 316275584424712948624857957841686378111829732738873529832962446225572
593917367461414577245326593133559379175696562812489638565433672358727965 813292343498347377
64841214863746582985743616753332397474292652442562727691969174987134995473889237626835794866244 94591139268935232766713939518792
78389 1771828974554335322245743469964963267442912187613749731116262983352134
5698951417895623229 921357965497881438888563542937
4566299231844741 5138548829365666667793232759678872743749427919521583847962258978746352627597182863355682877295914
9814337976194455531922991345737745341388285225739872323644562775664976215854473355986747221821 111693857419329721468976915477931689865946267142729343593611355894217346356164
9591172232844669424268481351337463981821592645366685372654431535495348267326382285342694779811474897 9347963558337581999375262479728455113444643626413612997699826391652282491343572445245963126785
6318633275944927213995673173185837121851768539298636658213965857759618239488454382217493227 67638714
553481325122717261193978388356191683323842441448212126944126 724385
288621224145461622287931456339839438711466568332 9386836374667478867785332882426353283813829869947834364622874255793413447134995351353234
6541113155799118487117691236987565654337216629626368212274941 91448547158428948451266
994891593296538985877354489 69191256796
435182292111651633989475298413586578734321667376113141946788516371782942384432 998
7597862816264497785671263486346423558351315313768926722632593 8964312145289315911951565698333116941162853445432491556925418945767599
94688348253183746548857598249838 4764695455591734492235
8192579569514169755975656982857495489617898611861174396782922949137858121293938356757391485485444 63536824653966
1749335675836361252194918186819169226668677437366285198367575249127924725876687812284865436462435767 4799274867489585616127217963985554593697953776622975535134419
8252493225118238399673984282412938516813842854644738976635557566485339967382249758998416111316 356351119211223719132518569937464595582718294179834117476678988843352596944269854843586549582
545837 51835441275838253949773615447211279556482147183911214884481967525
7631853732282313896413145686945271337578288229337276652256474797228482216232157521 6551696561774351932349668782788676212638967982274239738698791366149585
83837219112362333677576459196566744353278784483255918345693746125979 21719457
2333673489519491525228669254 2638581521981882129637
11832413622678655858228629 9334964983454488183982398963827468234385265454572742787796967914694691289764549242919325
697721816115384569956463334628784841166383787523699457124261454613 73789388
7287662652797112352344743324591595655862835826244232314 9716658842175
53136618355869227516494624835852611397455634125915431541525881579472963686878662943 991714211353246353363915549244744787725323465275
6426597712663116292467792238152122966958571 932492484735436124124798988319938447687387152232219931715945914517816427718788861539396282
662978239432791785372788866682965276144474417228714453612295737786499898447785 3824857442935969623317651243388157966356873742266317392427629489636341727895184319447417941614
651639365199784895539595681372748246599368742185811245518158222485182249772976831882324357829437 652252443967453648875221689183327
5125642195416373 5941978781357649934198827118998872772183643379
68462229123892765425 477456754931371837561687499761352663144352138453414869261427699
52584781425235472533263664314699692315432867941175962757385528939647165396667134325649851163456879 2636967121936526261318491331458447973188718
443415784274899999573838772427198442484975867466887356477857468382485699152426668525987148 73266914414548
338 924951139618181431689431766996627648494371418876877487858658827154263
352 8421511781887629141778256
5398631129758352882 95742553718768417463
493586394882458295716796958212266384947366157657928568184222138638334174 15333252463613912871131412735514217654147531329686616
5342 861785489685826536126864242388196189562498628
36241346258589667339883525214477275654678169 77461214922796254545284952168876356553443492958149149555593738123625653964559794789427892187165
528694128461694197849977736869368491552688763322931471391231466848374472 67497283741291422867295671433194734414618999719378592632272139313471
616712723121745453996986913717517369527399433927821632385783974831473 39961867578741262226567754175281543888665881324199884914354399934531295539998628416169957744518155
47582996963313927551485986215374481711769311763369866916215362349 63691699573943855679783759
2411717399395554494518966237167969211354437227185781754739976695526125996281244233665 2625714494737111745476167899878547
528875866461451551 1264356658415763358374414742946214795778625347
84316656762683968533791727 2982566857832943627599664372118353
9398156192833613184758578766163473821878639239775857691283397483192496833489 285359649
26194535199271714615816 8598837886575664547
6111672652354363622593385377 2866991256275864218549523789899558552145649137724626144564421643197973747391975492961112
2832437486916426211187413696316232 568488989487665156743397
546124129273772896367813 2268666642343599121742942324211456239936612837322115615143
4997697427825939913775889969269734828794278392941922279278489474354588881556122455254752727134 228115861823121657951298171691834855989471621683361796268629743951478928269287514771499354
8928796371448818181519651346253112328869472637751462246271192196657638259585 88959794886722391235
99252344611399894864524917188376335671894326169497555345614379847454185335 67828571284189969985895183813597754645325272257989598997391469454463111452694329341318824
93966692916931 492172159615928124968285623627521235986822378432116676642429886998124926287
98984881736174752657944919592131771642754985245 725727533926885436568966475714885938843247515876539587353779
4322883724891255611269557164255894621154469737125915614417412396 57955788164752351189917818769768934353175
711524736662456286 813686748299944975768311983772616367584521177874561232699611819174987221268728911914766443
1149383659124772862869 9186885388158285136458932919453264541984785661115978146678896153183662413421958235842938689552822
85623762156983878125727323246944497827749984937234134382399958432195334484792743939811732 1731869527137692679
458435221932 363
585462664142434126398673732464993642995367976653976373351224591677672139888 63526952495452457312528323955
7264893323192823255277525379242588449357349141945547217356379975428 56258724959828462
66952418829816757589946412272 1597587
8649568345976516646523842921673 4199
973395499528411334331134684413726193198642427381138418862672765711353376513396421523372855987 35315429984676832428826295628937247255942825649996515352487674174597341922136115174
49551889423357843775186139489881562156 384685738559274457357
6335917386143895391698651692168 81411745462792966821214843292
46148465732734423771557197657654497779 2157
11162733352749317872412159669921137784 241862739839883333233753122
67475288652572689612761822285598686932258147558688635158537283417491641745783 57291
82 24967834342
1776759377567823771766599617364199851844666925176523763 9596829647789919899472981964167814446943278493298843626237754119461178193296362895
4587225825615877132252137322249141687419481792947962748459862946548334814193635946268786253116 161849498967874689329252936897498684282736838496421593878875862388113777275183253
151565567324579747194934147488547388575 49236123451258863161816
7336284249843122483525693824541114187612338741394619736996686427844196293664145442122383122653735 446859981884483364932622712143318857666482783375818714518443194274213477889585585462916837342178818
8241756335112555922661284461912119885532369261718315287181794842869252766182378176584452931 3638994183555284372972825651566
659697225472295532781335165734764325724364354912148496559591 91748678386435899937612186118817185248755763857852
932974618362324287958913692941159727861342629643263863495 273475467329166299546986589263832787872286849428955945764484239
46242939865641278527576866322377323873648573424662674557738 495389261657511754948418927942343661543791921366213882
37463856395947661392476155734675 26537137125822128442657563679295985792687772424941237213475339425811654377446818437194
794562422584754343668494792626994512565627656221271887382114412834868618824612694854289375147 26554784527484889332761138619872
51915761462597789459294542132973574136154553284114878 5257426452984385189935747433356945641398525433467961123164433942797828
8851372122184724 9862473753234433853712198731287913894148
6682933424664389446596728947782156574591213499663995645823143718393121623688172181374665325838 65957211322263599773356778475114182564649335277437522395688789697781164867868956864338253
79783453529381873881984925124819334 41715171953192371242615354653
855226724 4839767847735323153959551122483699797969276525462643588631719191638547718464
139195355235714787913776989277367537723733 9829798792247282992351783721871129125199394759183367152135743317234745476562531959615834832633
347612359227429178582236964974577585722419664878 1577344354675235361695888668579328554339368496
3492182362543358822889 38981455215888665287619495681662388563393457966252986928
867532881797 6115863526313376861697833412419795196643652851925272394256974886385157284669185
54589796713151846826236148341744276664167553297 94292865263331332786321428333843456121375654125826855754279483418187768955788672369822358328272
57162326455563822472385627728924969235136558 566778224236468548485857672156247136185133737916
8912938368354868584593615165826792871191255243122612 47721323418368815341268564891966752669882237248762185315883468758968276
23814586 77598991531482552962792414647916691776897221
69716221472723588723775898291862627157211924159825832968368948236194155165 817524335
7942397981211148 344378695997215718584613257312436766174247748631294163769228967891381853857943
85223985224952363224715844279226312741228517274694552422247257766 53428656362611366431435831465264269263285831653147625362747866512444391267127566493555833495
758357394317579429519754949446147971892535843673273889631938188281886353177217443999 5684538913223385617726
472737687178581976498433191845145735882543188149876135631482413177 571593827257827846649667879
714159746988688579168957982213325776985288374436832934556761445632261328369 475868182687
17845282221255614756847966596184176729259734159346473 556595197835684151873669819284335843643123183794
368844284 9246863825415836994471634372893842119752518924626785461
755647349769451261538931413717799662186342668668879899698189599733233789422984 84148435985836722212
7377 9398448445913869221182522837
36629297839871346187191158345923869131513976729266326299387323289515 139868861857286647988115125992387776481246461783773519813555689587959562842919539984
9469258487645376652821559765665268896914574511878 146175729374936965276158512579682485985211167277936514255524595578377616953383443937134716
853126835198563 1389323276498145492677167424145829228879936131394338391469173
9833416211167328253691791389969851612935652321451116678333552255148542289752 572555127288915766979294712749222989423492689982776513889318346619314529899677325
759135178851929834932289635333952442431385115934633738117236359646224391952363995544 48575456333742259635444729563225943776676414483417143665289913575558536651673554666363281168971
1362115337379515184 9824493917718965752719543483759537911932431373555252184361274551378522397483451278458697584
8427133274678987261789168942599186349337424634428255334 64
4722221923581466394852926865256553453427256835235277 18926998359528739949719276412491248112369941458141815547843641199645771975968239225189938
8252297491833311519195538 63182258467299944996539433278951542563317621813758315124718741918195921596
2974459435378669713275682966836242385293677378923489636927637877821555384152495388983856352765679 79518865246471614121749663231486158879771361721
5113553662372452938747279485574861514488 19783482257657635311757285147391658384941465158719855233
7696554911444835492276961698842632772533579813998334394339 7865785174721588747748468969968716524
6675634261795317497584911722534 4945488985836113774613525874971349424325697319
62243626972177277758772459949674969769339446681477142711791644344262619318454857 44463483576791843666293376911855867511686116184571664575498366643641987925411635748
1973316142299874688638322668422 463628376373667125329688474747662637552594458371869753575946
8345185453735125642659367163991355668 8322155845473994241844391892172171258133314813
4931648471233433834279584631531696873271889543721493157 4663728783751933616542995854246723812117216279
9376462364233175813251989865617343179378987439834125576919278792954759372 3447436836
93367146728165951795188138581786574416233 9965663977372116943618493396389449413798688852927964232428259325359971697718393375825534
955168145992564216647911816638435871116927133573146367318119185662893955864689148245314272678 35466313231726626598
1157287462294783626286172698253 585721735897269131177349246251796678984669352752929325342227168547861875948719931613111527171315
5393758472676386714748547114597729469882 921166494
7259385252943998928744423925869867212 39571731486523176586144637844824969824249466782
72118949512226651123657179348366363664236787167858483458886889547953677 5722741229143829784918454941682241155738494312713623683533831477532383532891272615166515968291
7264363344778124817993684179144774497656287 114733371822263812532736159345352655981999688
3979366461117723778 4588699247272213829962147451741245722915983748313896591873
2864718693517444549523813395553458674781196942628216824562956386 6157411113858385767949952699223722828932239941861841492285434
8977914586738822982467746618133463856529816 6463793678895763571233617196152949386
467519346436521993365692874588249867882766973314227186215 84634689511855595886891644769186652866942664797357976848618231379152527737187344457
528 6156719417218977759718937356965851615115299172483623371894959295558838519984371716168133
165344876222523879137399819676678377474 28
18633819121664235786914339118315953673428932124167945996177261282969 382345144258563157711733281996614459426243694466892657928153225231486
661338398129942 91698744599811923759934878163186431921
71779536628373438382933266411629 52934114126522775751824552262123185714
6594243692521596616632644163726594939137285492 7953297547167412118875
8611777576843435853256652989952463632338389681385875898535288818263247759686 115464987521955178739958822838276214833626345
821892 2664561343353575126677534136488832948746645934553396735
1515918622617277174467562267421236845926624617343653791712818897916662 1686411483274152113936993368757651295252652
1896299769673537697634489666437581463195348994419858519492169442838578495788 9169217498898292737737874971249877555889832925271397854667538588924296297761769377964
797665528888369514759457649919348287213482683184759591873346769789754358621723563426488419679 34963732784182459399376219667794514785888556649656457163728718
2378837315489741438558544515 4831337128216274137975585
7263354987334576455893453582826355761714913333774344576 8457259478757997792345278183311292748252
814936735838986561548791873 6844665382888188597511533776968
267846231692481483441428242792 6771964364927957887335332647952396511169283968112861754824142312444968549643395855389778863176
5666272445175588893192837781395483841866575842379237353649397523537671823788798237478346941 542786173482548774399
169782162833948396737664242986517798726346881181376653748552312367868221695 5228311754197324153744424536441783166233685639644438475127692558
2138324759 24387719572279428338497427823792756656153762255112751367422683752293185225276986489512759284318622
5825479331968266781264924989679993117 363259725993849
6797542895541454778394643 66774296
3886584484371762155328162224336945459 485
5264967522871951931951774473588179261877943624838 58243552847146558641916873535889174163446297
32183399316838228569939465518164212583535879317439798341854648125336111 126847
226439494883636511829189865581423951431941338496652767575224281412135572834971 67384517252858485949826
33578454119999249475689675226195339387117581348934399381714154699573 2488721968936142941891318769495394724356862292
135486757688661389344577335724226 93944875275874516345422273933
4154496 4817585381773759864642948779
5596495696224359819498122861519322955914679118897897811623121982276292876234664141243551293839531 638499795412925177613137687974464674341678457471314825197867339878291491993169
96796532285255683 777257876472638479341568643828774798589342316
599425721165149699822217589521324338458465442352453542784884651253319926655116449897921453628451594 2625399184731284789773883482579932391169176
76946672999289746269 29586382542345134247422312776289552448225351965659618265322513931963685984161377864
7173857861858623388277773849317377619421435412533933224219592628944546983178553952484148937 8539384585564922881197862892733768721844417447219432219445974439464994688153479185546555534624
295134273923278221826777319745329581914952776446786513773792781744644223653452583599 7366213783418912366353791742578679496143182267634369919513314687922172534491393435122496282869211
9981793589535942659992197769445222991313227223515684578439457673959948745122 28519796266184575187934977453783937995714765266791584524576371144768953519734599972382927675
5625931 1591147355332212889143565288969123754934882517662918352665287757123626175282
3753933616877658138 834654415
6648141717422999844319273741411254448163511863593635541882437538696114587312 92458667543275384286951676447356753772555312146451747268978175883324484874785789335146262898277
4278298691995174515339875756493171 7377883188768658881979777227365282331781897498179962848743817
24995746295736285241196723729967134194644555554672767767624792744817792911967691571943673684 93135453945892774497464987461
991665615659845143868155428376217322937925591255242 7887693769714499593988555
9122249133696453683339427943841288488142647182835 3357528882669643943987882559481792639818975837348797367216528643116462412471327294951779327677
8195327146478348 869985295933722734763673349771221467953151
53742616637942566779936822922514167241477729864642383 1991669715691184257
271277865823227668126788568778114191674722986484241337187819914695251714331726521 1229627896328966616853
38455914914983884273783883695253647266582732717424783996678321114778 686648952269122626984979213125178927274993399416265274423175519218879
3943129351349526369362591562129992158869487792 621746633488815925113643567767398554189723974396664789421521
971554263798581599478755243528451871 1486753173932665574219661353979457854974646336377772128881488482344569464975469115814
296418799529397 6263932144982916428162651321459
388267112555499821763852161243963719999134538349915749835157247469466518852623532322934754796 3215875932485765365885436383999634995886338531
557973179153928622749933111731819 745399178
29281737987873971273614816455389889158177666696928464942383187727281752435897 33971494484236369793
1573921665984644711313322918319637957235386368437635775718137624699 74391798449617235941736917324
378847 81675188775974353878529826727586255866112854722141294114253823734616465878796889276571415
7488658416911768655421918 1291915674598251
22158419152256356923739238996115313436926933884587312523674674933749287629681469981371154 227576
631412 167626537837221477371385587923838477766257181837816667682363293353966989
69643627585911198381929991292727754818536236587321356322756 83611347956515129529122668753752
539175227319771958815594656588321394414472 52649633233137112399169644867713622934638753327389311
484762635185367666471579982955393926465648 971725481454487268979835948739964862512751594345772863953284336854517393511182337124416774272
277795999511328 582552235626733125615511893932596635637456149449366278943386176253892886786914687734194
4723747675863387915184685673513727925 369368
78417575698655433797883221131918779445161711759622686963879925151489235967613197 942991368919711419448423277238368841174916217242939969733257668961371392575164816257454628875963614
3558756986786 99841588519
55367991697357755952694639962767897893132746 431
47698569423969658225895157835142178518249138927773717 41361477724388548314519528643439911966843
1453398366 4383453832489773872914229427794485733324112726276588584327133219965677733
8496519584192895348442699458919637377151129616 4941425923
758232953 166196219353244937293298
338619272265655 3439215619192734748343195287586722775645399
3793814229355174337652667869654185955299891643455792172135941773748248236195613119 377334258148144295532547737623115859652724849165583925797861365461235826396245784294641462297713633
1788369284579684534526 685987845966741891819486924637454637726333513847278742958948499438171673784299275
28762163654779888791999597422644188411886428925667744253763193485143997255924768492474741 555821769954113741446759754977316421461796447499551578111591564282395124694663
79174573464459939238586333296613549325553662148312395154463591379473164789485368532434464735713 292458768561326553128522438348265386192964
753328514493193294948396258588471787447492479828286673941433152577358473186612 16863427625885799186539387693676917371677968139985483
46829626246 25737886946744
6549233858575126764673695313672589295124838323179784575213192178839857915429179 5831758385312433927984798663623878283326752865276726872965933754163385221
49888272765286 7651613251539926229166261833
97341621916744944396818835362142744544741985651789386775371528268755565143 2568934972421897258164253221253287144921447763774884816582691868448661547287567234469
8337318538654333329982544923373743473995271518942745825783326 9
692855918611783959612863 7
43431381288 61679698
142453938352919572785931574542365577886495729742125374663965465716214727668376818897298 5755773864626878591678577
659945 8967861315972765491649671628129295258692566525164737574918462
8892314539446841791784286391545869347334542987572368339918194548271545939667498972337656849 73567767783863289385491392869128337759441598345886943952393355911118219235178
536885164837259249372553569326223447513896936758833519754394739226498696278 78337612981397184955715139954681842283263131866229413193238887342538922961176218879866234949
51742537648152934821338656 22793819777326669947476928146255961183761878748896131787411387246339924683355164
21358894829112783244322671146836962573775224352551721762233966278641711151891124553796685638128 59999468996344
61823995655276655 35654
52492645456713411339575296871813957537756554753892458344852351 478366431
217774819822239584456914492681281242749164967888574719 9395185318943355994629132195771469996321515225353964384762877354582432567144347255125852128576
214982524416942594323154524478241354864826557826263523732562757697122729379848565779876 4858237518873192753941698583236664696454368
8569474929734141243217952161287847471469691926729969819661554933517868731944257423 49896169123215726333856284635864151846542819717265923739949933931139258329183929414231122926878181
854256148153536545843866887524746845 1893763844887968173193134942217594
53792235586622964922223939812157 41158961181484684716363431997754712785916298491736833
8953344359169181169865825815138134655342438977178211812687933653674121567986737174354498 3179461918845627
683596974252364252653896973415 83211385492821765894131128367782478963271626437737813856664288
2488866622683465376774473737557627154912464692973643712336177283772 5445551871424848934629743231127554196957
563659114912555136268645219741917914832888617 181525315275719744863444158548458871139413815875239
3782869253578971634656 45339753586732454873852996351365939973139927
3341564486833988283377759145381527866385414 97949861271974713867234944165233585388339238138511968961758414181
787468282545486655151775512165592656891423695465965925173284554 936699264174118938975
89692945893967257739165544731114828611965934991645951695836815419 119955926942915756173497
28716634777871645972615 8964469559638868838215511385475272937132573321862637483558
89648563852658957695862899949463372683172283127949775524 9222191745162771498137148275142979547797279211425262545554794386
258722589261235881891739788668922148637822126711671142149894352188359626667768231884445 9153423434123331714
1549793874784 8919824926522316893514254312714859712972525489151156699181721834
665966363187264944187325259 646948
32527432693937832558258 79678279499343646435741498522928239841815794929491698789444265863697262191754136295
9353724678526791868663 197445665345999495528222526813
63 9238599958586186196724145191843692184957254955274665875582
63479522991215989376267317243986661575268278638461139782314392321541679938835372 329214274162914277325187275456137258789723285132548199257682293351282947476379299753946466367
1988861793529787547763 3119293312
6874933585346698667451121428691425456243479739231329796585546231969799166321472778666399254 465472146912229651253436434163682568175157878894145354898529683276399657613251575788
21 164378611191332378457759317547429268299243677252244143799264513383163419826
385325449938114648112173411469653478348884699721278796121487523 5743383493319382826745497725
7684493391795324786711929337241874234 768524458611937945149237352634225669161166271368251338623586187495487445974273
21725686155116597223291794845478488964822875626446957792255321 39324162663945221346794974
12296449378333897853266799857385453837832697647 162695
86534 9497433275256874416233923296448756383564455913118672
53217217437473258736387112698766255489271482831622313379171871153 43941913735873994151975483638878561519898493324992519722644818472119253649715
7652981862292147314266558 8739553691753522931415332679264645765156565367416
51285661523529984864738438281494455743867187262462414253814 675669323274496361542755277842535622711339125131186553377146198818126126399279432475768958727719353
9647385775746842582372583122326679911114182914673349824299169454488565897155758389792493426272 785514789185415363747889926516842782541754
88275833775966523118164727738491 693296848354961966739339134746862338652538439686592
3791535692565384231529461584111439333362759334744384147272178956922731951584185676764598969237 165366825219865854633553168343747329333519125147387932634762977471768824322615321621829112
57382467796 2441293953727283798986
446579155247527624219751432599983737664554521354 28599192681729217397311415696445267965951639973159719797512619
9147448836782129698993955627777492134228952176331494715371 51822988634221813455799449877979866221743374751288382288819434214966722253951945294
915277787215487448719196647487294412 188799425188352
26657192281158142251781397476397169842455557912626758418112 219673739247979898297635161233445785777384121621125215369545314982967883213989245142
26782247467 36126864
424723882389176266341997982314858356234188192123783891375784641231721727791 851828153832933323174865695127
2127833248527858777916855727612474 948281178983497914625284
8747177272225296682897337663594191576743912451263429795788577564921462848418345817913785992849 865335577218124668721685542
16877951865793314569662429776556715629327152877613947429558595193141485666942 38449167945354362294876573647327645168429496753739
4867913811457478474288297571623433942798292123473618835662879362679174125686943389183 142731864481485679239334
3733893372399674894959817356127911851744236118192793184219562681986843942562936896346443 228484578541239664215418825591216561415933317774571848494899314287455191849599182665677893798213
15317437933412447778861347911316187526875738972769587517136173783388358974797212 6384918387243265551
2424677367931141596715344223368452629322182156264573578175651821948576329287268515247143284342 759894986295268
816319484478823243526777513149935562696456 89796769478437
393919818126537123125535 228285266547955574925289749554713542218574787727971215676859835135682
58175134688114719119945118498778 824179139
67298568231865172723 65863469262825694956774326255384823879756715835994437
83855985662573192516774154619654694466678152684937912832689414539722945289595247 9668312535887612
66465364291984645141 332948957125542837562158173275873152821173837666417618183795775183317984
8746397336123577334236336377159339 79626423747792271519471423246211897359963638293519836724419987537471243454229622931453533314686481
986463171981722933616738 382696127533185156429958891214883167525822329935385371925771218769951625347685424
7547577159327125425963663929285 331617134344335828272168291575965864283117487581586282619299824749494244715119884
36588536821272376686329456286265189693983 954979185525167333413926644
4567836219986489158928452649613 53279885845344515751
739781495532499782557693165542883264784667753981954432987321858968658 434247752342891315278
89125969392 56683992581352443196564955519691231132787395
614927815578384514434969153266319711689187361373469639193532214517 2742277174512931624835155216182468134372779879975623592924819457312413474739
325256215269695673879373785572471689 861228629532186748675127811258988438662785
11549631158952559716459294754376841949279651446491781133219138153547676657 33895968995929678316897127347562398773952946111159359985942271
34576611931149965542594718315916593132612 617285719133516934249676261514334162523183716912277768915554564566513432442119582549731874977586266
1928361326997789677341243583629825431525827675984765633516883159466 9432613941392648377985339729672375389919432
969248957768888939231194543139638562579343978173588782 68779517741643643538577843818126675353756521733275332298
425952987567958522551282245116292 5257531982968735442558688923774116733929427168852453466891512119183943882543371246497244442813646753
4428196559248527559633147 9137476623692422878963326527545673846573766777631938346526518554615531964411441287839
5149594769385334712528166132983294243 8545326567977446694754825875662513111884938829963257914596185
8994856741786453691212668897583717918661762479672266587921997247235125989144952967568854473 556689338758
747156812 6429428344325611793368779437496451799893733289126921136632773939651737445
56551312125756983314662772899957918431553345533117884865737322 48924394577426272941467668869244116292575358249469613878578254416769375157243728265381541722
683 579552
683765457562354289416298297833477563751621 324577295158547325659311388376852874812643747373641412612946
827893116987246649288585592848658427185581282791348834334212863639115 763712713646657333949225542691918916855285544268263472679472411561628564126278287758771343327
52955716765889923174672864599494377679589866516241594331295633931352293459 71462733229619495295431988423477377727539999462463236466572711744735253671974
4759684294481367658132283345391857159871157466276811138851467962328684674864186641138 26946814886372556481447877975383566749
92717688111325814882586287743676879961122287458118422733436462 35186884821737548872883312884893916196369166349735816755225252886534423
676536548116749126926337683951526985256956494589985748118283451171436348469 8474548411
2959395449168548198869 85173221185425346693147932431746515553689913868
6125947428 16913129132427835638142589738856324999656989157317264381732
26497188153682222874124213293483637957539563561892578567163278616618625186894999 138796716654257412542644813782323883773
44149925967335654891345966254799696435712183452283699522861346249225548645221528 46182
213952246279123393483346977312558682424718176146931162559757881454191527158484373798 835821177717344895236132411758865545898811912218628286682177743266563935626787346628675996593
29937458196772595814812864577561482739842625249798436742843883876 52599992628734273198164614187341347244842773976256324666919424821719381687
7661111732816192978 867515663365636614577179
5578125452642243982531414116726179387437515126428169912946143847331243811532999198788348 61935233485875478615686285512532291
3432465144174379878688633862 12
36954996853773488175128977175168742741941891732232743694241771 3716764114232983852825791711825768754579479947145912467366631811768878632758385682218611956133692
1429527369917386283519211214958 783366245135992566742985118782157726859567138733535663652274484699371735697562531569
6195882677443839159542 49
41716897682215729961443426337963381694852596645245782857462 51363155671624187
321424939122897247614198543535973968292889995872299416155271357463 3544285371412136132879232495251968966471815219229243728684853339826668615372993449635654
978243739341756876892835692945 616798
66423459824695566452742868296381461163395541426758331889681 85483715
859361644464 4554853592434681445885695897876776953779916816775217162632493647474899674312313
956938528277121478592684789827662947255598271755474275469144811358874614 89165994243769356789883747384518464674764685645956254417895932595352856398599458216256446814341
9819497612656364166457538322954888257129124119327386246993746589297225785753967175784682548232224453 999512275738
784795869651198976238269557317467292898886287449582 9597343794737875863498967752127757557252973466
564514479453696678764121851497436472582396941846846453 372844124626521888913422382879966897556645368
28862695988268857286719538371848829917812972837946787 9828788138325584273512743178387842
5739222728392134933713954268557186573821172259647923451223 822276499338117483355979631931623289883877877119341439115313678276981533268994466862458861996
434376396 2678117698957177878189756849649532185265691128811499424128979487382294
14222854548358299691921259599885759711282466745758589 7842262
1456939129771 584
486642324568973511329872889284892251269423118329 59179173
912 61156
47965244848528931998474949951 6996649698323163787646459768854625681284179956738561934984798139695
9552338417352267272941275317734633482818473 59349661625453417921355191859847637556433933576386921352
28798553246557883125628821338836764555735682727 19939667968582747
87662413599287167829393818461996264328955757323842562856185671648967389217 6459842654679112334138361389421647942527664626748129971
257644997381613283699282419937341618245 63
12631549 4855424989315778659719782747913862472238499747245
918975894947569466435152127 3885537657125365181418691184177822224122
39775129726488 1377138478579951888528181985585245454
8 118882566462182491191264
46276619351538499693478642779372314492749478484514153349559378133976997946414521693672573779237 124723186627553314423987347411415888589328544487688
6875568476941579246814515922463623536944545626567125892688826161522116497678573 337919485178983138273869898274975492269866488186954985788545
42557957357176488325183192431758368581482126441 45756989434993266
99873382553419948844713 2622368432719572652573658659736634769931657467459517
96119293397346783813 93843844482887547175912684811
5 535692292838755217468225873348419915325
675424239723779156955426 78196197539366775383987823418716919663336659833446849487473137284195442
16748952556112315658386218829589546272491991462452861289813157186678988179914229931254833 87636773855374375164136452229797545311733476183818982845886245894328981168463224481
9816742244186311296188682534942 7344582176964745845185285824413737946236645264235791479
92931144213724447 623197135569346327656182395714965296528412743659599851614135486965288994886834267576195811
386575212676443599115453376233 969872941839524341689412911758137829931647318587
73142752284 285314338371625768574451767748246585524916
91571338942 74375143295392642112316413189481
83624283423792237142317231127571412511529553278 914886118981838436764825582524621827677763335145162875371294477824379127748433151663747
711915891767762412965849289324395481 65397369546751482493312339544321144538448123487787391
15374649699958248723535445681277312944845746852993218528348 445323253291193486277136196859149922374589255531174654826812754524154174254762361295479626595577355
29933763894167221724799116617879172125315 525285216224685124736693226593535369788947388924931948
45975974322257925361897713716252366284513 11752121232959956725259658428462886822132727353794215
6251599439728666622851463799982446914941374347234857968941672934944171323184651683348578487677485924 91659268248163164344235411319646741
75682458219126644555366111128344463296963961924 993283832553367524616976752174273614958868762
395157577921732434971241729922189447867 9851945869368776414379721217182747699238255428433382153575139495692476167888744811652468691386571997
296283299 8315753254393486453527243475854817221
13278437246393954234492198379845289599662735324112264256948863569786281 398514116565274152848435268411166842164998158628277727534572722312491
2768953465134239245656585424232475442889163182766557363898226297855713198 6529145469577432945895994892598281539475673726643143546812885922441923373952346227352423438961739
152751232989427384569348396825896156489265533455 78857473892127972876677793998141529121
4126469981292823476681968325375461812195936389323 19263998712221796167587273978
898544666319453993784114475329741796917761843379 751522244829811597516788538823781499346245991456948917662145471943425952378879879752755849618387679
62758724849579381824639845151853273293746759834991442825399778239993772 535491915981137357265179829611652931539754285254454629974116224244871522
23278514434451299854358967222787597444611394888795728557144992491589755512721835644 161557295289681629225844951
854614415917661974754 21335388529657384527346679388992573952818941795131449222844951
51751573936926877912922971381776128678112318155427581747383648438832348514892275786699411 3978114187417782395939438923534935619149693849153957311998739
2337462 869533946945827125656957833767325989472164431366685
91966715487339931935419724148271157426188952195591469957413231376 6942985832634956743277335949
92778651865288768638574962458691163741614673949522138648475377956 7163169996288524571434346559111
94849143467 7288791147441
69728717653288898692714389563737254259196177833988233832747693269834573763367367259768357846224 6958863641548
354746439187678718651587137 154417483525634538294537426181181643861635
644757814956298885 4912365598944727622622755443397113687195911525
826452713872919447781293981453977811755519181533592835437917244772971966 9864232941933192115693862693585238718694397611273266342311684892899253452349192
189128622199598788562354766576517 23897756582696853535497852119691823176864643528713369521237498
412347895518425584573836647681361573945345877236935717169917989151 689244859861416637179879976773612165895289997367246794658788651134594996847484234979789459
961842413443846445285 5666154275635121721287558
54727356883161213123324179333389786864294468998125932173417677741527464493224171628 128288427525
8533569741671953353177157751 4161155993521489995835
5171431359121765645752575759835456877999493338641715525481669676848134879479131 59731988871516998917945225318544642854944778763857466668511671465689476822215714346771595385967
14944178643794645957361284356677461877594646 717988564
1777131283253246275256655933351165474974 8154641626273
16778876867661917736337543965749471551562 83832677716493391225
6797999981355188194544321485368535221469986261394893258276175766863897671922918412931786 759666427449717757634498794784337692462267963931912925113961129179835686679251191
77497851283186745377544925173497658951246865952661983 742337352264134183616947473697525134
28273848794796645349761364149618787137669127787928366421192382219354112 887557451975114156819396471912433738415535473124625719799215123249975423426445
1899349146416926673874146753229922851913963545837442858735594477493635968622121737836797311961527 759298282331686388439545653168756151799139997787329554898816274668492295196366655748329
43335928696531131179963587757828278941186192365234139726693159675531179493677456965623268178 61276918862689884754516966638886769538755285421887855373736247566521733651
735738375953669769212428876837565843562458137437956635986513824924 494544472965
997521542679329689684282713854461373574186 57232315824579885361195343
13794277851362162523857581728771296737814496877513416246187 624455964637718414495425783575984217432537983127911996449981
654245171658757127731759168182392877116686633115191111922254325942396253493638661589732 76275776613816671916562744391421634848435229634543771649137631564674774785343347876
83981144371621153694972859665871251122798458768838754132978943772888568484881571337346754665 6541579791546311179813626782668834768968847347
76481 481735816729442631965514284447796732557786112353695949269713148645276213867813271394421152375
7228928544489595951777332 4955131466336888158422845541822685967478725595428329428551884243977546879788655111876421572473716
9179864536833917629356795921668477427617674183711646411277111772395 2917759794219726162319573254163573626861467763953179947166697774356762985
65925176325254741884527564397151112178584889726864885785114833899622114554836992488 2245816439785229716713163394318847214218629377367
241122178745238352176 7554645546165634165864469685677189628231774767344721344785194758141137424152726757689678246728
986371514833552318289465875393148523527182246 92688849323961837183634437872
527816737798573434288654617626833184319283553 59299914351384251277636599451818823
913549882631846866652387536422278781935286957 478
1556472859512743418575237274671362131599375318289658956559535941859771238394428124468443825913757 253492253586
45412756465836238825958411969945799755232735574661115292621129 312189177253798186465836472766484672343586975237497578643251456541852984511757638
86487 676397574468778767313247493748122385998961953826493386944646
8163497758989785623559255148197942611474789295965717417 3761495525551996887671731991842499557361379867851446412286466167296548881959692452582193196
6893733374139759 9434437384816341369435817188394
222795481869146157747939125428547499453737299118917168843318861492749934645819238493277362768657684 57442621627511192622648543
98473 686485598715115934689632855383235126264635534445747247265748644963152153343729238792581417
7787358929993255364738783962978721127736921496379687167921368147637142425322895272746936278576757 1419762185753137684715349475284681613581411924334141748495244412966417487444767397536468473936552782
954287849512256118 585396985343482571934597
8684237963996 32483668459451729652945325628236575334
74946294186136639965578 43226778156324725325173793513748355132232438
4 539842493936231913861937554645931467451358
55566429813733198412 2471781893846781534789744393
365557974285925836269494768149259535 855546842124573356652935518444292123288245655932347968
356789737552629749395821889426451642638589848257998892574283542822131224745113498388151755916852 17284838566695137983652691139274241733461285568495976992757562452646967731883
738516817718658719882612817836493191944419681 2877964725662229846843421489411233116956
776953735563 668896128622444127136612
222969596281926571412911659344442891985 479993133199699569846452677433275
886919164896518452527354579955385661555128185 4419322276768536452588468351325699787941332167781774952254685478853447569842524816669
591257621436571944213881617252587637266 5238897186821857773542788359458198439123594
994425946242759394 9138372129993542767544362952769165466486113419483294412939651
12819984455782 28742971785174688532212386984
2462 79744634412248694827468
441666796897637591461343154893 1166786
891589529828754364562663791567385492159199784351875492 74679996399998166541888975561362326
9724599511865617954399489922898967543453283629323934957135843544935587759427687 6591422295938336573936663212651673524624112988562156
8978667875717874 5179234534611419784134467265596983785543113227574695131261127335879
4888433374833453341199366292365111825871252125 867383551911995189982458765636933997
267232313365251124772185734384244221479237446245878932317578452245857274227164275213475184389593 878834868697933727888529289917399975399454422525858459433782798692547973666139778779114887
39864956851256249494921432979275691755216656 992678327938468798596198542239131392985769531185425858147359727354142411711412456644895477
39123474543756675586958754224123581621611316423265337183111411527261646215634291149654 441474376928
73926162447621672116732453895793276368797722774398721958891975 69241837291221913486484848287525459
2851818777312188185321686923359554622782437854951928386817738175685767 548738867826323449914557788783922922657869727322548587885457521771716814423199921
787 88537617853379958536824638169216733214272984783896455564444616528738689664823217219
331585178594121291 874335982694693512189442384334757152362845869662324219911125799284
18316473969661811478558331389277447953355451834 8289383644914668985377585176578445939484245912757419129243199566913522585375628169416
216314633721164856884333153967591135558524552891285851237497516345968675978354371762397177581544 81497246169763275834555512858962438754797696323793151862241993288365341514665777222681452485737
5167487222486642978379675219244998126439973143643467659624418425873853 38251846357123155777674855337634959151766519395912911231144268662485634296287256
145875421135151262637397 57427384237316717914782187137328933124858669272286796743563244567893755653826577279
38318322742 299
5866985884321667251297318848259942942424393647257931226419188546424598637443235512873131961588 236596274654623272514264713111466814672666378243941143427677141138232751373282949632
369692458464641141 444839527154933732888423595927254399999
61724337575335466219162479 24936533924992862319833347727151129783662653231851388788949526
983346374771648156675148155728931252169326744264316394715 1192489319551492369468558212631874666311353844159686886272619376738758
5156424939834155768361417584729313178785641378511597288248722138497753219 48866398591118774763754428897379727147538843568442319449961523517647563218891
543488627158389154613262159852 72784518953644578937623219273843367772648728
98453918957548393958726673357843215682784962271851629821552 35152486893133536637231166233384546334563543935351996122572166457
2552289639321711196552424544162743937397346338278627668864166144 11666266241977511324283256524125975141
7634613891412871133725839438942985371267544113721586566149155817429864926745755 2388926954189737986715915841689681657546519968452428811943868296292222551332213865649757722
4952996949488532535986324988217281959968178811578219 9859598612395736729
328177123143318523423858912438756841783855 74789396288798268332852279346751845878953652626484673211141326156748512768643721
86938132888397332917623752722636875251595354556443 3976394848821289718839536979894347756385
5631993149858118993787893768913268287115955718434495631129556577455671564457222 9411463252578796894277281558347262477146181916836511365561547593689518732362612
8 45666487114125255428147351693715243543161758347472498765848521858823846336415434463719814312
33628569889557441497527438292644974238968 8431619619541249194338298
3465251335571671148774677898632248933137329948582777776841928155621686873882439 5841192919848156143756178656587658136863897946174656711635529882948318291341662778318927674
9629517725485354948521429559952866857661398189646944237475674551196 15935619449943487359198172667154791144651921148655636378843246986228778322427757648539
4759862296811681616867886132562359418243617824451515988926796228282237464655418313982115375 69494177848553914252463442536882923719687596113169571282689158247493
939319 2636266221258821125
74579186742855774214268484 455
15733 893852853
66331186894281772255239564946626144218727787395345782259517153824141293372125526892 5955881516395781618321981613147
924324 3794721379742781952112973743198247783319293968141529974759365454419299822567424346544318867
17412146825883583729639 2931995896238477711687963641876592525677678639753325554247627724116116444826897364676151334485
47881489956795917627155132162618898272295693788584229577883567254933154747446648 87164835934939355941
1941367111175447924371 82419434685838721362733247292329598344177412441161521897444413531476529
59248388748594484389147323337155769712474385524779975395673794991531 46285
829373837234988346811472773281873252936664547553522582933993 15581828291613768813941841162636928161554281219
839988934529239739535674672316352385356729466855983823455572294 91413928764932792487961231819278263347978267791692141882382719166351766751
67187464429284862554856958924988433465399815658631765251826787981574883713531132 591559392359971472162469588425599538647578229346556663796446451636762336288274785358
28972294187393168887966411415488872133224 8553782719215195659594743137366111182355821583548621172369137581754525789
85689369765435828868286965581121438827443843539673766 7413982297356134918949761
56537221834924616467457745181983584566115312855376638362625561695 583298128321562618658716267179594969771263842771355736748746541616359148582734941678643
2296488695946572311415969349766843181784165479663891851447146123449171 5998737535164928978311128958864155132413373727369644156438726
26328738253816859946238426191414938 47311419487753967678132386467846745494895258452749319873218772975459116877816
728173349892465278927612222124645 29525383
2493 813445782189963932429648344626482148559265178185
1256629284514821324531317195864554566251274851254728332 585964782842868841731153939581274282714453498653846974616162985469455876
67798227592256991 5574561118446373457398
924922959478585737234927893589187483417467775661557732625323125127139738826267366582511699 44573346763846484142194194697575457243189141948975622296213963753
6751266285233671969186259124862777489159 43635
765673244451142912447161362731342411475968222522531123695891515354717899254173849448344983 9196211823912749911425769545
863623347945977523784166979947529321944134718174 2275351167187135235442761753723252221335319816565
341957572966599787272184628219635423512885128266 848279874125644769
462143847881981124421322778779752523635248668543157597311836584663546176771671755211181228269748 244841996556681797188817398256879629723293619
962758595751149255775982623786132947159 84444566147144413993256352425553739851
236655516654255156559176241493 888473288534786445956617628839153274841444553852642779634857689
6872531699755696652529234482537727764622413252842868654224362157474213692597479915769155819363336 3535446748851615382245225648481684256279823242113498452575438438217868553
13998992413953179987538197351827427738337882446277581516122988776467784618995 9359987757127781826898576323353189379379558569534
6225312437432961222728 468339147146735396845814383132682677152949383656936261611758183588
15875951633914359937969754482381238875426795111238699941475589522817427424 6241277228963237413467678775561236727262366613357
662984794613979217173494927563173657629169555561 961376652147648477255874593686827135285726646532855964243838763467685425758212492751699787621
8197456679985 1661
3916228523555635677975636991951717245531381126982462919264687 18395733762388923185122639521283561686467734131162954572821977432156642285897647589757
3789296315247584751412782747915243986226178338537593634145641534819136417 2932426775772245153552997947345124221371685398399627864567364282241592337678
33418188119925424337725999417958214291872152122396428371338567528729437396 45372773685864915923878677583419794788781213179112284259451349463595852181696956672627896244411138
89513618751354848473264598695669824416827793549544 5912585911396487391862772159425
76762264297274338 957793594225531156849798819226616653729898698849647993284134848782361833
1721813798776968555852639815356383173833191255788655859688178182934525473437 4782888566989494844634723162674847841858
3493783137561238823638289195734198792746331741 31525398896695165741592897517977396182865987218442718276756638189814169676181921945964742499
9873469772984817488644483482468414377497812768365996984529267753782 22238328924921581785544678395823437129563475297748656892
18959639543429867425499539726493728683985127893824424711287754198314577588654112795981594 93591222849711868947356
86672279596127627948283541198542694836583 56941936929939222651427934521366782225763
58657125632764978713936366683271195267938564986745255952788 53194283511996515452635745961658611393897241565114857383111637
8867377549612165146695371787994451862761352557767284987198457258655894 84149927564393774862663912925455431971
3787274587 824183231646
