510
13737154173362853689989676631751791292929471475438 99558172485681982454741668376783421524351494462645367265428747654329315758719714481666567
96556454427818192254777375853389252145138 815913447275514233294198637647299797788418654817719974497148546347485924334359342646324843274543
882956536853945588163619156256192454471964289964423893746336398772317798 1417975553462969948984656318126253289897333261363699973489371
581553461362399 1381495923175565965
55446551265312134281988599856912878353161943822846551368959441313377739463867813633885421162127 882772589637442882423283149962182491549369452789647482785424893287723314244
729894655536716486291353865169523373955289816132668212 545293962256436275219399883
239811361723653763421178616819333355357714313735161336811965793373538972585465 93489593995646
7323124392352475948 58133762974113183741852123255984224122515348642642446484798661479893118651886
53838528399646257739291334662346662419272934339545254132599412496459353951223319495343 21393485541815124454421539631475213432331152995323277148
6672771561863927751433383873792144328893688461847856931 49729537379185229355795437333633431484144377136599873996142272759
7 55669
4 6633222861721395537548371235211959393323124928822451657637825992217963979629
92657754587958488913775488836 534412119656375519661591434917
47282584579392288676455779898971593759559657961432466816583368227927344125219476572585 326174911191626817717791621294121792291197143544689
2928294539572758829139468246571567296976323266738256222554629467613352492121947857125779166 651632846179442914747374695236796339829327565851653278129271891213383771
12666847467325149822312875429433823669222862 6631796499873476223794334146
45164271252697131697149245172372383582386412555749634233277559569622157893893825 9219179636752785878129382979444194373293529278531441914
1869274588377428274511493618657427496514848179919385518323271628937945982417285589828746 573744555572365819677425881794797637164997251591125511717825416221559
328621615391293565979912363716412592899717178282984859413484159673988324728762 88534633
8933354639518578819251355182946641414 683554633388
81345175249669891237866577719733524877157 9222252197493852357166834297569824295822455463
4982897826967642245349933915943846783221276638718587976516447447647278297173327 9883692397
8743651 22852687931518355223445513821525864625278
2636958527576253616158329646824219282869194571477275149587823 9355775178253853271543931635437916571289145626295474784184422834777857257194984359
362425 178524644495654979818716231433939287789881831565177731197888576179126594964116888932693641822627862
5785286569488529196933237515624139146174565127375582924311614849936782397486914565999953632983 597249428911559427815398657119861937796427371362287643756924458869148151364584887527651131
8934344445822883245419614341597674279937672477641576823422943916 42429266752792318524576
7624179943241459123952812349352757589583293699472811452939649528262853156477 7193826481437712146187592857389841477
61769292555391684528757594497156533738181776341 47712845883144729666817289638525834362556991194173426238542695945159265554241434
826811265241627964565195 24473173169242114512128925827936926224895116626847439176313762389
314215947511875189791615657636697848347724711556269 422572873167863648875235944854364495944249844652775418592864811556444887
174261561923784774716319376266315368118176572367186577 1426992558636916935872823824673335184267277981668411815134188429636125919865112157618
18379576848344746655649767127548582372199572864786227515859474848942579326327444541567485451944 754121686494525326
48124984557 99325654717223697477518844819889358319314836627768128458936989723417187925265694383
7762669383119333457548414923983421826691434233391193367988627177613282488174 94587741531853744329547257588976755664595782918337998619
2948556711166792541697375189726352118 5764211267693892963
9 464951142188162333617175255283333945718923
14822815 61345992656238368156492947293783533458182518828212582127322333289884984888898498379677223919434
488693184819849235694896246919447371594285388594987375242547565444296888436788281949 63655626466565821916454184539683683893615254249626913711917743959355535964893748588869
421935698878696468 618525241622581288655621
2936265846818294 3377279563734425422193845838918696276239
39532832194922476 6374546744141737172268387273259756721525378889537488555496273417718613513947
648891865782919544939894714298448567819975266671135846414859222818514669627645279593472233 92274347393254676822766721222759467373652929133948398666863367353675426751817934467548861
132412356742851984938246742217567661751267725272159937757156889452 3928463657291977134518497163564237787887238613645836947715269424411568868855245128848966398713449422
98731596972637323726384899691423489813 812461727746878684285291848147663928455815394414974937827474569547576923824865678
6734929235336484252932661667769 242132611753188648667665123429921697838741168521436879614755152328939776944296937156799631347185518
996466763692772331334375629379617272286466789152853442782184188822336492521438846643453 2755722
4275955958826149137678684159837527249 7294994412132994357466856815353222519331529369898
53315137382245678866251821329435447 294
324135783565839445342423313377125219724482799728618647292865637721438973745 18493616857427564438673822131295965311537
1764178919878931642157876792113534515414198134161 23214399626569616633773635133232447675119589156591695239371389255942824
2149123959938824126823213268954482 15416
966589845914438554776288874581419748555318832654127218422622358316282618797935217495765572742144 491414744529641595614
72851146115757742543318616788337865239875339296488316867262744978974699 91261695146576747212541456
31192392144139294656164382622464496314611668954451292815223445436999281439959688 487674
277422498642866667171 356989598984654294
386435573564956575 587896299975847314364
33415877732554351796374535554965817352428145761 5296253349674818685579797552
34729155219112232875158464672592731362778568989838157952964947913691145392391634878357344 13134154719373675998611312265466625967531874925133221932762725431263266759951398345474715257326752
157964752126667472249164713432 754189
735416472414897145218912829163 58169888789525276869644349151759862873928879438279675964587122114298949836
88588572519651169985887943235242748834933525443584768882481943776643974255655 89583581377321772839179331322397961746
887334438362425123878844523 14386775298981583261113742253338893622744876794185953741186792671892422985255552355712481
8596549 563344375697961688
98862591453823514816 848226267878682526593186366628358277318667531158225719231443994383276721287747
1786573869882725685712595343595414242654454231738214166636497441263587923548511526199349438327 6511775686775591484
618443757644639412781122285682219843156313938889253696257482347662641367636128495453891553 226473331475746
92534714191696943567286171358968741169582257342739281628798218997139842117978168385 19122225723696925786973688591728992366973325313288896
43226924291384772284785 735492825669769938127
39219334975251867935541586374182633978899338145227834837735659935 3635185
3312688676736412653464852663325 6438342833354164683
894416769443158376825843924221297748559964343356486258192425552337685 13972847618185859357823355356998842595336842472729774686586375488472828493819923583519958598
5479652484466966158328469878276284565871646855969871782912968579858114777192847912859458965858991 1979412365429416249765235366296525569553999557985312
9772367277157298721996714878223878597 8298258681924838298554186435122816984824763781859961557641584674216541565357165
929925346677199495 11315384484655168461329949472551919443179658448666951824333855297672153845582553146514246281165
22156267172416361413263998861957861559646726744598555645354488798486462621924815228848323 735193211857513849482126899219754825879863542281111276661122116346196887
543742925931666358973195416221815896367236919665694549235164337613944657926697875 4688849699279289156256157578765169821657755
9392426535838854742 991851452135992379181954378836943372829792
225549679677256958188324533875546317373656874476769 5791634185849628775773171217851689
7221587159947312464247335772 6561699254898961917385584511377349418586413486235598452113748
8626414774241431149353659734823348551592693944255165438585982639119149836139447637413919492 694982158
12364954 47555261954978446673323338796324913727722189267145296716186882
513739 71544628281964318541263519824551642261426276463459664
17124179488831141477623634277827272437237321532482522511643664723798987892272324549 53226898499484448418353643391588846516585794844825
8497284226676688386485631158176991472496328963259595827246853999681528579 626215426384983534944398419223463437363
413924932932432473378843847675167134142977676853762364773575777714933554386711648816116995759 44213637199131594534191513574627954618876831389945412368357
77939135479211796551465764618 2685434926956547924353493583448864652975667714172178954537923936447719836137787598194397242
48783951678262749345485 5814843232542673695974389279664169794589398164515774523639527791987361686289
244677149954965858751151475898276685554884515582967891196252866145462673288837456557565588411 633472424854527923372581657161578342164711724284899446537753228238933725731198
1185498187152182234934192274635317438525358273813 241716
7764237427666715466275319296434139547771275494 89425256486362451149626447133536641778
674816944541141247127963178541514271417741666852483299513135241214976764584785771536229 791957266618778175767922543767861311913646546776443795761727891349693789957561758358442743779268
8895937275323995 3965345895232189746937986561721621284696983756997841662469767356922815344287541148433315325884819769
85351743485 262887357
552613174275167373463183236782365869611384534914685936549 2429947377774912753481241555663848755438187288856694455116836533398368434698922
7936713345862598443824232776759866424821 7978614353614297614434724383688218631659513313666253616593865464162677214746836258445983884
985435825645748886298619341873811715657687697147384165325116827867813 98645616246838881169534265778127846265355594
59395943 417
36969557718228427617335611552273667388776112799876878937972655529985878532948242749549391 7347947262975136425579528234295841743991813664831276327321989328753561637162764767283414352
737615664143 23754736762158354833684582414874443743854597862264825835356614
7 9129327768863687248261458381226739222513127291964339574149197381434225986195236468799741979448446356
4545829232347364356864985197354799111988493523771418932393531167 148358664956753172651991597
249841684391 945884832793545935736962481777926868
89814337571772275821 7394777786291733747669252417999889876218254397591
8815742339918824491699354835864282541983549611859155 21562761181761437265278617683528567325942248286565259236737949261734573614151131349189
321511666112542148787495124929811869853234284646839527386243 33322755346456741654248175385976918522543988
9637861585768 1762442912418711599375883198675983891122159515893697736929822536688541129162123962535822671682
64448466159918899868656394497654371219879639459689697791274556587494478 91595
6887 914394628395361928957
68698947718256683638199 3387237996948971881627959368573964981648841644191283126
8934983422659391929557691893518524681494663762247987573818871467284688997719886455 78767663861745956621929271321181141588437376732
84488546512361954978211839886572884949988951256179973313951827463861856727641997845596449371 332773171223458689617981524631521561462847425791156538699632
47634815228862822615656541969941113198244316444316868691884 84633917141328712516496316124129715267
599819279289321478766342728924145 37988524614631264169948971817765971991222357175137683932354913162848651159627
98481458162921936388571369392977828279972463745385182853676198937459149928789 241454579736447725143978849265849257359123888968838844674944966674883969474
19632378165144536194353524563 969284199195164853988949374944527946897826312975791516757988723
1492276239939243766752666455957837439381545987384726783651287514 27
57241548351 219284825363226925672715864886165667866494455752741597675683765323222912439228
46714994424466648492822139973764867577198 981779612469
26198985762347373133796177 136813441131426878184675
58719793983712694537574 574139218685999165213483912323466853899196779269577959
7157882689548155192766381371767695896764319 19172248474815
91788731557914548549585571821342917891336369476354348225893478979116614994965 1493878323
1421284964935717575397536844814836283652122412173389394734812169349892163932384258681 783116794912821778211649151921398664955675838374153744
52129377881395756473123396286639353797229 93935157494494741453
485271473635463124338871799874952 443333327347791346522913754947775177
741959547674766174714143134388381773919945928421518751375989342886595355644678873386614918451 2419969541713659696244913588883914733728827996445474172271918141142586173284577195492258193946778455
9577472778546947245732118763558178844877223423111177675275951483596488765794572 46333
327472145567766549253276747754436253593756952349955771443416863691953182655599666394117 698453685558778668357427
8493787124541969639262666971275912376298948332214149522646588753241931 1367921873934829942722177377313454655866151656952647232945742934475354512472792745482784195778578618
14321998592425823476 31161456837542375985738499161426398359491675482872635362625945
219987693842386414892977938748591672792951747256515784776256264289 9724236368
4369951643434998722666718853727518777827341517284658 1316225898436443151215437417956723874538642795475831922628687756326125
816956129896871764 1454546563337193148357147934966264864787887288719133424857245247328159599
925946756169322321826443924443913426218577184895523513482861717128632894914555897131481472694 6775559227842961387829629229819599964416275563874964985149978521111679856913371626734125161336798
6927494 29313822966694171681966934652273854789889489553439878273316451145784188
489539846975797 877797125836188849943827748732224994445444967156116122266395888176771989215734815333887849
82918336321244363945236414271878758544617933536799 9888671593421837191349852
77574 9315122381989129347711478788235225492364279231715735425217
7342941957815996364771364347794 574974826284344716489577388894862333187571297869912928423836464438744312288797436237729
98428914445613139318828256545167258577975982183587826758172394487595521844757548464122197 2426412275721561386279132558331666277626376716967894931323764646135784521524385195372535182
12916671365241315299554256192799675438739369625473755131114356543284433882312248421151931639315 9341
89397368374951521287712971756574455428971567333986658378488516 4821541663676977417995794733643476319587171689932134
21212398868 551953274946531511141321886863969353795342788578954557198822663968547253512544178368196813363816
295568411539253435717145929657593842191346742445414673737932544231 73595554761147561511473531826382683231392931851417143714688
5557832121987 22819422719884195778864845
71829414727917221245316844889463747353299991267863854914 8221288425784535686398297367784641995141967145968561877827827
3419218497566233722949542595648968918816988447478971652959884883337721446488724974575859 3417839894417321859854516448743566241299444814542596411429225273997198242337718755499521173
12523985895619515927881872535416567135742354782211324191975462976977641752786181479154 83591155345163676677676681354253354592194256147512125717
939732384865872927998699538674816843277641789649318875481164767239676 9714631573637932143744666477864655988927296576924
268758295275138382593982498394328441 9322424391582669263181719159436433971692514335338768389317362
48555926427623969127494567258429179399514654123682595976451591473355314865938252131836754668 24958529177573381791985656954692533228592288389484263343
3165673485358431485694184422374564638434829455711913334339587742218628286713925941585374747992157 6786974397355517628286797677227217281986942677684
2528698 83791632229779589912626
9223331933529161349343387854371383921124534272176184728147783125 1839813954439576965812635
26473886138492626464455967664244795398893637595917755334322865797 9836367929462224628291363162385498416485716616676
38161968432913666652686442767835679769999991493199 482863998715248291
1749171893544448342639194348786651488327286773239 293
7726534113237353349153423267446711161653616813484268223996368444156444166695874194839132338141813373 519891991793433428578335897798238216278699183525297518918199
765446721612615986966279446233136917466921584839956787469732665 2568972914631121
4852773721643185657542 8791481195428798612872613847718912668521569532194796849237135966942846489318
9118933536 84357456793617733218631951798766828958982632639769
3398796127854916212451249739 361432772751599
248531671342819129479729392151351711124941421658549153543633928587948332325563473221771491645654 19577436566494646634562481768329878675
297996716316144738926364168443516631738933426764375726469839475227473483 5257171114297442718834732
465936142979811871792368576114 388192589511337522496725756357519481556839224
46735511815819471151929216594871445394 147439
921564549828323425197125276415546115684548685968911394677585576143416963913256476367474619191579 7866542146673827869128759971841821262221785899447525267865261553165829761129978171279512
929633127911335876147548734786 916
173592519863418429537359455889281734739572595686265696419845951415957285769187726245635728661 34541534877261497622721758838632959718976143393113492
58881894263494466131243788878755384884186283315817913827475 412188125447951
9114912652694496118181887743223679355547152565713931224428 1711692863646667113514336356272624628746241346469194
263166351321697886865421758951347448194 6277
6945441327861383533418637713691785777126138453388424713521824181427915198 297475692373632419923874648377616237792481189471865954737984331568881263754499843623615284299553
1925212862 62117
56496177181673286486145865161546211611339216683388736361811253411864 156
3571836559762492546454342438351733396873 8846175571663564772744293552827384256493444869644951964376758177635825497193937
64331456233892633813396727224383417582628124881296333175222575542546245532231 4973189242793348158975669522138
724571663914 887893888636757388694339952778191592888463128214218348569358933638371377634941342829913198277617
1534288212856833848966449451785527651291926976484195576955573328981645133721 7815627355732538
1668452694826287127743495222791585785591581682646395729849755483 2214621428527749342234927398224932278336283437126465
2239694162674584251679344267715371733268587155297246881966496 637417683713281225361697657636658571821841413882121
29864394833775689428445567748358381524372148937381979747571115412139747738221644 7949223312829153188844913425133499861736157999453871772681113
6732775178797518916411 1569555513714868237848481
721986535978837712447457546567 281212773556982325724364459746752367733142866285558
3784313128327557466824273164834312 9468231679157428
1378713657744577876262442466683444813488517782886138376986143424767856 7989131169742582525862739373632549453757722817742
743254759692511549833355136835567329914197197868626167764841462973985 415271562494199815582317476687947353138533143529665374998274523813375
18763342883856765723344446126438245326226856858941246 25449515497991774827813786427547877114295626643813165653544617714897
129229518818772531856953951 3391856187542577421167249244134947152356821978286
972641418795956118676981524923974668211959784348329227842316924587564789588856 28589281428525876142783651677
38381295432198998739623817175628312648468891585426935241 2469987291343746619694363388966159471841514499956461729348291567757748482754188326785887542
42251999157964159769694749545296421 5113657563485383521344348628258354467
62722528193396 32137544973926461157817858357676362245868922177192627113799474531361321731523299651885573229968917
738314758448433427 8756755
21451711726438518421468298586741257269764567679373151727651231664271177573139113 72212
4371554423466842768795468766859825342788421765995439 688585145937664486542862847424491919712219579287245846135657618764749659961722877198452241222
63412296273769259364 2935814326
568663686176893237931629113489978832559137811283969144775893639 58911198649772426721595836114442141271638852531781333875864516342138126927836322936423962117937957
983795633419734548697651537669958188 741983637971179523946973531551716825238754937689934
61227568741773549622255328516226 96835134898373745195518414667845179453185141271935334671691177774554
167932163183861361746419513194734141128825145222184519467235796625582699564476319441783876567388299 928685867928167482634611247376756124112823
35753465722453297984854243514763285313536146684162635278711549748759147292782352188849 799141693664245552
644641939 448693828769643388552314669872227629415
4576738564317246796998848371335237915353299686374616966416351971345678926857358148144 8188932196763392861152386533156752986629423282149799468
849195869116285373927557329115864372227155686237715239381838818628322228195 4314294736876367172971133864588193746776732543584
3978792234345378333543843793848255674397268294412152238179171996916966466749389 826948924982791144887895227344787184437737192359327744673936269947779524695
4711953 32757268349451447674624338817782511489291
18429931896453761194923561328126891253129344822483577 2199743976573787724319397671725972982673316631325615543499123766715562938929234626548445697278272
54267937693719857485891586657515999563897755114581213998187196889283459694559771883979132 536851542387163842179558542847915968916442196546862869164687863675376727155922191161629678146
62959266337562 4266946846781967848142724384996341517723997923159445553774533942854138167741693542444282881156938814
343716 77362466629776473833541547948658653884993428955884985
6527461437687198193638297164382399891722341321615718829412974367515 57161235284659991568946834766585878391532726993565648333
4693 47579268246496922937556879963949197481291263727686255316397248914911695333472826
619564723535527346821335397736964989847218145 75287157968194585392326777949852974684287938193714342524
84365778648266846499839767445832716319245195286271281262156424 882217855496311124645521664357814445556887657839743589612467
38769872774484926124 927273595823112756386288116472495245919747667865
9785818616444581729512 296821582595
57957183451548252573279113258241129122469235597232822 47816478552715722566832644574244933263544468777836612955162762396
499278862619596414839871397888946343298812182598949251888563 735268793467611964249816496888986382249423543819377
6271691317256426664133735395249361376285753 231852729564818317551584585421265385371279871929412211252
814781131512269816489383964995546282255791254716937717653678871872713177 27
454124 6962256287363494658856441338971496467347964599663641578873873447583249158439994969472
91822246781664188878911452625748185729373951278541234258786558589155213433665915782 131
215994328646825796111992197288849299912676698421487781952379776969 322273988183353968165
52419934826779146893113429656724383212188956335728941431856914768326411293799568783 18814195374633362556868824537214118282128832389792181592999873
4281425414568181217263373443972319714882937468355436374113431445464 857855262782852198229569294696929497247938496599261953228543953596585716325586915927533
45426833978838313288737219364133838889515121 1684762216696142839
16 985958856695524659193738567949
789911899492878275274768517319166214383193299993522974335653156486755599322 35129429717151384399539643118359496819749316967434479331645136424216233688168834579332
195 3866317916741324845624325316141796476257462565965596885528816584374875463533217
24221858289477454576817782964126261286944324455336797688746475 59519771432634167623481883194944888236681682688169715595254415
2153532318431 32687841318772661491728473393273597527997477188199289541665419634599417361315175586828464142
5458568766914445284127477165684956791511 214356227117656824781764437583295536296735814664754857343191276265517798
1158974442596131122658111312241723316872192666686162417194586299491563658359721723981995 91172254182717244926497831389794897492633971136938296556656654824
275935749794715 833342945247638725374662161442486849166417532668689114659748723612884534315379479728
46745666158586429246792734535146445978135542778946911183919368512438 898169727765139965519656365821516331586797262768643
42314627699188467228983973195614133936443994966542425339956974648 257733937194894844156761
7382457 64668599444693663917311563679498587135585552616633555265425964966483318378793521517839155787
159343676226185348676199444394474369432186837431716 71945984535499
591886449932735164747148817211314876696886868627699278717947874542417737228 739379199967764111735414996656139371353969884669848758347467719959795369549589
47459349797535849353781745257 61938722366333785795576858977
13659 76945549472284922721679436364265694228853426774899778618144425381658464191529595217576456
6582481149129636282462 37971711538998399964257912977662291353264553658351275636476729443555156769475828554378
125489655374926797266187184622923963621342474288944485232817188278372133333437656679 6843696664855352887452726413929177612259776271692998295773357431452197793614972428653975426988
14716193692941963767624646497588623212714939614 7496924752913813838958725886315443538258544185837
273454831531998293195144535238132776548414552183942779759775333567 79484913
99834752496861362958464738498746288 64477242434685931535937962668976536149777713642
225913591381914998267865355142849348 5397561433411717591343457
556584416733145832838824684897273939912164729787518856183291921944473588641957294663959681473645 5164152359977261862921912189577655955968499661549778935124856976175214756192594662349974751354464
37531915342919748169239811574158982484265 7499455444285519282136631633978578281289191232185823242417196484323382419972233
6981712917115539 1316395171774965266584758324463437318
3824918847964468583183278619788766266762273746846194587189644247663846959412332285484898686735266784 2597227241287847578224965499399623
879243117471135763725 992596938121682876498951926135952522514366525755189795831
865915491788342918647995296367287858215116725261336354872967216719921522891199266562184 68138192353448113484781454892417213
945316181232554891728992 85771393681771253573
2612159728522187124119333514472611799335799767648716321424686468886622298443426911168937979 892256649
43926786191993586229956532226528127163564288896286986541151183555438928 9781647973751737191249128876564173945384195768898495
2263793193115689 7529724387259281524655676873173513969943886775136482476419276958271258656475656111896615464839636185
1815765248232855861479393535496525 1365183276478637735466635152165258785449717163111993131198532761837
935392455832757612418353139773719796964258735548777454773585221133978267248458113124332947186621 261768778787727762243742112248156184232149748793153757839541429346788879425341563651
24 766331661286494972188441952325618714595572526648625325462321964175163712976978668589
1236389977361381244217955617449768153 6653616457276219578798
6181356434616194696329393516739271197835544164 85
9395721855837467 838396271988413292164647843987818944253877545975658734986774943271246153
8486132554898868166848797954752535598977521669571866668836686219919454237577964155599717 45177621689666741339844713461582
43349377559167613 7945228322144342878752371588739613441365674179531867965113742155258287648397237314
86852886516599951298466866722599962694928697569271726737949952449439823932376493832762 849926514917769838766843772839444894463293493926187577345667331482758822434393641265456699
3983777 1449948646295294528799495236962811521591
6549492383424456354 691158115441451175
83167525846275834463676581824547415747993445379622933255415219353353616373358693243455249798424832 4473252546384886343164334563113236677752442197954546877695182619517162
72398561645275494555742541273548434734314455294482887851644649197339613732 455671675786799625238985148715
638268155985696648269861 1782577361672537872272144947893664859735383235152744838775438
5799677811314213727642773497819626187932483487385937227225883511632 8925992188878467229434372353479824271771765875499535828833984951279224
8342128486725536 114583889561676352575674149958556
1637918427438238924513583813728866997395685387711452964869319822221 6254414447936957716636477132215418667399312539312255288387174275136322784948521842536899377231719
92424992512676713863266384193733433214 3238772993866165892129184536254968666486146
665897793624862362589987789989763371884293794144979864817441946482259364135934596147635548859774147 77624642372177944868193126754134735223616394657256171694498
6225357244166826625723751699381786139837378828687793964626451139421936726262629144533197 6953149253952411
41536529489181854326164374654716648675643683349543389935172283899588654958922819128353 53891554423117276766144158128383985735352
529399146443271817832474194888614928762325816739695456361919326481698524395588622151511647921 1645416873794449894717698299125863728169
94116439238393118268527414866891624878622286268582944196496196962295 13121147929231753815244627
3695249525727764671623942197268244927953545995279759138559955318866146951815848954867 44819857734981463936
56175547353839386395915854943673267696411881827621944845 57896936449693755813299999412562814148217
9763464561278273612633274377187727847 1589992182336313814437324892476843871995612658889829963268953758
354217737457723696167831939818978321281125174686219331418858448944853 1777653999788554747127931999725362759959876878246467777148864388312462835166852751317
6635326988926727 8255211474
4422285614535466985791688593 1592993997673684919867965889488747618339852863
7951437333736188272319792576846554795188956836938666221243892352652194938863966379271428753156864527 5923372289787644719854838185657531684146334844718937834413511881911346356184349681445469112147259543
3522 243614415943513784491266581739234676485
2711121332821482223845293916566761815293975463174926 77328746185264589499515577985759458486935549436593576444765818816529
416494544729843823 5366614199225187955891574451126931649471731876117652172189478498242646195162215383761859268113397
169535812941887348252556752833928518792115815538972135332559727613631746999985441678 82845237746734137412762
3772877883899347384747436 8751943918523119221716891193542978429451525185636877726393727547139256248
812328998295489934749178686954 81236471563889178434823914811487397277187711178351185338862479874284571196145514
383399818995914124328119277171881382162 6528226672672385
9926644564923818649261994148261838472161176482849578937997133237145671187 235842893122163532
3687954593941334736231297729612784813227355921199311762 88482474535846399922529
73898954983414973217749698982353587514194953482946252739644188815297287826 667579489
6954472623314456895412477819788757522643372354149124658732881875595669548263369619222247419649959888 731439798667471134622363853745735863875543478538162311878988471136925916821958787867261
889798371789884542817575733338287141394758622417464743783641968877248873435 572497675491789
99266363947415 7726959126436988782474398354841888618638467411856446257777138524228253231929772234716114432317885928
751697176628332811389927562627963646146784654191381 677932421894371439817347316157
4169184348713674164537376742564 435474461648814958155736433397978574242645241769696786117861441664492392452776165725745831483594411
3819661111429147758762895977499362777792138524325 493812498315798
6413948981647982523963618161756753565959491876417883288749185149643323258997395953568757693 41988167863
9261348744498637649691116925248189239522 835842668595344116247263518846454759284994
75 84229586232595
894764444946219887696451534978146358262623395448563984193399285253944993147 1565372474567
1331253893689627922687693817383117432 988469572323849847914419556823339
2393156529223836916471113159837736175186788596129352423 32167157735748632666739249892656577532536947158296441868135955913638235193271822981751289525149191
537695113213287319526549741 56211427218227733477744373721551485545622737139964739554984
466659124566976952151329748 72563213433267713842693844181812439452316132416298345161591939122143456726163553
198947217469875928228884783122264146529786892456881673164171618881745352897716781331314741723715 43843792831248471939328431235137874968912261258838951126567322213294596333414346898414942
4119365663885628 9895783461417149198824156113222531274912533831
8627359948325117944796538644162974574961316412827938754538271493117329262219428172332964874248316 3814873951255664452853825678944679419298291763131483848235158
533644376828624581588423 713191917394254439722
4114673843443883118 7185277821545688865745
37211261957 1213693625265351133529865375479195779397745398956236712128757544157827323
6928346139835737171112491366631423619252874124833396951715493644868483247263879942571993353925 47127492849
41241583712826843511567359524929 9534269169964373564339717596364195313481862321
15461861489864332895287319917588561228149636 29112156319519545175852623746527621735396357635265998393837129557446679491592
961735969243555814745353829447668469241192927375217321981728799946935333951564254 7815432664144444424951717236694786924317144834921225226
313482116389 63674154932655582296457955146242297
427743769677518611848588857831651569643456444179292231179698474532171239265926 38372717579764487574446832
1491721274473764674447138587388337679154447221 867829996939828519365351965
156644731654415897612535557417172315261292237997765275392961296641932959691686689394 247274924629756659696987674895835516144879536188518541
94411497135446756132636583985775645615 6882449945224677268747629539233879422127318661182448581
91163348248595222596749112638312115234 254334482843589697283346723234728213526354
54912491244787526137674322158488758912 6283529731138517579836917537265312756148152985231167789222417255335167
53468847648852135685892676141869933951256724872618943727165756295749872362 17362414331388371896764311922946236194258497185952185423912
31883969729776948466716624356177758522881474582514765266786632715255169589256136354 66872861743263353929579217534692911178933475221217731
929523575189476235498554866489473975669412488715445997585 472
7343623 51768298181656818369261481727995345751929828317558422621297985928196696888925683235229659151
856733621613599977425728915892676654428166934994811149942119981333148166277653636858131876654221395 2848722362443
829665563652 56176165845163
45179412188177151816985876941851249977652243761583874515517 637284676696342912852559
642197548825762794984598774739764325118763763742664528662145212134954952136976539372212472577571144 16732527943451462852428968311858953296322929293538711333648226645271937787566265785828247
5847327155236535666219981216856953939356274529488472799442672942 3522914419735
827633582425211578935748191536987367646564289925385693357362433533743648696332828966688168782294821 788362696984531637486735914829195114317586782877315398197297752813629845236787677982665384345379
926 819768899998761456162413396352714159586621599749783785822128486524629115851
36391717171264822697536265443887759985188169215668 79359616238344656619323649298795685133747182991687413825893189266782218
4515416165242769153293367199157886193657454734524257263452441276764797464597465361784723 8356759594371357548112242467272211427799697214984653767235118155285874632975393757985
853865232877126282659117414473729956719744524141827827675 929
55738487625791365119366733181959866625339375691113985918573111 53723346413877239487246949669785135496572366795378834661127429451294656146179871983844
353377892685834285293148569534713847222821 17359393369681255858665554212861466922
7932653556199127326833771865341416987771538143383 3135216145521445998793342376357381853336553538674765539883426741782635213
933638232516396489 579134673278767652415634598419316883713269419623336881797661351593937834843631611891178127
46141331374781111758683311885447388646712694478131375874 371652444398919691646877237868927969884589317874486882754344771895962793366114114343533486
4278935 48854735233443466892546167164366883487292371
632853398479347521 219293733537566877756771945492173417558898331777614158217645259233811962311647
72914547791829419126352648318277139424568119824788669469989139882925 21352446295525946453152278195559417618662671918127412268814
478264616344535563473128765438 33484361239199767646179725535768147247548399291991532672529958132331376837766429
75172242685915576787255713679972143825917 49779129336855513754921724112186
933386189161339246371314957414989456891136119775432668125855777313935267988 23951695795388
926535443253928823694812838481184835674744 8318455293658571168419256515542713973519944112782815226917583535866996
642325368797686136364383977314832243883383858 3826
481688761449785561623455292247 887639451434955194139888664921356118728298462913761973954
29492978494696883343586986969359913 8427351589397514561952
194592289457997589359858512 8355348564579281356351865661995
7179915579649332328154625654744211372673148272973 2397364999284781879946569483728938898591965168884546283432768749699
2975568592237599188821239275514271882199723 7684186773942591355768961379861213246258254163292769999747884697941744492
169152521552717188453648138747467148961917334674629931847298979843314546911222772 78359555292422786682759451396524275581292294361332887694
91251771418664354539797714293217297217289585666997491446983223356 267457643273458284513549227369632634427353341864364291
39431843874765597471597845276868719626655482199731115371742363259456753 9752359557572121921958
956341526663333655755668927451236122434112612664166728893219886435738 5478156716
982797431615167516418556596541813493 93493762564542172671172883478381534731684466945539693618896261144413895187798256163154876926479
33364185492499 62321776899977782335929621634122191981988481176559891399762248159927267282159297326
34251594131913494432 3435279824648821812889442118844936634263332431931413491774446134
11582988815442245183847151257489976983984394377885274525469487264814382816513388752938313223 74555769642451254699698598895617216437422247345115566487379556453256458
2647277221574652176323397634553558748239149995361257923435165932525481 7693674187868125732877789227462668687687123
3954218334481556366254742381654188129714682121795539729918385158716732831457121344 643141265456317713954287472616873169292163716899674
86351912372521289391599322398989934 157
628895721817344646352375894147145133254384791595895977121286936983 11973158141
94473579837913533582194461194628845459522471893986968645425865317784627579281653 9388256244736991925995
63193967551136355958399923726544414284983339185241523749261 1892481414759296268678357586431451
296594679275182349639939789182143862172444181828598869742499441321 52325827344938412137846527958728625755735759
95812788445479168258711463729235749414312287125532459368596 9
489613944229866378 196442833836249967512579646288789883431834155118726312483446489
517638682389612275838852281889744479292258994821162695775212873362627354659 84993245324567873975527768144727374816629857673587713531654118149489871856492254213826
976288575314745646748158947394152861217788699521638272754423479624112837564 3561646482139476121532161223274933798465443263417137687647
7622794572176194847271294132695439949354836521322416384323783453219421715176897745145548373354866 3234262998229295857862139331583434
95424624643384683487614569227149789129143622243756733223913334356935616875389386 33281374656797764856948899193694983713825529364992727374353463564968882262985954196
677922298881769247794153448917198554992871751369 5716241146462264353871711716268956748661295488
2332866479981857167855966688363588524879222918516398553832177979 946798981519642583455276433722258226
92413391124874364814111989886636754959658688558931791 32659626838324164562429185766834496485436825486993199355
4156285262957341536483958227868166688466165423228375985738944795686981815433756621493827318 135
4317191794949831252833341633 1382754196798492522
44555 5162266522832292911233819781752193999757441687919263966666259882949584247195374624798187784755961
48652568212623135613976579 97535167693363964963258498231748134548344499654851216142643
13479285879479368797637932244598633756237547874311458395386564844888659787116581 22554512993756482784449562438933682379815887714
9389127795211197293792582544827333328322456384377887281842626866947866938356118111163667854981393533 8
54365611154717774394179712294547128733336994788883513789624124243132311 849198193199
43765454 622639356918924853542974961244948853799251885963283925611331466942492925292999
49797816595226871645711651835473928 3498224369775585777164334776863894372934736
753916581414666398136879933997515363122292191343247927425978726945136936468487 4766179119476844757335421854562262574554858816343454463896842122689712
51656394414438469324533543183127725611592897724746554753 8628668466922165122678394591616252
252447439582277818524923665188513464654534872117136593561284258396199357329799474299788245272275492 9569553428512679985341424593357294984257877535
162393922881366517434595133244215188323511514916 41735513223584526413222978575146773851925333896116273542651168121532
1499279919678171694999697189788945117952558732429299522186353648645893476 12844948
13385371192 935392646346648747957587399279917952365358753167618591255291561284535357188318875219999693523542948
8154256241594291582 285593299626947443825398364336123416889658939572881451234158239244558155543919
14164845424148517253 41382683765986684276635443448838814867412749672276844296589822268585231446917211843
1186198526929779153132429777241742899916418425634891142115141682272167415 15391577
173158562752642196523172819637717467345431859742 58868441962678997655199982767155761933741144282
789751466733292285981529537769742262896454559679861441135667679869 35164469385882666228691565833329668662325365173
275997464652589928223741485196639653529938131591915232161459333535667854918466 116
168994796995428984 266426366538616656658465156833666159322811
46173358997729857266316923684816392497355198528866491 36714267797752929784594381923613768875269
66879289 2615254539658654336394597473918517681137592192463747295371126221383159883416949969562884
91886347858432426467468924 1785242633
881855382317474244238639517346315495354448519873213547195421973571634595 7482398348196352699
62868583224993186852155349831573349938529311323869378638293755713264291495441255 684515548364
2273331342682118582454819668693354 43445868844197985227287454896482742144159112132117812871855657118524959964596121845446
12129467166187176 45
789648694664242947121136571956682776816168392691727584821457588766788864261818977412671475383158 432256917717716281856
96516372972786659171458918263881637356764468473416324375824282 675689177767768438811988
32179727628298595663817724382128161519668954131274651884686591241541575148651817283263 636964494651354247481
67362764297865825566723785932428511624743227578724797494176458747182 1597723576629951364372985964667844713582
8142964421245533319749475433493314513796945 4815523848332786986528229921567149232586195964527758825174991393832395
426441 7491254239866596425197251739313391224642181724641183241331218996177527577574
55173651629792346617586638815898266484327137916862926767 28731212856454544962848599733697128922881173373742
37116 97
772185783831262726915175597587822916 5734338984
82521933958178787381873366223499841847643839818812458198234145775644118913722897649435534414693 26625
96653795598429915839732775982891468535329835 2631294247
4685321622217345564453825526736938589285711983559475178395792 524787313749564681229936823475
66681913476745332312519 95452548533777376895293748478957896167844764374292
86381829522112217665241588889951151968841517988377846714665313898594674263593216 518878861286827972994116819921659551223784621645954
291841617823192513356366122146566858223688 947147296622727856361
6661514592362819815448684223193442618889969436393 496944746891665557528615
323497289389122979193261594454244372888414734498415812344 514122525131341492793
42287968444992259436135956464822995772282585454752 62441852936839232741322222716746762568194322933495926722492317929996618
4215824665229768944831487784212413592972336445446338238954432518247867218331474637977 374187324628964583439339414733439716
41423749437541739289914745814218581169483757881239936414751 674887426781265485168933998225849722136661122715688
444634334958333489667377475531299121 8748774753697827373593982649492414723789592237518955854486374647391384387383625539748767366997177
424447751876154962594748369183555743471772269 944276947936139625899969667278419414963315977265
97739252925165252882913128126834428132215731972171496758819311147147759617444652527 8744749162725148231662164292935916867158878949658835998
79 9326668645788224489658681537979874452627913718429512664351727261948
311866762582774842642817173782 22968724668936225138217162656342112184362261269613155792671219894544515226
3986488424772421634739458789723323568767684151626 77923313628587375681711132212383112587869541965558765746229926747222456971
94419 8487666811424639756413394594962113919693138381752289582534
8834439335865222129555932 1959264599411188317131658184167789715424879389393968392122878494989
251115517954799798138167831565512525378344271632583368627538556298714945 143679289336975366738941995195813375568851438894731636648646492739114399285534534792349335852
3957929546771875152581889 63727674233425166951141
8 14361515224152525229499285
2843466814529363229323325549837488858225649 78661125151144712477838978556869673715853741639928583158343496891289885154247
515242118682966453742 238464428239614175586192225171422867873351762654
7839918583787968132246391536529678548146826143771356167161381 5983295396898523182164482948826963427943
87399 89915812389945228983965934753298441117681187794556471542181162529446838526615932313643
875173298791142585545955559896295441462817983998124792 53745195837654652989119719578
12375844645555541485381343491837346223275524957116533147627978515 516466469828813651557617556226426512217237336462563598731572654431124193484151
9641449974469312731665583685233521354799659346843424679622222475335719464215584343768182759369353472 7444559
714973584536322556394691218649382426533847844849672369 5292556587328587275129537978993549947875762616
6116956464 9243579843126817378451861592686
939137186917282937663182414654876235 92822199481828662736327216291613675496333815642387746
676342367594154866929656167993 465317738487555115
9343921231956272155134654469951 68299142368718294799747293959874426414717448342482192818497741144741499639752327276556
365588193291629817482 7427832495189189762849721695278414713795475666995561713526192328889197929344126664
4424776893954647115181539251325248823463172656554297492855463129138264428682826884843765772455 916699595694324749139923676485264598537618235566249
652675969772245968185823618611224999767627957555752 5121732897127186578996581248982285664969557796675267556649839186618988573823468283897171669
633371225779376621153393767 526685855266758622987539154945327781224
3168233526142483929 631821743965269279418262955697277393942835725441734916462541415381999626
5932966824483358115586686751765636857311593157531513863535217364643864969 81257786839463292158293989487487831418212779885764542797228635754743356976894535479455994
94751151678542127252116199859753295751214996573826831361249682619397112143336221796955697815259357 2733382932369751418731958763373298742348674684839774259671687
51342252959166 835
52541173767937638723976168287129552671529415582577419121682243326756454875116861327448828319439 9413726347784725879654295327279588
759498158557429494829576372143556513 71949287648765339418184154595998261899342685258
965358939964667475413228549493921779 7896522179983321497778814271655934486898412494152896339296754547186884717418898735812
84631989776233 949421712769688322864898473364459813819843722793383856
1337332538379366195829514193735921889436278419893115643949954262268476489798255755931132894149128 47163398
183851759347 679384722794898865677197675888495485749125437493872215172523919794361
92236383789624723993665969738879758641142542741588352528667796625 4297634444331986547328526253263568515261284273258689445129554814181575695935421168
974369288 54697697726496686684475
32515622518777181272874985125994549187384439758177668521498921857123538 99371458283586345299876662224835259447991969612542124428362994967314913938497
87269315946361715196632671595398269695545 17823652881218744959
97259151 593465922268438
98648798629746521557774326656872267988653359151144591847625348559695452 86
5568386543813969928851338553137445 643179656711172395296892998967777
383685617629533723612712735191237716597568628975945161289997199191932735455285376 5254832198947533575362653217452843715192987575598728692756673648396375914722897926556668945353885363
61611532371348854634855986 7318
316552567135129745697414773714375212213954391712115965278651271944148299741516759712513616124557241 7469595866795212653797685536895532324995
78686563596397374883183291186193783241377217611657285651841162898541672462997568839 15931171929
1877292923126741674424783 34798834144849399543593759842235398155168792156938244528416445894
41631189 1748871716586515171499278956928852
54822657134 483914746596718776546537678644871975386785734223963384593
2388587351512656611 54645889993564338517839574996619932
89366267582323977768727252973382453151311431434235955517317644765578476459624431687638947 1697496481687852733117577176743437779317669127171168345
3927528174363655413248374193384151184662852275771143477 625495449621221993532238259342958266822417
29543952948651253968263314492494678762289723572934186212225167625 85279821265576854499946754791971737652652545996839
4152345778317352594276649353559565436481356794314985411818495363436461114187645528996673894411 134953466275184759224667842447682152867284855836482783294436246331798634429317842844314732773
15895125442761478344228865 9966815332957197391996284861566344557745784159384598955312569676225779166277355687757772186
3872916961115597329472439445327593618138386 237631846664929114313747667214172641835844744915631
488485925174812298212 482113667771713548458511831896989397951142454896
59843 553872654568177417822
77345343891697 6523696156158822838365185952341474
2355831436359258996344548945825932958465296878638412317852922646537785799296 772176473854765294917164211971288349589218626175479933315764295317866156332
88594939657728 394592463769424355932161232428541911
5325151114149119341218988886617442569756632932842496195596833566444437947545149995211749 57975328
348451751826349264531116415499 2799888661166357513775267718356213249347349457637148535397854981249359668284729737767919822413925115
7363331146 14332254784628869661181121896664938774256521765667745889831774815456
11892275429251598767413682484352561687562522156149463782966214834276151469175757 56919671574111897214124926962
1383318956314979 18624121773986327251965845
43185851735494534514196349631856653257496122575257833 283775365193319795
16713877 8884336196588932226154176862298396915134665687859237553286238736786723545393914722298661829751447
87972475539266746655417754911637577825395324298593731365323321269833519485247721342959521 2994414939283663375289391926445865971167241465942849895679896974724892595291919527782985
73383622715644897863572597415254663666698976157767924797613132943627474243281257672 895815868247888879811712678982752879538229983381562111745597741477361511898349417921185932499127384
33826833181579755352188767329654529768142946234217364628 4282722379151412372192753
7 289571653739397248783978825844454429636899135676
36842388896366356189476352551442337588334246413723421196668676541499537678496866951859196919475 83478
