671
455164746215158712963227314386451151924899135715464542721589831392641398997281359194474 88188574269925984284281975757225539
6415561165395 596542496559376798963291325552232393416
65331528534735542587155443642823139361848252284621654162 96249728216645516448655515368614945868449175322115246798237845233691393665186338
2148395297 3334744981542618393357655249642372144658537245974214148164644447794323846954868728316844777947
12798991526558154234348226277562954524423958152754675859178142664867 636314338519984276655235955594814995491193377
159692284612488522913889396574861295774517614876637288 12865588396167761111967122437428444567628258339738
768379666154477291493345264276778821261291496735617358353957345135115234641229381211891355827956 4741991469256289456746563135884696581972289682423253195478331516167928396719131239381795288957387
4141877513611471329846788922278385636589141867765498 846791336142365119921753566111591761
3924996642946 41
154298249757826141148231787447996877955738 89265197226188322154251753184854983786275622367643529545339826595952514748
845757529883695656734794461798793527886381534964729663124112493 84754799172559995575621478577863231286425742272866133756838922777593611272666496872886
4163677 91545395667629631
5753766138447198725221118274384 76764895775573195312711
633352497995814336176424924881937 63383714567642992787568812981246342296411458653448763569318346748345913771862436243753663
44941 49445369482685891585882881955858134313
57134552212776851688145661776358952746519911785665822526978227794917813495541 3339137491493372179284952914749167348615593673655657411149314659282954223958431466164855867419953
322134653431834156652567443311527473646477359249517747556542842266363 2654284856489748886662421193322128181639173121356333835122585114641756565229775411783667923326396
457564728623842155776151397131458588698918249 53144668558288496982919224649226531868736971814
4491462271585529421193529692355722575183552332272517981498546632226 6937322171167194487831693944684987223257326511181587129642765829164375
817847676171967851464244381464352527279496256884992944932559588218579752876 5529716558742538744628584467349798274553241195831912943431535
975477223848295548647547587128183429311 94448225461295425988149878262224346946359153323691798267
624185881133799513168 54385615742969651518341432792557244371642593289
74474344793421441612264691415256266344638718844919789945544778954227652871133983256 621568785174152183894198257875489314997659598968856166388762995689697942248273787347194656685587192
64258494224363393956368553955484153685855163821539421619813952345544167881986752253625711 462443224876487484545472479115113233148785872567
1387371 531139921852962436469424477398696234874873731999423414156962922342957399444664166991455
29963346187616987 4225658943893934743597764551247182
7971878545473623424943549229537539861814314718146139618454445996899572368537873546171971626618 688248835247248588976394732288626776822953165681833554896911511855512635956486748541497747
51777314566687147728944238 993781946
872516828725624429627336875728576947785694833282922717389643662399671796 61143118851597397682384192
3981925193684182669579893177799212916348991141841928792685239522999347855911353 8339795124743885849377437
372437454546243643514357435 93184119336417656965427588381293138891496668948963975983548487824212136
9682946415647158162156868725286464594693268195141133582187489629481697612 75719281161626415543519313491665859698197492266453445333743876846578624974315895372746273
535215343795517134365645139457527193933199821 4568866258161223753247782935
75999412224397185758519742733659227114972236811442426473164772822815556961638526181774419 7132468771986758453756872126587964142941836915471278976416321341795358624917282412314
2981668536468513546544198532386598131912495769164919226139925369984418781519879592969 324614115528
166159356352331562151824424115474285787511 841421636385969581146416389292924382863
3812489871981353517823559748536724 2325211533976561
7867675435115456683783759926166539756292619715766315427513946942486947178163264578293313 131973667238127681332327584277626367737832892765985756455565296174465357512747715459886725
8549796973898134728619747754821694585169925952248742365917343145523148522255 54946629195385294731664642419585
92355397567669958448327773413852917943477492389 4757845197392123448797591316937546822534467858444129835771
4218977632765555361166456994163286258948514149392698572984617841637989855871498111527458241143 5997917892548423256644633618614198912622565522716442931376645656779
8525414831879887633414461414918423945815711843664847974182494177733 2932335829535386374978752587688473756647382352738361593127183282478941962539352914555973662865719
97272596337758774485947984756789785429196522 27579453293557565238854468552
2346529 1115669798473996735463749285356375994631767459777518118698825967738859983294919682189987
6868416 3649666867195622352329985325993521553928462595646389151889917987467234639944
8178621174471944341463981 6871936364497262811642659857177243754442745494417431659619
6189768327325129959675899687484347735988271339541935 36849766458416573154638113165273254616112949
98331475728638192726842685259 5877665716254596
55474923364883986362464415175992943419152623271775941378662999978458729885592836939624894339616646 11936869315994244396443354268897613818771213591441693
2642742663176395281859969255899425468799983282391257877749552663684732155537116665146731 393931539329565616597238892363994857915127695647288546163815742
9123423139 86783119188842322386182689896166628394546893572875629
94272155379845576623833455935554327149223421763375199783571474 5725675128682
728933673 984111359559177
69382462998994245389218879296724364793152883937697552722413 33951586589733277815
173972914298853745555694489838988762638566913289216278591882623323755985515855545298 4362256911653676229924146879417782
9413695726941733162264256189629517611861551639696443719233374323496 94657
967954847835564394921691461367281666859111599858181993165738975316572341492581364552841 43193249236987321748673143187947896267831542224983269732785286928816328155173971587
9671157288 9556951399285663668797336987545634114464385836624471694523681733271636921168594151149158484639388
384115129425655964585487494816438125874594625927249829487525 28
1823854134494316865656936851885181895532716241537244 81472825751379214896326828538532797486881248347146415541
7524284678184976642764514875638791 2836827235
71297874929926332696585651455241838855954849289732816794151552369722286 866846963354128999165121654475431465581
495375925137874691725589458169852 9778825115113873451426
468399358983963657324913936549 35955846481227584573739642363834543148986752824611665911342974191675482
1831317792 179922656744211913395165372668558396946271174675
8523277837578893425195176361912175618188422395283716525 7722387727717787995574385719353794999963
5567232475244979238912745277896 41188576642752855669698344962331191983186439375522331175552821684245
16226727714334678552493463316 5147111755839477519833826276541612944955769
67778668299668682354574624322715687546733294 712953371222478227761167215949671
867169761371921447447365655425486948932315882819645884514781871399498759315555512 759979996275296668151651895562274531832462224282465535
8 2995389475471479745529978823293717812542892188894845655672
182 795186622929136445385768777987779722572651524145333115572471799813
1 763485748811243261814745
66664211992546849552741137997665241447617343969251815755975663298744178 4824894158432732575982672156816365638978713463337342791388752775517935544492614311822
19589776929382115 8134518281744627514721747666894651616115826981998167249691331
75478455539351693578614985318262712376349776633318588219358779951666284595557423327741 7893174171685184644613538881798882328286393373718398826569322852369421734284243595278331963762
617157571566448547 98284189369981241541584576462826949914812435159426221997694698736328786
771853623648658854175986645792521915187818185218134797129857717196361187566997433636998 9383764499
78668333675365544693172226747291629854453848156 76999289
5446422893789133238595314839865769339923667 53464446868577651917972978989842912927197694571
3625379552899885587971636289687572523971768419336964161167812412943143269591865412768657 37285429681528142542244635457925392352392345937493336974
66448497165919343873833291 3
7757753284397628654439564953449753525779838942 534175549165326343247743484821281352932191969296755914931573656474395387158318836842125255271
7222381871678889839764342458775577235597361921714555627922849613871938623 2691288712453898644886879494328141252177332215518142962345228133713468197926237
487694335 243325914187684817258659126446692332336913218435587496894663763184489935612
9373697771132878354765621359953473914937121826929288372961422391834 6531573185784114158144293794658674295789521981357197395743284941347118275183156662818291
244137333299613836742233276843 9134966921442328255893821432553477472138642524811356229533199252736852
7686151 588629
95692656588886126589757881133141651636854573436291739515263222 5922854193
794471993331392175999761394565535 22952567787986572771659339276618545292833673466445316
468998163282427248385248779889242376124296725259891928411538546148964288484974886894449 7263691984
459765817555239671836113363524955155916672185993617882651666228779444595662715263 647758925686511956755348369686163857924899271319414647338539933953976528455372499366198
6892489148 292
44825811 95355
695822857293959932858417547783666813535236891479794116998935741683377928554356 412438312795484133972218539574846752475772189119472468661641982575568466397585846157166233387
5325217662842837133689293 29718475793669727993535594555319482144
4287184496481611773688643531968354258353566616344176249597678427594635354169484892523 7879742727357773616855256977428168672692519563943296311756565
599771443151513827991835596411437497666719552129332515854831138138814776718578 369128682141532898973263218591264447596928118499273579538794164387864
872924177436571639415738239839335556913716757946419534 41428534195953744815811925338184484594641654549222313
62228621845635789473832662226876515712113525122987289163195478252884254416387861744478749148443 676549564534569334219975816654155698691477663338646868215553932428
16772362351679774766595877 5914358529942179396846333945841334948818366585487
639148394915415524438 77595836126264481849629269135633572464724594787661836882942275292
8 847193458556121745788642753458
842591747261398787117854493675739576861962818888 792286612488683182674581684754165669445921514367957342154417927438858546
586 883212983633847362694358163779398764554875
34743891875576964757 296619619556876519939586293176117621894944872291114565138331
2784655541792781599777875711174644557918652921179878158378993356783586283966726464132718246172498319 959876344721177686223798166827953893433279766146673753651783828458749918315762554659246
994732354843383583167 659741842719743929724762444712914279923374824288415948
93953787218227846723585427191817186432536371159387524835922778593959647261255791933 1667763916941752322958683652133673684879593889
6627854435487599811664118379895588335789187195156578849733198391697999227891595888248195713598 8699543585881428528943246452338825314215573277666439218731661168275331551466119628268572622265491
21491157794583991323515483494248539981415726375467215357235958976469969398858722217 2421758575622394894452317631461653792
387197989548219433212222363622386777233849 76617839361341
68742311313456861363987982969562 427823719254156787874529452394698337741837991794623999842382734218633382912837236986126829
3779363997 427524888527922151533835642799267446123313439482489234418352761962144819267393666767271886351811738
735635912428273396159463239161866567287564684727854 559121972458117835538638
4975282784229262542348382991154222568589544688176362179576554763175898135246 8544
89837436951426463988864618227524694361992194663521884251144552159339588963785641176477 387574322884976691789161323961288288398575465535718
43 6561347527489582181696977997946666747878371237979416133742541974472434442515776486927295
3511738811282517225928616792299131712888299476897311212435752931 646533224657189936
82129235226492813854439322523192148253333363591825146616644826177233 62
72613343724788896634418722413172211796 9462797177389546463853848784136494421663736143881322378619573
213537574651332119833599812174121518697276973459893226314633841596393773 98326143368943
85171958473676479444413963484536536178394348793242431343628747863399947387398599716214679 79119327192182527754249426241345
42233425566542282762549796294184 9118232629463119786422821289146137153546677193449783674763595111811735644748
58158939284957677697396 22258271284452685384173394383533841248795739113299242819124594614733517942271411687811564545
11289744418281529553886752194574537978 93913646972572414881187488642276252675123694455421269961544129772164137341177198746178992216
785596221327132364997832 69948595537613367187121718167475995361961211944788
6773387814558415539753542147861927634292111933411633922447266832656 685145221718712578448939461355932358718686959191988922342856682
4724438554978953767722669148753135119338776 35968798195771642496356478222915461855
34596442756536162674825223924766434621416284126693144781958474624859468721639 96457321458254243332
4 533424749198473994432832298985239877689688835788922258
344245126244539696995887187947 7275475268441114686449575673723643598169135
478269362362539176767995572971376348771984236114187672613374123788 527998214851849153298143558326726856733521711
692581657638151714279144468185274767855583368829765913279361445267499982297762759652292624 223834924563249667279331497427362834999295855355232227312284252845885998875377193847749521743
2864334478825766937274261966825864833871437277224549869615164885 5929824162436345731626559937636424583845823213699587684637176262191617915887696262
348842144146753314525341454976189 7969189351995599533626616443396717415798648141817869232157379128825356118596
372831377277622747764384351349111616575516424353 44236
4982454221426147527177445832959231651619262626265988135684469943613396491748751786123788467448 158397384
92938579412358175129398757578597938315154115621 6318546786176883764131482399887125695272118495239828547912578663357532192833911359999589326147
1643957346915449828358166887252155928747 51352828398165659335893125148393461
1362271412582633254533841411431595615292626997538347646879373243993873297855991851659343868213695 92886634184816398731426578736677368465464839156497794327668594267645299761368623461692518
448225116876832856739835826984672795588383856176149224656591933 761526793187414615867184714929225936796328219388415
59611536548191419833133155781617465376562812571 551674798182234632224614647469797931459218798888322259794758595876747875927788133358
1876614887132466783421567 4221761595933893455837888743128623937111599137587894615865165466
8296926187438748446422946147297155688199716346259264555259412747175526776882218941639462595519383469 16773274865153768391364218227881118197218132275
2353168858771433226636135818681814983637555952324 1942471946776
457911683949217461828937157 33594188591867617133917853657664212628
67283778 31621537959587371116317981684742481895445547319579689845
82656982635683159993565589682757174828 35855719514464265357481163165782693652347333485588817655227394518798724528537564744916493939742611
21292771116237256152782 79726186238257185372415644944523849556216936982463819889458685
619216637831896269948648318137827169185921452 3331712922469817651775829982983731572884863497872436161625997568663146232741831575691
14583982855957219657196 1759194753471374116237771276324672895566816728538376675516266196939233577617747215354393999665462
6244962477815999478811113418979228486253418683 994971642988264658281318353846621544613533423984214346926352295531257553693
9695616382892327484538436136468439362751449834261744954783341 63786719138876587166998436876672514
86125945925828472115144186971884241129858438763 8891886698676421868597678578482889447887185622234
8837589881984219673377755332574457939454544995793264753519752857999945322483523 99925324682242731288436158788589178897925172
3799292219241644251691581579838583533852721848595511933166748981495655348425117811927261 643615399336836571432939532152896179521179788929436454173
978368375698796215792379434389359 1855164283649632425232278492156355865529435991348539721851883314397427496776636419453367346
68171937964178448519834456154645845 319457966391775816568194641223289471965554327829595611917865431276839537629986142378128573476
73677134944671517277972459916237258136253511788221249835755765458224933389975278 8835729732161954336519926463814998861826244393427427867133529267633141811
14777344524314783717393812183664 717219282593831354821447243896326537946249935877884551575581534629736925944759537
64498679384794818856386228278558472484112673686735416181941726769414176955259695739261192294857 832596189191533584285759785374227843431442634922655153466115547572975
714757865385482164627717739274434829914 2416275696276542579771674783741851877168693393527725537783484867895945527365853478314
1881323788639667461484226482144253272838583512291453413177176423158213794696168631384767577678255248 31893939936621939599728346536
31841158211597524569915734854217382155777279969248896386591117527321829438197458198 4287356157934959293275797432557231366814898144367125856987747
56183696927543227932685119359657896296569425817614817964915534299327591623325472 834424
1181149716555823831353561183747941584413582977141787938284355679993363278582367671424739264757 51968943767893682988621492587812477647166283799622754541881773932516872446525158
2195637885297651331621545241522977 8243
456972235137546177413269926363193565928247 3319352522476514814676366896211944589611177152626552118813257478283
4283766341463723743678556567191425835898437387412249662225448147596147768581486 2798622628329213842
2711593851764193889562372778266373292887139673367535 9294724957159153375682196294721773542
514183351334689266122916842398338418 7115864319484347766886
3496384426683268 642976298722878153255586832
7475521594969331698727436927319261148536 265481273569832754553559316
312913299522953977637921234523618685861299737622668773 3828932157459685792214772915394564238525661254
96515834544551853222433728838112151227382897455 421884326687419742888916514973195425722
448244215241126933876226543588933795936849517129939293766489454815541725112695513176 8433146534
1914561942779871655548998597548327519131177681163931273251443 17614283939
54557958476632785721118766121178922984999681825796768 9845872646684436
634976241987981194827711454512671637121 48564262215274395875479227898266484188454172816364287
1315433852375363548586414739462571724565662471214363217111599723151 1445644795577784427883537216777198829442516129427229378372771848586666735585796555319717668
711791216188 94224823927354191229569711376
27977461768392816493374 14798857763189138542741935929618873139523399852333533719411923663962461972579189899626393154639357
9254275275111386919263731273262669347753959616285997655357923783696 65793173217792782677959287719182577767739195449946548982381516463578798862557622
88332746441856659695172163162155678967848932399313369311522149898145474126231124823883624528 33498976333125845253857354897269579529494274227894219475816148572743469169473975
68246824379738961539456237547772526283738252695897191344961453667371294132698381 6822727258383214341657681334
1767645867136352719535 11194291123118737239521581791812281933528334431165574452381817155796393786172318
469576 91539586357774968237692341189
963884215319451281653439635186589525486496954783276463495429 856151598946349482551986174961425914816396399565491214173475871823563811442473928185769649132919649
811248436945581242969576383434428315897144613786395253597873289893638 4983622141
53823792967433512129422724476123885711265939153253582681518 899767429776455538651436742446444392591372881198153624939375
2264998644817669782684269764372853437 471382693617437989673944848351468516196513597223189833393168173853429
24441739119795 5198277763734929629698959559228728765926931399782254127359612
13765657715811739446459976269285372939614139991313593129759158557697348989745187846163453 642396146581697136752715891775138
3834696741523429281823321528396294453388187913958721838429957677984814658277 12789633324715158471596342294318457523967972762347394292774565132175771592828682939453697
9936618531261567 85674681988344777855738
5896552888377412652555521386516872976245265839329216249849467662751812934793221 7287866519922693611416266188584483859
2366689981372856371259593869267976233593 1871329539778767575
4264996424775444167966554179461437657725576891351237989187387922933753933 9265279139613277485677492443327213723333225416423485347371234924548868121916627553882698978281
775119646938692648789657571455165726599399619673176487236238 28157221947946911553418289744132653455312893114956694588975218549452551392475317271188
42411674613596392117787759542935394 5513351326913563351365578498955547663182213342735137564173861662914758838769752
1865373398716472626 258674114397566263956632756965562113777183827748875947189697784565899518628866787335943524953646492
11755185255161419482456886598646532386779451181421372879186221614323182 5183651163182
71579116863733868249338742712715177259696979831128515616299312254466 42811692651418569282792456624837636381132852987766892534316912925137583541882659946525569
15747337859533674926434344517219 42696867231129195791893958251762735156733167
6125328935755686763229422592581559241841799362879532793512292395219645329 2961453139527459953733611286436418714384528343486223361546773127482819898681922332825513447778162
4786378267968275265369211798835726398493771767262641 3795256452352441472628992839633776182736676855434193696289
51763633318671279445837859283155425871132743615333778324245261538971351354145198959844148847 1782665998488313856299384515122473874676131455922913376533658288148365365137
9132727299499975376541912839573295612548799913199658724414642556434338814257692835264978523547894 673659941687352273913322422965259947543181225
796351748738797863636988865891885 538443225157226648529157344187853786287744413775536574345399868945374
913359732956531286644845953584746 295975451597112474279851271474796635182713491774541674547376516156799276971775
33894195313333457393782686963146145441362426823998169846752374197235382719926 985851142355331162121938392715826564475191744495963488565436
7114936924339783766982277784526821947796124 6233424486852371691
4648345586185339717241246 1121247157736655227415589828
2338 6173156998154197
4292327479243256223 6344512536113828112412176529953792687694717691179616861318
8369646731549811666573976798967455838789419818991283831269216797756685828234119426957664156 82531122771688611438453696926657
1311591468487596353341489959323931746267924694153565511399469548564375525828273275 343943253121845
3586996639216263494652449137917828795972288179926418583377966472121735648898324674686421135357199859 26951324123854
93918865455 37827917917451194
13335888828139195 97245831736198697469342332
984694939388669535445493549853538247678994365622619568256851655386848 869617233656496774692576943179913
5643 33118122685873
513627847122689745297894228392847886915351492941951884512547 46181751972442984387461581432611685654292283536431288744927952931661956959325697256
6212858943139897149755966472841941121655483116965845885113776595821388251473771662 8172642993539579468699846986544731946391143452817518771186219534253495
154978626662162821576826771465245854755997994285339799197635676447445423681945358784582288 76591834115197561769624396273816994517376
9584134569711563313593672343849636292995955563818928758842721 261573892463759578139511698526855479287151561637999
675622524783757596634189779674686879928172431484292283473 64597682986984339748891343316888897412787475514245956133755563666268481713663
464 963287193538227578717899897928736291284125475324449854182898961647323129716281155319398912689278
4834166222831663943133761 8454771151921472287316544
99985167986361488238981591 8816744435218211782815546993576277887346748713588884435683729
1487293849863427386129297267622457281856723251264889151824545398829755581761155882433 626526955
863344115954139751259115743634333444238176153738324785358843497441287845419144275323 598265983718276264985924481125465428931655
22813718233979313966668925486618434641918575556391262141788762936126819968314941928414 221666312877153272396869396533173524639852265352737213295842413338414
462612714264641535674866539346112693894569281359736 313199253151935575522849343465488263424997591587545997953886542
25217257725585932154997718557545167854789484125258335196574269964949673989182987974898335482598253 67367863438394185865572657738
9914125558598431 32914547591262998625978477985796929677347944274116268
797193817137382656799142443666769953793499624174771481851435628743 21436819451827158481269323892378753727765537258288757363957263729586462579535982487
877371651428361137626233595378643472657137227699334493796491678596122198324916185 3212199638451981213273369228158835679322555
1111262251676232952734859617224425748857799115764477445141 67827533746889732123
2 731784288365471586849269868724661657496837935417932152714945872436486614616566886421686253
6999311359637976964356986774767812362595357831 7272639174336997935493285144489169714961824696165979225747811
911636444777921673846947291535873451926351533234743119257776769532443191775563 7383317828434233414359539743539913461665994
122383159724667129739773163373235544299652639767564813265362762293215651897219 2489481543765649197418
8528675129869557794 3286837424782375929156519438551789354
6569997147357434569362344645292443861 21
38 82548268817266855945487688615735562268236
4723366439334697646148369159794525566297826667637612438412963634965858 1642569928767351877613913396331711755838742794165458244592282794691679259892219689155
26645296434999615564272435399691655354588479614752363295591953172333364952842978965829937 353786424546662612589577
795231981224471457521 146841732851857554574986891333868643394343872881912897855636221929238167
89764427239422376533338899532891313548646668676872713937591814365993966485956846159272725467569 2212714638
213883312973729736797676366331587312488246559713284526856658995697432435928687413712492553777 2141119353118244133665732414168942178291881282934917318489811548553628434829869278
421626734926158537364167597418684739978667824618189939889322899145192594554 223766217344945314574824422114766973915184
288 149288227627777434254733489682
85258898158826423637253617267179524254859268249625333916531713589774687961674344485122889139331 1334148377826454237756143986195964676253169527
814637233563876 959344413191731479194167694259354366931
393254872312934516693883997978412828658929 2976517675167778487776997195562956
473954251812645687129917387461648429258394951369412964211146564966811295939515966785 61319527961
55464338251911923566937825497166399187138548726814796748255212762791151453781914374129511861 1477527848985279171352291242119834885
7885664779251935327687685117199598625511237114472422256833368327436216 895788255493555747411576
538284413327596821787714955528888189273658182666373164732349989326761854 3626866573168534614525829791691956325774182841263213285454748985981966769719466
42972879748512 6611786372631582916321617934389375635195698868995151885647923259
433736982259288745472134684225777129211461224552642179192981451572971 49889919959345634576469878829267397762564776725695564962939194355836323266241153179833165
1113638414757678146721364815623743694221787781739255346 516481334
84893665183843111453684975226193517363126353484459265958922352151584269535261 5475545598823957823977
736639252594774918688697383941518522286481482318344 2637885812139842311931483697
377159357654817363449115355544966982452855416256771227711764777697663979111 199858685489361938786866341393694415529254416827313149345574515393885167929554
894139273481387266912448 33721474725994252312866845654111652759854334764783499728982725271646444275746433775662459
38639658853473612983353798343889588747979425346542656663744341477 2277594164947428292249659893484534966
9849798184612732583485456957221577979 17653474467497598639363986483453156318531381286661271428
79249748635548681114697435276236869234391 957565815692948154594753119624983979855128327578846495145386
9372223232174419124389476363277761234428349249794125825969 6734942398564741428673839114362852488447848517
6157129659372737358814373122228267734241398637627565944279689947527431438373548 25413522935813273428136719522747157977578773626511747468599611
7291128786529989168 6668434512732316343413543761925113243648269634262
611523 892544522269827297829563779723829446317217447885481
3883 485612784455735181377867273919191
85388349 86171378521169194941335771786371669944252245469927293111997316715697944334974445
1351678724928834497876255991557451832169257244697182986632385153368579381858 21468984544365717832866339741926565622998591355467444729389481484787687395
88969553218539171221941371557767664396843619746673329 796296738732632195494587465483524251974646187839612765857
334773592878821427291271227392729342365566266923757825347623784743225693429888 65559759137513176313923918
49363796256598422648741129128497172115463473 66117676433952222125898192765257866542111357289561719694397252431886731382818261837951273484
152154916664481786234737323424937419386187666524928655455855346219976496432584979 8826411266168716778685167231142264192982156522416682316678529418252578798324777
7467554454361626611456558799327382882439948317435161646116824485675724734597221274295797817974464621 67142444265433773697299242887968629144617326237177631961471432723758151151
5452661 822799884817315456723222848148473777711828741965354622419767
55294422177661166112719232554838235 22725663688338833174391453118727578717185946967684364993681423328333922729639119546
59685423446756729629449658442491951296572563825875163957896871449761592616 64251969166853126199451332142427421678985718146346533
79357927545727592551894939327519184872538747573689338 84153432454229265473972858785166671134848682549598744423469414566217392978831
187888716683374862858727948465716621358761956595312879249698123635152113885455589735 8926527119188986277
175482472366267349189968312323983 3542971267156329697432626881634692523624359335396564312481942718453375392
57273345235744521141931691573376433773298523489422323591 16191794636647618616136357316417946661722579182882573646229698658234959628281931154
5617554964819154532612815677 983258531598744418886
6461261491375484662784827774 8987
622881434721744245465 82227851614957194434244744677793161564958151546768618427698269
494635683624971194684384711693863655434873257757433783595813187 997248119422
7787862332787235764337344835234179758655116896986278512577434581876833625934966 47855656937851937372146
615823284158322922461431797118929112228972876515749326129231851 3663855233
541317698252867179555 7711111635387891775573572531877394363212675776639368416924621741268
158951917342952496 67848198225394311783694287787734189335251968571688273835685711716518654371317363475531512314
4634996421391825366672541988523125361244193329918989 26879527818765
2151821622385734716124472271283234855137452665719565 947936139452755767265328757558325479643952759597954234587541814341788546163
667254429181884251483326618527159 5842219558768694258227489883861538781912211832574823615452877171
17343243 516858572642241795787524968276689197887977681756728888632434766818733
913695946487394419244874833112 1722971214773346825883638747963645892545763844734845569223727749759139143652356271985
7355924523882573 976873485433126663873117778941526339729845355643255476353559
663787887297588437232662577674867922258429973265445594555837575219375396536365815629 17254869831914387814536975353854372786927797995895679154172283388
8925 77145975167694651958135599399211
5383589418671371685885868 884549973685588699585757871214358452436863251662591894
81649362171165289551373384414794364937419171861687472939527335694764179 81149244893211
231175676877368779131 344775262223871
45242531561886757767529155536161834613591927981693742846349183746 84322548727812393358765346427529246466231939485244944986386513386
168 4
89122548138277788858534124568387728 9432738168416736459985278511979945774675383285744117935779419689146199965294712495734936331778616569
411656858437215782646674893528 12131897453931
42896222154174933221238387961777231384637855325964195827914641819817185173789169897472525778349 66852563299766863681974742918851815448379182468467744612465192872734147362694862515886
78671348564934618634958969459489273532 642478368348572351518461
787968769 42193947354184983575836466512961363461161871368565581626981879787815
84375656548488158912692452661297141457358527342477196428793734517714512875911816278139866115 83731693548177418261994128863346391394439868863489561294366115472
263653519295275922415226729274521538529898791988172289474777326666768832186325425879 4358717721259954119613314987697548599326455396346399826266
7886244878528426712758323971921646116842221369 57515523848242163999645228291238915838295782581472126
9787173612353167 588258924442568962726346373931687826894145544943368948
981881158363886879285857265416824755952452198846292654398457728763485659644 6435592188378484183376415978384448739417626547569186673575
439485616677992311637758334722672979931785294385311165274981754524 61111324812634973835414766252254555259718445663419976611113236264
89111165336451365518522714434725723851163477337873752336892519 79234833741867824153859261124126661
9478311329848921171848453694 643678981144646186884957497458556191366
6954967789 9642767418654283369
4439267994114794134916987999715487649296788154543893 56518999246269951125646719472862412733176354885322883926989552325746114617733862257446154597932288
2514742445238857317681113366 67117946441231787949247274978642212732245516553449791342631765425328774316419953374923729922252632
171988818143955261996596448 1962822112365361332444987567826343881553815178
34126172374767795167791417967213819362584795747651 896849633743136638711124221678495682739583342933982192224954381723961812416
31789153837687931569583146498633587752365231551544674982293756986367866864557829577963194759472422 118317674546464511768146383512388224671394565278879949815535222222873351362961785371411648978321
6552522137726 2713142576786378379878825843595438494619448799925837271623445766767365832637765956631735887324
1912655417738583 491378856824757649822271935991679157483934465825976162815114275897972694951275134676246
61629624 9
997893846978446868682275343272378215724787765632252478479735125265 151843429144341687145685141119974985
3355844984847733288487432787436173783242569151666552 2758765878482261864387667181678876766553869114944444229311458743111438479738156434952683895767524
17568379826689582723971765391155734435486 6274187498566631426683378848781443777237793286947925
59439219733645751678 993227429637251896878626263326767518782847142713189743562214756875417294287876512123334443557
66257684448985251588928427939147717694167822737328792911585563381894625579611692136877 69254899556857158269437965846662164541439565771698696243981556468471993
187955819964923169252566429963227285668756611188252262942729744669866623547 836979942676118733532565268484559175413343289557281718341429841256157727848
33875456571 56623482878146837312469318165784288677541742
828387756259 665242436955829276157765328427318231816156664218879122581271786488749194515987595254279973912754162
39984968 636512657852141592978735595118579873681133753
59211595273585375571421213958612147493167767415893996 4359748997736952767431933166178876781695645635551521421338745729296667552497194558
83898321879894432544127182528298658912184723276213882516892456358315149523588556 945581283719934443476198458348948982511125573
353583926459515862431528 1335
11626355938197459292887912629743441266628765446727113721594215827274486425312633963178655385285 771825343372276879437188877724814268844153985977233286188649931514281581675915685314
6717427239715536839382195443636167926821291999753114324445638376281992854646 8
7415 19332917213382
54118732848419219683995435799966953135328933133294744111938849524 7824843812174147213558522721889225555199657112754567158757816212845172668316475364
16682975463819784411651317563966354747725348869432115978343 18236857734225468589942157296482961395614728673424851278833758873791364769417623419948688
65137694386859646232494787127979133521216592471832885665196354847688624 2222556551957754413299311181678454474348442737685126291397312617339291894294984519683799731389954727
71665317953811441478866365857154878492251873311257 49153426719347567876961759266237565582287542244589826176931523854367376875
247596182193789551729814264444141186976372587132446624332 334326347353793823913461238225465763166533311
18428443189496867981529895195775884844176485369292649415987255441944 765625214138772312362
2844755546441268858966155465169167447438347495664841653128742929923458189186326 8336995544944598228372447515915359225185882964984859871317251139959333723765727
49395119779472812123594831765363219924527325131391547731397671484921673945226275314388426526845 4147149934177252493555342599266777499
5461225765715684932 3196574633924256371166225121666425133232383132488655264932857358629672424174416667294
96122325742311352195494255294686794839181693397245541831732 63174873384435466258218374311854217627258598973711196938827164497179481788
451322178882378488823643158584522956491574846457382125664734856693841875131299 493821669837378671667229668462431479243966194271
8737 425423813953985938811788187557227
6811277129844631184917587291853338996229378353835385545542748672556 553314893343974269253422589453138875335
55348256529784759444377297187161938686369962242847387113614387556712493739534771 74533649582973545897318756429
521323 77746639886631332336939342599567355636256163238988832792238768477359727885645869168146873
67726291579261976687768982683666358189677477441 7728256687582524241158244889521665353775771955654725829463185662473724467355313997355376187
817264387728848917511913943557722 7953326843927613911618225253637382874328226
8842868374764868423649443755189878625824283522614942156176846947487598557838911553 591939571622569495969512331286622648269244877
1174629567112774552665272186125182242685154916556122171 9118316921323296954617878736767738644975388965162478765474946825978549884141677838572257481932529
6398294572954648829154118476777658548722551785782578472 152493786158936685983274932664838277271165267418528
982541285425635139371386182498565761572247 53793191662562256387367141515173676248231721495237212754277299389123945789384565897765985946911
1389262598739144974946627639214684966866921271812 33765299342872155797991253327525789436783567986916389792597281779993
29759849 7979518256897842416571563429522972155688382699852528221597738
6843268 915735778977222328
486322291686598328891839376642533778787528261725 6736231576643139522515877858179611229218428169559
66441344611484347617788654752156387954962923235247216455632975 28798481164457134322223738288345218442577782523662435863241144645575377489592321514176538329
341785788941743942545315696712848457617662839521736487792296253816544756268288719 4
165886 54834188239112286819253266614329455611486687946954929138227965486678734944768381457768859232
7679151632347266714633189716717765483768175686762618878648841183792322413711143119518665375676228921 5643995525132246934225122482368387849949
963252 828861919737691
237728492762473151583924615264581332937421674988872738288 863299388788728236334718427195378
74 99646758316728429
92326374 362957254869444555764878
59157625218584672972697148428343876334457871189277793852591114412354392278513543143365497245996 237658
338888231788252779714686361723 9281375255682527786215443612884311845974966972673927892514511
5585276534227838967651517811739851213797737487874765957 15495542769449833881179245439348859398664439744783649642519226812458876721773899265
839198321818858335151936312135232 185433425454241
5 237318357263667398385884175876854547628148995714864893615885166737146255
82157683835918978163141416354417574117724573969852474888888234352916212 18975777277678944344698856657227661388471227466968192775653247636554947169126192
4635246325749213441548786515865251575848282151888 62115233245514825615459338569478823584448222785356872
47762985181815613279314426441875 82941862757668443834464677859562735514315188115314728119487427283542843629855967428215842477
3342837992878163691656 71558268
22132379353 311767616221996659996452886727466439567223889765232921659757577335469469336179481
41377518749133538153658253 1239333585447819691885712534239969793918163799654356572913816972568487589578
36923898615167382862236398387818615995 24976163199682493482762769941121698
892378425981175952853579734932982261646262574 46131532635456844316492763556935369713316521376478438
8967164197784113 1964148934977149534
66263742752571694215651486276622236788888838524775499917572 11113681323237845323791384917436868441
184429396645962479848656735596649935139198296 74439729444616946578324285413368253545
4195351668717359522127341249362431646764129833 5138433867338865298387419318314441899178
27677885833378252 367288295439
2812629744551659856819189 4218344293689965363446367
3632442829441254477539491 522564869398734289369933142499997843472461471314272359733561635
181255341183553588784459669933548481624387878111845486215625 662973796325312246596178634392384127
14842564277417221158 621
1176481697111124786257217277563786147215976837771139754136 9399264993183815779825384418649549511
447866368617492411422453143439652284965671 82476261422
386446413149816981236914576575148172675872423743891571946353374359733784536 881719478396381343927762686814358324827798
314398281515447612542688227819619138638629542271224838469535895422359456733 832732624546829527417342611518692495357398989361256836453327354914563176776564338275966925
5441342714654677279262248421332189521716785973634219319 788998519913491548385618653176293717188277687
34173954239815868349342829 66445148544715178671413724362548238766569394172599289261522957
269575935669738696968528284 326466397924586416638863362523367179476951986477131964799631277638681231219373745738879
4765177784846111866883321955368842415843962573413267715893933427251441466314686617174693713 142215329953698861272794984683893265454828941
655272997626954871338356659772618322866268598183221335727493776473452934538258541136 33712861532535231959927562679914126682811779237381752657121239383823493784566571983225948
6349983852962878359499 519499418548166541764324566732877825651993676942545293867998549883331956241
878293827549174487583 3417226
1353246957525258824531796342942811752828717513 133774695988898856646178532545394113664634656171637775
485359739661761964989239912978549441174454893 1282134739268233693865646837662284316174994756347472
92412843618253957132978661812475323479396375 666991158562728328775742746928772833736296296842285284857492225562651338
1119139791289254914292595223667119718564113653628284179114755451613718696 63164542227324518464699473287137195495833939526772481642
58524 4378915471613462611742565334157248778777341869564755146331856412
15974511871857522984857232829414652674 7315632498867412132632415331273888847
1666414543661658353712564246219333767796639557885414363233543 722455561347653616882417153485866537336963199294514875158248655597116643415328779377582975
193977215668325961374331289284795 829175154
2642189495465782297333713936695233394529 122993885318265238182585797891765697353238916633315259513161685469514814162149214917252927579887843
8511984581641243613711 9323396997676764567988183659438137591247662713941364135883277593297589515
35562968947342558795687183847589284749955775563219468468332121 87889838743998243747556769491849271321946185417535125182
1992977717633988741112147691787331964736686124341235574871658254791755463413744 21188441665948581374871253668259786294265198935767848573
533829568 799857
898556336541692573654 23214747666913251351875552438992311525198981594377753967788482959178678122681616946
26764 87479968264799818971
174791866445143142581347958948117588162146214573398626167752231974557 218932267141898314324815618444263445778726132763857154179222672
99948782364268275751913862464775817128562271135725662 65898763228739247841914371742184139538817729946764876214747567513325664792364452561754
138624256989972446851558776873 192784118936164196744926963172286888383632915882189598753141831997155385294131516637349261251
18 86275371776442336252341586163498581651914851135556869567
249249954439511969135868171627966715218387712757544584841811753571 11797775624326623426661839595259834122119534129696771459738381557241236428
451675852662 353914588433717245333496451463245247184643255611771981995423327681869264321825285267338725663844997
9794788951965594619744887919737 358922287864724696966129164214256
793674438495236657566998545664354717724695384 43221192952314497791723585152884562595162814872184
6674498189929621381879741672712998539264878161981 4676834869769336853546841934923961368486536538428148842
795623112364937612576226162348649239377923657729546768 1543331963274431534336341713
678993976811873824357448361389949591593883 15814348334374
726692769576335671534621266791561374598 153325722761735933469969991639212548667962361342181369731526
364921246881743217118685861968669226813464214951 942737749292386892556784289475255762926
92133976145267712662134934931534883973276185926953564382893887768645654398891254 71625489665552396461391943357443551623754416275452873176
6788568764937926442 32946256
8396933742729216427394158 683153134493853867293272246493254434718322367164667818531135679561792152549621846333425475784386
77872173712341212537222987921358279639466786 94978
4958236138264279819221992371711928412723544338645327697 48947562734938198736151863559414352217575351132746635594191525641877897674
62768347182574631366181558421317528655275969466536 272652641386
4992318672589218131674485989722354125877443573225273222851771461369349756 8451116757469881865981
821647149752186198747591781991653423258 98199718854835729141497491911682527959415619959586
2673454132878118583792241582757326438721692228721511228149422899 92675543981931239653835499564818523385972183479838844
3127478748673682832759975894977766868883513343235952837 36599386165192751134777177671512398963
8776994765499723267627294394889222473933481753938736444845183838798281518464527833449445225416935 391147996772552456331583867847274914431882
1676638214457153263 55446767973969637
277999789166513346374445862557437228547456848238478825244126271997349479 246996636481376364542122981892758636116644216816679758971521429786614378122358997523338133754673
13698446265182634335471111253244259 4346993616342798446535875638912469668779644
59713627181642315521545933286168533246666976868148 72722193575628372936362816789127533647891744875946556733787874
3977346813392595746463649115597391176478273772719 3695614671
31537178177356141445784339533233413966754638434377482217873787338942731454796551946 4289235418654442924341357396894494415235149787136125613589978
1324955716397928549257218863 89183
93689472413525658287729546195737124365428123486724853272841498847251448448358559258 19816113222
5348966256854349954839442625152335732194841254978 96796374214218146443423634835479913146525763995238247544819814838535186991285427564742
721453457964724284381946756751448114811965531118284866 8457346225238854
9561684923692536397915731445953518265268538 87291194594425412627268386298661483976841812415558444991132835937125941476155997574
37699567278385363683233685899521546946714981331978687139439241818659689848512439425613624698452 61988984146452352215881156622856746598767692278552881156443243682499941
5481834611166322353972424 282
712211483591528514922573428561797711355346892292898813556795323952662 56279158416482714475713764963423629238
4585632995193628733437888813257532289768519962153782717436723418821583262758133448864 9116394
935593641621992382678137212552347552394322133913614278396216315757996491746689311386859885823 32865646865934937549266463676417945795933787395143
4918357774591875415482836755415733141258477299318995388327922531 78396981726143186791689452583
26478188467661464274836648875472867733269141521886793 7865232797878375893636585168772294478548939739143658758594727467193236683
53249296197932429547282624566657878291162324262267167621959959838 22994
848596951542584359914477417614329281989797455216884925879313893911644 9749617866785358162187669712421599462518661378647655239444936465982587
531293493588247795828886 621916281297525778546915739867229898815418625352265819279654146287973792463912891964337888991145
165718529176711421917691789883495862519865696768737317559269699461725156443629268233594116255255822 2535648899863791162973551745755212744424583676573725942157133958452553611759
574345167948744526298895195 3774198972542595216949286311244483975623924835173362
3822465271524523344981792353484372732386288212557311139447 648874667553925593848414549882322769568499716666235214226287827786831156752
72152133776346528336824324178477442444127717684211792153558575888178815257747897223 28886545487485316921694656925353495174192199767376649745
1419981325632382222629136323813253539299332 31444698254372879822869987371825372834365661274613165888853611688763
25779784332354246271491 152162141241982772
74415442899519579744183842189397484961233686556 427616483789956958958251
3525312648721457217248764562774772936651197122328829189 36912484854762112548922285514448782245284298973991852113991124495636168742769411243849733
17754691763778936813385184653 7339961918746588678421592284442229465847736725787387687438694141138325
552592799618516881669555516684695416318238158861862924821453239813279833985437393747 5956415329575372663
213513576116421895689987384938435372367792944466331358771252249731381484771293481696597328178789553 337254132931799958299863234918652966369791748465917714
2826617563311631566386971871748541291385689213917328587577162839963694649576823351516192561 1934131727312939889297
27149848613866549185533639712248275917778992463969154118639142388371275372 9456756925881779464933689342485973338588735273429938171633378337212886919655145516314213892329831
5271297 39757591329362586875957733374763875338953352741542651551862862316752634815226165
225241222159257557719524166179473526593261998199364583552542631294414 114567599816443328822689766116153681933358267
922958451435 7745442617981482248818697164921962764579976824118129873512378772235779643274662864
282638398894995475 719142381944469119137954884933
7765566544942834985867736717415741166151788898735524682 493772813427117226793
84554 2281498992146431227217617327732998866267551359338522573948224657174926736971223592229997133
3746763521273824177861467 117816297864558814845346
1886174462437363151677236883525577397128343864342974486717955 75729137317133172146181441131933319745824242257615
12529433672643396171577717451588478832463918239938 93373347435896575188591192287338627458875486215484137857821663375525127512943588
9253876524466411797897517651629551855 6988553734247551283775622413346329673739374161833567914242887119134849484
9789144882348327115765726461952884923372516572381436418475 91914838314678664465183215596148687317346145357253326927156
315779169625353761741617787835223652293876521725121299965934694897 777373297361978128847257116612411252568474632666362811972373591
93772919325 2643545262473732483819484113655915226712358
75489275559515255542492921255477356623586897922394993929715367955393786734156169578228388193 524645562794684
299768562751341552556412334515746278711743615873957469848195419351895846113952176234 167344147333762651558828963678768153857594135381729483526148623486259224176879913284794498743354221
5338143564788513855529559154499 789721747824571247236251476221895792398461313327388785887672316172
78793514 29461139888496358478734678376667532678
744763914356171728883735177496151233876556643 5623558656951982147582335241374
392613319465615365712794644821842342678752272346435825 89987311622838892113817638593564499133458131815725668672465996491925257133312494
44671996984222928176458 1376875324477949219769369886999692757696548949697721617656
748459119145592 4268978263412287573912366856717328575711851722743353914464514865859752
696598456246444681478471721624878354666577445855956453891479466359495414447 7592786276586556999319779489188992125487413887
5548266327968868793589562931349689918471881892511687364692349247148389499345893416 924343745172152771763274729914389459785517465585386968272923227339433722217912231878138792
6639246492126675177229197625763116385295694281349836493242513492415125511649788459242139164574458 55798714292447323733865643133417538755582
834671539419975218547713638553187111874953277455946 1332922973243725969368873468288842126826454148135333689514835233911219753798456447
7432626949172669129394817725916392577378667114959232291764152 5533477693484239657886196783
52924722287274476747853267922671198283928994461134261425764734287 35536851427241295517146617787615284162731545756
4211413283594982974273267628922336399776785829657598382481894344628159944485513712776881 718253622855128431717563
258965582283861141991477742499381528156716582899999671932835769945358711534966839348499194 939773626399972834828692864165183769331292248528191596523484133823647213464268442531
3511 2573518226545335261846464853179
8445534556526848834315752345582212642592999778278 44271399559682939969338
938611264544833155918278979832639683558843891957851736936738573215119435316538973 86763347
891244 27256365991662718172189423761967277237431889522235
78335745545613911661141493567784925582993628774963378912329251586485615794623448297 255114228315948969553789331767813164
2376161219622617991877426373468315984224587172996989883568 497799247722591832366251639339395716175623118275776586226766447269293932176594
8386754984927 66154319156784224224538184367974945123462947367264821639825646613788779389875192921964748
575668699566599344447197749966473862725341554767459728655678498362682376714885716212683 79846571782731369225428647273245482949481528948885786528877143939292855253738
2798963495744916577556624491548961878132814997954846957762219918282587452979682185 3879841944481344484129398127563293883785361592533851
11693 9958775887297422263632939521794482385489357747665657321394584912427116696537
6916474974688461864381547312821777245322368837676477886456857239756 153549853726
87548592466385591911661537244234188423988979687218837279475227264849597452178314454946 584597
2887534714813472581253647871213346557 461785338619986184719859587188431543541539884355521616617546
97456332184 11411268143173695346412266274891467241322927934144613221422271699749
8257914796114187291239667215775787654172355828785232592 8638966288832512478395714589846771917282845144738666243991376295264279544263879
123272492896191392541491257 32672899939914452
6333524 12853
49636876831536972525446533224926433176953738576825632193131844 8887253856528553553978819398185884178912664112
216976563674877165562356698797 4389222598833727913591371598195663987862231668475614469825654647264142
282 74698823471145832284262652399657458841572667269
2595813235311272686633458769353816935214123962512394284857841216951535434627978788 3623338293311636398565348541
31885269426849538129347289835699336525493175247678118115159119381428979592 8
652192445528673419827934793663976232832835 44325598293572387912453511268874582449699911115177891383985423997661343573421182363965156836726
7732528462682781369698114231199673159967846268388 95563122851855235184982513953227365763697146366656331594677898293342761389811957143
55854656518486885475565743547886199916594829921264796711977728613355632495 7518564373111743697726443873872152821569811598434877753952587557461269655962328217355179564152
735967783254961436776432223472533283359983828816578882538653693155855653227845111645 31255773666439142268814173578811794288296221713374389666841156
84343536368442291613321344532121624869229859717718629387753488488426272263155576224374685 98223241612297517469386871956352656891916937757
656957214699828431746522836929577584333473891768568142579926721433491779457394793 7661875482675218686612263633712358478162822979537862429447138235173624969226721
628148981665552473585752285924213295986322453292 69955124761415837165639935277743551278957272123379983788883659455979214298256118873999921712
1922382918796119565167736918326129754198316971115946267148294349573556635791176741 39279221394611881621162813142431387941
17721645474991876893175882591289257124543493742372457811793273844631553594317741555 21544687326949226798875392874976717275691596269159116647225478685
54857136347363 8689577424585738759128619467715652512786914348655576383744314725955417381759836945
892475144792985223583924292387944614184554264 116927691659336958891413448891776712414715729516351831396444874416631156811836281363462
1163294657653876569 21394362734995892671872333588911183852532239347999261929
9978922188598854196649821471133489712335767335166217874813714657 3598483631728738391859
954517861183946847755145458416432487738982373899365514484487832648342655576413638514255834367957976 8623471944633889121235448918435354784352916942466362771249621571667559126
156731325482728495 94763384863738386874352223174987788318692986397651855923242734454455324514661866155766849227113296
1982399827812365127571285422529745664657323432321786984258514856548756688392581396435422229621137 11148714995879566634557942
361525462879359577766431257888385572666391197138 4568424317234797959993
8386648625738795753631175471248264466976331533361391397155638427549182153898632429766533289 75233352188275166317232798344984568819815516319642229233542835257874
484342279691277456643452148734373544738556773246232775 971869799227874593729629536578115
66899561136431645764253384688875321749897291245694196866947153524338915353531458163439 353462779829866955659925952442687924353442542482266632425353894416329
45226238557 31112479929
58514939 848182959785564932651513989359621435211228589467258849851756582116679976886321679688653691
1438539248137722733887127636286523659535335238836131237958953749143614354837437478429772441116774 56677168784121738287388949284138173225313585829492319787376674582166553714699724839
515593352976556529641795791368118492667449544427372837862996746879516116974486214363 2584385875149161211822187765792696656963231112415112333849
474 76732778973827515936335382252792776837264429394648814568364177782333761219868268158653
1434362898463723511456745426247593656165682787665136768848951538312479545368125 79484595457
334622675334695718231281314973463 347419
228661113953428134789194355275637752119889 69959657618465813548751957538759227178744329959295986754239
986357772126468554356597428749878311977 68486431616223249
3 8313479223143181326752845767476636
64925261587828114786845699598323369313 755671128327637335916872311456661848616447299867978545828859725636
9666776118922946987415814229325974628787231132197831663647645789888121184737599436 468536169
175932596648427461354975331736258283293544376955667763594117457498176378 85235387174433694774838512498528894225289133
877393348766533454589435993387952811219973746968157815731995432747551778752459859 43276652161181446254584438422244816497243284178811263128214586664597162248434
894492457178786924864252887229423224531574 51284589924773372634869494477511789821947
877989 5172518313362583517515935626939561112715415283763115739885346731762269
569999626311 62199187972627879774614958897118131746634235654912216417481736414318981335531326928678929156347568
7622588224677 191693591779841549272
51486749536847476198529969513368541317646294321175824557912458214682451534882335144595723992189222 1142741776836824953639745441528532892675823437958332
5126329884127144446266774513493516637935854269768685829162862694632 5425635764966384668729537993547542689847
6948383577144378915541185886271486788828545421995214482527526116315656573 5199
39 5224513566786528412626394653525499492681915525
8553257319464274473817775238351674524258686963731963218835482971487897273688758347412617123741338768 19713218258774436365637328215499721133236484515447147288282277764519328865213812
77873512594672959664126917746889115223 2244721625342261263965536556313558432191166899875816838284475513657132728887143652214
71946596179 287147133684499453193354733368651269373571526921466932
237924 3211882936212728725228736192646727788
28984961 63215384151
7422286572398462393341685334229946553124256682 1291557917575339929764357794763644
95126577276413825892355268472193749461589942834625799214791587215591163459 322518451328977424144956716915997961382386784
56188692148864939856131268691976147693678837319434253984661139931729966488783725382339699622544162 893496784999581375345882158615917466132744473161289888833469221649828892695874541111855768748414748
7323686473949378881567887697783948 63197985532342134972995889536985235952782292778
5156596264854384289188381297222862665367428148487 1245119558646883558311773599756646388518711484312962255368672844372733996691456
11762469294476896619689867675542638757356229794978717632234655166832715597685919967662161 61394335714371879194383531813244822465379623723862171
4146947354415194791451854941669427581351674339718882925875884662265548388438722454 356256694534297
74698176785699342892774473425946619374 832712735236512963779632735271424419
3854479427781966587916919537776783435 7144456637863621285785145418424626114772668336599214979469889296
18967997883411847373994121696455843615446924487363434161767699139486474919965945918125449267127834 3481221162546854953348948716427487824869698266516
168987224838693657523 68645525735791329192262817186981667229111511986651545383
564262761993861379556391271226888885678372452382338 2126834198625237379498634299587862559595
4784313919663482588936252731824331515585153484716636 51362627255138766913186799854535732932
8477286668983859268697299393131133942234454986598912461555961951597311396934 7
6374742859225474642648618376582824955342518353922964832866882651282532478834889394998666448 6515195327761192237379488493725516224177717766334834119595988868364776938214882746
9335222264482988183658269195551635424425529756252359189799164261419241929925612273311251 6646278514785347829183887898993447711782156568956184499945364844144845741449
4448799428236723828179425594113357527129383531 91494346628176824462315498738382157673948393671418427949816654966215
81617725161362513715129116589772166815254252326167395488234 227556734816191333288928143655175884611764
475267414884231366287837884491448123697784667 1
5134257217155482216825718846292361144598829252589999511541895919454718174573 9962165931642287213284113927284762943517532389775461284886551469861249952696192445194531683911
2924792848633927121843861733836389277977581456758 9944418
238993367866231398695756474435119215368456686465946262981127682566176492548798955325 536788285698979646379972395359273879736174984619685793157575665979243575813673171148894621
42875916353576723492388456232359224675252366445331543334255937981743511253733343772311 45516121249813916911735836636438573193142837416621492894218724462268298792572588346924619738663371
42533317589784851183962519592927874737247631473413451723655668257122543145585467583 87195387812652774734869577346261657316372118468271798999533458696777319334712462869488
5849611165559292947654945938543748783844765178274938757661247 3317651376224781465487477898316127572435246272829127989236862456
53539398314489897253383991849846165578731754647566928796686337 984335523828631796
49152832292918911341383354753569475676184791597241296378514352723834853374818411311 12593394547
271668 1461689774269858186846559556783571476828635828562146771422956844944416463325676879161531745114741
7733522761158528221761952313117986976475727323179159736256148548668569836352931176632672795826855546 355784553253535477671
664319676471139819454723248473889227146515156548568245682155368 961
74739228598115877667486633422536669751133431446941498296362478579285 552558299779494577
9855128981441323294326888166618353318635235923119215373 31787335442775691727156622163721829232794893632535
3212897952614421764628918843336479593356964496176788893219129687 44662994365998473482266431115788337
234985664719658899147749222584418581155 31551437643446287794454467975471872729128279911898297963395482989396635833325297899467281
4815382222428737633499829 33129378251245886462145725514381397187892364275515745391484763733196
8224247782561932698952132279668968568749711452335429552995 8666956116939745385755373419394355439537173451872174631349573379214428662714129567317779588
894345379361487357376951285185291256717 191153797345663181998677
25483669364983311993115647786848 74233177674935493437423285697144285844397735752563729
5759662958562455191284475568732465476976568234642831728855477511699735557734562981 541969254955319524592187899964169542929553765
4613587968374991458613621743398767245687852392541498818726 76647273166816779116189794474582283314
872544139946347945184943735514486551878841622471657315612949 425416149696237331779793521425638832962418149252655882953
6847455778852695694681622678787874841677742747952419418579412445 2834785111895979
3343937591119824616377193355553878255513224972 684371357528848495717476963587
792324926474549611653699974749 88995975
6599338356267698184651834139979975356633811898435398727793272 29879816412677444996222281646311599918521896799948323346983591866546851219251818438218
977165671423831671213699293646443514541895247114586965156283924578789232738239615325986984823 123744738
73363367237224214295514674692819688863773694849542563316822531743454856118173478 3917853554354682642117918284265333415829877433689774
584647897474545197515794652133121776996876383212161617555 1572127442463666487454
5618966985 9426327674979365922244
2426573521259736549 549869742989511932419413446681547385535855371386654578558123
6951873325955676798127151656821244777856916941442 55137548624284763
44551854786965348369881686133118427832127657913252575982897182982753676849132 9929742741916
6898928271 996899429
497881643749598285338983136171753162635884695324389763171431917451149885125678595519698346467288348 518541268736137519868419525258778173163295183569
86147744799222612874129347164175238354474214947914575774541834498 25951593637471995484628482
825289126629791438498711614633167913221293332525352988883889878 9982157526846786168971214959419825426927568872266529836578599454
247124973647146919422 432277149683859661679884863884
24813243454876114345585841479195479176829167837173796295295184748261781381961295646697219281884 8914331856492699725996737371377941127437243975935211274
8363933555973468419893318766873 492326432956367941326475249948422156743926151
466932282534883491272666986394269325384382346588586415785383 5275762592812695448663934245343671216527983346156552795574912448145171182883243
689964473696395718279848153988799495965189164188394531619 312373616258673265331837477349728361582529481631625331463297734156847161737832795122
58846 5546215542892811943185738359282582599596665723933457762667845361849
527981938983538351222458393971 88985281234562796953954276466289921347536422156246886262465616614767194671822973546949924
7992433524293571472218298284551137233886595975954457415329469388161663749638998 754514534927291
687798211825697825625959466315469567574647392136441671485893633926615 7579132497878363465584592563235292785163171262825525159445659476352299538
3482295741578425865413778642269972449522656996921978562552187 694624468216663565834211425431323848
8744224564189698 365123886714946123835886694633782182614357285321412877578288344793567632699973489295498
5137185781159914279836996742132277757179541128 9696446492592712555455848453459953135278452893863644151689487333233244798318
219199588715455558456242355226 2347817768677884632929212569625273
1356681695733699576937437996954947663141896887248 493712478679537112663889352957273341455862542666626845988122218361115916532258297242
67715434291641328829567177882774531429545665931446 543985895155819356186496489282599361235138
8768545414215664159617777847961771597183226646783225173299429956471137621184479259259473674798536671 4479985154557614
3286 496711824793966675973982528928931178253368238662634943652158163225535889719123538833717424
426379279719378763981412575387969299449 3436171938371952788321457757815456339735247615787493664164
7251385678 8462
384474644522247873843975178715981159457554624714759463119414626486128445122841836862176 5492861673916913344897228476619919292
957633776262316652286961956284 52272899333644196429794474192132685214925
585949216123238553349275734319699667361466475879389224964551276517268637839644342166178614965626 3786146387786729772317971121798316978181796774888886174
91851967156662361778627874873731954871776468122726315815481144 1255716398581466491396527894265158452196825442929346448973822464694
7742578763162323663572 3896845363546784622889228643565617243374199982966119179292397889764751934145229967714848674
191884782345 388239821981994638171316643253568942129
757347487978883116694755491979661978249988633294577457735653785329584165665915328253689977373739462 748584224327512519237923196258655742851895117
966162192619612653763413591324172853267498276285 1728986835633276994381666527924728448486325113535584875767398911449191225
7721474286756746 1876216251716124886583747735998477254345698185278
29186271968859693137383111974761987558197847478117146774554192944724951841 5498455181434276429466552782483958558172722837482632695685921
3876229999649993236927696841629514675891359892689166263346263343247613124 8521691398594933957551366413548434514862589961565442
