393
241624512772766767371492673518766295 11855
669962226752245842838429795829264575495461651394942848675522513249211814472582713742417 5956515614787154412225632266426141681575287964138998478465114
56138144487279495815511833224213281991389627753168998949519478187916691675123543418379731 1
2224196241179724767188567423966237735625271188214548926224167922989883195242241693 5428111649827432415645619837422882596732727312483396557595216248938146129877827553589345631324562619
74736945369278634617323785544457957176479977398622782954461694812429452 1972592417147347855458972687489545892579932345678553946
2961481837316727788955391853412 62335
7727155243691878 123172234719812362144238511
21379914154287475317568738854 3781439581159883374555237397787693893753146982878228773163416154452256544114148
814676474723588488418447972578566776156991744959421475611445627325356615 8852826551441687196778955929463321558316285669638291827231435486171596538742274781525795241
6392523499217667936134875741179283686735548161196697998 556527874914683795963625251696
32711459275878459925225353329469776477354371429954584225397211652451135939924473211 5194575779838114346639419255249192322913748511423691774
455243787848541 2949675538938643696213954736964743
781943944619973238952668658849559266724828513652159363132576293174883521754362548961839498 8767678511431338271213527275175829294417887848613553
934965314865856854375381 463712
1663743877792571918736251612682971317119294474258635 521139218179719758135963569366661191123189766782479631718115875758252922693
42873464595681763741294958556737112245161696332752268796518 3982758996842772418612541415515959
1423837789231829931465917 81
73565536539675361544244189659884561464375312197517556286611677945524843218689721272563763775983 3689757739523474353913183524352779651863476223684529343
772462784555616477111167948981815334736381988514343328925689115649353528576533659331385777 5355168446674361438195417732333168685162277956179369391261
838421976198834947193611812172866981791367443316217573589521726634668889114894567744515615 9719197895725182457478231156829254363778688556462517145434579386791123755
2297379142423495985599564389782255121816193287271493989535168182711675465944322233129327 944183332116111119171394297355384591428565256
752547969962622819589864199465543745892655672395378583985211444268968 27338143571979192388724755478959692259569568562523
52524588848938955834368982952835 68928629831113643391526162865897889836125243951695112694865828631886739648199538589585862827
891495174715497911734953132684273286244662652617585735769459957555628982435534119626845724 94114228517759593111562338675254619367869828952872126268772
2247388719987729216728368841966726674271527566 3612576851368689722933856688218
3749383547424996643717522587711158348198147828362287963 5168963335521415471329917528674455464711777551845968774358179188283864857
5912655681572867 8662943619857986922612425669853733764494914267658356312625582456132313432814866561248799672246446193
6818668415393248867842 94293157432569914778888134695255886923788737732419592489569
6971475713778393862349834868427715542627983897669341488962294387839265992769564442293269887 739652665
75753 7917828727698
3913897174641362235568781214971524566974285313344972462845274244263998694397471798971162811 64439181594967445629797775851286485784521541747644646786
272557717899333859811689992612697322567988831647668826467 24846195268314219492785956718935771583398262556899867774
59752869439663859596419261737536773111142239412 6994358791741835928285524493552531944936167374889764213541543
2289617163321 722954924215446697689263628642532754918233188955574682518195142165958
69324737783361851171921546683858414726455158232429946859919586321149622196917825 2354753
67148325514 96966
2431242835514879148454671754 819124644886697718384691664799
82876651599364272252731532162843395174463763899357494685724719111139213865416344835652 69247915427311229844647636774922218433441242164694914624581147422583469598249
723131937738386955312939948825753587599987337749632884639819684155593932213188844828649457689445 94939679524687391722885926
436231448885342792657192668773382719488689725893816892888393913483512469715622 29665349561
947596825528172713156768685847455855322729896 9195526975659567189
5253185147259141912799862843877292314275189672456281516252392279429533 849648842678982258147897842584961829318422315166893531343743737824963288
2511813481561472537855499549462613934121566664134662219993 377
8539173841378332139214737398798276546616771321221475353837 2659466736486597228
687454775598911117683162824189527931338874615366373745669399954862731369886 4523816948117733824439
7368624659212652983653284424626713943914929226459276698869623492236269127 111774282629231742293973264184682532131379843763657
28571598449721615643425212438661858926497835978221483959652865949529538 8354623227327
3718655631495335223417968346 95214958329691244495195
6188926992296521652217762434878737117437997383832514813321414174939574876249589831619 653982286998824695481428257341798914974654339585796
2914813313916746847221378985 983397828485493368752282257257927488763967712
78415919687985967 824567184897626151929196268419632739813988459862889315283989635686672387
82599179841381 5186248636235
257231771821244811474941968779631426761988654954446429892113634685245629791555 447638243169596259318835526823649481521794774183998812826287273
7895457775329315942553157615523967876637986166868731113431446431634217455586185937839486879 1618595447429325916372177414888476656674211218282819556285529646251681435982936282427882386292
58188125138569661625343689 3992531331112
13195647832815271161874722365996926127331425166 6694169243
851184439398446798476511375726893966 8168535376288739876747165238758377983559363934323297597963977837441565379277763865424
5993326717264442964657296133614177629867514745734444116568619847 281941613542161411956845283297654948
94226744475152317877 34338256511
81581555998935553354651354473245468727555618 19846764434366123242752942993725254439395897289662719858521778786253174699125827193174389527453321
179371597693715647889596224294669723449372958 86813499811434341814
3867175988336916245712385359553159963865357994631639747356676231644596913298652147726273 8536985617695855455135459233212951857138
44922622362145894778113657874828287571128383254 376874488424783314823413755
11382212694853662324347516662362 6831998588948943274767422795571498989
18495589945134673539325345935 999135578
68125256484379576234211283348264774513779524685955 175212
739616293336484658929466 664817646268811579177265948386585334964847955444738512619616518471377872928494419527615966559766
62667 25974765895994422922
8524132338832594758166827817149 2536359822446672811641632787141881461834533771943658597
211418165428329167182871775683545296477861 8967419263785771545162443567485423274
766851147336673633166555519144678916371635367481577574657933142416 712394315
4553585385853723421924478467467496357769999324816991616541123777779468587197719 325955
58615577134817972345784521649456553848193667 31345352984276756587822246338243393526395946653842582612793969596935498288
3238985563272918844694181589288155499 5875834628267391737784124186424711758957765962815828188851459758255277868135
86236 655191897711121729135149994
9548972871199717328723654516 775387388373314839837
73474224899562214118882597 9964291285275133222432773738188974881243141274385431393651638232331742679339661485535882831556679
28597481117191369822285987451926538294795523652933263564226575396313512189744454439629 387864649972657794227735852736352839
53565632719468995812992348382911689278945 874388243851397325265774347456424
1372419651655342191824491593 59152627838729955765996493764562476263669728975876718348876658826138484687327369978636599
58993 761252617733842987557937348372346713772377812699375563583828773952
8197956576618121388216118 1158341185731854248875263113948341475155323225858111645199219386724
324283153468 13169869586846261761946782297279697196283947562
5674959197846442594659555886136652618526159 926289156773593
41984843193951931416313232471845667989596988133936152994579194 17593638161317868239297148111559953628686549788643433735798439998
4524264187913722665773993286644367726719861434762845517914987474193168174829621659968 54973354397988
1536181373329224683287 564397855333891291597344482448625814789175332264925
8121676994338811638126433831263265321939454168982761491218163 15999734794344892975931654834188371459544617192586346424
1225785136499856184344931834696132697768789134664288421166222561857642439387483443662793764441441245 549376348839528395178958688261981444618646596872357347647328774125858178781222227962873534
415198525197529134879122967138365437642546393833614846617444527987646242742942552232217738336227545 91477868455124892533762661966457379723398325653583265437992536399557734865619786786595844311496
83279123112773979531413988275999883822733485112542243574324983348 276574494441435826281476226118
168977692499 1768245
32664117464634369 33288638271883662486891278234374184443421399938975
87893287276 323571355596767514857699529521898783653371574844966171361244685938188912772323576996567363149853
7915791935472385728415 854234882971454174159931123821963478958168755628252764
64474412387937439949287338944744625235985193839271683653671 525419336224496978192887179165952169223691918265662884396811784262497219493668523396421431
2247197754932586128363315243141183711968137 7557861731987297886523151492329
4486131288333717663261 77863819691297168764274897812876661327716459792369153994
8385882559788452768563869722775567119772556685878759769852282668975662339153979375469534218516126841 74131152571873334616748369799455434697662644732863387816841524568
1757977119592131759244414822616114442167971 1437838572294821753541
8929174887226718551567796197191242719611716254629156279867449616637 6479238375156126792236394174114
1212673643984681262 4465424844843647586442833866
153298897728695417719957758156698367532737916339317584721752879667978262621 11115186822197282447119139586435222291476698597552259497978798358896882662311122472
63684697871442467994927735915895615453446 89986259233893478915659986115
188761178172791875283865883266757856525536519671184535269228612754234477974133669141295179451438552 89445145464267488171744572542239949643469648414667564843823222733363794137923449
58146612222418495447952679638555686621611388729292287436366842288371481759467425398648719 96784928665293728162791165455463578727518742
5545625978617144122219722578434969635188645574991261 223623351497
785848369492858924181228328656737865698619965777577966436595157351911599541462117564 84532
91848813362267562561241576415154426236391921957412396313689169351748527751137638 58254183255929198237262715653238151263445677816289262529217594794347457938371618228695
5648785198572741913979115364194332823182429314674881841 57835576227357153359979418485276249826419417
593119689541248224554848737658136646334458437931121458157445129711722447221782185798147255151869 2722468551611365416884487471414548148313456529998547852626581839
42696258934213681939963898635638952161444546637979294874828868861523 454468897395382148793346217994625562621514875622628633123778
32672415249716674916257437395471982326141361429365911533623973995746946787729613 951667851633848558186253427822572427966751557945883
9357386286117454942885583114566497222727635463 29646916491956374663953213216482117644995334585131568299933619647972796888451533779842835541533319
79376869379926458128156574676592439398855844367683999981162 29935425327556379129749488373342
769533638416495261385923335281882521267237936463239767761656968936343272943175 258971364716986455221187164834464715231395695738432991884894916661717423798599565215477256
838548279825445166142487413587864484827799965676354441473655958257129264982253855725 87973826536321432744166834518155138835424254695328362117297
69637455124269754659364271731134178519757317543715323392173432634328496622819582389 3215599414251244599137686773668951383693584977238233465536
37389812527759845765486 3544279593596586816227867
4626149747963 18
4444782298733161738373678849448969248412555633923634469786473 116691542734138716877161695424288596224959473198371269612418796728511534191428
5912172124668542599841 89731193586295363278127488677251427759385
3438443782477998781613743612852624256564748235715834887532919761 6153493919854316628318
677 7573259
5755581 944165467224884426467129933317153536
47916988921275122664644217743819393322433823145792326 7797147163262968737338441346776827811918732686649689685255264398177886819959144911574296327
8973394239391853467126196849927417978953722541353314352788829795537971482293891739487242 5229871965387698621887759831542
4591712932691953556195326844612995689722156184798831214652329259155727128332734245 777544222664912451
378773823214338768167412689122127471171477884917241541267443144624472127614719373678414766295951 7598128743859526767878644774332497691857359
7767374366313948494668862349296116 52685218
12226729251713182723843826237413687167766752822592231986135266454945112562685466916635453373764299 22492626378118375248136219442234622763477597783717689768921
96558495395634643276384334987331477829689569268628 2788139146812218426536
5715 499658441125593947183973914828569739349841544411599562657188538171686848839545
819877178 456119279849121498484788314673149975
193388231841915484649732844775323491794233333912359789932 44231472361557172765
25456 59147477928929785788961735211988664515181397349794378726818568765386828546141776715594268766
437548976899674415 281365772963268186681995584247842846329719568162843874559148938571895447192839849271388919818837275
69341228111936944765231223689412921 78733465464994945222412196353915191733382579183125211142279416247656456963278374475811896
831277562992333525255244741446551659148 4261652339668456587418735624
817347719425348189727122816562992589757817617178788365582651589159227 32976183314684485672
284117 9473146419919173431292183632665631932589633586
415699183284922414 8893393646814489873389439229796266114887258377458492792824863621778899336619
82399929546798855919713142938623321362133897779557413212 9744462479543718443772229786169193445261824989275774869921699
29556193594151196332476644516661869 81783533983594621431238461856648578854875765222518714858716738366357394563319
771956131985377939483982382273719286 74785442296542148219446677454178864188694334743164977939479176
527511257171922933221865334634156982776175267859183387 57162224793853542718266851239439175449758681834343399223465518659442217899492
448343729954171961391547424679233227 8572233431369946464
6991475177174312449251 25533864477269253932895559488298358293396653242427357497956253732256715248
2756742711447349477987751237466967936499141172821965691917462699743174716199981377462981811712237 44637693826149253529161857895396
8349565166649146443493839616962892338682668948936661775339611668642771264565252842491482285472584 648679134861918914943492
55666971655619125727741763929265269185 8945897316541994251776446666215886233857
64894773657448239558648285677182414447696884349511644826593565923568629494 534154732944998162648447795537419653661
17199752615811563511155418692825344588931934966432719371264369785616298358463383167258 1896223714767821472198245199736628396841259229639732
89675363894417576176884391348421938287271128141698527849 39376717939843696647655954993158288726642726253799135483141
2411521662478281965819376791618717811 8987796613888625146522857458154279634895316663532337388487623998951347542622237913
1752729674894858351616729317498794484158 56565288341926321488465213641181557782372638221824898518467286189587739724812214684916823
264794188657884238317772743669 23752195148958565923319341978258463752292531379148481643588266113938579356681712756362834965
956495629 52323311961251653792569961243298139626756415639239545262723
15345322689694874 94821121898523227822746225916497275376879436958229424
431517125768447568143518666721529551327955461562775183528693128776 72169725438588361
3417373534855775787419959789359335796 2175439
283615776647749346974114766682674826748565156979246158872125736199624539233891929586549371895 43391991963139348468615647561852254414434846563224167
487681696887874219893912985556544943958816479333277157913848269295541948368917246559737429 82121743389922639826828592868536382152837838454117819433571117564121
77329343 64245575759242222783663275264129518457966687758165638542139463398843299854694413
6177958844725676874338589498315358912377368685779732641 4837686997961982984877139925885157864395918112657814127591866297599751457983257656934
8983511836648256586938884243116535826916673182242 8547681851325433389395964663331651817453676512918412936369454637524737465179514375946228
59685981828891585832929299486147765378817329134 5648237382529594371
9543193535587179771153496295211489 4462597695226787667523447563746146256157927897181228215737823636789182653133
542379247166852325714935153854188387232152526322 24222995675172273174973974377345
4592237481623981654661325129424968457799632326923329712168887626774477513589925713773188276131244 865793934685361497936465225287843172283839372253414827
98739369131483649829556989819166897998627142385574 62268513537421237458581323551561
16577845837857636743639528999945254877835132252513976263971778682322662466 6448354659735276227371465249479222796
54956939547413284135 267863458212556466123548524394552952473382589612736889436298482336677614539769133841
346 3393921348856348143331942357126492354662357492526888798578346731124974368473494948
4614199425536837667127867246219732562 472882612723569
44116845231488253 439687127793179555982484197774124734516757719596989693848664488956773411969116631733765281591213
2245845981 5155245453934912367916339193321
74938448879366245743311448173755913639122377 842989283594752879933981729746919847356247367644749279377639894
361731248295366482255836536519233879227845998529729761 65559166334143456267213331878
84842499442 9792827796388797785227419279226775357444999
132644652357727496391896455 246414884928424743548124389888449446456826376356215393
5236476549843434643995821 336644274162759714125177127424841277913196
6724854118939475265957898796452841373313547458359633923735544978323 8151799739879334448
651239856686889526541154283449899 42526476927137695628176873787614676195665572139882725661466715341817138518
14986538757167458 4187863516521661372827491636397873616647313692247523946266682442992425425728252816214572386252
443211864965589853886881773133285851754331448334829523795655995448152 15627317825778523515942816895831744612356662929239214283341925661
87373171475818186793452239559869968467683897218141832942658543481285752791249524518 7527829585477168473737943674927539515165651
287145318758957661581986286339833161212223858356612937491134588864325374271246 3668
7136546984513898564544463123372945126177165165836778614145985224918177927459218868586921351214572383 274335942133318181642292
48955698483138895551828921287541324123 125568599168643271744
1873344916952799723655334525962798992722179996964497596797942655877973764557869185595486261368878 866954636491272793666473216528431635295323178924337513881896521257891568891929564315
2367935442354487894361944565868887594251785513233967998928619571338917524831512918114 771388341638135199381
69521178359923363543 34131547479174845868345411643498179352595226373792274641279986251679797896872528477419154
241183598282613619659764918392531654699476394934661163128618142331377423 92189766883919593571788824271762888237194229634884968312831425378768496885292972564725
6622236866611113886728993361964 54434738641817796641581812699545558134
511817586993778887662617319561728718435315577688778896383345963738546726631414369117169155388 5742398526124269853722587
58499818668779665737644461167529387885393338344796892181757747718984115115945 3491644983135258433619611376511832822162225349268884925242445917
29126229616729528843 851685656
65592953791187218632324631137781412853926979621 5281629434574321594765558999576567693446928683446725687156766375184733891
69295629139639632147994556617228797281476386714 476995673343177611232893642129338653298886151346297856916558814393194163245972713163
981249587823197478552794917814259632273813751785346527838929321427484423315133795456 19896597873919173128311324756988875556377595825357454538632314248221761537373629825
6665675566982222531453685599275615553522791924153652554519466489127875865628536437871 3432
178555248424526888511348696768795113449767994598684157374279167371274524741922527768786445889 71515276729582516932411177483943448433162377361263699946691972228
68562 4337954624641453152762935149986434463357678
1125335523793985343915 29841395
74471446948787571886256983167411859942976168414831579485697 24176632343226967775919526449156721283192316756639119384777388848474375713693843412318
8456735955495276993 3377244479256286728421874821614674345365711962542531265716954283654882936859171493453
496652369479662197398314564151272514 282772954484177
45614166563335223641293286524792468118935485281567787756316473814 475886172631383891129
33565679241432284 219963981568593952526431452739633642565517774173811735833241247432926817183882124974
4391254128263366536224789151415566925794823712343563489338292179851142452229339446 8495142565218989321258848342667948522263346614674882653349321986237465637879257332884696
24996897378259272944689838354171447563142386226 94143934519324723983717571822344839291284616383798516914854511183359386342657
4354443524634858146329696968986781495325897728443191173742261218497459466461795115728437731 81365477878544373624449183169
8995359184188128331458467473675238275221443795529679825 67828462479888367548958636616576298378
4784229851578417317972512122118482373412 668919225494141925
752 84494521794412885456591998112539668512377254941488499145543513364485
7845391668589826175943393867258135881788877829934516744115 366499394177729589846229982324959675172584221333115349537435159679412896722171722741
331837862481784934588673156174764924129883741641827662957648974439179255944747271835865253 7128294664586362232
3 24668949799269385651678843274792522838236761496783925151848847624456592154
33629231 674194419672995884241871397963963311539671239311823619147146784393575193
11427133675727463349865345644454645736175391466547769626999487 1564
6518443768716389126156173188471181828564549737666752845896176682256488195 5757355717733553113667373693659644937314813697198781198487395485319414935
2 3133695551571635733473264143379472326699618455544841226647485
882773519383526 69555237313915469341319648145289627967167259765536
71869241723321622944865 25625814618997689865279261428928395245191784368621131383988625254
75141178871624196388633793866487853788916471135179798246522948436472944265 4415798219181645699567143736845793385
3155955963225 613119499352411624262418392326675246872119152117987
89218687293114738691218865842311468312388686545822968179714774595526665993635452473323983 342978545594447899955982743589625397888263544167543574912373592242
846541386371427722951855227756697633728881671133667799438589212184971594832332452644298 1614597584523231128127361141899792468498573416321419
451136459588117874161922884994999429432872152129656746143747544723 3814561191698541978442534525429832754556856648923726
593512274249396915331161393268636972855175846472365428922 249276516745178528438689942163274433118247685225
662228283257675395167271383266325254373 9365891286355198721471113616457635147254661495927772592835927536111195
8345141596448628 7935194668455778537769642824326542579668547881488714782218485993586327559462835911143438141673133387
676487152281586966146418146453533152134298198611775581782788768128564332977 13398493269146847933966776567353613685483121424621167297426283475213667413
96533927235388711334431 21835513885926678892466389243556311671937611511314827581745689446385655714163628333474
7284684337927979328667433554585362585135765236139295227128466722346947698438157666 7846696227457772587651992827196946169324645814766398331742193
57898768375966823695373218354396222236183256832679586864545389 96594721962927181415114878852648878124643618455377967144111791885151118
25344922115731754348458946538525335988722379569585797825918942598462733958622441291567 4873114535884142888812595661655994216235455859881166428433933553821635646865617918537794384831996781
54877878618682268213852149873519583962289925938149183992654541851213319173536667 158254264971484886843357525432791697571
24421636149588534661324239485812915829573673573958467794844158585133656899131 84519
553898123796699947943116237417371226749538581974361774532385255441925631325366778272894867 213425768574567889255244364862263245597373659345171764882465496395
55533694744543412645761278815929457993899158689579853463 1655244834476
671311335399958793797551155551438552144359463428291817728919 58383186161
497799664 7482234956115196565131878458449149
5829412773861121176834672758517522331811432835352191479413 577825792422873937286366562876833733695373341998
929222448614787511252462719173769 79593485681794126154925814
8684966826421424914562228834675256 717241178237455842614671372334493923485793281
318213 4437341727193293188388264221483814419246941
52598614995196546225535467562266253149792693834911842228 1556252487843138561984798189867646239
789446312954138418659823449148175 655719482942158332621174112812243452914849857
338426613233924426532711813166361125774878216475312787119745598836812592 662251354191591889494587161822
976946593258521395856235395997187418867737236393595973126417 73581246543318199639
3361 6879262686851792643473413363899
5651272441575177658465988791552991381635823484515237953157737812713 729143428461517133493128516317646965
37915486374643511678348294654396375898862453922448916437473557744386683 5714123926837283129822656511229212518431
126577798332513719275485866399337519279675844733476983 257213587949974443652989264544724728132115614
81462712287159886723294141721122377512552751647375372349845939379681426261 88897596746996885367295264182181447774683834969159145497
97281139855843346594121726313834436549954926561291 472149416225866286532861243442558396484126
6525638986872675797151274519467 48833334589114375314657363792672199745656732868744299483474725445695972131983473
2691848147237834935599 532341789744433288894914842992873267185575812572868133627623978198761796542318472
13668711899273243816746296646448373682624885955491323 4728291332651311622472516924818769938629446913271753867622838214329215442365816
67234681571924369447812384439976441788817995798212155754 7
46363 976788831422177823994269248916744459876453823125131553416894155949922289494524823797552157
1653157136124 438165657876267135
71667797919317752 63843571377437225825727746347545825554662395499824448447229973282667818449848299673134463392645413
63587283861173853 666869938245887518935984292134516213942929547531578677372743196386514559835963685944635417548592
576518146924324726884339817319282147598363716472153632458377274431881977584657379211439777 1845465832744797824932354819936763124
37357571823457367265612394688567952616274226113 44426596191481559542752283817494792927
438353119329586643456649912156346452646423598227555963475 33427894422542658424246517256337183699763786178126297437
6933284284226771859241552413254633676275832832177816359 183389452255637454831921592231827725928891236956197255943457515
89788676 59792118478185111461669637894191513332198431584848852568398388282126167667194
6857185481549892438128949473534482885667973468381633121355382187962751255693693292971811647 56153
12225424945146614515127213499897326416186328491711689318 2166
3185375944684555381257987553223328546791832348665735658238197791252793678942557673924461468181169319 3215919636732448512479737267483543
48454248321116967928547559669427892643189253126658494782861129274176 484482947341263516231564776537125791292568142269227372949284258559488616187822665273577942629
332136141998575274644697861869251624583355141188783211454263447138812917394823585713648921453 761993582282639449627689541389889363577939584917138839961417548
9555536117898383818686415229166727378393113826411931765473252927846428 7235515735133329592727179529757835587844857293538
196686291531591452557967656867414915783 18711936478131121733131262112388154794589841799272152514865649532747266527111891
922287573617294185172613216958777699575857229262388787733911697852157718726968 6951276883935843657491698749256841585289693122441859663497453367681878599533
47868341557826771913628118 49974887185719848591363672513955412414923543683741457342744171378173664398698225646358931859676767
792 15441873153373255325366792179645227341477182791713142711266635787682754
341238225924437213343725285624624254 4492188
8711313652147587998762289116996447719844827917933658629739829 5878516747494268153515744613252115688245172172945455979984433536421818492345888541966259126758364
6559345758871471227292636456 67214484524413896181819879793492372842414672576994855126243
3896758655746994635936982132314734448838617169273518913619 26491365987194862261122141774476629688796625913224389983624371487797699968412941585464
9596345588524797538786892 54981849211339387395492732253687317887433639471355586635331581629689731798268961732425563
678825737681156684286787137636861368462922253583528746546522329941188149319 43191627725718354336867682282594899391967863478761296
796358192859727456928136156569827441969112293127954647423613733869788434296 6863366791721413464236987516358917828494467789336911592648662127552258718326357377474385355452
5112524224892398668536699546464561198733 14988179131643727184731248994854196679977
6515868454742683972826176333 87336783881186895117742592714545878421414152562877982147291156132337498844765864457559351514191
56366199647426591655363599724265122781859137431275471395851862435598745125714944873626295872 41445643572586513492163239919972293919682651383854912653264
4191459267256232489365239221993669142316844244176544232854859312165814186758788654426571643665 813246795653894378739137774291917934346541
7327517454894378131823256247641322196624614292989541955151624583376882256634541585746 551922613179
298618625 427318179283292663378986917921768968916734141616574351676623897591811334696857738372497247949
338 6295423391629668174719697487178445484365
34324552145511547182695268464191 1846321427295684286529129873713894184825357135951669974223278536554591124
7616557984751628747393341 421939758437178374122673895287917897499745
61293373465453477462662485228181991371648951116672855929599457231545194187892799949698585272 6228488259267734498654
69232255979942823958225672262829518592 35158576682516254635474692
85665346573776364375866135879827 79639968832737845124659698587614734885397792895444713294359248881916988
713184655342984829224846444921485546293288158858731597373578147 344119662223377979212739329336538649431153993528135243297915623656264473768715637314584754331257
635895628198776299372455671665854362673139426676491884699969668297684251348768318 342874852282956751274859615358148791177721335732331829581869541418584345767995191517922
5163599915931817479996618825348 592784159556144833816674546744613668
3224271286692724828239394764376 3455894479618172215354
6 2349365558396162396661287335597748185676171984691579916715338945789719336883859983747366413492673
31692569543472 7
5744494315982881293961619421295372641821125562628 977
35846697743297968685663287197512747948751994568937241591948195975248928622394347636444769 52683252951961872522652669549835896563541742414798236
8589797768784153149924535517189723574284185547169447567956452334914627798452453571418145265397 7571426229781151974316931854366221771353
462168529617174633676283874685731212626411876288357178934193861986274615997932 6254127432796659851663276416124756455554634129232526336754384185849821323114121864693248
727889916296566 328292121283457423121
76599922122 67878562874776893319919259681637276466356175515679471
3256541864362959871346 66781989616151378
15912119633273224145162725389163464439253525931938632424684141217895947137317174922449273995623731 53892818928113523287357445352841813327771872631871418
1126512561162597643411774546896945955168861739581699741787923392936958347114244846488542491 39859671786343563121428163523537464476429944846197579362321573
67926683874711556831677194441955761368296196691792737497 2646438647654
428395542687552 749758243659713292112351172755939277582327724485877436481
262611165869213838759836 12555152783844697391753848835881726139788991225855811833135917714292955425564141
584229888391669677463917127431889441665635758875412133361441876913238 7254165897961967282225457456931581217348191232614854318666167147231712135981439664556798
59729837168677228161241351793741571229229464924651347956 859846454362549533768124786364562553322124313144341449441775995455
8364999946736515 551384431291668619447383834861696991462717962935986
11235378939984397864818649313517855545518415867536913865241589387 551892812171173551439484584459286
3879313661456594596754 4528911254
85848216431 39588763775553421839754126419776219776895674153519
272964627269246 6257964197418726992726392321718612992587734288425751712368776827768848478489498541
478825952911244123631391 73581185675691421693863266998448129626138466232971
51859593674118118934818866132548469 5138336247189922635931114662749314947199499533798517232877817462685752782762152534462146194295781492
337 4398858662
9684261793946668439897674833848213661583798948416352448188937566414 955928449537255373545496469137481
157374926723813664372842914299531856889736836811562544 2569868642617682
29115196694789132 5439227416995675125154662826857653324336581
347217972216961441663932389786662268392868956527837783251258455718982523 279577822385642848747536455353384
4117311895951221981729289967985326374581118243168124993363984921196844391318662724 424318198389654861732866428237
1689246489291763412553173294868965718117671337849199335376415677237931291686338561476 7366449769248812759281748346622312956566435425436829276714927594963489171923
14114449275521646654437415661273119581451 5263616388462826563675147416871798194632599645914616646183969524411538417724131
783728319952516285519528472786934136255658564585426755 424488815741888574462498834468186373952395624125779611334369411969185689244718171321428784
15821395856499315729722255296935959744337689 28197454128548537321375183457986699596628262465791245627634885393143824585994267643577877128224
9464369576239227934 46326562342831968613412741693794879948714187686488992548343977771137189298654838361679599136797
51369156 5497592938786759536134874652166781911776459727676687269158316573161595587498726216276923358638
1788858 3938335
326359625344161344639157634946898371436816497646272969738 24
5942516413823633371766941288492111563145232749237485932272445991176 54743824135233538872592283834854656812199423964
113182339736946352865783394873359343382638859992 356461126343555299238172957945263662148797858661668186254757213394729985376893424493441
63811194967787699391421325219193778737534696152696119331929255431955113853 5392836879432314893185
27383127795577671526458334473396322957574225693843134245895457331755561323337714184938 68465511939777666271182965786143239997875252196825857998163186393939889483661447439
2575981 61214567219646873464
626977615 4824812823995526367622238673142636556236748577896743758654641382714427272
453257946747869947314674274235554935 7755656137769462
735248411525553291347427255881146341999273653899151385842689248 252423753773628584417552273385475337355624
769173325151922957597648144976985949384476578147953497437417248963 12774542413122286763384687916979715413616868626786394732291525128794928439
754326582 67496651
734842468548298496485538158514549756549218272841345442822678227638769372289428273127952713 5469878972195896333445249323112938539723883296919311948
2392145 825261919855367147856774426188845654855842982137674384827
136767243614424369 6122775
1835687715652572695988795876618666613134939519664 469757432352977449227144981218294348475
66415237796587351536889872331791661988164 54751873511495184978149471789
15775161127962785951618737266581959791852992275411278781653356473 37225356669652852561725535126742313173814271277492122779345396511439246282813261247739148614362122
622467747517226947 495392885987116748296565285898253274382163811987645119577145987486611733498437618191997259487237
748125497927136521623359526579992635551643144818428457283626346768 952979745784398149781118684713735553777259227434613
1338996352578945631 3812644554192628541699681464852524675261761731853426864363198394386416539255917644831245686336281737
124373175967193566173611223692288357733756495182779583464611681738277445287 1784887843761
417799649484476299266599959834735 897622167981192641538
333916744348698377731752479123169422128381 56
4947352769961423569793 1825546674311924974844685459633162738196864912881627887993595281546845911889759785726539937
926959283171716853852982 987584498494742418676584598532222693749586294341594693363854461
278579969779279 785472145261211124394
77669686717765758137332275484372121251593849911555317226147923116174653396699549926694362679675226 575988255557274875751774784658519754829943422476676216419811297224262863
7838889245 215294748386562235328316427621198734933145147256857362265397485396111591892529654781856415
619434262487268727289847599689446279163385334143789618579752862233255236431825 22226
34327545736347778286132633777918575288264757672282375454364554978389822669949631227 5758561686623728973618349191642397293194495642796756349988
14256792818876846396614381148496184264184856942168654314964128637236433429637 1
77167132798247834326911538189218326135955758633177785326621494471842217154734731353922776 47464132952
7958783665269948282719873912477996825539179949868587633799469274548137626835 755196141994855526666237787
9186935865993139581767874936622122554927176234371248 217575265848557689993371276327828512256491823524749792354913792652791877897358692465318873674
3236649378681552364125742669821656164484296248537832889986486238583975576635781231228626 9945814197529634161287456
767351 47693248221878886139756113766688148797765697293934523197955538
1367586143777891428867334461556863632769441225288984827 82854241493256
4297724395595687586584328955673 42587757374678285862619519153136145935948221812797527141131514797368557249
1598396452461196638238488273566785132564736985699555431559543156286368343228612369438585 57515
38278127233663451452269819876963279477987299399795888672163837593726989199537584437133694416656 443295681939149988518813738493377668283952569137136638351931
348846145767116836432822494825184771651926711134545499922789412521938 77748161522429988116643785127385321786349456556998
46277882441184348757798638269619461591443286554529468648172273 83871693282881792865113239351849612425985113612262537874234
31843196768813484435487493589831919215995299511452276 94955734863493742557234881367843
1451858183373393513144358344 28663222972224271236431983853712625558759717633142463785491
498862689994168523985571359628882729219995655432617662237419273 97174379255248596369
698626571166564266955243899817645956483431789289818411 7599241322683661758778284472518641672921755538829919745883783989352517419439828226614557351524684
47758363194893989269645848575587866837291386487314131129225614541889 6286226387925723822142556463176987226184952125935592787568712587743421689895142412561212
33925689356962281718535553864869664959315749623238456124815276277634276222154838 27955654591657418752428756232264
28869598383271562543219114328851761199756255693281343868 726968653346252347721229736648899145921747733848189243879766653959732426517559961538123836447278
9259953426266895137286524 514588162223376559653991528695631166824349171874217564453385434845728392319248375642738665265815
59258158814253588172687158812364972596919158639663295643923693395 9471542932951721899564282328615557966531199579239789336731994333765469249282867431723441432
66618535731488263921992158374874447956932985 874271162348972552657978373965992825597532
83817226153476795484214935524354398186 3613662317776662594366114446425766634943652871672374633589389919827257354869155
