53
92837246282556984348237473254927541735798821236361446779219398512381324655 23438496899192275385111746424997452556981281256232457
746237121152717698383934768353528869149538885584713696983438995 758
5331238392677177146313494978759743534 382698536943262
6526669955867158499851293512973244582932769944274147434485755362287745839514758414276754931863787812 975734581256
834458668516119141319419276767138172862185524856136229633118956949183224538 1826292834636973721841938844286613
3691161521543146656955776397746639121718857368437742873454559775839183468232718432437468128576364 537512887
915291728873687325928575425658152783953273874397984847246558241126763556863248392138999233 95429339248623288
987598631436772833934347994316782186995869878222756296273785957364784723377157666 6875279351693895881229729473927598538533785
655622467446622735548244432384565513516583879281483292424693 7517285359541328199843177731448729765865643239517574165365798725
246188392895873219169363952132679288375747868782393412333261861261991514 188581368922794145935285193478391981
284837121351489938 338454114649642441181833885999977614849938641963181669697935685611568369432632982373434421562
8383669184823349521397368572 2215587562282356737674658929736575963615651559913456712248248149224624819485388866399674457537
15556928969259138325153784391429758632392266739818293964745497488236553542791287454979775912676 7716567739961827171975496869511453847839651455
8995861158783884762737423399884823998733393337466873343678388463563635679765845332913243393485431839 45592519761599862747641613667345826139435561567395859841572636141776686
376439424191927314824733519894674493699136428915521512564645756634221293435 568124
547989 93535431487855876354886671794688414868927682546575855
9928847884715943989443349825114237262274743682731432813813113623944661921427233531335972833 5363646531228871211778256498
1748596174846498728397214954382363698717897615 952116879667866525432913772644324127828554428643488688433586255759332141
8681 7633714645611767
48 1914628215682
9269755135283332446671765162447963998991 375741567673554678398387657192713182676457181853258293834499565131443645729175285637
38552369516141768 8864823854625561958532416447582794443312
7995279588845946933937716793561656 69461676852712354442481634979293779447971
3483725852363586268742328743529 23689825
473481429968294 91641735261246979241423279613197997312222
1679843466288398943258497668444238939597949968464581 4391862995262294991789887315957811882639283225655
8146186632876882911614798277584422936853853916993184622 7819518641497556551153985474185725562683324466831493582722867
518624489578459613554127265191442493566731662739559455135514696996 7576858375134461246269394962978878931929282937495564715754691541498
6354222168222898961864893333142 24999425284246842219481244459255988
6575481188969737587675895246537941269516718362944464325 64
449668787796368547444393455778 9517272165374165251655823551443354139382116991258353798678477
8 41663565517212321162486852816561822359348771116347882214323927249354477191385955348
1433454565119251715872693934939389752315851164158196247 821572425824125831446519535275
812374285992283876251 285922962971346316958895416697475673517298897149585352312311
3464844523162574559955197735689283844236269252787487211164595175861628485658312991132513311541428 872153194194793142754998
45594667344352111592537325796428281239432838548976735617289465165322698565635392352 5198399416754
5365987633655379631852315271586779267775493312414841272856793982492826267791623 47236671723621115
92463423932858319966544396834377991164539267587669948921696928856684919519559122645826 3849933388932678628953935165693993376724888297681
9246664786558327546672873761371783846475925512486841181672731291253379544 2914179254291431294186624184136217936976586712694169973586799996353555472377
29939987673978815727936776441419938289925638867497687953417718617224137848559887644577159545 4442857715449586
294174226731915312131892398381178143264329695597437663392629426218687736992747648388166461488669 89689574789349846435597924524488975267484299164646337271936515569698529999
4393668846823379738347355546164328756437147742642229699566318238647642425527958685476329 4658756976161889792976498895263748419543416389185291543228529951365761182489429545928486
15746214698751966244539866964212263368244754483855 91823769534684117447768878193923837474163
632794849361463846339848946263935173219741724884949519246934 18797414371979
6115157748572488912778569214277471429442926328576332664521948376854654268 8348864661278338822132722824375492895736786819147998854227
978841367965838473154691329116285815663672389563519185814843684215145 722763433429245997457784316
132177252786626545779948533676218 1695288667
83437545163535261 7857362921775135118619441574588975384536412594691756356758379235235146479437574672218
8213394396498145551533558158748842641374 965712885175595433665463365169341732
52555925285218295814913922325173425149338833338683234743596724485122757358747988 2716765197681918922982254468661983553733229938528923425386499481284833911441127786951167
91421314598277269435266784628694676295514658934836416 876945172851794844336852559923523582292215433572
252595788962225431438684996129421983425998339119214366178592469433913734469928612518846742248755615 664835155639337693254428952778359666558361224
867898538947231232 139834612
