835
37429736451981214152235131189171474 7528418931464757292466149816174631323882142473211725624762425919382774665157739891351782539486291
626761143212188199493894422856475655322418123118433152493685247761937362696122231294881234322 6827541311312118792254349653127751343565739
4783346812757272615982137579874816124648958956232943367653581131329879619593528883323964659618 945254348624281192996
529742466825669152222474 8946385
7599929 6344763156287182888346488871242762867621244285189639946382886517143173168498455719341367
84561388139769592514334411632585113468981993532875288855595 53848676886597
4919366811189115135583628983581821881658772328695494241833271 7127588454725839448876432445112662398766533
18855978147933628986778718833888183573792594745693549269974943163887434825477939172985268348 5953811514732154862279791974285712364228737469772745429
23143712777814113563772448724161712822399739319962582137371648835882195843483427671576 263473464329965
9611148 994532644269547549989478512388
1544311999688572784792971339849961 53796173996456955817941881927721634662576133344458322481275461184816734468119554897
3391722397736259989697495895589215685775539918299515711132865387948546114267817443 71563886596763582751893135735634359218556465638854113267288532487167765967
44652439958987333182938873961493469628 671633828714951382636251
29742155964356379343213876993765232691114135 9896292556473258934952772324341858929151585494918793862533629
85593386942478724534654854737763423391279917479417383938778595939949934733311353545 5721494611541787472591328612773225891
4112899 54584885152153154435515187699
8189799182969913159161324174691524234865492219763974198155958138721326317 959874146669991776216886583737437762428339
14452897 778463268669728724542558754468521
4273784485625337186718319712889633271252389533297463139814512982843944214961 8331941985944
638846662935159158423389 97244251947597668778346171676483793836243445223668967471745418189875931
68363998457353923388989788324794723651541432459346868867567677939178248231986843614763628 844279958897715447141382947193973339291811326877335219196225654945167252624349916898
993659415111878721841525633978755174141353575169112254983684385431731385575 424869268342396142767998126995429893
2283343969417171732127727957 7662951227823263918758897191436597369243972873988483191154152853387943192944441
4251811717425499774562448911536882811358621283553894583822769312895814734344333494 4788397287441738111466875536736478859345168434111347112721534274959587819283396633294
76165325824787721126342716172914 3142484934468699861662
69283275435121646911548478 9876686254298175654225899638821834585694715386679522673397347177135632198725593811513
138327967993179423963692721681768774743 25823367692629
8233678 1871759551866923735589423311529373863736718824591715415558867683
42182115619672379966234775936975535377 237949432873812539479224956576191
3789657144527133735 2187531175178934469346598661
7345976252355432464823917693334421828361455727261212145668932 99535126372654565216624442593336639968763692223
4984347398746128674149895877531272448188871517957959142577398948 9837515432225152739144916728811192816987375416682785247773532835717258148753756334321337237351498226
197939928879218954686877587825179237265976824794486983279186492548788277262327375139123 398182356
7866673744389399689224454886319194964544799628714592632921222 6311736345364657864833
799 291744956971474184334413573461456148127918157377983835338599316174227755771446856423
27964641412392188912825366341637494274183671 4138633
29377116527989473823754298541895413178447138199572823427282199676798997 773183354286
9632845865954479769275994846148639987632536655756972198152687482294742949668584739564252465894 566177447228362328812918375536515244343
849786232483139174621115341884723782541761919348718284786539761448314257499 378924332234128991489483766875336933745246352461354685212
28442787654777728728795587698188889267516477442285596258653273262168862927558931 33923897275826856253133
74936655646896621926159351714898586564958416469931965786576157768821 46348334231739851398693276358817258441175211593322617313338967795688373287381262842349742699
514825915394319525823837999386445766449911777151869655934989185376371858742725648135535341 8464341355783867171385398491593718755958477491837
45314941164782772822219 9568869483767745936991585777995521586676662675291758482819928263157959697669376714
5683178894824319638719132913159592868639619912 25426165796486961
53442734156129713 291949696852752863342519397236244916127537527331948827829793894924438599433792527866518699425
439357727219749176532568325625784821 854868619348228874789346791271789237763563435745126137236739619211486569952765535133599963965
77577863672861232791323295361158 7369743434927524839554
191757196163966144314675469779488136839973978892679266171371525697873454937897371851998188 86711155365552712123369842836224896344
46146144213759436936112893731966526899618992599281265233156269724593498839531592838854952979 253195394275358446216
64244383969823262316261315457743362528618266638577244535888998813819774998 3969
3619575698893649132191848599127687719312391425324741873449419835199 7536731679113342792839762454213
45548711685835275514778 42631194796129662422269436852868525356526595193345935276866814172124718
19257113765125983753576147764478692527621453757734 7954677118935237315595635782987232622427415899112567488443856742652491
767187188916739 6894929167457411
189755513228949985346994576468329925538294188216374167927667 73657352654798599796512654171862787254569481952984287858277448532931744322
397264281119654368991892386867148576291561835749393417958456234544873414272464 63163713
383982435218448696517673144439885316959 54984678582736123348285622711988627283699265292424748679187245878899397
3533824911463451166134325219834536518145551757566817837511284646714221 13221644146483869379724627988175854312328147345193857445218419295152663
1765943325448496138676966628324712116543935892958379892323696191882842276627828697513729157 21599984393645459857135215484296329714435138868513866959126
627512122347584378799699642193161389415264993123262432816937689638234479347832 49692394497849532631213973911154139633355713853817787457321
63543922916294355639613786469638883582667979667753138 94521386289425856726384489323966247871
74359683266432649845429438816837253179964392295129318595557551972879642937352156 312773852691696428617747187576277132181113159754721812746817443183297151662336636522153
3272683 754436145137124971195689754677724597885247977297763282149689922485547773849744928332194627546441
76655838558114763978982789644562914164974866546668423386316735524521694192473732847758633611835285 15572476
63244161787231417375617734834232275826434754567877297273815917 322776473374522331922647577954298865444774
68144469292236913517182458818326554429143 655297226865165796317987475316143757398597525724794199243168446976634315161642
457731851798813943368879754848692195374867386 23969449666954298442572888856877633538584256361512558865827773748519826445516287167915
5756674571 8922116831844491495799459656947146324
9742732296846745963 14639887479858426548512217371769731592844991245527324746965786525982734874131
9278641397946835397952987214587174296314816117439479349519114188234461455583697661596246264 672819691695643357429497369746994133295256147923538977933386
762121 443117433622254369241582617936861659182695337834313827285287644468311272
54167152465158495279699734235245761928854123154233 68367766411322373794334541527299761431739984722854546881872291428436961811962769
351158156824128554913484356699855157689245635945776744358892642796964352452168 921795282475918753243363226126777189251
4892281693155128559212682372168399265737857983274989898761495162525618488666474584468475157326644 278329341499472387585169355334138766666532535796224396282369591584349
8674549473824191137316146648282681529211921611292995987563677167738317525841 363461388436756844968999753812174491782492194311946787548115162574831921223436365397396
23744483682534645551915639727797258926443972813631233542164273742699215174452882636 38568592239176353952465777155281
743675698752128329663158952514219938783773376125428699297838992954744475438649382357635 1359578174646752992225236719724497465562432362537431561374755747249629725741175843211
15643237394548719697951856344418717791514966311617664543433291637936145533469174168792472 41269493342372861816869985612
5783113424272445432146269746669244987218527944 81491411613326136317681534881245555928973389523932654746495333346721676793133586297261682336
971675437119666278634155852973164928258119136349699386589848255987 2256175573
92166873877722145232155732914965416942515118415664938822184895151 9826175458435161783423434822156573895634584477792636277259956234359789227
8524315691215459648978399389341554472475872899346398724213898771355956 9444555375
517854172574768366316937967741 5291386612767539129324415248262345169718936236685423912297261
79734935438972915446971921425548163134578571733447532464192624843 2378567738662945381
875153722313847732535157454914968625246314442789262985645772897349557936885146398169649182471 797968899929524962999965258525291268899221779161882373517289874663367539747476829158181339114894
2986712651729717749259598384539747687154373846976589256526281416934613292158695699919144 33412971212493895618733357955413482916785787847654864479157795573835264274646835198659
833672859836361 96652395538155587442323367238861792952635856189337543785575613798887112669652228126162766
2325242777197248944 9483435969945353786755463494666868634348565639888928827813599211713263672
5747463283138324886848551133742644474326165991149361412488435 238648593847192
48433917342568815532622559891762 2559682854952755461182611525871462557878743384942244871992915342195161374
959361395268463471574361244723662755399274413312961948423438629966388295583424532575142856932224486 74383384568812915956756552886346842635334544588643347672768774597297993719962536885135
449596139973951169942278835773517318841464389892489996255366133337119216 162269596924386321897126825583792575339953352763272464452296414876
2957389455335229712618573964921256568279352436724351379628962756849119536268379887368489752 371872328642529325
134591954996533 6495449526244526344787526776654551257289941189578564517515491989441197687
73493443813557395241321155526378178719993296194898819993 15597322631294342357172
6187847479655746255462417 27755726125455274622647961966
24832184713569 943615134729965436233815866186333561688925171748717249466877534126946655491796924
217154292617682224141222969773579688724913341795688254228425671782744889783719497 193484753451556557267261537791694365737346319789582451528217116926793948953779315516
63542237693819339847962894576332612413471864259636598139495851 62
186964994657428537931869461742389855424773659185819278364729251256692496371651 89493366865975815593714374721
855415516988351596191744663513932633654812774277324 59922957599782534346314898827946383182552667986689856856277232434382
51927278357899959628983972146348169255638737517226146382145765693647659489787432335694544239931 9339115239978796265599923155674929457142314227235144722917543399969673323459145454834622475
43496272412797669912167935878782771163285584125327334612647315168391574859361635213748962278 75342231946981553818922645224238851719862773154884679973743
357454461384297293125 467139771338927638927189554673581936469663877284823557415757818573358328995871243
3449457355624843458659752482782857116587221942975888438967569621 6384612144199414799268846
822131992388765723362871372969278642628767158913553666288395467495329493418818558867636 4756599143487993466898916642113151229325
9483179276571775591356253 23315142527492654833493887126326658361762219742586336751598319835984562
7751859972349965442548943924838379368591472931183937 73617977437126636249617195121785479752532
136246851621615345365719157699339334886731581 2731653149949956643378672124267444131485679
72888199932619727161662932 84892456492499314314793963799
65157379576424888844863332461272 7876589116728369129368116629113981157595415569567977364855892944858936924789159188168474882995121
9348657149468733245566381178 388855111615263694564584354589524479433977
42686659139546363849 493348593167283519838299265475384582476284228293728689759384564352822784557432649
111562424257758818245172566239121981935459334859721847358598388829153 18914344242688641626522318128563471133953683839963446938177621251254727137358442651486448636841586
37265797456923739561958612754283725686543215182337317927969365825493774883359562611297117361 66758366127343962567942882236887479548585419239395148356384776494
7931749562914245269 691437278575717111932513429675323
81593791969876717 9168376511831273187666527173792232656917331242323993562195453164983593444698965
4216446783617535793588 3685798447682312662868751428621364753
371497563812292392374425918685513836478287979 4851565954691496382842432666354983159328283316424823431253775845173131248325616199282
711728829847656879617688975336568635518117514654312542953829719397493 2498123427324794883427175693674
4128685528447177272312178852321189194897982372789162542169113869198277 214762723238867851977947557643559674387747315222852217151
27254188435665689327457429452444334189868735173826145128975773816689754794744674943551 227163576843999395564231873392628189748824914621817683641696
346967519639974111172642578735542489392 3
3929237226484554492124814 886187887142917125953677996729443697286437
214553579619293152123119796361481255239841987269442986244372465654577727154739869729797989 872991691151624693598239658145742136794589212612129599123458549766574137159963169647129762386198
37544673364735268793148214453537713828351683698944343855143547822648588936631538959339488 165
936346837235431336547921485265132 1923389847674
266532118329817636411316183282978837576285568454922942381634268978843 48994741315168169368653735
184179141439792426938125556523273772413499359287289773376829684854111517656896678525442458454 588799434169717467166187718
683171552621512732 322224698271954275748533177733914231391
5632255572983589829426775164474648624235478817671418299664644439741571 364583374788413979782
15748688428357722476723971895721481228179996 6481273469862812261929777765245576959414711411832264384318937185149519895476155215571653
69537 18595786412178795228982737191143228695633328674275277851226269697721
5763194979523972798692489635612355851896485 16449131352656384233251699788498183244792883342958932936287586449149
1626217362825646623482131237224761548477191231422693545815277452438744223158983819368344236589543598 728173474618
3584644252424818191771 499689232561279641159191539679878892128931628243684614452
382649261183147958217224389867451594418323669154473661519633452725 886533244415283415926262372583562561785171691286553476129848486789517738334332494664195641
679762399242882475384128634131737234879359678253416372967371246277728146938439496664622 6524326665663932465342487233433
38292756164641423734872797597855254826915584729789697364544668465823938 943628212296322563813982255539952625572529719847338798478532125775412347443476964724
89783762387232737392487938123538 78236437475296652784946488125378679854946384747391766
483 439457667716418191383365882897856864497295731551495651674168971231311488374938438273514452197967584
9389173945582228619916168152494539181937966254428541956924848526625738811854619983488434 448913717498199823386371
15732224772 383322219187759377
7 3966773352595144135636654874269247892969775334566281488259987668811953142929428937136958
7377189182189466724171654 5625282778156
339141646177923472936868297372382291924563184239 15687837667953573343581748715769779435434612142267756416463266529217616944982558983623899996
26945465733777354849671352219183184721439522538183928288789351945187266278485422832373966123163973 38641255764183633965
342647796741919247221783229236684471157659347258269494677462928272336264671999461197337388818441136 86967398844738246943729968588625318865322123994386717732698123857937
33566975429173946926689922491516669398563235464691 1971272933889155354526938182445232894751287667523836899441494443682
271732471926533333972217292123882591919297857298267993557493474326155359158528891958 66863884368945114671511832437183998253129243331
97728529 26498434541177979661379691463749124788459
3381122427678273865924487828862554336624 485661923656649175
141765844164579465721438857329421216923183799891888224478743419936436644257265 658345562945141553723659388641377947572264929518597121853995671169279678745
557389525195732316592 198757614982389683761531224711421161179297329337681951
8449219372752718499799643822532 15617164774138435898337154986364953488193
494534648417855179326 274146622889934862
9437312317178163515658311765933376126522631359939732996742147358626273861261639 767261169596736425641876763368687589884924498736
825654152 6785175561693193842537871477153197612271338976775342143279791829695151931
919261694238357794249763675963 96315937523924495233633388118637425638498689157374151552295371366
23716922239454846416998537563725296325456637868257554854 88287553755124924774382294527763847564616495484114698994141682869
62165528747696462299161235436726623463629984898238326662337873678974338672849761825299994312 936132231711738846511411619651114887392577714421285451944536
813693997978544521331364973677266873362212676962 64569389167494377954397292911129564713763725854714644949752161234864161513459511535491
72228754379498652736837738328939993576685891515186729589861621524745625643683 6284255318983476375846393484617464879557958683
2928261117584879968893554734778977641595117137112 77937148466699745879616732141361957926411533
27741136233266419837186217698629554717953281135391152666914159423555111664935612538187381493 4
8294698785498499156541462143469691439269174668521399945739831792 6526293928593224483711774975553139588138745328429888687851982619838
958385179575925467633188423591539826412175743585 83513883627345721
129247869336758195855276445 1278473686548955792553
7294388245368914578873645561544681864813296714418279798335814816127854748867341853259859213232 9132125947346591346128559832937937195743438942462194278519665935281847
43425997521344424942489597596885 5586393254616317521812178289435964724
3854669621379753276375628168165791146123262221797542929246168814948971192443693817 4941347817511425787345671167854529419688139315269184934382217
98482629388149649877964957673963868515718366915946312355788699226153154225941229 62597355921613832183575916336632215778242375465815
8988954875316681471529645488428166743614371843 4677495942458832424974135165189626723
395136722511688799881553679357684132553164467143333915143439226648974151172953972 44437337997117854786793966621696
89443535717254384414486 55947566695
124436988985878332157416534591688452363632 358398264
62592 5441
4167731758246518391295159947483614654375146661785248256696998126 24414
385132851327 33478534886
1839791815762344663671368712 7317365872134832233494
9858741963565 7795851774499815728872844561688516646916442293658386732
9662575452294944218939958 1329188349899525392
8 27467619431319841255
787957275748941883919618298831659313676382814914297187723494514239262 31496846133664325743988367367298
35997491454773543368878437212211275316288666 2352363384431576126452314496966158166819372332249693148827483391986869696717753128259921793632336283
414588655284249 5943622433575926543131942292
864638285987237238665559514585265462377416415239192812 767752697198612342132546987372855276468413221641419478931566952557671561365993955957595652744429
155564432371991722123343468261144427372 816926659781283691672716321522294346269785443
47361858339815156696977371253 778732453469614575331397321254283652461558554679671895139641944721757499488367927116
964196521558146499692256657317699221658852151854572378836679821543722434579614192989 6964999913981189371972385217346492553936544663717554
65449881233325311481655514685799676817518119162742934983985521336874794681 8578283278597578975864599963734587297796789428116
2183 6357196852653877678739
431593272514498742286453994935186685685389955 563791745695497952614499144329128625691993378
372916487137826832596519357276932671997879 41969935516554781496337128942824
36282572922388574676811759567611162654386587588825612956552458128698674 7582947534168688723956515911456158153356312982841326857141573688457
25133732846232984726743765967221894729549261816891751276774753415162139555157514373739883766 4342997974625924574648332112158536149555136891266639991268918538322262779733163912
8155639661934189775272435352449261686821657973321461221552188469967686559786721175 85835995611494791392865654775743299114599785
8328626338449961383281568455873645282812259432416299 27444428517943746281298568279
9872182437528717834168745175883739916 4152113319761384277867766454922765359285288441921862589985145
3436783548229 3669813791394576482227416849858614524416739953421748665
7266292 5692421199899743652567254293261
92224497463963741492955248935955791912284766496156964265839388279 59592788358769438412683962669634766153428729347351972949899677
31846829375296551585583 72691248628549465271717773813225423878
9473184 715273451213451227155371569697685416745225523247517487282724662
79423712955141438374 739218746541696386525384835767145427263617133931999662244615431423963667666611177
4567426961512257775518928438264735541 7785499836595463337118816175725276193372647
18754343479245218743889651796242989495985659383148586826927546993944968993154522218772623628585 624224687338943355498587996937165751718355623592934556135965372262834831186893
5125437699796379336831379762817853348958178287559324 3641937183358693569178947365792929498318711927497978125664857556293175269278519158488152
26599626 788392842662816461593833985952486852914522376129451824262815947272816583945536498249224751579969783
29533178737399281153975168697363 56339181261745526545988292797868136682255861394566251932418857318117761726
96265318945186369817216736484835436752183193973561987924759561 953317118888235577619338623161899255536122727215995351837194752364225717
327754257388375919622178645188 7963391435863771169843439588
23918255599166214169125814521934488962296126133746367185979362853617468458611214432564 288418369728173252264876986265599599641365591838649655654748243341195119496315729751289
7158732127582948934459446 8585941343872149548444881374483897681822299364949391964713987133284973752373198873865467594585
4391172719275561252158878639429231915436372983238521178788591614444455844314834266943693338478197 874988763877324576523172896
928336157819891383 21531412575368188522915296228468262728985216586538391293189985353673814861879619942325766933955
98884624861347199451588943547757348328356915349554416 845342242216394265183369678495795855117154379893685845485564144323832311181327722479983511978923497
815167159316796891143854851631521541737578611149624424864 91281371838755731959519743777129347478
758562835486435988734755395767857572114475553499459569634213613345468465 2135344916626563757
22467866141422 223556658888222472327599172917649814996
93187414147579728723654724378166298174689242564947614519168346452523623835457697431364 6144748829348764916492198988122852597763383994553173229992883721
667187966381 195487338533499
3952226456198358 571339738634512196154534534565235532683966225977293153738764399325697252352934368866384813219
8836148437512374681254923835954825445346266531941133966953221776149187732256954 357159932344793387241947315
61584256868793938822384168366138811457 8587971963438676356738181181416
61662748864651441418581239451537331828987727693262536892 172
4367229991282832589647141413886615442 9299724793741596755774976624741667521718653989375951116849753648195769159981564964275577428211833641
324158399725967166367875396955261138481 329386348
68912253 557877179415619
386611869599493325964197312727698582 275535654163885236341449622842914553535697544911431756926114455365227126554794819462388416
36498237697352557469265395284475489375434697574 7826958845218646384761688875828128955828219774568551333445595112578898449581389679345124925625249799
6 624961433434716459975295665684
5297511796232693347184885368529223492657811234543781873635911 18465667597966
434115328735613837844645133832271248442516349952653932152391796534136188479221 485645943849597
298537215466828441672244845615474898815978163738856382339621718671818915366722122733982318979955 41657643999336731822647817844141626278955434144613243665429398648834
4339113426537129432579781 52597893469697378886791138326
1472812292588721838718858211428923523178298228149367773 3487275865247342157578936166443917972876158372341319619818398526726578465617689696141753
23122693658147139435937784 2231425262132536468858673561464248515357743979458795459125685552596568455523563843
5814714719316761648614111755313748616916897648435684954175426567368631228651426874663435338691 585369172187734949791165
153299872 56325431255688998513923
37711668718998 737747166497831248124251768361526224764884585817552443185983491511742444698495641735432
51947798583665591786541199672219461974898527714656348522693275829233158693988848836439583 4675698217867944676222262771324523993335888158214273982119
552512531989642256197464451696721227616513634199726117784427837928717764511434847939378827622 41971391659953595278227237269451785399719367271472589116939374
59194218949518975773485248172341952238682631733539198952543585461322532853299679188491151596158293 33728626541117979416334563489616684428143111834947681926128352644693289
896833239943651143999265992735282777278271562572 8769913473855298481933337732984235311998
375647825633469757131 5261746437334867
7163337948352381629522128199716286598571367997551536 6263555418117752613756354686661871532397792855975319
814954236448747593451348525 41237974112232522263668325473145645593795837967413837431891378424459661825325814982776365764
456631831569834799975924672283859394 23424729187947763143941391315867488486592716365261644677688359962222495454331334291897626737222
22423495925699989491278894344 98173589723987
232441454189584143926385623911338426385346432622174224821525353922153354 686987141933741591743415332742732764
675667964649589 41452518714462223365127869335963467837924979545274611883457214681497351942947136581459
6116682835 31294585519369295992371585413726831559913425891348788968895342945797193239396397467281416515852
721597461438537621644667871497189357356836827978572879775945415585663752176788748434 833457163542949686564
3192229587256131493786959658528516372921462782595694585151813175746625795972515836492366 8518623561
5865272984712419913894699691557438616122582636769848898514777466546723161226293796973 87598632865927795938212493347811522483622184
159754924133184728275883254194817375856142998734783127699473383296761292 742
684669572316429461625161745995571717734571713724965839616857764177355216969994176 26159127236318897526326175232639388574487
381911676515622577225983178233439928993492217361268145466877748444568534829 34291578143143791859413938554711522767638932837911748254712249965238593849612187425414983981
86839531846614227144785369653191453784569548 47364718247679182756146451139787163328325117855575965332
645347324661663225768211324616634581438368663538214622344882713458 895913238138129295461197342947393282
43685227539699298561727998618989725486312961338141936532697142375717129786724279843914859334755757 63221815254565234688382
4952558953421698562843455373693484188123296233883397718358844371638279328599855386277776 5518468
934531519913544 22888237674837427871949489141322662563782659172556853362597472332872
2757842143 329774251958
513335247336738949892274116973651696226617 5488394152327432396755386656592373662723443496714245296293493546182517
212111452474543288295385856449321388376224425147474292221151872356632148517966736382358288193799767 7996823
93321391951663146749588424492383771921136994687276297368135354923 458773138932886766354249819662815954671226397343262412538592685344152248675547544141
84614168612857269298893279949941747668913968391185355587241723534747949852133 496957588993545582359961826733638252
68994179651169649195699746744451937613692761622946573888369642384258669 87732524674934811895489848265769272155424416455839459354236312324119
56516225798729893926742321379623142 799157254479911463635396747682595972936411232737949859215252357524628486273881235219366679
638837148621718287811638727286253336381665628218173118187231437848197 121238667
812283392132478578565622974863886642118721642714267956269199911525554189726597295347437 4763555448127238197545896758291697211689242255838581227136566368887354744283
6567767294356784318784832899 776997927
734252345151413922733379931148355813677425915435126932814623497256916519991668 362417354413245
398325172157619233128246248782855881637661 864241951647163878811914361889981844883687261478915933432
7937542585618329478459626872739372811493671992251593812697992684393423885138619768444429552368 62165528999564548393115735238849195571764919652582226328692817782147357136693764457933392175159
988962682349684184254765273733821688477873462838363559966262474322 35248533
22967955871348533722821853562117591714297959465319241558885275577535 8899184812487674417939
66777678541123145638375184419 463368438174164219313134838227472293537622578668252717729227944528721298864657628266218637
2784853494473435517593933956999741837163136425783528271253366385669392292597815436 25347573767
19277399257445689334275644448738198151596377814 5235652973686319752559685655619132752218323857
658735816188244684515682811225792675953591385791168127951755422997474 8134685153629563769246698465767277287374622962
58845945349737922885869276118858898913885771454357737279771561231785312951372372 6673922862185743367321318
7 914
4588874819397181159441992995861215121661 167492681479982243642322623456789715295936314384213882279528247861266295587691742393966741243587
56592684 83983931846753737545675211748
441159929826651 43162549689594747867751454637845156949264432955525444683435
9358517731618728416299278423581156184741364663465426298159425118128682123195467338538229 43157174495496145675956318
836863849426967675949663546768717712829476414822271837879289 72947898521459353627549824632428126589423766747914117774
93226816163814952496296634363886923463883962735249412788864636623978356758247346785112326222234136 892769392799941863339856545843931514195689652
42583923151445269771 741845131666
78971891524776942788461192236984861516699652377635749 651512773711919
53892855896846918761837668436746 7787
88538136386257579111991342774816568231692346324688893112756639281437558356944699795841314426975868 6289466862895151743462371923818328555365246879776545524941574219469175622696377734952931969564
2769713891587337577433121343141351489672831732142778457515615356314296 171735591444713133434221286362178948597572481851716178794692184897984899844489
1262857372612762915811676122222137622221 13264648468673712771339815431589587853644555744959591
177779686412717482364942457863172551952131596836669328371258775158893189123649982567868373856 1772178657814794465966577648133347131183624785426161283351281283558278676749244233632661241
83523848857133366683417933477555766654893841721766754989929635172498812948 7214633841424384176443723128883724153831992681282291377272145493789345514475128348859964581791751
2461644383382353669991357646289655733442399629649438661459231393987 615518956484831
48533881923631 73223
24498525717115291223298853216633118714969139982 557
94892978278698879474988242965437514 128355748764268837346672948742242682337815958153249632132613512349348735437372823342
18258373365212257967233819357542255645 289498952285952257815727623619713219318492398694947372796
9952949643882937516149762486251524331947663626159896133219958715589356147615724621475416598 2846383223136361516687263983538858237358651
7987985619993217773466831817699785883317237187781863467294336484946 5727814156729626174843986263664491269559986423593946646543378645452755641314769317695937783
46346331689785387757593192167692527817717 53343774699948273578794353678434516895381225228929132165993889519446673134568214195892159
1336578425544871817186589444572731888732747885256137649 8315724352349372957934941673
4298345228739414547494986634997254175521387537758997542183736 3582234322211257753396891664545356972269494352739352761856369429844191678143142929464
81489512596886984934531565678532211193 515281251446586456847193834526352257328632761556299975143576478
81365716322845 97438399579646733813222449564575955992
1494 8546265498287241468434219717311194427728135449381261292266585
564155632755339264715268122727848777326229226852955792575214765383798925197485229636393832225653452 47331559489
51121138355865815915448989831 3272557572914456221724173965942461495682281866979774137912393148495372838536727434516568656691
925259165764652717691154693757268772862816399355628313655917881824632991155637551476486911391126 559227955788348357585941162163878624223486121943548128335473533729327147759175256312315665337
528431746962568176399371374775392639779885947944649278351395249753863 282917481923453313564154128434
518975385434537341424281528611649958243827151681125329789686378577 32224821796556711897376312932316757748639924871979576965312646688
3427383534173281819322668256 446346317742655869323833674666714872367525529961859
155119234732229145938541183925725146977258965331858213578 97714661324181211
5169369138863451278322995948774776315528453487675137237844325951999633536171788727997 7479293178927915976369618426153992885128564122956933791133
46244236337797458761379989 862896582246736353872622241977379335493483159971253787693629379
2194527742182848899487346428655114164319853932676132 687943
4466429542656375441412 23615787626144795584136276846375237695457672582633157864247
465951162457892229884595513553639427944369961166256674765 32568915266658537266639521322154899288812827442228161411
22755276259472736412422152419646 5431386881515948371865767466245428937928372128387767466872319948966314755345219488712928898459
6786785371115521589138679374116 622949376253661771427558287675291678493363498835451538855489451437554744
827131952753628842682311468412722599431854133352479975534439173374531573651442361271 382621148891662165842722653828538452649214674888846732
6616437693714917122791129239119545825395335923644427234138722519175686 7287416733187778891614248431391122187679242646613619336547187486737364897351873542245332621581744
8619821649685478799658192931 59166513254136222
966645174738458223248979812197797582 4631166941968624397851296867424153517555121434488979756296534952695932586955753711145167219239639
2457337586297115413642236786573419561627516459788413583442485148667722752138317225784915314614 9978587645368533347855342986185115667
59812847671915555642455791294538494391553548 238566775742772757134526466
7 3778499937675689277913713154989974331344661286442691114917
5473638923568213679 42717573949396198384723251444339132143859865418439158995637159778967737522693944
389739924622577614224882177848856192929598281644447766339988749827471566238366957247364566514791355 19651766314275414325689772636
219953143223363752227324994513854889 915676161634415814
32 81125662345622685521557738462245265478282599331227199583917
5843179767584535766872945794135746177212835276557611752711978277467 66524628926777222882279253997432755351333574598375867926524984713815238957962
98831926186847129261494951277912479564326 4143351888776516377736988145351929265349582347267
95229213454245547971771587642919339711316324534773384578812682827984315949149318426633596797843 8773514766234299776969723849649188658437646529928538551846877894596294386789499493734521522472385863
9567718 15631645958431777345664854644441884723388639332298848439147485351921
5958949752964547833969285 269994491743174468243389295214574856977981961553
48714277793275448766537944889831555375871486685344 1511368486615161269572
263492949467552215366142463948641643541398454299127419347638414492761431826911472644243785992391 285353929398293342827473313246392946
35165537524373214927386799797973658 738319819558545515191621384436635251258598915898739334358174263559
8799185476938134558366628551413647418959789417952 722981597286518945375893976237354885
59886495324321135441184157729111713979989567114873623637986143214531162941 9844652234424714165614829611177417612327523514291313795335961732571391914297334714663347163135713142
441692453544422956772393566874375968392598927712684124261828913675973892769866523619489711985641 35975239468825763869862917639431428217796132863516749772464543639652636717315394
557629918785511798 4167148357622946391859815648494521337832387
68521254718497559641468925978856645263332598694987345736531633326334451746132 991582388255277463651469592834352222178278
42656138588377233392582459752118187446257176 2382
258359637611337344499555392535665969993 771511382283711692781827391687926678382853993238493212696553871274482529247
43877331923891476 357775769274899762425766927318758944228186416566561959296633277676913147992769924988589766
455646119749334545492563999932919742545194874381827967225835671378472244449 3456989275516717836114465588122742192
177338719157344563862633138239893 4542939759217312577325538219251656519197818
73766427316455489148994886283 2443626241744756317723
148946845664917663412346841499138322139654642379571799767456717973242245576165919427 2624
2619869723388316791161199575284545111579989682867737194541 34666724798254245885731617914339363
858189962121277621257697187767266844662972424968472845968136388969 39816124371
36119714587278528511951992532518161331523923246818777112158722568 238114717112883664556492431156
5727326727878794329995341511263428926984114337728749279595117229228 269978128175173825481923419825785
283583568381649199867671953479346173835466736392755975598772187592741 45536415399414654515662577582529764619
231995387886217775177965524861524182196542862117877358477748625534999614952586841841784549367 268652643287817543571419389342443521928948369677969312744961287199871725592625389585151779394
863732883178369924853153554735584381895551889137 51
3314963742963225783782855235741 85248176889633648696276323359989573426558999575583592855115343698372316172758887411292713
655171475 54493165371527436229146241931943566956289531181741456749682887155234291614127
4457295286787314558 674435996485781268791814579353985332115424964656476337733635287616256849177242682267557499494713
418645124642698943154623674 425237584656492445265431421352636891
5829955155622844289457617551783691239863688452939927422697737226195858786174473864566653289 6936258683127841464997792224654648877759778953731426653396491317972961568411959733118494316
99461373328384664827192546631785312117883599299377183841592 886111
18418526568557778916971797894975331524714597956988437338867931292516685714456 835562171732516511325534875252679133857535641249
6318272235848233898656479249418533543551731136938473275276487887131346948179833914158 53777422723661233273994978155473353197657544
57 71
98561439929117763182578197253463 9152383389543576812677821671392465817981855193832661824
88412396258674194176717496276458787627615299282217711949962368296918559439217742213 671191192249579153264717272336871369976679515518543621184
1656473596258771662571779422871341685249594862153351624828723344658 5415551355499571761758322363976481
282321796436739418527266664331968534239932457968 3
47661141118347829246467897686334225689537455842783349567378695981377961143764955441925334591641975 66118735586218335946943229759665792523787571641142359238
85115969584464827989192998522215649543527171845967429333637984258843255114456793894474 761586135714915128894538982443976195782589145947176219211998641357
3173973376769761622239745722437595179246745537144531142282731568741458629516239985543953198991432 465122234997299948761619732849432369341333197912359459982892
97168673458235943198874269411894936721634153355135252945521745372 571253234221988495886222243339834367398169848581573787668
79968235627813628519776589191547726222843353921634838231565486766371943837363815329725254155 3894128144462818169426614736897419
71564321953343229918835841827578574129334186 39582766814358263152995182194545336448725851756894369131328838859953969845223481784977
891739853718898339531936948293721112247283346762951 23937546547964239287243864583445564781
323881485435292819568183669625665532695175866825832538779376978872649453253184 9454185461521244899915197778384884864759927277812
898797589 314465783961797154
876416562395451424332943665249133189266125411178161744534257483915 488799163341185286693382685159836
28191596669195137329312357296398291 2623445952761885991164748217839922174653862727421129798795738557113287226223492856571133
5388421549735654643844 64747788299797818266843748
967194444343498981624168918883961525881565899529416875893874 8771118924465341893562198362866148673638229113248533882772276952765982848675731217529128115634
2558214688 871435759643254692857817729244318274765212755337864528694391817829
21163175271228474713741123463733993 14461125127157553455231519651257398717869
72638144393731151921838 2955126966726512133781885594783129388699653711395858766657463479654396569526219475743179
967766762864712538812628443658762997136931542999887471791 547993688459131637243834339264366813956211377
1113454513689328854875168961462844423954943746953529235663742389 96243725986667489428821431266793239599983
37317465982799529378 352296412
8611891783198811874137531871352891789186957457998571763497848161613519827343692 369577741172443
6 866193
842832743992127832187836474238265171266219784419527 9648228191142488728214775894618831681118733467277621795331478228129235112788526642
47336814958684584425635661255646369247827265778454527925475421 819372133193951618639392668358891821759225941
679554987629792156731467611 83141552527489444914342323114742242298291745
4845766618253723761477739985938787588481876 44138653746548841376886132359931721434871296551462388512522485614199
668662 82493235254725393951833328237489198218867829726641376158738276541
956445174385393515399758192724772625771537661725 9385919971862
6687845315 11177469339251968165511843257298813993778873966982183757447761424581162159785455153677772618436356
4926145287812973785622163692335434169388263174487958 76877913316799949851435627752752417293458351526342958315456187672791936654861614951284988
97727167965422189482225471659852486234781482765282167114391219 268574258331326558846988818418768438856455421264448
893765574392975922685528979249852171733327767 72516375745952365171552526161411399
117425111113727767222922589681514546615561332332 25576254948931
862318338527535855 4678385753997842571877146744685151485745284361451453114128597296625519749914236672789761
6555291837652152162653819568663775927117294785847877887895656315536255871359477917372994749 2387343268986897844632733
24968777816428872921 2899727811826966648351696
622793692193189899441222958551639786596698559327512394518589226726353878 995456372695588938417373142846646284753144445749121964127273477
153377634882297829817381336847849734626618383825511939187841225365591937121954891331965592417 814381
739533973979513322668421213996535249996452684121779136262526473575466753785763586455495184932328115 99686971234168798433623243519977591144462561734691998172454641678276
361162383241381141696939426767423239846698559387579415977528 78247584575427499417476778378
231266845312987483727666468843157524643753337936 66337996288843745986961918666823687348269553447996281353562498346183859624975
622329619951683772553373924796633931988315642292964163161652326135228181795661148 9233664993859316136681342887574512645682668934595137749134824917828473666812226469996822718269882
3253828132292513913282592552379514115527433633856814343166639441129478399145486194258467847867612 185416635898373947258963619535627237732855129495826
666367252644568796493513836796999 68821699167588512613353997389363312547597358553882566968495663469552167524863573241536364
22746832781129632861653246752231436712868732847187936718974829429561487263171473 52954926371384574867886891973475763146894315489889412496468786577824914477233
43769217129863343446252569594715241659865139186126724786257232429724452727513664223343597455532 61945128995385741237233252949469651441481334374194895358695154679195553623534571799434855755585773
2573712846424641829579945842375889664834493446691993756154549125971 21237786177717963341946495122146298245468939126848797
35385153 218914213297788139425933843179934986554543
234571448558419656236571118584789293699334542565579667624344879197197 942529487444395513138714568987732595599624483529562476266881848889831826149316354328221326
684751353575999685581837349626317828496345 829169275792188383464934418262646546719135917757169851754863168824528536417353644956
217444946242315484597567384385242263496662555677461168297763 321273986776791772827516244535449796651453841556621911238887926579794128871683744541917719
7248818256363545547314116982859163292486464667613223614524318551228582444443643236849888923 7549471194216722
1485981253292578317251645646468533455165372287383226599491633232727622753394 55585833782933115149754446386196753123874426479189438388772967283675764784355354189161112492
76573221674624873621756271599262145975764925 516615839461143439129381987413619976961433875224331536
8193173734591711929561812511745524249113842239926732998454825815317339858 989835744789845164491913563115331777285846347878534271491662368715522684976324279497593
2 58379416316765454412492243472317121666336689964253387541383557434
4933283447239554634535781112378458717475728651993156999357244915247396213322129445622815 1559531459626411143951134756644611956977799886665876931
87127674974534662833384443469 374854587786273983844443434564323948492528927347379582974738359819122
731434584311749757889842355765668481888622776578344 469815552388287189444728454755517599353974828296848324385
7677848378994879939212253959197639862963673186212689854897957562178569864448558465876933235192 29298393845828499479867215148592237623811372795552614173842735
146356673331871162646753342371467694527989784689126245333254911844481 895725417341186421916738678888722438556866995475624238593777253286189949451865944614436943
51399328751787898495786165583116779629154163785774371561835585521189868335767952949577574 43485837941724738221449926441296721697796386194
8599187188738478724416787244289814 72218894199551364852979378339453729846821422168581233
225826746952148835584376559687449195797858938366756641926813374848438684497 4323483664835595329185211272971761777762882641572
83527136864984978593773637595518472372385929513719364394425852673642989985113815248421152816695924 56965128138524566397559816438785337792742785115511146628571814111484763239557928482577776478
7611652268841636873267973736983772828118775464596937494298136966846985392 37694257147153583371587441731971569962848634512594
5862579511742536788646482714 31946337211898396
445786669147635395869293215321116758767674657159369 93766526172983211429814
3836265174444226597151313149536532729746523384423434412 58249684836916817555169126769115732414833212745435352151344248551978864511647116
537985259399883199759136114994788178494771179652227525651776972 119381762992325878641179461723968171851833981326536795581864893467879667478771945563775986
9765625 6564525651939545462269134363331369664644758871787317718466456864495732137544154329278974134
757452273133498382486163117341323449831575226493559273463496278979675774786272286847578438764894275 66343474549795769558678921635657336648273389845957878293421497185682515849546853142
272 76731864918615948519527516375734813545263
334235437532897929287742374854265929382822542281489157724948711992931957 98542959947136318355937117753898163235683725424152467417882683547378927795528241872192157822199
7653172972144298726778641471927217451 7
9843486911989917837235674117933674248656955923223579979336593442151443815 8571786881219687712423248885319143513732547426
8788136682843918255628379716783885347215973134639157355569712821 9676523916481248446866888362693658221224547675377372596871668644434637319498793573713365
516953313865837346853285765738738261374153852 78913895414822277445772247961123123513871374897464399337886529431111971
5434283772948143448581667187729845155984418465259515847695378393 2923138324243716188963636563554192277471325621789274349534178978151723246589319642979748181494
8548275722416454233145484721669951772259893779719 78797952
9544119613298499876866636383546 297786419182226123864997699375952917181412428469167277
16847542678148599459611 37121761511641644892326639591999714633875298673552699933344793174
3 39578535552395492753936722979465228536437245189644271675662165
81325488177 87874481479977823377337883454943691
9418375434969479417117184614954877226155816459495511455379719598271399127454114185942411 13244568217475272346369648571652253819583196427932958554393645363427683786914984171331574582
2272587311311364826519891188324583344644852719188225848484736294187145622755 9774353824393918862732827114
1114386331644866782372788778338682933636827349751262783382499 5525791722274571321198665847477679428838997892183539591
7297173769376675585994349 7594259
4341138655956592893643826839815497659799153555168882965311578664114815386318361144658 349497281165878946355561937644394
532846267681922552266998231 89836127867554478692357587639491433762837
1862244954393393121137157289898955961 38239276846865766124698499599628725822589753151484918163945181315886379628553538929813955471134
3846523648278 448166832717895824546428194846554244142895937635996137634544597442155312763974616138878212656919
82459161145976299656174223375781417153 63275841239745465235173932727959562525748761432522854553872972254796749881941566776562
2818493689981424514638395724681242919181982 5773268797554486677361477512934574312828576296328918821571777943372415733681497512692171964638
883891635135447931769564623 34746189675391364546334662746163593745349428235478491185689696375765226641867959939548577466
48276867835358225232921652 26355894954552934771498987134555132718471386164382663762174217926271474
3755865534728387654443127918921275868364329492582 4355231555242163621667954955491481294364437939793559354433732
16998469479744716257468257847825427765712854333228523665428137341926577179562645576249377343 53374319461965483217399193823691845653491371766498879
2724714164663122931983481272416618167261595529199185449395 664278566251885679494873823151674579732627114469931121
981549445654746919483812457794855493432877187183954988818758291 488389973998444453596639757933932512728
41419297596737442832474162 2335666733623715444777953325327867366117642914695295865315561564498489674427588763556239443982
4233288513838954119689634967749681141636898898143138523 5744869616143638575923132786145763914848215132
6297397623716424647 44654629681961554352292218686946691243417874352556769633
277598572412481934875481632619961549462924699247649582322921436756223957172278389699949745 59189614837
937494916349196978477775785422444853889 181873176115372268865485397913847
56629355765763948172523566561147156852196454716772792821275147275192243751575893989294652144741635 79987245556744425522
8123851786359623758894697196313338499483573776762389525395759957821385217121292 431173124285334541231785411425
64168843189315483667 89881363469135679131217154122939285823315695692615542112
88515957333498599449213283546974856224735 1172824542332355664315515154652453352214173819682918117552657971393727853153827851432584952
223596952448215651729114 84783455495388865
114287 4643951449698313869981254851793774846214631812861549625628841766587823334375926996285133465815475
365712362875329687136184938236855725773688577428262617786677494475613156838198397 13762851831322338263434179551849
6134436319823945852766122651479415112481522142287134941846682327476671124721774947156675343 547
4917795176362815521577142137396969449259475516119 336
8639864125847494561888582253134543341854511254233789743464 527634276457782845482386782134437954147613792972388416324783394916933154641824682
545114431911764992413467513153428927122485618557713493425925423535768684456891926199797788577722 493912992897742999717834747525361911645898532471925354211734318239845487275894384312
56684686195492623955413437495898967759666653575128359254661661157178273 175859421283224489554769491691645388951937382286153615726261779456144773524572954236626
361656134339851787919888357 56789422547217743636617917146643468855921914375238481233
55918957288451124853883973323295392263315944714164444658137427128 224415361228784142646185575464954642437897132135351
27338943 2292577584841365564593347125178298951379975156743581735425175139843736834914
67949644595325565754779843994113281263935193615912831325348396746848642736549 3595261727827513223573722584723998365138626497359846
599459314654658786678752183448 8
9481476194381996538832651 795339855731962372878743325732
352 36216541941896799521388
67561618472555399869976799318925546161339569134666737167614 3576262171131632839455273695127974181121
55439941518794859568157539911468564422788113294115579564979976132961869477495195369111186691877 6488316335918717487486833642699159556916757723876828598487152945
15272649243617485971946616655 7845311574483498511184296589
38216429982328321771119694936873749679479719951826557912548226723327818591 879953981157728587633436173266413972575959972219941899165932345562251
478888447785922662285357756612337523785591223311544491513649764429 499
3775889256925819451515993852 61489366427
552358153595911539874222841972462588618593757841928977757849545978845411665953754863328937214 465183726771598535375478773657318318612436779553
7914299123179727697621827114121686811674994214245965469362871986366795445512764383819293784574313 3344562415743371489229615983564798481927112826852722454485767357457368667289455764684912915
64933512671173192633494611291686777381246331793143977765458418127344953485598963528247815191 962553425273666498271561283246866312442431381
4178 4616485476725961792864758537168928988828554539234352128314273
246719256297951258138756462412388 9394715584755219546338555784835438784333648624658972788691542738159319372111691922459
5937277445167185719345545253583524848 35727
2329376649764719573874787644491192213294 96619455785224886652964191763584967173414371326322156514925588318265169377899593685274
89892 5777317849379756852467325926197577683142754411655581841164889587279994567
994477949733351392962412355577662824644251874175811238845527813543 94518816541652585369
3473769376317814767278667628874366963996221226633149297275 445414878466957265986713659764884434619551544595314
457833411658575453935566133342992288 6857631693812244767392631149774198476221885659353242116421118654389556819115375295342
211542113648514932 823373216778827873622345241335575365749945256656837
219413948118841754963519455398 49131783951458575932721851948183561121335959179396
8986887959958254 193471232417461884221726667794576228855416785537
8735227183166 6332755463613473919799344638646522344615418844868642936889279269745369781479941445222411897988
618136626171431597336198826532798318187597477241 219841552291725449394514893858727432171754328596261748559632974428226192399236592925
88191798825248977937944423734948884854252391551783922134942892254524598181738442295253 89377828751471467224748797177953544114383661532256526959771669899
75276389763749522588428768518832946839584289682194873297875377789537966477455918483414418429449134 24144399818846645481845971555595914684516165474132635479794896423459158346
835225272631681267111383532972161639632 93993985855676915861124349118923693
462256941569117443551465662 7199143448643223
43154447194647333598133912725747893535662835388198351 5826799572977582646479352
474219585331111141229813967444658496881675213219217559816935669561163483723586229113275259456631 5354128424392641943728142567182683566398712663351786242755199381376279
61237688439463828139757552624 6743297636533982275921653613362159553238167891954332149146958727467891589899819232419781
5616931363314126755713172842849363892846532189278727299453194283155684 8797871
8499377737594139998273295234449678575388473542931751369425975731863795483462616715 767153642535362499442484821539268722196913471797462338981113949623785971283199766
9 174636891994457
15349974545965324725715645495854447469235337857995919395528349 49655743692495973776155674979761428715948865223227256464293299869712978
731722915679476242411235863688486875484 4911718351188531667924167568769867161755525715786686764655925
1833473525994122546265762 729229558837698549752884652197862185375853991663249
65591995289744755462999739558587666154428943354535416794887886132738 39219577477351
8941837265165896574173 524783453799528315254359717943869755463571588889773349765536123874162365178575657527748522
577233923215771654135576147995937383411128975383373421295472918352793581586 6141158822744689968926461685914367221145269658283783819821716817161464878777462319998118847368811828
33122463453714522 74236182478128563772
78269783939154994474633513852326632993398129463556224847467452128628365634898686 844792715615691324928998214326372982228539148277171185353147819
111328816134383432338166679557977959371577838617394614593821125492 47736222942157984499889135815113183318758731817154676892
6316219684414819 8127814949764817853451
427749232 333658
522 2958122813247371281139543429378421841537849587227732337141383175489366132154
81737561331499792838194899924716 3949644165982424
273252623531625189471247711813675746776 44274281973916827899124379432813241253236327557512675348381775559
14885212419834156583953793229493976552466379378168824359364983184534731139 9691237652168497545334886829561438725348651851329826977
9531617433289965192 3913112734634945538453355654762774659963641819972375643929918
297799629577383 13537635975572766126282621328774547727922392518391283131
34447781529974847341146843561526296998466639544177676581764564658997195797154675897643715728416 42792846679279176469254
3989252548826792726322 7168582555487834476534327462597353876547817914486162852866684617678726
47133457243236412514458733473614865747612 881491938356339349877235552119726476795
588289118374242752911825611476279237792938 4625479544152133432899639618696887862984192933598339445632645159332671477517565745
8725678539448214691662432346938351528691459311942568499551678244961945933669296822898936667284577 4913129338268534455512464776445256217929193473933272968542593669
98978474489143555715986422 26244393119765374261558159333816848981483983118182259971475175549529655418234458
39518255981617532259626441663714228872266511353382779468962681361225941171974856677613583713898 995237918897971814788838236177877977967639692
492783244728873539679332381431764284526696285275868965364993 4182147969
94824911173777269345436123181335138651 12426725875474929276385158
978335964413647827158761179994783211857584656834156 6467
132451683628489869785981272385923685995859524822769661836963178311635655232999149919187479618 439199755772658291429224265995135358445283845414881178445763787816254111116753893589847199251
127983377117575168 4952224442918344591767633554193972426293951862257835
83132272628867639724288136778283197299228723373714243376736959572593791978731477261187836938757 9134597752732429277696947412465388842597562363626627948393868289811291298479827829153622762
38784263955 518196364842467847757339853147516649428348165221119516883519685674322
9952659369283888258411862235791657484838187 1882584197263363964615725556224136964162241732392489465781584486513988134682492271922842522582143856
488643547698123186194583638578683745695565952171433514689127115782696648653 73533261382819784173493851464255295216728744874917737382247449133917586553233917298393318926
43365854551615664812218875232675321119525 561388818454975538449281867597277369291985153
9968779476421625173211465961638541159574588195523648482665623 48381781213614762946471464736985831
7464618452519956811576775267596513871346265717251 57254753284768429864165637642144399656178834414387276786554427424459878428347418526947994939
1676975989436592965749534692132224968514922472871 2815948163223157995552849722228828719574811676717958363849746976
73969757815981727475785 763399195352974693592668181882822739441228218774613493918146639367131482478799962849
7782244552255965 63739929119576484158936721839638665575928456886219951411
8569167693385546592552327895686247743882676256174254314852647392959239794381979487486457561341 499325483437796116934848182343776887913284189385943699729381413499383289973725684868649323
23429955777 7883181917947681746473446
7493643826 976619234
94358543989836692927381393312651349776694245569479168532133394498249915394988957457672288 146637392612186419473362886856924
3 24941849182214326286594228413656352991373
4461272373777581689686842573592876983472694359521276495825946879593719254975289996877388569333588123 321383243689253698652388191858369589842869942143633615374892196188114478329237273576313242265759
669418616777958754613779348 121797319176659891828282192746633563436412334223984654
8143554422198454854171174486768772926489248763186376938435638546251946 665869232346483342668958733865225512293323146992287197595695612394935289454
2743416181627726 648953133948998586298
36684425941633628323959774342732773311197788748141379947892195746566817493527149731 93343237388797785142714361928828593855536275164
2154763841179446482185788371778618571875424264649569539644319122261659555763987285222929944627499 9317712874364618382
89668967776571173843765352278454199398923988438185412729573961835127996981761697426162998 8319465757961211398486543972828687371989685834513975738937864296322195784554797774466353927416195
5639299386295716273762948598476228551291559247156338941157967821213378899961913 974196958983319
242763548442993292298265359917235565764661818666339933268675718424584439 7972
934424849862898132736636487337289135485393987476626 8129856296217586683461258483512253616482624876936776374728131779358641499
967236572689751547664771371451345961264644316277922192748258316879969555517539973 19844496354579759639835165535678524158158881941619145814919
486957927837389297739743415479223659452333 59548718745615523564338761547627536916
74417821385592511674474597839126 69542915592914125423238946173496916488997748425964913998464289216674
3258676653218373836914663321235718187976148147351517244 1218747548794321332523121362597961943968
6177115715438187768434578368999858184286397765922865 9123492661738212611781838779788496629793763
685273247276371832 499498127458992493372981511442669544314336359853634724676429312953829431842949696927353924
1792419936476135784547967328946671179275522338558595194117197857649774 134732475291
659984869971 9183299917357359227232771
73821754448212858136133456427738547157774879218476472686225518139228172287358249583 5153148693417261486133532147335261674274411555293225581
8933634954847395364392513125496768556191292529268733615443957169985551451999676795964481475149 2923964398682996
454265 41219182876472969286224751281259564336623796576388547396561587662659666947139129358
4483898461677662192362222372823372773558694962 17417569925127139973993923474215598647233449988758
647394883852884484996415164236481458123832312132882897192178591592837988 551813969588867628169138476539283183
631836442448282976327 64873187515477518646387744893841194225991868854862731241938415895959296146293972888541958
29839978515213122979649914824618424695827716699324357194765164767317745146377 1566697818433987583714277
685548582946731823329726823661666349 7319489643219591298
274314199468743439991354144961797184297867638427234675739688931477137721981697933799785 27246743729738872949878241293148948859793448273947535692656546319582481657178257
98887442961215641817349438 159624557184589436651377589774568584
7333111893345997949667538687757396659221812488992679421624479625378662476556244989624611595 82269322961128579959483158977965139519424419173937695541988261826658978329
98536342837123626565511198471936 851835541159964553
821898823325323222268313839522279569486428959121363 429687651282
4658338919651754235152772715187513716 56892767955
67211146196299459862573391699412141 365626314768398189991752465531365985483882843461719185337425783486492
88668745218284495542146485 28832365
5688853624298 2364724678634275351483443288968933285723183316525287788346221684196
11852966674471364356489585116713934785355994366 6444348
62861412341586914658291983739814782173 7947694768786621116434358795399242342843133392773335941887116776976546595588271214198272382554
84317819551926565746821913865895679993 734792162162175552334286261328996923856682344195858391519845155166
58485452318358672181992 3299247818933671672112359547156449159193937445
28113662562814547573769424231956664797978227257818345778 7744283859738839441366722856716598366244485489117515124653228277153861389616597465994228777938361442
9868459389418955995 1776482942353714632372629724944759632189614221
32576795568116777588453727227122791667395331 99788195153862499553322743344843227357776169256149261576186965552937478213841562484487587718
17767963588678431539216722846964163 2761779761546444
6376449173551564553586282988832921357388624654565827688915739513853923183685646262229443172 214935919215548169346915959771684777721
667863 276859696483766789246682312118569744174
819825423788243279242781467912448 5533254764363278322744594693277726229644562943997511
21924344852978161618459236458312 5596846
614731884524197326283957553355378249389324141752695611391931893893 4479294238348689942694524956193818745355132712842
747967661783814648149351791963628746779858566625924926329625424313441796863553369297289 72883537159643689757334724534538798424326
825844283641424292221816197799915661696196435796313384651 862525557411852958481134451518348813229433
26822337325391312943381556545183513379983891629518833164469982583282323782 49176758253642
91925317751466644486892574827987741754661722847513775411739725625935616519 61111495
21385126891169 764
96749646311653414886845153377425675639774176819859498929454811871867349147326814728385518 424571888463476898442315163995326735979683441972611693633993242168753344654219156676879
215736734793585692161269815879798919826917338292947233724263981857889952827831998925118196436278346 5557381151885729631313299831648843479147511175849892624326648559415215284964211222
6656111912925525597687 5841233891853457833535292846613
92418196529481892262895673832536139792197841897894417182294 326121862112794311269145814798289344449717362891439951326398621613147899658699939561984381257259
41761522268554877889661863614778216625476949123686919532876123517258787282335792521228435716277 9143985713938173764367539529326815754732346477195153471749564913174153644424633753374
62935 7548154384875588832382667231281424846718967853161913355727187243
794329298539823511936636667925259557141969157358413432886111871929673 4954319733239999847
15138648834142681393224 517448265316685971531516414573869959461489472
7986219932226 72338917633687774365176383288
7811923778739751915438287858876981469582854719641623511 1977428756613993943264986438977237873699278373432291441575221386714965727674815952294599
39281796265755457325882484653371 61479677217143357
155 6346699585739529227329785922536416444175819981321139551962285738
284149232144868339357687118284576458634356943 41165322164469473625688198925648245376255465495375
18743624 46951548575528289388313137485278232832526454464468958828698142249731754
8729722832449846744322155852556695376247329919 5693761436319577929961956942838585528376589877954638992927381967335875798463664216194
62326881735972252936454883538549881944214882317743295294511284824169629 3288261221995843566811194827238583539284685
835158189869878768636532678658749799978753327361813321151745562293 2669147494329237689752884285187776659995277462159723423139133694553447757554773543354716741152118
717516842645112553566979685849631573717712146571464833 2274235761529648473129796342551567361277162558863943787559337
3855 4182139835713266646384251613473982164153494153745268795868233683792536548668436967
83379619199722558248996864246426265493324221321645656468121949831494769314574466264519 235154758594239738389191197856159223845767
516844467718118789 8
61565263236222345386437479666992573398342274313 74176279737461394634394
727777785586218223676557311862371187161588646665334 54256343782526914686884373753854375418449136484645993137731946633388696767414959824898534
7345412312645436475777119949614949813155843198359365546264 6141682
832275125579615428413462538945894213846423618579318934948165215466795439266529273 6929711438853286443682579978688197333396634713838274957298272
28428136814512424522778398376835356786354556153324184932875793783454199552183569892975439966317647 3421882472421867672619783311386292652219
368341296964749426812481418639737695385632446152182 44386342292517197
14532422296841949297522731 625394699115215923438
6124281158439587716898671679127268273133849214464897 4768714593223229456964257492927981674953335851821483869746681634546952739667656915216952
78534685616517197197575215545768191365188211392188179613143712767282 74123
842158746148199965462253853237334289693988 1283611425772518532151371744774
394955793236795754295499942 55763955939766155
9817 554391688221757589536197184482896844723652926564597883193965379378317666
4 35561547682397
6975864615332125663681993793386429872294949928388365369265921783743646767195824411536736851545322 8124782137972128471348514582239244126728294689912253874348917733654413269943619
7818327993746651479681655177391631615421274984477668134842551763266996813511716956943253 176215767656751472831841743793456278253939318518132972651551367342293
68691442528232481239558945737854481141274568183162878169238151948839498243223 3526455766344831223317534638611152573388115139369726193972593222898798251173182493747134468654
41552345877716142227576781699589342 479251326243127299865691746837915117625433777278139262997877459511677786851217112
39974647498972711568953867991259 36472287995359254181651877823226692773757466249428714339
3461997446552877633338187411774318992279266 87792318472986471263378756422394826711768639299167163559623789577124782959
55454384886361185553999 34527436797835453773773517891932774674954154216775238528413212955263173889573
83515956319491914 2959244368477284144863999479359883412798847313999948376416623548427522679325466381227
184925447 64623747959436
9961717551748974123843152645769355596456544275313729542136733931554371775132395632134845779 75253287515735727267526197776415728687896223538475674428886666969132871733195787318949696
1254732599899468846458568844963595726892299328915268927397681213961555 38382896233786499887143522383341965631582883988861928114757322454272195253414224823942657166548146
9911211151768787761322951381975271298176634347 5662926223792623529388372719397
294235212577566488246 725591981967653944796684162116339214996367748528985964788
79263975883973657535585135593866486524971743366519 877941224562776
4425179818956 85563542336176969823222586154575
7719719596558389415396465482774394694363188135819239571824418446491144124445331756311 87182252892697446676326764365954364166141484589559611663428143657241763918468521893991124229819864
144983951362731412331783236391521419948843258888425151957798511989318398937485447372448823 28579924236116411252194775848567333613544178542615246271717647696682778714136694232824818333213
558832659553417375186375149511197791 9832188794711629251132498573263654218131
7438799425 9827921
79718518476943394125554755442443541452182154547999619341442194534882271651333369125322539 361188768261375158922959154943
42357348716467723328386945569513638525629221893683445322617952262665829872 62974523821948253326384482667561946487599189737955639515842474462219921894318985719147772228476
9626543677253278752973849243834785976236315226224977863613 45573233926722996722868997371657314674746
6772119442 4296365292349783884752397878478397294758815476775685
1291164677282264477851332424254492237819423828851591 4758372919357156169479352347181396296778974779329431563354741215847528
19844163275862141894225297 1593266677928449752229873664335735466316985721291888966668625659994327445523469396213997
99759354866322457638898474764476846543749671553859454329272399177592 329162127895893794679662262387977744135414773922415982378128126196783817325268193888256647443597
576947822479861756376178933593689314839194249876828467422863977312 378586632771551197647149986534522175895955424315341854696158656629367173893413546224246318986342534
1589648661286878 94144565362112946852474652987647879447263394632324841531999627155575342718
19545781181569942857934123123169822687173334443 889793921669379676497392397393464822596132114567219816627243334337545124356413684221671
46996948657249556843539733361971511843936553534393218527147258168799 255668845837353896526136314872216894698212873674585293276396763377324144822122726
18489492424275985664875565127287263431353194594646881811996477695727595271338997366198671914816461 8514267389157225331685439445963889222716363918712222731
35935496444228149477293857575 64621791982353886334722225212415884352266726375424655352369292413
46795278725915575253877933186453691564553133537672 831461756632222714142719151991441
2794772784639991541894997128717592229962428649347769641215213863119536723599819151112794155 13938679193
3795344193727786517615538496732636 43128927843185465296276193472424939877975
5555518944164658136899756498983771651617468398 8211791796164599941659984765917897596879994876133643587696448878336637
29871898736716958668158363811 76869755589517931385556358582635696724
8662125496218162678142439491381375626448224517242966915352343586848395545168326643914812 988398557241545819755166474167728968726825532345677854217484967165698717541664518346975647163163941
769432 6927535296399795828632522693316
734678352975898883115848527596884665942745399144466213826616179729945794 12831913445639732686898786541553134256749948983722652227628589323184156891215932656888157348
187491348199382896449929956561992126615431 867387666773535424
8144236356719428258299444292898889481154574883195917942662374132413995966915863877265579522 448272726157571486526358495737422424914541757
5415712742786136676819123179532135884438354957335913394937887744897216367619558546588475739924 586759632716863771549473967998232662229369278971984389966914
3186473931933752112716644584217422675 24788594192832448272268413187791151142959329
61464892432283894323275671944132614798893129988328224537471796819889811842 31982952822531628776358942641427223
92977753241289678576285241444512137278546243521673 65
337698 662674477753897163247312291567196521354889861438866997632337185116144582262174523211575863663831652
1563268746584792274921569911422147752198238536928229839339343879717436818611728264 7899577792251221558463742122333874227157547468
247155153672531615492485827521783696477193569736634856897791 375549137727
536446869147652818729725945 59169467479755191311693846463298594434881225319691822121329437949
4963438925529862193872743211481984717511137216173613465145463854184518 1373644
351858482347298397735978471753358232252282729 254835723448792789993
268415232833243678169814453461627237 3139193694196964136173945622653682846846157765784621171357563624164595991
361838288723 319776783678372865739345181468974929718766936795859318724973364325798534717258819251
36485511791 9394398281313616615366492522242127227191432466456234171578362237754573858442654827471491
38716612156772338812623723254356923962153843642171268911363 4498237345193873952795379467571423682389745373649918491344842546522546519732248856924443
37556561182276578186856917173171439215241 9635981634881982639888736324768177798767172717811295376893514241652746911597
329422166147544926966574282283162342569377357261199248956344945692145131 352819637386191353435615538973952677343757234543433821361314533184
244932436188785811357356737753748572314448561779535575599161261654976 14345751154332142786498779597987429138428635251865251234186378193468555625521614558958965353927
7338798122841179689662365455859197756571679353358178754411565693956819326123463945296846151142239779 556388561839165879136895469454458113
36151411546384258215459597927219499557146239864182642215165452 5619182149631746435576512186946551182
45454634369211197417544828 6564765218378336364321288934136926486922948114212392839418398266957491578571592982262877856
8676348592299698261739462225815631184478722758916231629484585681387921949369962996998551332379228345 49459266662899772441351527567635948679399563925833755884391664284124465179448999272315597192978
692671827847233335977521913452793878295746364695625497532 1375948711425169313239387199137518353715814779362327873186261682594879432893461711
9149597452238774475784649743455846381156221639262895 354938472735744737622727959473387978233357226417847327613759414153592183925
33249931633275399 7629724972182647856882238391139468
18624495927865339672365436596494358366485928624234197991779499562924477849253672 3355243941293935995294315355849238447473
58593896562931899141459198644698421781748644117995821292383 155829268735527765571441769442197195282385848
21948668624599846791696361671523119773594696453839497871942267199167632528749 5856549233116891729551952612211634965824586353368153354597994
1131161154828375128575777212463698346338615736369847842939784124917151347384998313548944 4999456935681173111719763342178845355637414574737656676835
85466443926962583764151849814459156338477644111338364957354 514384652772315634784887357255552755933882348819294942998728725174448369646523
1123477891259532714651164393734479349814477727844574863163372883834388376972772824539419624349145726 834625835336346995377259228655357716442865338135312782
585325399556746539667795117555233197895862417926295699873482829 5469766497895768158517725353879655783381386671281441
295761647121 12374
99638769546499933975517418962243435626522738718836215228152965121781138858113888746335 7353342395739894457366192498116559954693418569265819491958376157
33874877263965899891294627873338273564181772 73911441243291
47728135622783518895322218446825581851324 27786286928714715867734274456379841677958328591458
95511972384926418622666965836174775546332936229945525181717465751459496724655711 79697387892254774891727626595359357389579359288357678163899212288342432469996998385866947333111
4468992946793913779554223864941116335714875135938515857811 5712326433236965685384884592916141222358854683154653151577511545915945156472464638237429
472786574997732128956795566739888834991892748418498159479513992544411518721471831251662566393989142 153223544285575591753249252499743263644323696
246279434926549816683665883628888 2844255997363449715622823962
6253389486717434723446397193645687432274592999132372939554859731983261817976128164 174221974254673512675572693474599856414841513152214726419237842596669264526434782579468793
61441937269943652636643131986341334 2138511472559154193349665122519741922557684596943196236152173866211277316
76377386954246264834945274536 8241564116784597816241
651548926718393581668483425265246979952882921614 4217712817633374827471
4563837287878527259973483839663668874519318925274146357565355773277484 4742169611856431248134885416537356257175415622261478685244682856837394313493955119764843646
41923493281659278551355368233198571793383719513988478327168672 936395873388236254588911884627924736464157332936854368935
98231345529269428876795787841334446637 97688175721176494425499828892644733324689658
6 243
64832461199221979575157491984694738559731492195565743296559171716287132932924149737 281576325772
66631183958377588 27568433723828568897266564268874129635843636644774484496486548261918933887299138825676166241358316
997615187774848297371688287118165691977926425499157956553421179988536174453156557 859759114715718667886643
9549886745278284898142675999386373413288663681992431361619792286879 182173246479913957952193454298363482846718596375335
13559584536536198518899857881857445781497886941511137679856465334615116283 22666675
684382169722276993543836 593
3687 3937893153759237499635586154754251
3157391296126158928227945896932445613311771743948559793173827881127183868286781 1412737589256748525387395945151521343251549841394686
44325599 647588971133512258548796341214376497254655672425259253
431577485956153314288316624151367189391688292793323324 63361227953787323167445
8242835699741896563 642611759427485317654571637824365586637798258782437228965342529732449324295746535
85614195535956784512591871178925391163621217359841233862959513751857252471844829473958772723773137 6983183561634351413519375267339156484814175146926966583225744224816544781561195478
54873986582594998652218675633 323724577585876754239287467185678882333358314542141154173273737891468469253196
435417155941653851491441726237253772767197994655856637264838625 16677421755
9 688
782759255388191144 3397514783825725716124356549126979248422665645942794638426877641
637149743271952379287811832456651263923781516676163855494252988999288847542858 752562357166763895244477335418652295321162492291412535566217653157382465344325259329246372
2168236736522753813 489348285526726686719
39324224454767848774581649646524884325111116394778718662944986418 948879643238763885286882565672772935653459834866288297254989361184897526554417
44345216 95977714156
5464981927992829382996358273 8484665572564762227161781364542597242279563531244851352932446215828
869928578514481521394434561274212628249932753828844788642155225 379197684786161374212831949223151186117281641624
961143615125185631188864955627761947418196657441465566319616125871222932668184758 845488376349869644997812679989592938546
2664222414449171435378393625639316629798687392 563113292
49147127192364441611412157737979389648228829839 55743189413228319594526189291563669181912169671211193713612587
95978583371366842342457316947559762937299795893726889775568851444633433619148678646855478 6
4139363143754584243594938324164333784796748943248249783855277574619 217696428128788796182238177436656219
36657411537438487964434983249161576983632797279 91748961164213283297543394959795285872815186448683462834724955112143441534623935286295111884675
2473724814434479764711476657328239391142 6814659445315916685272768165964251149622441111253935653165245211421476187588363417
145632681885715842444119849776998991932792167853541953744633139 136845275799778588788893561113491562574539451359543138383743654516594653844926
88923472198469218988259828477262183671479898655516391523733956299646457677464861645385642956177 3555478469968346
9195139545269 28591665313798278669564968887164946533149898983115883143136932468813555841288987591953518191748
35691124252445461516651366129715433118141963168837289569791221214 6616932449672384485139875286841578361727952146451584894353134265379787437585969676712994
2347221164699557688765781375619116263718923623477982272574368287588192548554314185558379 5288463448767115853611935664413847987252532165972352455116212948152673256
1875683236378882683936268869362531626836633693261981195894 26443228594339444371411292529592649744665
57795746726982854421445642555195823732166473821716635119978261446 883662917815825957113841276241341566
11873813 2379878878734727728918727898296594854724576116683742584985156249617753737337831791124334985
91233657216752114612711754158544 8577518537739
37445998734449722464764795577779737978824355877869 15493114723314797743642553393522
37369254674177641646722367418532253965928932278581311568125274598319723113432675479266566868955 7775655761151698
531 3361683783116285613462466941
79224355737763649476496455436528367132359981247492247865628535421149831335399654949414829494866 2264773136792264683825954176
4558619523991324249942279522188452374774435 156524144448898289424334782498475779674931211139794943284542627156889444379826877114953375843
474388338217194954647263 27953717
989752413746 45943286454
361836856673194133966326245781293594329742844563859354816628 121862649198119173661914758696424467999897321119
874385763611968942258384129481863741783494213499223251394232546435446253364724665811 34194644475566937739592229729561649262124732314233482718115433286738996671
549979292597171946383532913879747921127168951174227323961423932968798295413 34651163948964761173986488957475841375489518875258653654275572268261598365518227883
6923953527891683435843278732635 6682661547552691716366131
76466988912572722736335335839653546677685368231 838316169154482941774523338938
35155368294784229529125978131758198751878 7
653166482 17673313882795462338
5181728648486243651521544421372334295275237879584935389992942344936652272328265813651153435316 5695392289611931235925947463715242659165576327739851151383286624422336387278344762312537958282358
6958328334822635376439877989377214333942666149927564312541329 2742239174615338598381246168472683582
952791253434499225491471418269567879245821986 6798149688974718675777332736651741487199957353355637677548347845372993515223419687213734
744456235957186937999369168558764851325751575578918635546712449236697233732718957373982 66928965433771151358336294682855753118999639443218181892531494255723363663956712183567718437
7281966346 768712926832464373138
9788951896232434549345 372468661572267547737357187458157343898587184433511828482294871179997236423121728486766
2868358555358852494 29474252375758566516828391518876447717149694934598849113339633634
3933517345634678136124546862916345716865252525117385657448849694233642559537338525241699685999276 88522966486
538369978412557851749183782178318471245763664253584742437277636113848514278998 8749539494161818665597453167328164333799836279695754632585279797653518131521834712
13434934453394425486245198321132659515919872966 519342994283382994929348952295788598678726733341111246718498358513218871159332126551
788543913275526582617172587993379586992623893495366638122492965337193 221328349548652
9569192483253826136237324598942113876546884272218493147956744811929618981745156878919267499868 35232249471819997914945355421385717652
93965546994848223752252832452331123244932896483924623635716559145848 7593695424216367559962751698482244458753167885647372199315734163822349972948184263395
2514296652718343273838389898238567918215736473124536136781986698545375269885256586395 3883721984
63146655263746591955483759567959636795688488861972575141 1153159244831892967645992681868619152315196257182295274141516969427581573256761357
1643225278359827752176525814584181919822885474766213392 54725748915729258927763538357
131419636185284329171672699658969387842469413895976284753228254932257558387871594325589 2129534248856134548542851717
39673631679519983577559876634846833297794137696893824897381696192815 93389985769831972816964713172213626632417639235567863
623122422571 6998151
24978738327313929 39745839545414685
34691864579272241289527731374378314865584834838 82576217397774217969534388655833295428564945446
92352862114364883964766381431296779849662254542 9263688749238376827129671
151814717753 73321868567232356478241977784316432754327446997844288949818186618883768315666459831294
46943884232128422586873821991231593397868218893883445542397631814541459281882556296789949643 2722569276761288463853396286414287433363849593761683322685962268784299757
72714344517789472327186633638988834986794147877616576791197295393251348526361619921651877483538526 2987899245947953458387787542258861311447562581269766671452667
713444396463487433987131215433568727166718337972155958414596 38451545138444
2512177778835147493822 15237134854459181
4961797978169124952 824199414566678511661122
39711773 1224697634677692
95638173227918887919523171331962861773689139471643898257821734737439217 1831792915635375423857879154584
865388139239819212481826621116159193782194394622 56843959292782295193443546843481796971293146513821223396678
