865
22593776592351978666318639256973 41524231426957971627679628163111211166758157558734918586691867317
9397323859587199355456 58625243431512469538528934313994444467964687381949822225
823541299998952247628718275811158972158442898533337564639461735999 586516895865281737685621812149423135398154414296429983894659154313837695556399
5622377478871832434736313333778583116965429759583944122886863 53798122613633944236952478965
55995898832219987289693568751629828987125989471291697935687926675464954523725671343135 83313475269836
82439437385878241781744854942437329924938248588173321549353594759477 96448596313718351687126257599443433537565141736338344348397537229734415752882363775868
126395456583152315249384343434281798396357323727864874693897843451624986577622884248715936757113 289552886418952356475148225381684883248479563364934777318237366497
3762931381453242632962451321877678976283517117593 39741486663856881388843112644217332166538176111562689163853
5517571271796997324731585356892591735972519424383843185849571397572468869233116316732242186559577658 636295181344832318833827188391561916561871959626669474226388216156359334591913392165552918191432
773567354916814775115748172688227583752217815688965 54613422497382551921414
98773 88986855462457855737185925926389556475856972927187422111124761924265757
188262613484645864868611 5492544451766716489644385485297896383844
2515929172154868758825713452645 6166924432666985288675656958548292579756845423883625914274559144659953
5453427773973329193352996571181429636133658559637241792934272 59436826631521566954983254935848828733793879773946481513695137768531486274335845
8873946854182814549353522571864457617443562773187488476184925284259663421 459515968363853266123992652539648923989463594278874
521316518447736694329218629684448433893766725996959553826882673982683997758195542356493388377 845621614575962314
29591782868998613563759876213734211225419559796264 1367232417551818293315
2221883273634979241812594277193362514161919965485227712311554966884551871584392763241229751722999154 259954639189718986837739672511996545795369855915577365325562457798588813571674717371158614877458
73834812229698997657294483396739956813329555194947392452589537676297538458789754254623178162863753 372419964612663485683589257342421
7988591885394331249173215666292998227991528149684363 1958998297453289981574719153996235676852
566254816897 65357734523753559585716887613395694648378155542967854265939448772943177
94939968278487781241985978362363928 911478653241414492495381249912313523283543474533185976766972568197858437445793568461525246
64979912111999332799524386826862112 868898959326912997588546913921663443633345796485977887431125117136163257378796152
1483866151274784847447746276727192789263419582286631738 2836337119714323622253217187561828356346478652979133463815168
2528 1479162893594233776713355832386393834456685235178527
12191833353737355254478836 739659584828346416288766827149719931623778755724596135319492198589957333218114552
47879618367355791329294299973894822224576681251395875646769243446541244959865726 2424781771836319936412465841776144977243688443488118186648131597574138128864
9579884554468189321835125785754965 81123989732515272792951253911166855381945459255354948476416794698
11518859643379748 913246526233338149556934586748158432136383665278588474155246265688391694188943429969929
1651712321764787732317326818393899491393956672993266171949128748644863837186 87434116273767222656348788135532176418712356193916826722659781825613
384682233249373126892576248845866239539428158145169784392939929386582116644451 6586663317811968818676786245122445111966554213136179982
48798677923336165362455814294691366826733251714539856262967863514165549788551939281933125512556245 9462633933493777811489852756144993276191293613646974
619798264712865367718654688572158467859339411739396662345272 392344313451366172826842982433781369629612935585381473379598335785656669
9959533236 643257447793466449197579927588168829389258615859754452924853713261978985
16872467115291929789179121134222167793119137882645912677133 7611832647388726134942637742759169199247899256223885685695
925862413495288665178979291495285232782162637521212576749461342723561323 93579569577955862124226169256977481675447515236527139123291857651872693858
5938859747545782862699963684488144611 3632156967131285894584449814
7232663956877269489198585773711588668824136389426 95991143521941798524581948658495843629911413514249972
2818645232992388229728875776697234512997845178785838113234337956775421781144255879436663591983823 29
232914779523563212261626262481158973328277348331429285594515414787859538245716869127134176547794336 1528934571362591181
1537524879623577777867392155543794681715675531432779712356629518434323728 94964274281799836873889615629537665927773625823737354918392
5442 8656623484792334495423187497615498
81895418659232438753295891325822352468171 7651676782292447832268579541521811535378461887531943847661336234989538284588644329972479343
51379876366535137386762996658998533682639858795317228337319699841815658521428778731835535853567 45117649697376394226557235854116157322297465341757573788731697648612888977681
66482781479345435415553497114446585541421 1478986111656768134378997747593748133527213168472
172673153576712648569878987938418549618426774675 2649933591567495366491421525686935874345737
6993485348598875316374682513828582962183278475438972691688975134272652259776654183588318768714 8747928732162557544539276727489329315862826523391527772157143
374547468728624341414956884129141589341577991372311129263741582841318693475 92738452493
227483618337954283519457185244222748455311611237943932727357125199453785388595913817266585474182596 97313591578252729372915322863668486392822625866758
77416355246337828276938672672335691252549397998865563147 177276532225813462966429251963761656194855178
26437865746784811256686266721497511188668 8967768
31871143985497187865331511167545614639479887729562276554566714235145 4459159844975912419363995355327191749625415673447178863544352392531744391714441271143869
1215336598841881432399851371552339431498688974844226911532285643372593746536169116934817771746 97987543373565523251374676555183291736436752
61617316914684238136259687616811263694942696 43788976638233335873821176921696677721
11471557183337129918594691896438787448615361445 6
5813884864289887178243473697833135576373442157652485743611124335357799948127963173 48727311432231574496385525422982885879161512611991946342645
5813839735789437183492162225547767329683112334443829559645572592352462342522864 49
3239765758467 116925149888495443156225287138787666461629716899432429187668913528343728494222281188649665743
1861178145834336154391634735488884895882334544284962919697956578 432
3676877144955313595153511296458195526693673794277816327111 5452669724368587147639243488645611392211341385459831822425952494311518161379817394492861929424392
1469742521575911349714838552827189144468194417749964642375627666471596757682782931227194935147 68437656229591837757227642274911146429875271354
262398213766 7565212519395979415595442439825
5744815797824785484415612116878897667824744224553837324261743736764998 774236933745377631659864318671814945748978862148982288
982444831177377834455887132844683562791486724349478441444389685527553693452 616548559737585133313888275812768946238299
2923264575358248641681985458 3949415473456891622646797244872544957196976
35638832412266852752214771325858587821591498345922634697297569574931 8752766677267548684521175485563345952196275746666324884333473577241232153658
4694219878519923365513284265123292956543896616292799322517928 9751529685474153951872631576619258873659
98756434693981 25714628174533317429852726842815297642984538746685865897827752471331766498474683256
3341781182 118121547928244992671493817339522547678669595124643876386262494443276239535224432167644948936177
25457491429881375125471281197684484384453184416565636129193851575486253244791532386126685694235695 68217513868821769249154333877545653854
1773191679321966756498413542726418992348981974592449625311931897467787731353 71665
691284881398797562362159826121517618713253384118284562 226724577611218167265397954984239987489146343
112812413952124882696827 39888742219564531686797449328698231
798186312563693961363398458928555498891391678654642364654345835681736811732 49535988342447834926766315
315778753395554479737923842264986281583349732622645576665177812424925471211 448629186769548293518242641869334823625935623114818599394584781141555632
89255683614889273678818226958288648847751647335228 97165179323784995435911184374449326161649841426411268256223548724681811125492139225513756541216
61 971233254152172392336515915458711495212558814859513443
839234885777148978598853881439491941911497334715198293868399529233425793879 3818765388931257866646933129484228578155558447945628742518637522754
4218987615235564333486121462831844714866762824741898169998389981982282524332 27316467653157575382849254124951443956182188471275756551932154665235835
379286 89636454488546158656332337669392351875448151599482975776773729421295881632171658814496247884729869
418981179689598312667169976847681462763646721276878518761699749228726121564161542169194634941344389 6315634414646127599471691174625841495218548262946624752587834545
2193214647297949747423233721 53585156824446454546111748977211823846978737388264364765849856517595875581952173496643996228248
9839624123919695799225128243 478831557914937533815346989392219
392989898658564449158548916781412439939138894674827 4416922646723696855867991969975179
218537973576975256926296318612344237294132562926746711586579685954971294111499 537376643422677156557766263974334332968541992424346181534347125936558289618551791382351951652883932
3762965977789448181534736217425292528584179489853257342223949669888284483831738 38
447749788453854574492624614161958887655592 381828633398153318169816139857593887977719927896255575594474244839
3559897234435682675896168197973182171261528756915331985763855 296331452214271724394685935
7578525925671186911419689392431 589147663447346565211215317559861235855944435416613412431382735698
515233868176197326916151488442793415814527857942472569873282653975296457847396 445356
7243236316829261728164737794656638233346659568378739654133963412126145916367158196949889794 5152597889965451173352257325751396431893679869682166579755667
71121996879498716246571874577513455335957574218644939591666255743989279635 125667641691442655362859
995248852422922128 1252111736786625544762591626381439397776227966721475781131327175529277968
95998294396576119399589321685868783934355433674582363162331774 965667776335197714367688651995955357575784893874839673367714357186
7245751827135232426764 976616168438179
269475634381526844586811289528417962324997644288639991674768434831698223827137471 961927239224955843542729322588345975555842758974526566785568397218
8453485528598455 4654656464355823355437262288732823138745653857164727297371
9867439959276816287517111351973512493523599835145778944695854485912556 7954527824819596648278243166387831169571331825162149461352231339728695261333395146537463813654512
89655619328323512297694924739842786942646124786246846876545955117528455535 7739666977731711522821333
63182324758286464944486253 29353859321884513
4795595665498293588347971644235286282835912714794288849597973895 7226354244463455326799656223
3694284817332947857749155284659284461469738455267571179455255974694486216892314811526559817954879594 774778192185956974654162819734397694454422261311345676178898498
87778169525112136164378625726132828276372428491935831725455313769165872698755844 1973494571388187377129193453463154383836128185831537316521253124298427512974591148423218361731
436679949987875481484636647281577771387431747274148872817582484464812339397536114476835471 853189823613774865981329438214363478288134887952828371471891878822541328933434156535
174138431768514682591858381752362965413195815993383271236957253446579922314653 116792529446156244522
262582272333713166835763664342983838749951837445759 8574967568523936265733226611728783826439482265681
846171742491514949884738435295786594882975754934512872476695479787258368 5581788143924256159546741673882221191818955979152652836361412
7834969457 36968779587695756792454757445523
491389992218425492873175487587544852424 1812973568
611921761643218163165993559691255658791872131932567522433248 63782563672616383822181846541142821231656622851787961244
7317648495234337947913847498728576364448872838668265645537174137 4338752629812397
129756629 7773623548133398876584371864659491167474232837
2672 576
654949 9887193199218878153923652251219458332281219361413631667836655446652334259
2483425769178622139531967776693435957525754296226263119815 234375994712
5211442444655798264454566374525288125628165874 23458355993354964269381462427
28755247893553895886831911662391538293523122832 545972862813449389613538947464218549766429
6664493535573556249324775115876773216 22237893618987461655416733388323328351385126153241581122185581373
52697543531715316939693234975875946116672767451384113855 562417512425153287798466898216194435257516578
9714741169863376176792527938497753226281965717258546254588636167143454777437954 87261851636466242435682676428
127596566572442249167887717268525977 8224596258422514852819922618678192415634133745891458974914469
636451375943963861936581424383547322361615459275835542762558985261524274 981561387584388891536945256158468856111872535558641479882972675475549583342867861
6915123465165945391715448336632962391227877819763781995179168847227311863134429897489332315144896 793969275379944665199469713252839574986668459817768981348259876869628599479392
89639131915717534633357626496354967946443315986339736869411781232261545447377 176912879849759128216264814862753
24295664 244885747131143616182929655114939552946455996944237477833629448369496793527612
1211227925626799717289899321131284396168 67229736411536295117277
55626654246252494314657597599114294739636728425962567534811897926792979842328152854525857884866997 6831812536473238639689573958898652665648721345668394854562726984176464463232835
47871 2852873637696263517186622115645141921729748461171476359888238744611488353583366
4311428111532357141842818 1851343283386218386888989934336895296369583237565
9341712714293337749625979326123173956547185376477 9742337433526938498111536692562958677884255196272896562315895439712991435819219253454914555
2113199522865971625918383147129167697962922716466752147176254972995318213273152787 56418392
3736427672438211467358783861495615568 159739273275972246561857324138818434532489586219697657224542293729146624
3382651144316244379668 598563554985453878313884799772485974294543933165951198796868948717365
321636595516966421553261126317978411498626311878276437118116911 215653926156215213843282344646989667165478741717753583471
655583538431424443699172 176957279286817822526622778413224619949834448142438983957712798797977664667187137974341
51692247665592723575392966566516239836286589948666334 58788788177184231459724463376922682367543
38485328568961471891271819346875836263 5439673585857723516483934131114341638424435377317265765575211529172893626138888714337338713897669
5287642445463818928879284561818451838311981536979996536174949228184367264476528 99885248121239214979285452287868313
1767157182513769913368845139236368689321319831837 553381287755521474899648238473768979164447614833614181916383429184873641483519741312147261966889248
64188249985261836465312568165756953974196398977987627665 35943434191536465169734896617237
9378 923325645626865877424649484971982689515711619279297888849286697833557
795968184851461478421919449912884522133241686663527897879445 2653
53881512294898397345323329242 1559432357517461986468158586341419548355549672858
1145895523641123232971752865344945174737623748 933665985331987992343727759551824486486581388493171219
728839338285769934 48785681519415392223531968136311744869416992323535855972143196192
566518465782225247613677181845165716853613869897442996672 9972931274711723915389443946464738
1337768348257713859393574228974466488389455816626947928126315972359 612796332296377677971811354289146638
3247234867746941254149154839285773652114284111577933625254 128577
386824 89585841298198334652313334214561598511331156378944791419198548591466834632432571262245131838896977
6162223897311361843473557441322945862314424496111615564 54869866534556343176185913614254411595373524212156812999597878374939757385386264
6943497236138997156341323761265784466825934981484221841968114165952627165378659384912 88124198299519659
831145131848136878228445985 932338181545895694794219627792159326762482633449791491486715
87326174674399882622892968 143137869494189958721365163519129736261563865
1956528289454619337977274144197769 6695544435428459648389144733341567223194587276
589825833722466953338263154887455894 513951491173866935
79464237946347742568333798373446499974773884536582535471261223499139484426814122853423896225464 737989212111616681575964929441796
181582193822413291235263298923864534578169111653112382472574941841379235787528436332394535539386886 35589561369276211691393391858393675929998662634721581385946723197778456771518673796
1144739811255899679948329174129184539 96146551976988538133385339298813419866929265986842237275748
83495393333469581894775151671596873727681869432857326948186189338678558993413697857825 873799566642445532912657755312496391981688679285163729227711
43736893528777299331882341234127843281329858412932881 4462275678481961582615211279449728236372223787511279418213966511841197516157577824125
3429745158288643424174399111469933111627289813677198 33413199667182119753841148981522
14434962981139497 1366257668195389239518563811757145144741495854152322739151885344324886938238912525149356786
3177871688153192997154881348332598958 91969968818143679981255941251628181685674297568796
59484219968452 85212
5453934334 4483525393732881678822292178
97578226554948465696839838137 1399662572171813546542811515224689661323538694655311866845441976957159546823919712723918257
43922412182892559693816827165834364251638735643614 6398829761729369273916856951333256171581673553436
27138853659313758587697185263 14667291274381126855498814441249957144213127253882849817792583
55712532331942115545686169874546643714724447791294663237322435274287765981361823215749747259615982 5815314584438686474762625452421252128343588144214916341452951178467615431586666583164853
788614611831974383249139492982715548859278651147315 63459538243419159813388972536919791255846732994376811918115111959445654389375693151315493128
331177766134813613427234828 92
2646543448449226786282639475762639372656527446595663945739724992416349 25633121921911122156334168284863594358444679894378474821315369546
3286578227889341948183834586282767674852127891325925581761732561714545521922194967668735635146 3154929
7583233172315164567131125817758183778715516795112235457237311211548924873262239472 11338251121152537345171278772981485
17596438269761655126789743586515922187353196551196597783294487836697511145588945125116123832 82327158394746312674141843776566632645331964656951932962243784536533535727173733379398943985
197357962388634493433473677911124275456112927 5716892231763788794923882773223378688433235332192125583269
697196621759467381663899968167832839636646646312795954266475254335582672376435395425222155573727 93825329945864645398768471728282372776114
6359377444269727353899417557975153485673613561 76637653724586835361882372598519889
485973899328838496635552377786584639236623738282621 8876587423955632857836256864771979333291491594538341767542698431848128617686882197
15334119 272327
98517535 794963755944875561728186377289715334654345989986778878487478591778255937962597341569849268232223
54266219928157768812368977411964272839943287949881738752752996247672381764461731249218518512245875 851756584217112434697283123892839557798756888619597779293266629849
19697684239449899244618555522438117189126496197829674994849568888731615516683373866254 41242629259142179751426678165723296944543653443857495757241632749825497325212183429456
3342283658117366 79679789299188132
964842295936963 191121566676571322757179755353771763667183424516517333815245287352742947742576857698287
137137212375422727684674186218586821452985596197679947377731517 7687114386676715398886993822896
8586469749614948624986 929954828498729258719388371338773571385917149775481355169145121
66382263468776165766637171273839695934433928112321 16376
289649739754653488343892397363244737254648 93488625754313952792971895299416812992541534972717956136573793387948832898688782665879136493177196
16913883423595624356425987377125473167556532 865686158377765251585453739522984985557167678986465513885559746342126842454577389759
871265772597855537599182182958973787 56467619212222944992828621127347276176279671438521478922985493962324284696221428975251219499
36942323494457 992768659399358476714711283796669
8894153377267175876694447921885396156361 41965536579143892325661321596241238548689511926193616517561546732949825597
31781615554435158365988745749 2826898553896597459527166556466133133572829692726397113562924116265691411362242968941293
563233759937432782212442993 64166597989637432343761781137744216121854
792153658954951694778425223988962291564866469943276843788977689621997851737172295915126166 51239518635491839865158999522282412863517781848367332175293677643649
48789223292363276387567956626121 629313844352648613987351687264469321443446253744983437822
5465373945324 4591958786852794762186226519796191387188244911544335553
842768451456794759154273772317237591154938251562811712197853677971578529867493 8848891996197269272375878434347119795549513317144234814965281111352736
77553545754939987831469384 349538379399159878276228692951933278454868247
5436919773937161561695132565874577421524139584614 79517385748458
5423717387361272992683698381871441445114793436348539649557511725945317 618498578898514654598153966639711217
2232994215933295998154 45512
362486988252215271112294864332383166355982592675617673537741872763692824585397 227254463616337752295973978657668432827971
361853137546735931818927592484883311378 15986677254475517993126478859888
74757277993246234678971383627753261634828542625936143441562315 561569137113963783543715956529173438623545493382555477817715591163553648339
81 612541687141841872555221426344394976352487
5439255146372459193584578 292858741666542942522487137219696587734218279253587124588882491357337
9651933632194 56422966816373991994413677982
316457289449434656121968579286276439642882422164187625521243594272147231348 54689474742891795283993916675584129865849186932929425336461298595348493959295434939
496813883715323569425488132186725271687793598939579137561 15317511474
9414951543732558182115664879998828636763821421965188489359361516 65583848313785846685394848932346766512852
2791584588372369412249679732758182524475528628933 8959684477488814461186423848671762169472696644361445212864595139613663745328581185682583
325277668566478862343827186377791746191698491242725639633169852834813364317 5251338632944929153975166454477122481115648298959918726344746565452456624134872979442746628583
797476693178354348264658467677738898183834228156223562421293147532679558517965 45875684224958593226332224948213728754275612644812956311318551918755763343867982
97772697858189721456865244 9772753361797926898
78891357378957575681125196116524348572974255642311291284358859656195125168627223376813148 1272412566761815943559376998182112241416975216
29337731697976616224621799571945362375726835345314241113868831725793335751491338477282985 6259345992139257345537815761975767281288178593687559973458641399618636731471414255
3 338591453325535877787797979454142827354554932567335898625842
8268699316612453743673679328713471292587515838649924428718815645692314185533393994876762862 5876316472649357359141821417588971
7292419211716542557494796382575555531229529567629422942732177384277492915812981365354938 838116598
1871758425519618552765798282996 453485637934179429991696
5748875654128996583 6143673293561644996252157958765274549665291314643293165349586697455652
4125236499277679321828955736333684323675673163726936672442876378362973148419192 815591876731155247788348762312439429637567295479411863858189799879471999823738276548265479
756184 6163396962751129829977559665126354513736827836752358935816179917474289537988342426319
86731448255683477326198254853679435131146655 847963152356986529856769555646618927557686796252234244645
58572759786214953429211728277834565637352191117175284232717577769177791241193977997658144931895277 81511983452853163526958854236566758857345852127725951975548157914634881
68683225699483436289861752168867917368525615978284273994947498487 587891146582535961659843583799935
15 489777393831776947977879533538428466913838781578267998496814656647989445344687194232115119655398442
257556692578793 83893386578182
82 49273188287339175883176144793337125616619861358296315568547933111444362557688412713472993576453271
29679294556746269929157794268447875498528816614124226232447275265185 17238219746115383445239812625772496257371553889551945337231511651116634995556
461152839224224811855616274922971275586598287629737838217474476433559 65992975212424178352957962437416382685462654191629411568432933372344949766
662629973167163759241236 1361917891739612824948865858417463145484442438362767638271465875887728731628699
891634841459727498749456958757974317354151535589454629988714149534978588838216732821965656368191 3116441839837359128943592569322188448831323628736594545211338191537475364494575283436
399925474258586694524654778459936614575973864378214623243668226267974433824554751 9261577677235141552848269713217331518161469314925376629517263852496965664137299296
778266133584934632698121669725261216227113216492827491356624672559372 2566176168935555859177853613197869362198929518184855182174897284115255997117376798749
2556986283631838659737689179789444551252565177687695657794825899 87944778263627875967179175254767262959963387824377618914
711862262266579297933856845118758365685 449678435291555661528373847728581351241813138275933587
744399281863337157359888166186686887452491666228528411497656595322712738522525857855836 5499616669946952395117345563543293
2419419359187129542994941497171141845976466742252891129239247481529761932758813196 8366379687913562524612536164912922466585241911451864868999746318665781912588325323551449
475759684995187 76592397173834166912284784644869829527237547274733843618641536331937913154318298826
88378643419176153134374311839538269561626377236147792623648993241345829523327745663853287 833286846641331125411994522826349463632941818766348939269839716288333498
4978648 1677684537621948483
46713732811419973191325394998682549 5516812974841254932
292487694463276229352569772285723751453344149165446373899194881955 3342785569467545161192
7686179252718277724358812311981355 3348775
495469235891551515671948438531399335554333614951219998896817653453951877417926273692765834 1172589291325374187959925663887377442173198674877874159485378727145124127173128599261654565185541
64932951316998624443498849259716558996434816187313947675362829 56516347679323476481381338562211359332882557931827623785
35232996929835967739993995 14839252326743971623675133672
712472741518952423434626639237149133324216295679847 12379118942
913914474394144548469981799353289742 733646
968718741781483774224971675268816279697243697322332558661487342737253482516421567199125345583881 818123876799391323785595112874559763911
94897796764 277389133852769811587852729883161
689191455345676133832162473613911622858688192946923548614161951362414632389796396396578134262 2968113213764343
94345568263838331973454669938877192559418976271382519641427453617525656154495269743457 2631717998619347151662142
765644163442643633394585236165523689481877198773281665772258199528855657973 89
181879486555598977368727334333667258944912535258 2295841286395674352763127217818737428792289838343998852593832127688591881259841514557847962
37166239442582 585469471741726464831383949595726645932277463485638
5145392834777462162911251498799857279155226138423185353743369776772162416831636 683859167339732832785781821731341476191199338977495977411
63 297218589153859825779313223855275165194119149
8968261561895525371849453222211547416277374715663541787611454863679964222529894336386527862661451926 775264824423165794766722433925345173449647134258676911364381632671563867542662545376888754226
76444798638674353511673794286414359934983714663887639995653173258 5321792395984486779983519965677923814571337859
82533666737 31763437566771298894572775168666275319263885738735542718647882316576518565624342
542642241556743837259892275354428 813716447334972237139735771683575761459631144913464733495278942199
1572938383638675212461535929689198341538623634696659131641441558285556273381333731346 258684792345854459694148813772592263575786795294346718232879738986
752266984311747426456986872679136339245864 695339
2853887839 2758471
7956839659486785636627164287452257793 8952266297226885982716228258
191859652396787329751663998447239177363729 866586232883643816523
8298592847117667736379995795591266513483216563779933688951333979324442893776 8737495211468225815393
9788348141919335181393885733 6395378
8431868645369491344919836891553789868892665537774655 2778889891234717224744888154325359969561173637192583232833447152855878759769131497741275
1279438656596935477288736824538232165981 1858689548725934422613527575928169374962266575182178176729
9913919623751922861329256238512418 9133925556459392948148296899219661846686238
9161497465574636394639559277713968 7237358743722185142892847772959775534
329848796568121386382224223138964599676478792862319243662149229343615298859933445119729 92976394477199584551118178648141988731951854522387657287631158583618183
244332583121592532942316854325533492773113941955678826649496444735118255 8126173585566213533398966655878468934723382332841858453322443574587783263354729766397842174284
28683 9993866366724215999848287234168962267497368377526623229487726411759182253396537
1881748617619476919946647816478843264467297326173828218349353765642629158734526327677771392 1474299825145273341225349894
7778681816665773512394594 63187429852547333386132988596932166131639213135781746954287787976663
49236455 22529422183518779361542482921397481957212693413371575479727321598563519741914168
59479683437579826923369852625395568148862244776584327996273799758793947646696744 818746161658496286
85782341334463892183221647393193651589386157313283143946481568645631283349161512183413679398 4343632715753439493372623632618752412641441776629122394288124355936817754349
185519544586147721448964125363479175221324823227467114922829929451224976555722979388626351371358 82574422546974694873654495927126592931582664566595376487327759842
57723836513939421132137599922798847686689525371813165685272689696692377869859953367 55245159374457692944497786311775134756749419399523861541765243264994943562696696185
116556371999497988539435987827916594256866379876692511319431133466 21836878227237164481638841172673918137138443639895596938782517
7383773669813439732638632733348364196131588486353673917773364225616653141785727 7
44777999932233291531461659646428764964 34216177189673183461211855517399361151338497929452563847697756482465
5234575599298939457641 69543341353738733781861376618334167
48382413374712845267573345855348783151118217261926963827954426422349476691 9825171526631293842772673433125119529164594325584486153664114745178823469187989998429762369
51596821115399261348376228731849973311157335658218156476 44421636918683491363666112137827918695175517549874615396277383
3 6189782788152526
36512241172915251284 6614496
674712648289554255717465638761145 91826782118129546383425917179677253627236
19497949824666314528342519927889346819535717236138194462 34251897467983911387365693
17634146581165511869566296428419377423985386187874231985 985378585438772985148661662417461556661694
26966122 26925941524648329837235741569269
1597 59712164481
2126195739263416549744429523695625628341745651688643997255984 2316792172418141213825686154951156292717227213795483768133122
556842724221458968829454268627549395537699114582992798882983924186985271484 96251715586378468619
746244525582338327377425654698418378413334467328697995162192946168413412611394431599331115876161875 5119658355844869764139119355366649137832315889663871643173527
84891414923222549786178855281271716536915679558 969591183197163257175427768759897774
874989665713771559156323332127283644945752428474876248758378729 54547293311274598822282552276575499798244
53 23351792619277247214777117228975589183945
38297583658349938371848477192247339414967136616246297647336985553242542864342284351653877223 3868468953892548682635546318945449943487314312414173686344351535866177633522782128564691429559415
967824161137293543 39657111613481832635133
8883876132 8781577934318327816444925
33191496965267634216637164999837627427626254414862411 41637221143964842335667761486751878292138664893596964142722387525512
942192773889762266337 667443784631926925345179768197615241735494947
25496312663469341678926183882755954623846135394475857439633137359642343431489267351218224334426 1865729216437236761794349864686322791172168976295476315766226539352931
4595644581213165889484296395351293252417132853685173296968221849597756449314 54489215688234965745674968261728697228141574935988832223345252148916362494557983865969626
6429581336127 6977819666411141171676167978363731646788124115511847658933972
7913334512 6278647453457436221937276861591462359532814927862437342338
899913424879381229273321111928161341692551872382922868826794874758229758775665492158778691481 34817796751946615539535369716531766894424858442645286673945134826448674456952224367
74262228575386368946819782788162985636213335553656789562438747817682674777428488864285775592616 15677327714964437595797383157966216177114874643367353729418366476239561524
13296782231959839192874431368987366312668148972698178 8937399849661997459291222987228663575254893936684485665575945755393572624429976
5415843763385149481185995997953163424562812853366673614556484973639486871433 73679487
5336219243729835331165396819662682864433243185361941314682474678639588193143488 334192177342712338785691395989834245518237874432851884523357757
79683149656179567732 2534938213453224388346556195967422632534441228265757416198848779844328385264789718678722567646277
945464891317746435292313976613246896 5341762212874446811241275279993937492256441336878346744838128825
33121531617123892457278968246691987341365367 195262847234775697782544226268771659577316389463789782376353449679641216115878
958791453195745396927264551711167759649656744161966655896481583623852686293912249859 47925667355284634784422596336735522684659756
5758561414839117442161794944479169211683177755319254174219826474173593969898 7559247686645665854466991429169819712115454382592983983775
793463132776169536179254442174575615768513758813177 87187347529315646379952233438596472354177274356844872992
983913382188952648 19522328653
29289811451 14348939628849381284416372353147417496667964519235637147168563512191477573537
9137476315346826222412985857213377958422724574715847693435842912 75496258244583145449147711813825829654614
6788248326811917795978281828424545824726143931259765938757373734324214 96
97939535686883539936182457987965355171785696631638347812163982564789341635639196629947978878 836741876729399523149944265957723876379191562626536999415343998849135781263738555338459534
7592759768725534515792431268529975173875973942947539837226439778137462658657592178869594838 243459947155556483629918674644351391245773978
7825458155526 5599
5475387892639655295 761914427878545433779624633147351
6161333937341226417756478491855943372628974749576796946716478391784471323951736685556858 7361584765599673874444985372185364
816664994679575246588617789628224882678767767532 3171334247991519291452139983
391297994658656485752 7139482536895976543195448167185631628317961727659261392731122868594
233764574549865851743115199773164297881694981977716215427913847259576746128855159884785779938 3551673124342
5166899374431999364715646947372354417415425587214925751115262548348714514936624452492281274448 86516987391179627459341492474176147368876539928358286727
19165659636933788372734837597166888 184211315479855528678893799771547683736395241728476669594491297568532348428679778413638823775552511
77476248772829264154677331813134577939221322845241619113783254918957 746841438278935
4878143723677163176695272 94986765557492525619387381694163517394581618763968176297768
7525226479912419229478418643877368859118512 146467792711954254586722463727359611258254815533518316578933237
5651192847185448 257857
78 63789834767694953943559363426961275723678862428872978876237892811334112971
897235617 75564787239395867832513162567596
353145561876379252292569592943284921629365247859373621461988952265777169689321892318 947622173947531955732887961696295514115938399364233621768688782157241854
545827537828658535881315391986536572827261955 649675231713763565123
393963955195295849587187216981215953563171747 7955931482192169981865536234712171637
65992287713889697263187734123176252153529455822392212661757762257177847839682688 6955993235811666846825825298863895392971313465
29573817347962969473828429189424375494937766426716748941236751227344587562164886439612 3783643353651324492327538831212146985571246745287986546238879452982488115495836335814298363328
78988439216291458592 99478633821576972194935136781469753188932879582
5849125458211574377489952798234564127331422732927259998289823332229787747474189355295432527117 619719677958266576167649362461821883621776534967871444299851931526557971532271986925832615959362265
6322558482498775 3645541546446966113341313157368648162427533725688571996519656
326364294486759871922665867548326899153342546452233896533 27152788275222213356727469445633259952188414485126
7839427234446492388349257615688814528781681711383828233739866986832578364945764 32353554
47678566877745354149579 7915121216941795296223456663629219596929139696525797452314866679426917134667514145169562333897726274
53741835685656132653736138 5979598849494262
7 71198228339746692862177824651494293333
8447381298478299212612971437971258826524625569466812355 83
56155945546726464345125599232951139197724574524614166134986679464577766749992369226 2954997572622161229576259644817523527639916728846517517691
614611985645669444259936484632414159799628258821214471555812293227824134522133141949249343288 168129228335169992978685779483387745364869733551928135658281861249837558113483353
62762886474328973555688942984479676993433833661789121 543251874421829311182846191967273142197414825191336515367152217778353484384284687154688358
9565289846441169679888848646588998377291538578693969334517628 143863682398977278332348983659987724312964532257864348183423199912481887445713
7895673796932179242782616222481569182997167418634253527767425256712358 5581982348216551836982817612426328548834598991362471263576937112
735 326579163591638698453656442178297856471491558566285436618488646562326233111227444793255
828 981939399217582266933863412451385865892184715863421863761166188728679214557693564995976673
5886742 1942632535174423329732326556
297392745122379113721543499837386341619225695638331719959651263563316434376878 116587846465985457487856528529997459118558379
993411979929348794535185944583 179347766824314251769156241132652428351952996193876911973
3659 645938525329484267769783255998839712896664
675486621582843449214497184 69252373621135397982228
94585923569767752563455248786266379561118911583132684428591699318197862 598977251549959997297824213489632556921516227531886891238873927648225573471566899215933
6768951273273366826428764891728392212219286425424536326544893868718932415317774591296476 22129366517861223437153329675968559684297268395683464852544982
5327 3612625398982462549594943628754891923595648153421229474414863923648454585872612778595792469414931188
585623549326569173656443684586231986739267499932979843 852884129417435848644767218733912856785212568367524559649858233149945546258769134523168974328838832
9951349452989673857257365543879554841153977692712798627216727744698718183583463147963 663919828574353625215447878661866396984946653372432978243745333428229558226333328351792241539483962
947238583572472939248219266546963592817 22963678382414192396
48485882672141155663493549211665259252581683298459511476872934245 199243335789863572212539224476555664338757768626131927822626483997497332237541
184958378534952281412614645822541233838557956474962597115752975157655522163146548676889164857319 316593677288886682632886129247477723742584954753564855541225261952686754376688974576496423189823944
3396752724712613652192473965813212831721511677746498648976138698473514394528 452461198473235978923987756161373222386189112784495593598348327122674966254
3469466662895326275963636434418588292452254713519737897897826389 587
141561628343675897553737765 777
58536154987 7657753711725745859141115245647293871568197367155175925946566
91714439376857236912311848988243 14832383258655834167159914625812191188891976745433373282717194966131245858988
27475564779235451868337154971637439697565666681 769126144499677784621679493447821963554945278275752535625148217
81534281115268516123686492172486477312876637153159827951829454 668736471736
442464235222385639916515323792183 297461487985151141572679293686854466724523488111972513773174449465355457365424791479286326
144456686386626695852919394658972592237843873839277717895323898726733135447517 47596755276549893896857739544985647746925
42871278945569832474384474419453825359981129574147144361766971656532854678359881 7715564
98294884258756875144584116254229565243852657269543619743445233351 599877635443372473161443596228745289197394726492155246896233363374198
56974199348167332227299119462 2486219713672923546717854436748271959414983941785742258423324134669957167997815691388978118412119
1487151127331835997219244234541224 47113969742339721939281869932579938
4615684917757762866355591223526365136841785785492323178914589696173335735135733995439 77217957497475637767242938524955371232563681645933562348946227613213113567848618
6636992987936321886813869517292334789466435896169598668276721915649566557 8592537271481659519232951121261728937232238279862853398
954957696572196878736798554656655128495646139319224345267889877716169965764781438885169869675912791 24552115819878274416269548161832831148448366942
479543528781118379154721499145346863983776449 912289118685767214242475115235752481577267621936274152819945892662576224713
27235916164771139519595858782911581961539265294265579 44931668
7421315815778326676469479848421834398193179 32536125843165835283344877184536312375247396
68992744432223147253466884969568141359462826647614496148756396749165741761476438153449243212897921 9397639455742149561975624527876358148
154467877277388578934 71279663812495754874259146757959795391884988454745258
5353453812777356789995514325 83413258851113271437474871794432252122461835987643613285222998256229588498944859
352637758715813583796238853226295989798945949999926633721529667847688341996317115814255645 5337638814497841626656613534673246938197646937462427799645974463
33293794842725292256958394154 2982262439242253395336217345796334513248145224731854592728456593242483697716134561531541974282283
68748715227957148774 2197621293527189511898917639985539783875748575732187786512415498816185587773465893952547
623 79
2825527611444944118186139177536822168 2351855623612117923446765624623428929913275544447162849915165712791263341679766
66585314684558829582714311614453733734564418964348649479556432872397372 2838833966852856496587544191426527984875527119642429676245781527864
75812233599875738859926631368571578815964 2442472489819135356234591387257217172774261244522383217153986347323375897423991992555561636133
882619989296877953833121117251298314396875941549473488576314474854 78512265583631943913938459861739891658493937729991
7412963844641515975884325625845115971 6813427717762476413463839345267455474862366175248
5918426516516513557254591917939551886912696717354256225476115596782473 979759154158761853865542757955626425286167729
753679843948311774 1445814148848685532419694426333489314183643555586
66121477972291831241655393426636319467591383796862294181834586197857652336979112 133685541954525397364714566223
186656523944662214216382362593673619296824923183899335434566941543 989185533368733597867684131959671733771521813
64684925982689969744949325331281668189996651429165 786328865147252272583752187858373491184444694929418447129594571264551
6675968 6852185541169492647224915797774835565447629652731914925138189
231114747345526751677811768382516131362485417785275965917884711243143556889 59923356397175757584172375577554646261687888322464658331984745121979126357799125926582542168858
62766888163388196 955995276384278189376181612335748223975584763979111687935127291265266229386946766774156684221
27215716553743386126738528623255381597319287534351633654222361339978836123389671584971316113 51212246521363515863953976537827648993814881283927445652195
264841859848114689982137558692221329749199293319915647884333219973513695778143631697437 1634388672155638387981935457116783179483643893724519723784596252196644618776138587773217114
5475974848316148337715834452354143 511688976371917389164989194565541645573184
6858982721555647361595695338788284128771569965138638356423819589258971336867827 6
6366785265449365718936224455131335212486774686252218177 729597521549325531213545
5 7632264759851853863239149396799722975244995929856856255529697736768969759166268655315198449
9922528647454956313622652522824741877665345914751 851393564261997427754155675128757815912312476344
5371369377285629652121991838222944875395449639744335114591397448925884889535 247418143985529176625888792677263392912471667493182
2343755249273 97596615248428643494672195922853498993278659
9472291752146326341517647415288851582424214988217555514114925878 2463956188591318748451632239217866354
86247145921364728876647663189679986987391797183577731581495885933 952422816968982566187227235145341593458961666917961526228291839176891122195259362181
1825448618849399949717573784418615211654 7765892128483961492593594185458691389855852958536811158533281541187518362378
5749585121966458568836668916523263832345128955649629125997521624351625423436263389447723156742775862 173475452849375452546134253528795728942925744331229736875724361688368933784614599536
3984139124572267632765419144114658779137852139274418973889663278693262858 48889554468387297256911671482793937265824387726453375574435587985628842592893934214816824491154777
65896 84567778981231673554765714314886169821524273338859791421928178239557315256223434583979
96787665667982673544879817825546 76522572227342727538332149845579673737314788794248879516342341
416727347457298425463364958373659879271287347367623453415361926 8129589674189948575191244293134641564787755547117645369973121786999317
5497211869116725826493949452362 1237723952295984837865772894665315615256512883591335925335134499648661824
981767739744812499877663851253135557357787453356794396712161262386572261236584 826319785116859928942113712553351422917861288133574924554554841983418619115792943473786781
7771655259276276281895277943252298955225 5421564569257351851325215337193214158913851
1476916 77393885186471251556558591428614569178559595923235329798622755413126391132121433882128359
8786791 4326268713558327888391978
3813289112999631826158372989346799884362795872569545265621551 29476718244994192568827731886625993178818416
1966558455588329383389661287678167938285951966436682658544514827584 916924161242899827
6119372958152397993917247595649395962839549 767418471854814657878275617864935434365391847262912746522617589882268265484267367135152
858475221495635838551229491746388158834 5256513429112137635158558448851165874297354322
983229584289642869841929449779867356445386474377724329957326168641751479839914751 1114267318371494712571944338671482177944856882811962979611962338857631247453738944
7834823345843185531977817159868621396429412562636 8938763715712241759959952375676398624484528614388122963129834849139362387664473818589733458
96487324886492632494818141794727383117 987255154311928299964249756116734292598616
5822535741833291115634162438314713621767257379586559314949347239251 413354782679241168213336442974237592416552849587495526739894467555525339488
58717639 535894748284824741179829365323686688153566819478328478898128885883719869853717753
31391817492968679855766871262463299 63149627756144226876853725791921856284964241652123785375997539318797699246159774599
135481725266321798941779459871 6467643678479243195421751219
4326789917953884561184614913869666627831984775318 74912132158116299471497721758726889684221189961748517471
47887433211811517849729363258872971546588627398637189771912931314356143142993 4123853478547892899139559724148736476745335546711691641854972896756876813633984167268222631218726
32998413632936619897874582735353433738936193595958644291478767492888454268451727 72733824176622556686314638285151111
792813145921778979468194329322982954871165568474586436999818391982191777933932363412 188455873497428538971733862376427384627622489721954647311
39185624952576994274544998923173399464679796272427549882446 72161132267527115875227344554473
58914868559483 8175868721489828283852254272951374463915871
826725546816277822857822939329933697362185983 69513492875943
213596767425532212563936849583844531684315329343953649873394931954126614143498567474563559741262782 117854323231639456796488638898268778475855136892821175539585393671861755435263
6994248174962995815648739745274965925654539635179 56566295924575727768374643534554575227629756397217856832728939219774837786582195712691649
3416476439863481719118126181487874914134178 9426964136657466887997394181953261494669259661242797243148644847469383
6531121214896443119491454448979553839545256773611224732918532149631928467787142633 53273582473355555426619446515446467557347728879686835417365989485896339189858655453453
895781224397186172815344432627751456933482786816818179343428387511622 92895522855765244
9661667952171879779334467697741138364166453 9454139747156532319336463
64673722893369844767633417227643911896665354889156 64359411772397517591177687518399446285127985381582536154738862267513256621
6442557728337816585567881687574458814946966968536557285494772758516911359883 27836713
6744958832618224488351547591148183423628791555127517 264297595516292868429674584185349657347972911719879375615772534144526614388842237475451829688
8624284641377962822661678344253331914287774731657622583489 3781429993367134962257858197916229456625756597721577173874549813516456996844794591
324454525414137381682561565923137599371134339687852686868966936 36891275798393631642956995326555675966816226284684366468871527953281
532372231168372145264832247371262291393386597675768144574457997537558776344464224 511194421264134572212174699424899312111
424873 4576498953234794973275576983586561447719273488268546296461368812686681741312353422442273
32285512722468616623673991282845962 32877183817388359
98782968267893912631281414965179614466841771317283778678416546354954919556866852657353 7833261668562257858785257723582435572727
12822558986449514661827 279186327414879316
2226965849489648952956913914372342 494286638942172628846538194639475226621163536613635
7696167579557337197597216221495997383327444988612592152148226949345161391134753971816992816 589315381768364631315188
1433111357456992985289828792185853946498184454192471459814 663335398669651745587634531989637241574487
64184313 51769637638222958141446495491728312549
322599787499941285262769367626881661613691961258673481252563968 39119837515458323667567135566639625192831343241474237329612738578834792539958
864787168228145118598299153832149683264822772317233958998767333266855478 54865765244838293219422365243128173794737541944576894766525768162826452337941853
371921941652712588912235182156396844286235811388255254126276564659928852256961784344 748697674647595545983976937
497223424118197937754532431358112432941492972 63212182761721966116196244824737657845947457725455254268869244349841949598237559629339
223583844 7126785614744474677952132347254
78328663976714415384165 6835873983936213486479966845795425724895428951657498827367497786
98249586389535265918323 12825931519213156343326215928546
362248866187545382116276758757566968951791 8815197396234978931671442989272291961489835839514775829693
614784833727717932456584963659743791551 84626862449579
893482946732791221368389396672788946391555138866977761679476344 537477838936923
979485742742752477782632378188622644152979233 7953992761683987651839773799918436786937876464529833492752659399731654124991
84265984594668131857993448 271185864723741456161969411616483987736845877925653617443394459754665654182
13576669916332685818187435918327931125194261162659996247 4149899587934372487883768
689826652372588692996217696625285421325855326663 5253173142875475583872388473532128889822824484159237887574984288117979978649467474
76868345567391421839151614436 569585528338899637145724285691279127341442768379536714646566
43615358189724998123644289542374535543821398639981151978 85491444821656387312951316
87587283 5982724632193122214584893433198546511964
98229724312394542976123351 5455672276379261498967222937291362449363928323814296218
371987633 74148927191424628261174883
92567378491234884265893495189113172725785497862986 94522861759896142
593728922726953396359756942539297616171532449211758296155232 3557677285698972494984958241496797196542338752427374729915219443171338681
443479867238968288325555636255934525544351117 335128961549338659378296412649433185339285293439153156521731431821721677939694573727312945535
948454263359 48761618932158632152189582979863911128378292277428981331961416157491237965642943976
169425595651665314136424347565226762356453681646249728333 6828257186896779783815495212563735573855697731437169184454184529618575196713
53167114138766841228212283817195712262596835549152768368179 8946721963262347124777558696296984895478987597148958861398666292581341555
39845914595723147543296578582514193797449375337726415712431165954395732382866732 7638729644624871611588458616848481398865217814826754
489632673955536316124429659141226151789466198919614 3757623555525124426882195591673386785188335271179671781551762999326627829373239293375777776358449924
3612957153995322484367793973623292695556448358987 2811667871639376292675613697825613398329457932552962452698743472824437
23758753217 76359818496713269774383762337473243922616716214138499735697472343345675358236694759448
531224749146367264127461714196272334318 29476966767998227525445538177447869432483466624271199914
51362921898275866253312448726144457495271472527 9196454898619457428762253363147329273255934624679894185
63758429766657357528255187277742922392251423837221622939975 4481531235169863729168779694929642425522292293
6622978466579936858324948156471 114886558716881839714544158749348879995856292137276237913911847148539461658458152281129759
868527377225 873523657596
1566776534237983379939243487177473875451951661341245819838342837633334821571835635345 49822
777254527828626119478322842933411415789497414 355448444828977
29415516594955591345543535343329336184241284547737295587875887683782832526821666 7163655939328359966926548
55332919458266361776517427378624583734939183414527273323323838233329158485725327652521 9893187622559352555458796262455613935767955819135192349488388328785347292223991229164184457351424456
39971265154264665315848939135866832835415639329285656814388871 3488915132325312343936467782717367795334335
386328341723378144917245562631281135953312113229986499138971837182326925149 9432664853
98837342758518559945715279396282371751137717788511895969962717 22484453943875458632279656634429238277287866444868
22956824326291262361413481841186915555735134391993322929442675 87631528487814
4178787299 5559749437692188637553552229381534982784252861542922226657194273847579758492144
673155652913323965736733985666711542727696211532285158413 2583385426999968413823125563648254186366733198251899838274274493295382874385866495652558842211
97587979128 56543676215895928175938436811364986
36416449746157265 6331589381558
9968874453465638111322347229133876982564396454 6217631997555863
539728234478697919482128114475434631117353683711748261665 84427152779776832343388775624986814939665666694446575
17217954137164817717662227117372988453459 92555675423121364549592676594285833569441791118933741485972654983832549235657738941697332448439572
51388272684629166812586644767112486 114648353638695337787741181594854734172858197399
185773727784166131679788197738535781 6394135454561638722486896633685765489679842693496714968832345926927286728722671155295748
6526944353697215877855665137734493343844726828968143962586983913432979172626468969557261 41683754423389179443576977648781472985993499556479677543532264352917379
8465416238664467177945728889364368922332973947 53537795
112789755155196532451847572996772735569826286871 83851942431141843612823362
97549133453223698496399323267567988491319356264857353764312 5435542486128918165226477891
335552769857943572548483472639133959993652542986376329179379416557833 5617538846423351563264928894581741379218218225137664498974852317489219
7223271868698656711135382386653882459186995317379882385946841452432852535649748817387 84169446575612127397776816932274451935486224246451532952754135
9623331575129425184283971699593366688573652252967898284 9552289974464556272549535495679982773941157469277
9188769198852684378878133399172979947445644724 417388447293847785731139421273671154
5439493414758138624956434819348251655142361531676552589311544422441257131627483233684 86432473789714544376878683258227834318436628652359996376199164549853254334127776999
958728264136182116146132186142426169637666658243816658558288948 216141244929324579835886226688659916261887174325827254357389744249948216645279828
49988353247442934132966475649627551861855836614215296828922366518455155961714736227 17426435195694747349532969279238951436624858399975176321667831757353
3338919836754321114981659 928576741634543578938386935834258115523664374556152344
4356115853294367916713816847456 512397721388929524649958133721911189977746444
82883329838331411247384367326315839651334523139991735664821638453893973164335526342419 3652233243535324388731149528567632549212418392
1298191351347623176383453751436344987443975646257447641985934859646462837 6451886642293656811897295131728757429669722172818795699974393661378943658882213
7185138632937261677638336987186 886432845526688438246696397597651452746929151512767777417352227
2178651854462165894751771378558332384574181555577116791215124554124179862988225518391394215163 442648652317617538732359867683272976999671147
4612365737233867 9526194936444166915495172281424777243
3397382396144411844463 56425565927198475323758247241291135992536743579399763155848622216795167582557494429525855134
84256911198118559532653556444443778132121 19529462162194926196379874789284662447634376854696891234492544741541938262
1828789878716 4141226747572635661924837179828849369594471539932831413369266836766551321694229
942544545 7568598152883567983958396775229166423869188132724614982329614
42617315783175928833298827438296849494918777659838629824351555978489915783337794177743488435844 37313641873127697288966834924951752297358513414227939143773
9575623221678 78638342361457128262344486189285618933783822653677478766827851
4176816831955397573416185131871721441116689544327836281915919 125729954739311528865115958314987477755981627381288195464348771374153992542863
42317748684423992551458267985894648978998675397912966294357629397319813272852998621668 1387922455145313932422848184146224357111787619671889661289795321513
42733399848699531719532866793527458777215792154776353677795142715748697363843393198548113 96778
55864135955 814954488355594412426159239258342892461987617723274425849424696374525113242331923235124
9514962891992923151717399324196324293791618855634384233649382 223471255485767357999394626357822149219777852316364342211324887466
61794741663243546895689554511146577735833319953327269613635966918888662381925772946147465475438356 173988396753411927768844487553828732489227828426586792898696793227823891
9647878579952542668752884696871812968 5368279133193792231955254544884576635777756
981198265174629498574595683198729431911976114166616228 739269693541434738791741537
556757461532258112537389738892936584668798293455 285673526164858167796414797447239119616176478262872566395317771238225389828111183588736
2294649825223154655977248289997766716337975234 14682896922898759
4187813337 55452233193242282
9731655372643474599891181774436332136785139428161844451334174151774948964811127129581259334266 734114843
9452829768789424758274164338414142213936852268634763 48157894211474726167814571445438376812797
52698478221749984535113237585279348577855321996524538856248184468652874522617226953733588 4275856482997344636761522562323996621281448786651217167917188531828419387869486
335469219547377733762671232937 482617874997999464847232674333854675954474386951731651577244737113311629963765
795637599218556634963221274491424857112454199 457727559285741214651568513926638583556536928441356162518587736571
363879513296439122212699589644631739748832766 44644152315974685358976255126234521262962721
694741879255947767652697715559993326767589113663335737973145255421362873783328826 321443561511244425258669485199631
7461854547898966514127535774587672449 7327918497814282
86194722183131873322539747496521214481146718593867111325 1798491841429335847289157368711459883333956638182789774432931473
24532284561573136221663993142156 7695163936612351512
56585246224211636421462663217654287424876483 45176816116481883467375328529622171549
261239948852316594651642 51726272187845642426281787626786959142252662984558653999211165889254736854673793265163234415728
7472967961458129957 236412185949174166216759563788852333
5252297368277779958734781132266527867759714525176546437998639515172561575768335611744617197 1189587319257539943561126661744
5114353655386616352954326268566359438472572344949546563 936354367396639872868421657516116
18873243371281619423987231198 98875962525655136849622338286998851269876269857474636461896498389136
294152687521721867659724412743639556848431889336122381441289985914695395449 379221979139473589879535965769527521729372757376933895211
213589 66283824244333893896691951243352521846953825145156283133113241
94882499775946113932617465716948489 5879335484572837813674
734879274564163454589863738478216668872 3122949413336641422155175112836591266785116213677374
694467782613478339557673359986432534372416185 61997734582124759327788622299935624639975338258983943342124
6974128884268273237588761837767525976747981972632994574959126688181998482249792981497163 3452391852127816455828166648662863595612
166598544439795228119685988729262938149451516736897395743622153548451794341925622428218384481977 45371439325175336739472194796747
8936468158486341359592533 73192499617392579729118467684775512174475932654531183125662937
647419964399494385731593253325656664821363993162847733957884345254224372594594821922227255 29765683169927412223358566697337611573972286327134669999981971288674724245787948659331126
513151393845229958411979165478853357828978548512 211416171763723927228213949888338523989668533857872919247843879782591638936
9667 44996279481848545299728169372711413823617454974827658282876942579
743929391317699188998579458641727339241962489723458696 8811583681547545736457379964556213925674824368222
46517688573449213719334351318845999145744616215295646125543984128362433248589567 7889744455272277897424898813219299371795999193621656171966534333394749795978663
857718529412342777589366 91739933386166749144945961728585716445845467551352955936
342643425892193558552443585642334252865797532859126699513 5949658839885232616358883885964716139885319912187497241135853366684528268139244
8271783239854171456175616867974415419758554921286583225618479384811741593 3669875685892428158432856694547455512522482691228692335316214756
278815839521165297654276581121563288694595365553642932814825361839238484 27936989395836455
112745 96
1768621532226451926673799798777481172539192 67723416496754616154349231538729137477467613
29 6719931284136698159549943323398133254556263536
298883857661245585872573156571449791699372633767288413154557559964953847847139751388221817952 3677854746883794996629139165534281492821882585373998
312355472729945243669669264731527719776252128465313415627 7521898
8258381916534668985645517945168685892889 7412635711422546479361
7847323455232722381 22864836474511519369233691588611459764264924945555881973971341
5635884185725178779843742548122245553616118635421237 3821848687553831829733414174138538592171377244392637947762237
564468639232676536615685452697918562 79399628873143946727563172934714363361772394163312916599
2785653318762745733741618464442123969686735 855365759554934345621122589768
8415728225241267466146128157644854 4769372278954113767595862774457119423922346256627
88337348225686552766895688561971813634868283497148624551449555914666925337218229596 3358395854989811692921827156783857944428727497562294245881432312539297
156222593522197722229227357566228491911914669925752559749273186155321487476911883952363 1867953376786157967127189879525492234965276961742712659429259
673299454174923151686172485892926417741122481741958756595863385955742537953987846953 69762162693961557413226897
3822235468522515518813116561346637591557178992822418245693757968733523512514712864865782546832535633 3971156689598417747482
262546629919443551272369284478244545497314737827683199184159515625582 9319211864747853
528462196446384429968145286598971167596788919673575 545128797532598532429997851652483526427766597618482638117294752456633721441
8519768733831792236452982977679 6985133175824278394566738852587674547264771
183153356854771517738835128376391744691948481188137582186595411487884 1584379399363486982997267351915521381785281756927766787435586333662722142922179798144768
1479282964411187736538322664125162349637242631586447279336284839122182198611162825 854777766594829586236931749447654779
128555358227849 72269632425938
7351294483 3867
829234265554433747842856846997448897481338668363871193 7766469323743518
749265235574852155586357973397254937572167586799952679 77147953223647653675166937873911553272691236548932369993
777752459387766487644392736214426988558579151344292984111386616884979767597526471 993825588289938972916832267168853458599538183347915157595964741479321448969738862522869846
292972894667268 46815996917622587416326289348958331326842186275519324523186852264179433534675516964
3758 117659862
977234652542752211585772812455638811793839 431496497531173441432
7713644811877243288615515835164273989223211676817723492384543317114872397841717 55686412472416316514712297896745257698169968866613921445
8812859257 443721231158714982913177988979588656271122131557244539562311647532269194
3278719576671 5431365666572644236795
84946293495396848592229224966883185655357673568313293651372167311333682955648416547114284625713 7362536453699464815586832941134235235267865983786397847181872694296247369275
52375487556634 555895344454856974164792983681
8654844581195717446132149536361654978671316297635231551839136946341945361926624663721 259311958569525459669747799347895535734477567719821771222352461612973524116588595353118524722838667
8513263759732764296321986793162528969317791149291283678166383623 411377
788356595363246611853415411512594614949576 73611274751234867969889571797852149349912157567443597169481971389572
66418564762236477338449282912465618979327453533169321994781349168487296596885414746661 974757369154246864373841498413
934275321942588313125934527279952349757387 993928762733484653989972199918677887179492149219444219517487273223495299795
24375314443655259368521142633275636577893741737647537854117261883978944837923691574219 7681715159722451817715453481141134541117382436552783677644741891244663658288249757292598355863
21945935863631364914461726854443128348189951627642988491955277493515 3793296719138
24992485383353582615453171439666569328357549772877521648537339152413587911 1698864438172394772925419242328236538194971335246612768962282184833963943273
177265443756731437 9115283342372924894625328438534733991
776242972465372365171381754415844362945129116285961625122332431717 753721515754388
923 796899192826465357176597
98478186767786329775614143846644821258373148873287682312956119291737293595 458799966115344326598549197197591648982732949693769999577252229331933646119511
11259774272528175776162673222722465284694922211472129116163862867368147116425513224667 12975934729166648363914199614317635
9526192429493692731267316296763982997569764691546815998891225787215222788 9134763996678726291823758361641847327252472688896358194622453851811569568382261735742165959547317173
68514166493138199351122471818729743173566963537224992 6976161291112514792465821278939473787662549521434124215327658468383481857327359747432186231871
579 92928525661897
3669614698262669626564871398481299768976493367258969964898151685441684478 72461429269265779959334968958699475289734427224828611829285665496135814
66564961849314393956944858245496943514721766367415372383996529373828356864627282 84394375237183364193625318664345544119
298953379233194263254716418779461172278456855253916549918387554919842153355462 779656314624499579263651426951
7184459954 756647
1146354329635633352387669819278161518391612376237293836199281282197832496498577552 69423193754173967794829487867613472363662512423674579918314437112119395857789333525468973
1861946186651795723671643832728529339773895167663859658419321 92229856469853237
488187219831631175931886932225987214888359242392824452838 75614696
437916744462837135994393848559555262992217657889939 794981858779196486858149712999488959396576993822318938234137456298615487
7831653723453254 845
4382149459782683916386787417565794577225637729378717243793936996881815839154669711612748565497773 4965789995595576171267483358698684237121766211161925318726251486555884663782338223813144948
4352763994249 164141734
862946481294955 478562187376892
95558863298396286142927863877267376121543 958393346434334379193525548724613764131483181966857477431815451219398916996871563726257473
89954751455651318477716493533659 654537
9527153424376272533333617967 932888994563469479939
3532936576644518486665625592679568257611878445121 69369343117688973952839844636814531368669377619437946288456364649231898532553
951198513544755964384217651212257418646712712829547881988719 4652734925628737334849585253314876668863742263529757191633263863172996
668591786742835646 2395953543546885371756814
39811993113546562413316463878944397253951298781116593677146394933562873934 274643267979796127878156324269585221244493589593842932883865
14536185466295641152647267393124594985712483433911586529366267237893881529668599688 5598676776299895926132614182689869231
554336547632727557355254375418174443696511963965 2659454622547994151737573377244611824184133
345254268259852112279519538311985796577796871 25471684417649233114394556457
2348684949428161516936446792317756927657325462543851229144917779 9554367986913249251159857437169694261787842634164362981683452658742264962
475723495162963697274241211826188537547784248662339564518494373464966797385535426669639792695211 495589824713569375366366874428519358439682968
1371293187345696361613981386427731225785228848411645268187182122223628634844352311158354125656177893 2725
965667992719744653529394239689761175396389828 84297792734396532398472654447829133593937979811578587891124246259636229472515688
88478547126264624187232438272485452128819489 39517963513319791812277155124542238216933178297973444538811177723231539293148
9664856357956141393848748899482911186876991142753168541829864756312354416449395857931 889924582712991516752
6437483118188992932161118653997961156212719 44139738413366384568359832216536592423341493185926377357456499938184733328897549953878378716394
77416432778778329581174355328145896519246522739259694446934816564 9768672398377767823669256656384527552615222487
2574899869246 281332945635225115732213565916529554934495121247893226441392496649839695539199934982776542125
388776496365626936928212278545172325171168758234522732992783636573777727584121519726323518 632166631189578
37394943238332776532528614952762423757123545837679669648884563486353974797735468649567424186218 6175968231432952734471868916519519959482737891525281511371993164975756297991946335299936321694391
1841396388789 925581346
81684366722634597927143211438247253239864535952765312751695715956545428949633829 8856169888899933942819319411874767371554224517868319438673788567862169547238973546755643
364287238118475839531573988325656257937225644539987863799186262295222132297833176976488 655
7563661347636957859927826251221 225158165737156629254774362423992418698198452776
7421683998147119438156 841566656761684988545325582141712531612516534542765357133
695698831924696615793712 869389413693353893553386949899724614332782655472881993673624635651152479839576758396383135599394523
632836732577836222977379656921576336346156621 3821962112237557485187588922596522
551623683917424443353739315137614998754559795181247988394132253373642368292796 8445219873237386655346399476738411473142539555727126118267189638177537681989845389354186332676886
139 68149357642871345887284329958613667692994891165622648811321871315995398994612594537425185318716384
2428622216722548868428 656595132252934394145893188643551272
514952173338497746374432557819344952887837368483176555373284823354983784561492212 4565757656618218944176471573556978584925563
4259958582931573829929591263275989582971165536879432 33786741421116697937665876272292867765935867322834598934525
157565846544232314159862957258485146753581911914639236574618978555981561916176145751657229 55146732174593641734587897896792953965878618333495144439682497719385568823689322941866
36167294533657742423953577358368165179763236262792537244541813111724674435241745 7574
758459639169228163937331448262845451814135599698965787766561469799346319257776138827 6225764262519172674963842216154543217186456418899873978422138155993
6788591561236374879862685832932461357487487127528 47256143589838936782919
7317957822525883622538273831857381589468193924355225387218154626549683 856244992662456589537745742331371982574511
99268755522311933275 347143949154337687419529349495371
1318 128586786788424628763566613567454118499119884241911
413975343551871614536153365522238395473865945231996918448846152245 57751
14913734634947546219 562992913684135413878833459722889148586383686539236382754267728836123526542268871532189117183
6268978287743913943783779423913662696621685773126316588386427836661719588 647743937655894552824139215793388358487161565847342397412941835729
861449158955465413713316842931459989422717298923835 13918825224114137974493786955996391966369537944219671869751342641976191343658
28513532567855949974155773117595577683154918857954913791552565118999778662947367 43721465777262359269653281
2134321883 9934839876559368368897
3242592345425857854433821274932873792359946769144741871244175561752 573851463458667542723
24953133876419758387978455868466 963874488662346717591645791656763644227
6588339479545667114862732349164699338168464984575525542844892365616719525269964731544886331758525 2264729576233662982388214392174862655363944542535466554526841883
3764281437493838671296115495823162674592528872699237597624952419728374587793488884448867866596388429 6173872648832896622728838712241615378296
585945235772155 6349542716466214179568488124489155557151353967591987863495447847484
59428597894139592387381148783842857698475231995466832725392967435922643477287481475 663296418988898615411133696446664263779381623991986584468162153327493586
8329364135954827671233861343851884872926766123977241255786146 726993526779225272773943424752813631977392125879531129298116473216455
66624968978656985177719282972843383438831552712526183433243226191725826699351113 124747594191178853698566154591646158541226459994238772224818937124526237761919135336775493665439
2892775973216662954521441451466 2984577755422192348396282289468441423951156566764925332316361
4369978728957499656594474379566328837391113551958888878745112845586369881265357588952382269156684139 852718685248288379236879979284947736723833381338
1165173659751214112162482254212848255984581967954168977138617949943946 48283915121273572185975963232453343689763957852615828
196263984426941553713 24644666628135917689461623579792247536686873563863228784
483673516371 7169789632136615539691843933352861452379643832847798
59368572529696324355884167777277952772749179983128255923239589547975732395947413461253387782962 936154887589939554613863333439974158214
2412139122568278939474984 359112646499387743338541134115146717534662939141989874118647513423497975381147498
735289215987487581417755436661697 234836945293154266115513939495182616121258332456291375598262699686848544661156773451887681
865666157978 937849118818375853493938547588251433376989773331144585322
779476997379975988276775832264 32399139248485
18773276779691581 84642848619118256283113393
3351543695237255321655619 642853753321636149426661157217855539
3537486983794829557844378899285258 746334915136888611779871751948665868379
9719192756728983579933133833574942827677811362335533867745511598363847475797527521626937838387166656 9779977884171243452722557496167856613388557
22222536186276173766448877782341 651133968697276216
54817756696456354251118982219878313828123798 82949643695961686522863246425467471178827987524932123499827155634115217833545241
31676199662671976698646114224471946681 436668156692996922731659272548762
53 3975165342461979599844636321482739938289521639982915
48186156191716428612169192841 7984335832497367787389668584396745843589689997893
341787677847412887293159548 311796737247716913869444374171877741683897642917138852113351531365743466821847948792158713249473861
466336651383591123862271467529517894392468646975741859 293636841219429356183653177274129244554124416658676175213377455714448157754
154826772779379318995527 14652798536178248723165655859469
164761815196865158429381734533475638618192549938459365963284112491677892587117682555132 9537151731597
5315295688657681899357645439251662926164687831392832 27
39876133441 7845351381378841336952624359253178491884
288956135458912464176752338668373762164339716662961 4958271189
62551918747654846862281259292752532241598923878534788673244367415439536822665261623776673555325 5833662254
541142616162965147335943536738836882271 622791871754792341
741633773729696212929821564819134111427653237252837646997156645914312687286534317534267 17485685444127
65878978344413941372737815867363285278159981487194818422997787379649724147132111251368893 67768455314359556245667333682866265275468954954171994822114746295859216651827983875597338614523
32488762779542975186894917463224497292846956325913673889695244553471654845457 21494
18513575358469717624448826113486463412271 5466224519882846273132565241592
52641585543164549999383316772881599156338764385144 9543949567317167936972356646893132872934997754798391313185856744693587127548625832628222442938
49675711598795378318118246724671171819976415934347 93
67256156141882825727584933529946252562219266311155598728366272395132741351446472633 626379456555971648514547193833346995338324864767
381375589869756648715166272298295987778 9391731285221519268443
583134743347412323312331677698156711976565655395842517761867685534394975515571565223179579487 32341224678612573454926317416857791148374931911658676874
61182385417163951784717191436799884953493154768997984467347978341329783 4543827178822721811244586682722521887965574567361349278249792426
945821425499 997895213775872349252442646459579848724
188446617899966747984494296473576623829917316916711535121638319482743272627689398241 43429367792525554455976911983829255273
87844254671682518111744384849783933197196447231796239554281274419322144126722929222159299 5678366296719517654131434657471668247264735713
2871838839524163539138115582158313337396489259315129 4356944434697887339166157
673766 19786523188548711978412552656674784679392939815522251348128418683346597655239896694669
41721253998447923833594818824884832612678627351843755 231898254393274356178259612137826365799378987564589232793969241457585829321144852829728636748873353
69283311118663754681454791475472769398652976523726692864323954757915941 3263
71275651957545427277188476345945264679446589695389289215791541337893436791646673498962369479928528 65691985941463744692951518187138546694482931122321533196255993858237367511196796367345244
31293464414683798452669585198653415778916743848157733179661418121548783 851948398269766839642982
46846838555918119958285627623244666288444156967456819775459532284215946157172768653388 62266216132975335591668942312841885519885922337573
21761224521297627784143462684296246514679595959161861171929294758247356387249627888953119 4417698486625556846798552921496722959817272732484363641967334722326962666818
424 121342724346139878688178669832331522149272846281969954834872581179855
4449467148585448127673499623966828515711445624875524627394 5124553131722861558873412518756426198868982968695531
14553839821651732958 77751955334972562971
219783 94223713522317742186496719971564232346326723
74777349 32176491563195295622193974684139366712886839433965826724132312559197592228419719882485868231463554
42554924116824231638754165727131 297724464187433294767259816145736836582677354672922784358727919776227449832668242965671
9753756813297174983687153176649665163978613826172797182 73987986232662338216131246525546465119322532646542826242518748658614747381696783
516861773949 9246918711183127292281346346193487789281813491916129925
23862718734875636465259451435993734327126147385937221878572196948324426521646715 869277191525244721595556191
7816137796929554793258267317923313839 449633339425
1482649861287172961628484266739913517114263 995773199128698988276653271877164323928651738337653922369848533628645985518836841144
1765453 3333791648
78179444147581614874183846944334588992459588429576 9212165821327185942244174453174772114698159836756
5539398812172392657767142379114162474813 115891824713536565596398433314883983664352884437262752578986442173
39 89331
7951392624853264731322748227313232866931764784831297592342174562612447287 9667397686743355919932618117636313919162639219357758924572511687246677977218
59677665234598821373 7368588746331513984325772354342636236187
11668357435961133751953851691125315419683178979259233636652285631715684772823734838454215536 1791371943448182225168893937814932214659372639915889697468794861497179273559537
81676599858689828857631 5119679217625467844956333891441924368547348178629844139615987445679913153433226499136474365133863
674884912261498332426383336922712392189859837965996967568428313893479269313758372615288574718244622 456699881133227912185942232947288361219484635112333171833342
2349936611186879363821792 2399293155856251592678691812362519345841776759626768373756787379636229613691926625113156772527
12936771522199225645748228144134234563396493226283192235667899 1643917967137396571497131639454151945567868314961683149
7341594218437463842492238565239934115291251793393932312231254655997759729753552678783899455845247754 99265
93247252988675393817226196283369121928394695654175479496846547519731855916895 5959527393112251721638844128951671486357274817449528719716991523553154433
1375668968323114868384833514339923451769187411631236279568764926844922957953879918881 34893276344571159292782962135876134822
94891414488885977691175817619898132924528986891791369 7966885481617568239318738753681922114932759628324218324386922424267763551457678979398369256375
8683415742389823461473862548786894152429175598 2714765916272644829987757131613392753884441363915363834473568665739366532123646778
599439755743699332 629976216539973997568717379932724652459444916
218721591979144275289194987476772287789782278866432841189875612637912228389654682383 164385418648577489
581349351338538224175662163673 6771513442
29723429384481719171427637958766456554935261769856132334277744452457724152388132244533739 73734315838561956418354119491682136199668384414763458676896234815313
396321633864993915625377166988194412963458941643283341126228487624333 82579216893737746913626919168477794484416612759968957679549862997143368312627542238472
245473149516643361783292384427496371399896263443394527914327468345728517339313516186314217233893973 718931852297779245749247891358398445675747358934116899731224153647373766446738491817443261958
4858416651255184146694127361357184539392156592128381844491958634594531878292552413232195267342 81713224
4328357626686191835829221794231377657661575913463631363314381278112484218138287948326516795856323711 85866493333132476341869332273311372193824497938678659817367222
76525392538596223563386478333575496179356863881348968435289558736835565 9699823262287983417543254923491437296876292595452986498144655715216
21222872631357469486433 56218672222376862896942348765722563153265
5124332898562648774131253759133665993463 3692676812221192886754299468
8325579358338381972163722 4413199552672576988664484987595367211926664533917149868369796647384436958343793178
851211997592132582312848474791375399893836878167518885224456161649764776757556969352774814958548226 237746652654645851239
54499858544581692149774478542133638957786281994744151747658832418429888282897128631584152556383 4657438558563868957642478853514237955127843133812139231
6444858334573354736996512959183788676113116111292574159773178513345499726574757753667836 41627173898272686686466154468649415954665355911942942241175
292625 8855873352171397892992616711766279247781337535873691988558772582617179557165626533434212335261249
3592868358275318151955346869 1
8381442736755931275358944978149433446444377482884452968274386176391652286347852123856 7
711329 99
42959113673676119286174715516356631913789895496366723 33849611293887473252619614593
547147896343419291854198198253771997475421813773499531547725542597943124613593113231631495731266617 817441436772781629192485643265266719654929724751236213473881918522947156214888314219461882349
8625152319687938834574399693986568197669578211496428442489596727239419715727579 974319587876247894419682746379296137
77915345381828226335187238656219838292527364525449455278338563129643 23198339585385413
62878197887845791237822493129263998829883193553246949467893173466691559516378587558936642379969 578737963584279271148848948
273285952473816454663819173298245164111724457974595856275211286116522468593197689481 56533154887456518146371
9642371665895531362244599893338911284462696291872913389178 8241734475755933439676795835835129757685688811244876615427999483796351896716717849693535
883231889722255312188166185618574965893567213246835447441797965272434572145538236434129972722973 4776272
372959311149313732411242225458928235587366761956832741382927651841 333245181837764765428587341798744765796874743555886655253729521144381644769931212257122926143348
14935215 871
686666216215946734134245521866359 414335467941272738373378564761355976329952278325942848344672357547494162
84343641744991311 61536363337359561237113131961226339338164327831556444142265848875792399
159527196756131774 19856151957586546844665921318374856584424353219383377663286823693925671955436898855349758629637533
25953777873784316612587391625551638 388485475321387531198824421972417776465199227627567929295119891877
78439914861915 797573564124755277624664799726549143321577972368334819389966129612547366419468713
254395775639556244171734129772251917516579748267322652823624834386969 15728534888289748718677753158653883565449797734982
51222286564986632556638635278488352412636995237546135827232123683353737771851845188 7298798781419662741647589339648777732992151941478412657314531841282186387991765265961555237399859
9499363174492595923 475632588282838884349797864337667129362797495668659848128284184328888
3223229796732827711 761286618555585453478932853974133464579394446187393116
83688451377587895729146369938 4685219984389778129874467145941513338853419634519746355463151821548285469518
7396278812393589275627336171729 63988246575111864793479948894765162965466955783752134
55357668816781879 5248682794942727375317534518776789279
34183959433769951589447191 69585925677424619228846495477812834417473812618983959733182375171921631589815377729216447546198161
48949856316854167369996741546294627362778947681623939223751789429377141 816624779523396738489548894459588966886843723583341724337184
88187361659245294341764178185856275571444683123284868228679736661 339454531619777454232626216118519741276991435191792954513239241787944282873651
9268473296177275989248468337337315549924146462232124134855913223296885492925553933 5317836159425341971751576175445363445599722614167735793291763985395734681713879743434416864
81776129585471161268198786254852286948994797475239779399249866437355775733597654358727756862897 8273126487623419667856711229266811311493827752898645654915432758148415632137
388528175668587481686714 268741612175271271436328179795588896
93384616538355764536682 398625665129562187133612854936413694772396841164
121829277775548836452116838739983225495224 5124159698363523623127447913724449851443499191232953598332279288768165482819697652179
61186 575846696161668987226632689594839491764333443793575268448688199924924495298241
2514442239396523884497445947466226313134776181597 8583526894491488129895648238562214329934389544252843112828
76835477329556846176573526384745593218237176616899655239463242374938497786995 863256537499733416745674645527284365933376474952589689252935266237429736623254574556555
876748626695713264276382228469199163494275218782153189134 8682193982138
26373728661975466227483599323118524314621892561726141168291973774779777922 5176512913577328771392749852612
52581594721952455832717212668265417317657558565243511783246388755548428487121282759758934232614 867592232591143152488
28774338586213798886721746245356755363562911233662465274234278683756573268 7897138681585651843914333154151934563418954326287
5626247653671742173698451597261941839176511282959283499848 996445264186429339144398235187698321935955619344242141959876573692826848248563917539
433391286356475421167165375985226134814262712738 587669379259272523421493896913796544433591632398563459491993
2238957285174387694231256445251259183514648257 36111864638378649938433672297139325547295818366292597278192145531925956788285138332816921964928113
591441649726166839767776 7349945334659182256918819214316878175862848845313511972389288243519229568375573844789218674
491347819727818297763415279 956742974131895451585755468832536178992851834379744774228692826512678413381165317419149315239
67458966342837728994746981822133992316638224139371659835878458446878445465521121419957616498 45248439279148569758256791397758597185218263217199966137559263473839
8 24979716534731727822183266859618594317578355419493995846661381676116436
222926645195585568542227575652871961691298889456373276383284547792226386989769112 74674433727826863934548189349964336853944941587485962141415281528
1696267146646344211545161386973914999778676837586254912522547378634442197278327282243467931913 44362313131796548314772787849265574174574991811944747667217
765685556553432335646914632123652568654271518491632985687 82937485696625
84794568933572647873 3838
7832246645446256744919847197295358283 44862483599864
86583732757398744445859477655212545472538988355555996753259839 62543593837892299
24928558658648935154956543752465494697845768355812 99398862948819953369272739721361719285147181119671742638323272297376267536
37411659592699524722339313162574785173581789641348628442183541524246241646988894364164293473 164379286158635732582
19517393897843396359263548588491743721242384443297349494481579979374159832526334744788442 4382532426746871324245588
39543875973984797716379259914973379361 958719416152933512927869
749771474395147484974675447367861321968187 244818792818
555137256157377182927399546245181334421 86989973984962399232653285217153369835733655138447493569342283868815463719725459741281986326
686193739128521758221768924486679932743954519365217979226921275242493117 8245589496482441434469571547628663182345464415128372582679568295895
79245886464822847841193255952141221673934842923726 98649212976597822718135884968846451164216576535794561119388585671129644335
