780
251143261455359188917786153352613422127937151233553171323529895321629765 913263459859514536746713915753449818953329756814988432
744964 42
7626362525779216981521582336186185324428767133671941256444636557492 13431921595595471421892148622735119396618516474916459
117522566132588429634437564952 53736675351128137342615277315399272769758716755223193827224299623158851515738
4222539633252145488 678597573964764832771814748572462465773483418259796463325564663564622913339399399848448
522568155835768459688484786147125635313973455672586744511627 87295591996134
5275232259644415754695126727558313342835532915871822246458127624126343362374496327222859648257591 3791917161547849351953966743288774565383275665796474964684677879852
24245927611471765451172227864473244272325615526368625733663812659862767964248417834951 69246274117321332
6823973346537741869718716784245237795984545495967225886994878756259189411656 4678345269583841787742245637661939721324879195124415117
3445821567351569538157557891361685664567578742113589868341241224518283224513911657674653395126 528175754885546882541788624522575382165472561786426621166726331723917751292634
557215223682433582695322695828249925219251571666192136224273 1551512541531443479961525692657978118719427328629429794119943583518931579313
414363877136767626229342 9812776
97217735439378642587398263611736859316628495622538513922623869287398633271421694889492936859666171 319561581
6321211768865677728438371254253483261366331771128744824138623763816569 542633495155163966513253138127379222635653954616314177752963922
295532792621844586957532662812288872525277829937145332896839659376393955244986 923963668727633
3193346415638735659399984561557842878891579272562819282221982 371617387719261776777717515257776557
964466469968821619383868454495366615591445587985641743 454382949985166272378863566
6813449926771462572354126434791889223453783874995255354976421164 87647824859568517824323188727796169168462144377214111243369437252
14568499235299392253626461312984198548722419925969943 63214942258128193245613
6725273653467734517512999927563455222862788992982811437749632 2658919347275995714475656135146742699765562187937549564669624865692586286
7684561437863238585 9113415766173423549265828387728389516781787763877258542385126389463373792546969645229537866111515
6225725914655125492129579377273334785698488645371124118397525453457194162594995785 297352
583124774638646178933172961573535857439842579386766917935976957554618462522954941416987748344 29595146783695934745951975949542572159291798441168949752319545897237532798536979635765697252
99273656172835831775223671845889959544 736398298781872478165339654897466926738
783846756123774587596572395264439634374174358176543614834617495169755816232335826496837977616 721513788567235259611465261245115244817265569345235795745523548613651918662546642292718143484131792
3237164514753642621457774796575653136792921165671153195994 232979951878378563521166829988695147846814489214197
577289912141787989931436 4583521
8566824241 3768896948418
5683739528914762843377688936187743841 29841996542496748154682627533529499419154457864652237463746694642425286873414236952166
8463622567478718925881373726418611783913795358544552646242661551774942462132776282 968743121922775424963944514
9688863457583635948935853229929121323128438353569216 11356523977
757857632956855941662842282618778746211458413252886666295415383444988899331 73973548998288453299657738
713234758126919192725452369493169925891593784374674627723412724429281749387572219991853159275745 67766665323484218836381914892
58466957319842711651485824175186487327542546764768 659918633487
997581122281186759114178188441925256396921231635681369168274689411981931959721381 351734358773882937125962681267892428665668
262962664342276923745886636755277 2592454442815239454581514727543222894978389713746458523253736671441
339745238968993798347311546562861688395194954717 1
76826991379262494464892672945116541731349212746131915488595453358847679 84928744948982586567882325918245
765491535498846482923329686922176623287669485735983652597882 6698921869355415853149655586294462399457962917774262559213734628361874658419293258547481996737651647
45 4679626688141
4335278943765223 5143344953596365439279747563383531573112126651256367373987428728313628481657112268214
69 143894178672619663246316125647455611272285315222621729998158255338869
562641943896492336634179562145518482143167675825576 836859496242528917837198441926477516
633287136195234311761626847449454218674313234641 786892239233937675355117533151475686428835116353791426
6789 75256985647815553211747193961221897266824
425416269751453563382145365723888415387 52334634493143193362744916498737981424474652668392574488413688563781572521476161448537139635
29547428359912685313595851943759367384888994288983117413274375557394 599268159225889925
4825223991577797399195474267486549776726929995534759293155468143843942815538953884931711915914288 176261287879454351576917514544135125718279371324193537594139862344584824598244844811276514
895746446625188153122369584665 14728731163511614398563262767333
85355638247 416383384637469844541325165542813552834395273312
13214424812348874641646838529229628461536932673899737237691852 33835842477776735929436929214961219258354664553834
13342337692862629648889722869283739551679585498234226721619181189765114926175 68289287861896562576236975137882939686464114526692193855486378773
16311284611991299491531814338919948372131371431788959679967626768979155723 2546113982467847222584314258436646136394565484374594761315426
646 318396462619365952665124345949595981756166247318517213891278533226735588876373676154182728939
989964645767679572497843336138367914422465826 88665599529748379827298764361247
6257219162623995747437232633541528183783966146783166243689 283828313
28172298344814342138827473154299589823674325931311952378147979469844953361351936515926832473224 812748856731492735547529977169656555476235334555446883523594862688658444785291762975733153699338629
122983234589173194897598721184184872 975269435729471487958248776399285679268214885334457
19669218566321346632591756717 811345648151575552751973323891746419913613754296819935179975588121425357
41612 1786589438859457237595658754189628523665147378381627312561274335473474342939814225362233
4147369418128591965687912362414483851272 73783664987532191184395224734
876695778712421227975692729317115726888642818873612239279152 28513891376183979816641885748823613825374
163886213815813748731826435198375945782755597259756335 42725563597571132623618536274753717555558996665529514786156623935972736157964839136749
31938647357424665774659962721891667426844817675412383219726379 7751799391545994652388217177914127217657713291192295163612222615197467982584971286716527114513957
4673875427311373575327115434969112427545289221341816395154786529966 7173285281578558216813975639963976652679724491576381321438582463615645622257913
1 1887362315219472391329433348269124635187383399649187471293113828382428372379419
4966338696833138827484357676459894749622528771648224285394 914796253444149386539638793617152445595977944586913263934339971545
5848319365322381417727493926264723777466873788169127469498365519498122625472393647238977915 959355964954726866587656533842498
3799258944665965744545471166928292829782683517143945669748176912226144587255638828 27639187654294154934545499918983868262255848947768983745224125919276646988357917898671145646517
974417178811 82832997162285891852637314669
9215711728521439726573459232941 86258239439835234688969523821316857728698387786936178413138738978884659268821949587533
34114846944887318127957187172238147341119338925942665518136262729663224 82
9839 6139875467459328727365341983258598156385193985142838469223519332239911687985689147
19267844495318873557137518981678184526346442261541315349754476191325895161366194165517682425 4817964817552795439385465699247628266822811582981527147586777633
4581999232874534155 36255795
8477618159113 4961671661534398567169891449177934256919377727597674381547587481438434795
6823277351522171621465919256641284267967183438797858275 46884747637262256719847665
9953325666722793 8872556421471288728845333475312698777768532271761396247965766598941722965354263713952413532946414211
594735673785696334283445969182849154 5277796752597198556181116683929818472
7468771361723819873188767483788326739445713124489261598278816 512639663877
816438791894996593145833646562854959891 321867325432998617696968643491551982829374123195173983635371816853
638411912738836215574634418253399233969375 139314397579664347827952154759389425942287743197978328616894591746
8228673423734328443611716224213363797299324849361999495 57657547716486785996288413936414947588484383789891992452638144731
3597119165939194 891753776397714769596164257887
8983823483697898287 17535228393241585947779237111423454955848676971888341
118517547972354886225937831674583642274927188362597899281521527741464659197 328593892992351681275148541361499462935344691222634356766581248
447659841843832628436592443264645921776144366981323681256579274511811 6341275961121831
375141475826477418266168448827162551353762344 585375179596249984718994467243765823871147184318551692527795254371458599224373358161146379282
388384444994 14298363455591976687315293
249271866413365437125 2118232128315642137341125554936753657665643735796875445323739
93371254327559388254925341647935 6417764557459727747396423239829447468815779727474413472375285319969653
8463413637615315846788279175261134987135732672334389368415576591615942259132223466972875 7152895692232743891811682386652615367785233722369668616941869814
18994453693224519635576629319813145491477876899173 781668548439584692521441856123215345353872453171152645739118832
326789413673419397484953716461479745554 118776847764186228158724
5875661599141414845975644225783694642142131656473694785575793235166798675483414 659243591315
4954927223571196434259155773955119255542 411443511829538452455921552199443332684814615331422856829686619555794317711
3778791172624677845576526655891823825926516883789587689681 4142886888768835364318161963641675684585966152654811641418417484467955597138
1824545172469291772444362683116646275794 14312845975141521213483493529767162587579932337128926713418958594981873959564327676941545431117358
782 572474122481952992768242268738964576628682873969537246413
69613268633182123756742621376863797191381428267147836699575489591673659152493138766998966 5492427319526364245614215362964489657981166685661661818778622627425944464972537
845628188953633848296219596696774565629382525618741539633472533179 8145365417878216141274943746765843444739813731623826434887941165335163654213571654358549476632521
9975136695746525585698894383691373422992398861139923185537935137113753177749521789192415514 95296225
62821466868327697652253551514434852444248629952379957459656825975363179486543777755362 945881
47422958324258247 9217462646313195258444191429351592
62236987778985939324323724326488448453883169452278968177865 3996564579132513358518177841684852612847559643719957636381693189829218655
8521766858481971194732158519446888814771354618221153257566492878779865831427722716769632636 11676329118573459
198776369138839812498888 746285195733953136221617362
2713926387373642492935421724814356989697363411733464697776838358898124456968342198575462499 583944985754985899798579593446631632
196192724411589971434382963663978185612511661664847781325653775666443271329152149768419518244 93471478936386823191983238848527211923392767644395982491628829611715517587565171
827415589225628863183554688662143593688156684169675225725874827231342292441147272321269645457788 4
73845391346757898659418348927882993974978324384543886561242953227583633 884443236229
764465215151559323379899659566127161753168491632562599642295253597573662125929746514 388886634848862966182277479523569495123936856523
976322549955615928314919395178421929114235528233751287887442889 6478956212184732238927712791466923636996367896849573939664951
8513175985243192311636292291 794881396822958957766865113846742758124679359438443548534356839557317824981783696999
945954595 71747237117858649393553657716347714176273
945199999681322172289 6556139355594163316363772275732849111462969535173517937968297552378465
566433559136537651116288398635676422198614413653842218936131876281883646698694628834781376157 8
52227592215217317681892335545893591493181849383653435723911423524867262589348236 798967827454813121118993922159254816796999726919154922271
378689915769767757511165638942611459544838219465962421794472936173962526521995763895122225728424758 3157195712262515776155528716931186123314722952137
861914362257 995783167225789833
78143426883894187575491374731 734298246967372172383955317927483161857791691425893979541873895515716718441
623322438783142913513999444772964554274273195347461758726718397871894 5812467282812538197884932722199919336812144371791491541395748461723398574122343165859469947
38215394524491452718646415499923148531458178818839336179573174222486422753373699519131516744178 2822852991469933545748714148366767149583675846246881685476644
4638883843878863124751417824625929253646861 34619378169297375843814724595818491286882737492481389995794677282392986719951486128396131339797841
859489542825741142 3193223211356422484846184176477621245631914197453763749
19127295785913416833949523384 576225341793449785793972633645435564512695562823917982871929655559245916547279945332
3646242831471998923314916915678132824217352683961886798282536319899492633 851292513321424517685834569385584878335651861169133416286433
82789487123783378626912835115949798983381228749 791541163466244461768794341922416214317615638648
667882768598786342451989889235726397878139879478772471751188285449496739298386787122761519 38199392514893754212996962846745145969851583892718232452276741719413328519325718575711
6233218428389323 7896136567337353629384813674362
52622135788729575253182 174111352199
6491566617169669185547297979121863495461458645267179255444638886311895861476 527415459152581226571167949391599676571772639648513216876799415789191421
28916734214695871581251534 62463276556688631862548175444
72 32453344847961536534178129254995
6765854235856128255298252953349438563397935866867 366339718448766138
8874997981675223111457954913957276392862516785336749626318455429511399244231515518662312 586733368517669279878
11117528134941332277225927724415257393217153674664 68592442672354273222535338283817769
87314155582168482293529949834357796676467867659825974849816439816294955977961274562715599765249846 245735982329325272267764639544196365851147227841554488915668248318561979675651362119278929718594
46319878249282 698193578814535438662629687598966364299972573724196255786796191869911775761651734148734443692
24571543665442914946356953963848267985281845 65775157752277472721252132857669156336182184463445231272194528215915147695
86415456296734937364171972596716718268995786587351116614584999165 34142115272347695615743356575674922682468811159499177729621341914269818779
997287498468682118966829423152194523946794667 14983369733545241924388827199814534839692574964426556889639226
758649468217419465454749834138788825354434817777852977448659944257859951399443689132 351569142387921392286977721865354385515129144397487353
696544298544 1992295149714985451752547582
97325889943681192868417941 33125499856862614677518467765518767245164214628967948633258415736722313453868
7674351947853822351315479236195197578741925259861857995425132874387791319166679383444487216348 96436329144441632375428532548426796
14 744675447614717356626576998121166589689
459165411587517734745313128671319597654986333734328 562
4782628658654819673317753195438439131199439746152323712 443425339436743211199587683347356277876233121698264397571397586916484
4637769817397734549425924637469364715455154575515336573479244276698184834191153 883244286957
628827465367716284334272861319238729344814685655247161194379925325912396176178389622683 38364194737482715611792779342441699716472759961891529284612
74322778452259795744229168944414425912248682732188679694471188968969297424289673344542478 72242211887134289122638412
3791427169352487347582 8413
8672634563983 44733
7783466481166935798633472719766567566677746528645366961555851279 26729923857572555661354836816712197356378969762189958215734674795394649752291895
812136957972949641416571481893194182465672236257863397842532376377 7292435961484365726729476526686848351274223639693896167353914528315285895
127114287739316326318535754563979759182382946314255234381115689889922175161258621444358613 768155151692372344313633917494843568343974421696
39747359853712289799145968156283512528197247346389455557336657514168389868731919117 13643939259611686168938398636893753645554431117657258919944736419182189261
2596711564815486379388934559281467783571335265432887687272336 17243299784335771478728534575412732447978318847866171956119759213955
377933386657462581 351782799986622911744147144689975267516185272293212624565814924965964194532142855738217637
9452845777358485257778363484953134394192712424912161412962158423481965192332 448314842337399785149189754251567243427786137336795552267846326
3118644428755118258815224584 3385677936953778867861925639684688388488439694187282827199711121514955564964686794964687891512688
73417217455633435678491269991594953173884166396716 8148391773721153417678649114746613872945126
4375715195282298262749734877966595774619164529988992313174111368498523917598873646953459579228459687 671917132719247859171543433399386847
4646394488877347172525613676421279698798598568156577337432193744 58215213321476994459699836592341712491888798542399542847687355365545374747357544
59772447512311726348965512531 22629314735437776475728361616532144
68 69423724149813853958534386341726529437747586184212984638423116651594345873789491979654
63274625778741556246371266876767868385 271198
117163 95528745931255618957633
558313 87499457286575297389193246171
2482344414565333439876744656828961427612331194256116589125442676944322647249 5734388258625286721468764656376412885611357894196351645855214954112692287
24951489835813955954159382654961216466228583578341775668618781524 88181124173342175292432776473586681149133547148441299355679517367244117652756284332112
27958554755888331996866354386829722222248365739796547571362628939263156 26615157335438213241136853242141594135987299951214183973965158148797734283467587478953629937562
43947528474467943661872889444711333661229819 233
73293847192273144789181696277752823259667822539365384 658361397789352468142568851911254177296467886474826886216236583699
99924 166787876922468776312288161278467594715148873547215569
765955911499239125822779831244675865855636527746761893957792884752129612663773423123722 546719384933759946558888546831619644674319256246415181116362319486916413363898285722733736739423
5315691622434169241587454418681121625714567893943729985577436862952995295393 67357973368982765156965855155277493933861431
262492423291735 49568522873286189464662771796146156892473231472495744712722251483347177534169287521811286937411
7979597127287557977421576864374841627354746414344359961952555945317815319 429649522847422954716814899752315714432186871
5875644399818848796592396217129793569774426544935224369712 522713339432175923348912791988562587222733294896498637865891542696887
11734679896949898437977825987625783163 565671
933612178158923177 866365385872422945995751774128165857687963679358289386569843468562569546744458526497895
2258842968497238633195421 1242428
797359 245318284165912786777
985528157552183388694 656682447521588814171964876779151397322435781182142551489878621686172418756953525936717
92572272359161885339745368144331127365345966557291 495797253111472256556
25257253934659881854512183335525239674579661961117354646794384277587479773576954128414 3978188716222877124666689831597757466986153723848372646359448296592645334796968481869168
9848554555463954 943973925721971827823
133833845633429218492644746151274728171581869462483563868166731371458 1951
7717139994664672793456771337343232317813281623875689314 3978462461269276977758542391413965245485795738487918167898488
498919316671575135996112878222185591176623773469396179692965744597847925594271572767755 68175163458211871354392652945437899
6263299418147818926518432417831279296327569352471433896314 2935123139
77437288963157347914421469923884111828734173728 2779831321574832977656738769839731137467983551
8465951669679514631663473278878921667982958122899581941468866145 97846971347692642428
76391333634725932979267685864478555763579722983 462335793695835483756
13651651342476371484678314215354114168269147844692985 3888548917712135265183878812828872634774968375696983847945212
87329896439424778332763185184763866858216583436871449921145695944124776873525154833695799964 3555796398121655452857656581397824444483169662519698776933551427843297796569587
557 87715885533196647355355633779839776727256551968435488212777
365384727322672334756763456914994179563227446628623366557997535647943429317995669531315395413283861 9335755664242945948735439186327228183871394
94541157669186244333982645835323919726471892511433 22177569152183754943916854257846118264482522988397292337825239534
69899985434989373757671626658623193348834563679393339481876841848281 589814274596945854155169567484662514468834371348
457654541322 111352215758157822749628529617897658731177951917138919468
34469854785128321322323784572228426639234592281765448889996621975 562813665639183579746382665386291687358127233647612745461426
944765573313636381163119181516 1351672128356368552
799793898319851193744549823815586224825811836837297768522499531987164761353354747146392587899495 21984559516696374191151324218981562866287836411899691731
45355283862483333417739958224632769656356112983112919374918382655543664521612248413933872139 6536263129693376445653436165765246755823498567655586182664271
7933534175638445936882336884343636931916365934853278 674421123248656991264838834233168255379
28596243564148919834455199383261383129324371812489164659 56764462522278116825883618723853851773513875288436365558458425716928
9614277 15668418267525154843678774548887
2 153928895177964592419577987745237781213716813325666216814113637586794246378
962477551311326471223257693885543369789393643489531666195212755149587748614712169262894268998331164 966144672
8243566596321784249532466633224523728241975811173557244852951968289562898442732197878 74587155642114193842245
25422572248975935632783782481833163262273767746578452565913683633174536724696967647 8467881964139272354837651869943
7416932617512893852892511914498688115623428459763198394432926647867456532637949967195138513668 2176675685647183415467995341324457933896973666428965746
461829669858544153855534278228862476546984295 769697115157274689453737321942572176734299788759185279458778182949875424156137223944479991287759579
9598938867539414417753941767593274263489732448691194852864822774675584325744459654379579289329 358416669365234814926445192183949246476234582724758439958445831574848656954591251816561773524
8884673167 7623989346226738357138877981946917767512712241725
9963683746881593384914658326746214762581714562566954529 458311818533231
9818922457229598775659898978763522441727376798727176947473126623677193579876484173986311762985467 57922942983294684474252948112627
41592771826775918689238877 21521288728274863462495292111187265847517481736162687235898727
8657223378312425782569946948835871572888829268158867632 7927496618835917884776566692534323523537931954
2659367847528219279645894653624228491141617828571855873539315227928231175877489484 36596441882161528
496961535214471561997441394827455831676491812285365852921 686949878262341634314762781977575587277221498651758853923369193995468825129668335
3782321549 1253315775594634354585686674872753128263476899314845333683666147612963863787286323534162214
231286845138812669988135598232567199262731499298579493183375812522891727873435598182823574837 4217137177831843427812392114819398366318283986216752668237793483523662321475
66454841213942768586811653245142477419547695548123142451422433658836174525982734 57668635762411567991519792939
132615773634463415969248753985881695522613127994611738613416 27554816196937636827611587842987772544214996562526911747
9397131941374492612382 26481455572553614271321861735721876927295917943925434
792299266435665 2566499
646246797357274165932774817 4996148589234554388417432862
8768966299 53855939146473936865719296811732422235615346776153647362516192665311
6997333919848963497641956285914872561411423367656182367641639418597813649714843 7428272172714939718584423633562525437717241566157512539759135252341326935717319944133725
296888562346574551924257568136356587281221 54816593296712815265516477548543695328
757256274411251382778812694347976636853769517642194813692284346324166493693682963 335786185611481997886277128468574988162287963625182669699812288383264654687247564368753612
256 2941732591497973644834566497355881944955657225
374977251622182737832556986355913761793672563114382354929278 5341736522369217619689894892865597226626919677829881822698724557358449592942517525815393
44256745612257 211255
29826317 4299492
61841389285764777531652533147342813492748125686377788926215276142229344512482943 7732968299763334456241
1368725299788848535 55476152359842612278133654379556179874461723977433954248259
1443785985731418155976 9419779558675997864494272241575937419547536534793197561379224969994856587628543464593
429172351175576794426218593961891393889122876285434516544525126321238511 364153225613685148
535685148 7623757624676236823349586591224919196568189687624
6741123342576577224159511717127655515494347387519656292263836168997495247319541645685 218839327273433722477337978562981168647563195696957475344465312318565852728766751153653779839738
73648629371458298422739285466824216155187588 363498677987143733464179657959236245475383174984236438166
27576286896533978458269192226973818646469158886576924754315681737763 5
89 9916929517788283463168755488197861447549528235763743848866833347876852514465439261152331282
449936234798163857255 3131626393121748272844781214286112955574995893614761394585
4738738837158595928229812695117296313385677454441991379778931534111629947577664241293349421146418 44479685193254992923314545393591626747188213344518138296
166814217319395979975961387 74987221833489828871956935428619284113626924338522846532196166922841665186127169874
774486468838396227283263329654537 6336998513312269623877827899671542427984333768947616656627225941161777
4379271677598859862932126547561515248445962225372 81944591327361371572151792378265245147757429
7995142677264116635227368714364732655582984242535362469629423371512518747298252517655871194813 6883765
376345748791564887126959883926648221391253218952226131872468154848581396244835511 228994459423397
77967381181311764259984186168691983247473143882 946387575386678761726968743997459937139618
428899535495255553848167391189421722895529818383875736295997652533419515828586123755515392366351565 631914998281916123543477816149513692123856265467972384543823618612691481683
8732436179184567151837965926427141396565387762879 211692453399934191227648937798138638646537546142348534266726146664
16235917237291393183826772966579151899136154394413258 838
852195684746278674439457831984338355918248716971326271498678544 54755459216625757992344887391191275
5158432871998 6146171699888298322925319944786421551112283288237563257653978646966744142548462311695153559
9649465825961791415995429911786582738323824422472422892358356221919951291387233691 474948571653929477123369777117215545816578987352127
45149722889698971347813982443769246524363744444637942345997951 746521129155654994991268182829169434475993417391398
722297811847165735699759596 31812341664488794442786948751481567871827263789218
397977246583711935873875794991859719476566239178 72516498419289561878852291874231889518837818727164139777583283365965768214364
2575328652414279677241861147744547112455155647733 36279871647534344358221198485727476
63752374643729734498711171991832292916622743193121452448528698987194387813841751676 15354151991139368545674421616971559411974393795834395538631246814926657196546893167541151362627877
436291418932182485769619758256688863423315768893533824375913463866 9754617131223568145497181248923458696135958531152195727313561634473224889417441767
92 871423282885795534321371977773641564928346376816821228763993391729892779749223538234516
426895555 39653549964944586
4824995393861511556597924537294279114245552193214498592968172845477741167 73287979375999229131283569736929321218915118933454145538341754
1912287446762869234594399673671988588 9969479514798776863239768847713472254844891852587487437527281688556161339516822726
2124333984 198718167513152531719664418285966833821658886752927698877895177665345278833598229
837128678297283147345657361439382416941131133347261773487765425858838367272914 248593632299454677455715778669737933127615833322
311434838642886181292111815256586515169268929789643867487614338548333593998215358154122 7661771312157366621256686882
1271994935584848467 614515474944965263165844223631154333212663184647369843116218461122711
1 27
461658967878242523838319293253347766673335126866912654132313398 83421856886484917181877
79637827712265594168482369847211978359346357847395949656671754789736935678553819392375812635364752 33268337493318993476217616129634765275
3577548838267242628347538549659379716459788 251888644219727381522877857414426145991911122668635569931915662762
3427769646947441919465596934134677932883949491762313716974996811838436492946512 298288266416428765567939645286659562232632282692465755627674835
93671546426478941617464762658611538545928 765458424237686835442136867538358247993826377277984658887592
81136486932197127 866755861852481365385
64536197965716621373549295282843822644935211934792912812293212 6596
9683897168934745 35587372356681519418676522769559549934519391156469728156655785262243616631162664295892457
639364751555992155261741928493 6155988521734371476332996284469848667238861553129625789546388893186365318912651932
7573461465151554224255755746273844362533458399587619232165837269699851977473692924294432231 81723752838126848895435
77961461959965959924697919568751695135952649849518722136579892992182465311552587911781874 8171922882546945181244162191181254525256181733714323141884438578786772148281868747523
3418589148949378387678742775319225 695443873239626899287885664411426577288565591176553985588327757518345116723198816345764293115
31231665199555934991123411985741264126351664298297422 675699546431135254497549981536929844983845398852891875771352524652382713959528
1845327532799668686982765531623622931731564396217551736253942422511369572482674284919785559111 83954332842134812371888317827474927524266717565149528942952673
86781381921715145164669642812775239417297682772674983 2152
866927228525933947638748671222874239123 649987532
44149248678348392124282695524641999963542164188894858758757114154284 94551396
35636 55266716123
64297895 712359215731787418927722827655112511979794
5932823499464874917765352483662281 82818874444457676639589428466951466297192228528336695735457
135679133456293128666 571955
76584394221899766293893979717644359 75383829865434747174588135548935922467832192674867739725187224937598471758257747578763628754399371
1193617545742947812687391834955797376244357893612947757266924826531811623987265433917144 74576969858738742748261644945464882798271445166585392937332223985288492112812
83683931479441266543619996846851633931665536814747234191554321649521634247678327948843752368496 62322526365639316429929496646325133986618831445588681174648995591283795721724677948
7799652228637778962376114 3529834134657944635869439657188889411565923532973892464226267962624619168183489283917125749315396881
3158895844419796267935156 11677
74781966699282899842913686944637968847215661 47894434138392486953918742117195324937535235749897791288664483333924533322979382133123
1756 6784349647518323454731975111967581865987132
6253771327944166985646941132455592334181 78197363426757375972748874918822673786
3569964445343151125 191185413519571958268615124611592148326559517995858536842
737956663234258226 8676132569887225383483811318659578932429294585877453914635448362962272563828563
59276786465884998331574328 22553884972369865712713378673636421324774711563631871189374943111115717313462289395259761473724
853667497937633697764297965638118495328431 627974614895988941787914759668985964393363478
545115155249987549711565854317496927568348994291514576759786919748394349815591 4115468941337597781365287552732316788179251746752652647162731875657489717331878
2288983943753623811887175323385889942912431998647556534945687775865972477964832572938339439 1712891143
47688975586649993498644235252596556999661226984969694284295184426 87768522728856255
5183785587654733394774182225 381379558988495657168313628651492434957
8451148596913139957763 63759578269127249123587654221443475231927543551
169654952 65856221
7947847512413118931197616423359169859385652471393467872861379344979698 51535854265415192554748953154748227392413114286229218792646693839587257812211253718223542889
515226452896377687466229397776961128683314852985123547782713945298853741234267685869375739832 185176923565518387173575
475655272539244347632332512544539965129746987656676788574929212889284178963419745471394 58227497643578374863775796112575922749976859896772535518318563694819915353784923485726491655
335953324426512199972315643772 373435364637925267453784747427998237363365537171655231488834356773581564851277198972885
17541877474651247865376372683588825427871773421 42
1478687472489898764 885
91311481379371511416524832764578518667437111949178726267719737317482852652584957518145844839238622 538475774524688769924977439125416375976877312
8459672462683786685323173597451647321225319545854417258762847619825364679839276196941877516 35681848929988716331919698
6212346118843132942196448796821783731459878198536 2387439284415157124
65511144271381183831242619 3892429159788129884548268468248669927612889147524444456573171898577276423762142812846785
76124958228788744392954324782213834646891867384616674997576121717 1116629143733
249354169638256189933776139398575359598119885239297635466993914173747168836 147482576542817596192129716358357592133722317694581356891186832638369827146965834959882946232
59753124577783392542611787589478346285 71767481794269558839688271995513492882649211218352717855811868562
631866298743418179395631125811988134857882572441412751 518723737616562182914816483124698521727727844392819192
377421156164856665514118 5746353958617359885664337374462855888779656
4491132964143853172797329471384115823981729497798314344964937146525273948335987632187148775651689 84473936135675882427975388149897142551613743656785773576517
24756285728947953985191191 694749889151959837942982
48831997358778375355922324 843184153937889393773948991394256479487982139677432987268415393542377521199492287585
39539849423354827242942782813519878355257 5115351585541883473344894692645531727239175633679792918653817956482669
8629412578962445557291144535564274829652259847 586734963728994121423953476566545542259742325911381
28459456214251636313872728374263165486443955718141258396 744935297458785732573982118222963639948144444857357376398153182986885248285223712873138872219
65376688891284327381834341536367346455398997113933143632361854219577553339968835712 39128225519675399755896519571
89367553874558863112988894943513718923421258216469325351143139168951852246931932663459 287
465218883549333893549349291963371776367724633194619 4829498134497733518318475687265152
748375224885 6873625341234494
69438164775248176848972 135144847567411
514254723825611186553819518766252318881276959886242 21366697222684463771755627169942934572324341547364923145425923113514184216783412597555
5749834971688168277768478455648275679345832321439 294838289651
828 41256719123374382832498494552433966765632749616935354489678296996566
879855737619814275884763131484659965868545269439376537546934673747279245 3162715933168537258725865977584864273289186389978918784664824311288542433318522614
592764 219554333647594991577267
23717135158774371883246177177544476438294652735873313519 31336162445481228226573666394711372357736913441833879322814858218553
664464889841794762712778576411473551116 1613889983843842811439962281311564966125698576281645788394527466517867928586885119
973766472 95937273969475475198952314
989764945646567288558865 8789768953376136845388418436415361547388126832945317872574217129954857319844577288254617845395
96534452354825648681571643936654575944966393617233416 972541545287882573313151166863134696272178241211471735875143426335121141421357155294731882327135686
17388135724488761495374232115583162528267779781254828164619986341442199686858678994659241293 7916446788163688215451445137391547211818436572
6662732186877511411321729883646743711314339171511364272566264393156648133659195593957813675 41325868344536392366597742863824795325259136849
8111361187326443591412278724625951364553941229775282352559982955551528916519285198 24441555591315328972371717866151717612631211
713184545352272229728248 32994439271723522925961163589823585682784555582755585228838731
5378717331982574949446966129959487322757451337171483716359651559672574 8823749431277563117682211172259736352574372642944953
618649413542133567369169838528253941289882287993616671872648964736215894399611 2482173841333652354735633676667
749545148285342675822363825916288281656757131843977675671168764246378563226931969158472425954768 5383925114475628279
764137796888954 18518117586977742249715565276173642648942129832198924884389
415998373396626267772323541171664842742621723 554329633955357987385471288122231784929897282591371116491823678133192119549545946587382288728245
755593935788977885559221971817836883671966618312422524687581177744735675 23128938195296638287517777586964656347522978313185455213247751996869264966
513436533988674174924951884239624567259629157386227664263523812881159234445269 83413631259299131865498561367565119879795143
17672492943445357477 51638468268361419327863384637381417436321
14483351665794494634267639711113736115965332896292642662987362922123981932961649 5714774738821442817913198772685796779
6514739555 735656146581777949233183258734446866196631759712519558166873524421996652
91599712755398529945671117815964834228784478654835869175314265433698294246685267472 6477982756354693274425325858447356323657
4284828644798314591898638249814446275361464851871488829648166819345 61317135337665768631648418491331669475761764525513356113639568148731989856763657
48983964442226525816959123828222946248356468 18828961423248124184322254431633948713394296686789419
51925367556738 13258718369894256
6992723 9988871382913884577178933977513377245
89987892455314476971499791643552354627856551 28222481533626366182563758551293946688379591
766543726598285882788426255357967289442 595514729671
3816474897843533391664271647113159476573136465233298661241263998519566744825232 329927
8 92149878727916577151442834612911599171245397461832856475792576841395674
39754162786597337396323653816266177762266342461691447232764929925866986743273593517931 4869242532678166397
3415574712716247693831549 236122183782994116381824776696743859473393848892751813885985221399862436115513465326757158
717 881527219871669981635157339624544966836977143937
7297585243727795297889763916782219826432396733959598281367812436718745263538173959636959935621 1846882695541552285663412428
562316437686444525446521238495797823629271171565797516943821577566941864346265463343434 398199737143421313547183573964348979717474121793681166
9782583592164631276922666618913618469141498949638996551664576368362421182285895498363163128595641 354598318232888431832838185643133869776448621243253249168284459166484641339368
9884928533359931172544367125829748645211669885992556759384223579647895367921 612634428531739733728787886613147189232218466335882562722833647693816857957572327194512111373
118111857533749464444842833727279596422261941517564747856732615937861968362375521849771843357438997 65524671373517217852325276637229621788228515984239978141697447273429136379872362319531629595961554
9389951262755119371531375341596536 9
649975 82531993845843324732459228278246434862496748184197958663748259989
7227914 12872554565691346984771426719449841259927552345378344343844988884656163959717222969
6685123942758467871496777575447817133372461435623735756255468469123344653987656319897488931589 418852872655542297216778682768851516625484852191694867136518563421671861832824575972711999
192651577656799621849946 72123824942362396113371261991113499128967399865198824551
6318355844468399599156311468546566986814326517761853354956352278923854884748329612964286684 466563623532237613268869586695384724618645175299672658946848478832414
31638321727765159824567168755394371839655759533281486882793551959444917629411855316898363798895342 9272159241217622213281
14977829284546518113421654874714812782884124122977753335539712616211137993277564713 97327362868276347486277562937845943356787
86863294448363285222383366978797612728248759368984192953975796834269795273299398671613365619 5725675647838492292557799792
537762688783 3724737517267815
4171763339558973749169923537751 9895272773337961977651888428111471484969876754196494212237776
76878166 495299466821682954725434641212
54718172459398433935931764753692159913211492278135557297316 282975982447415186329519743872133597588
8125872746888782121277642344646117611 22894162886349492915679153382969944736
51679762825332442554164449887741683579731342939533461863672944552566312445485654176649496289598 32776158551919424366467663211316
8357475396871563982221227973855916854499698457377319826381329373 49137374895555112989746454337256786368442466549511722632969462375722
586715679139578932221918622966258525647941231164729217575151121614599236732533659 23871237434778942647382841531598879684583643391378933167696811
349748137444931581486239914714388773995612378788263178784994 358612933162272747357169943723765971293267317816156524675678798178229899783134981
5654292199744854346583551229252948736782434652298799579484448262586957459593382487797234139 843
5147797314424373 94629974585834172991935371964476245735584793239231287855245
82837774595141924873327448265412341869635129145772363723196732948726647156752452499739187745626549 223281816315565526314247715917771991525936756893
498589321495912844633758955826353222972859664767836413793659176817461737291879565 279982362481545961159131343146545776123247624993117466312522425
44439966646267641527687537273487875657383737156393298731941339312198284378 374165661512361927864168593352539843158264812111
2212135891432871591283445534135889937899388652 965824221369778376494855373218989973216383727416988166597289998144559651
3991914634179616133326736415993667128821593761285767886516512878 7349366687322769265467423255199949959725748815716
465762336986176147115921962245 841429187841671517588788674794228729985385824356675982222
4742525136681289393658352398831272458 939664938358797217234427941578651511743198288938679283228749538631615287448618776779429
153547192833938411997386876235735766 97786353935973786148324594269677785883638119521732842449737457328335
96933788641987755923888454593422399128529312149814239154 5353591417486447691
525474671691228955549354995481 7241319858844827751685628578482
822349521 681714774925245755
63442868227947993577668276464419649249493298827852747119774621193999238226428 25951336638491664993522428295798596433192993742342967
68889965666663137321157797286999968472428798619376461255512562954819862711 875166194213476633886229141224351624491723888797331883249515439662182414194572211
88265312247485558244612886272167454731921634629 915128837
8155487551915121811852976684773475339944 4963962732877977445191157248935725684964511914277527222768
746552292312646196411351736366274473254775993344295558417658738718941655322 293989694268443433639591
728465991416949617742337827513754562575161518547383469673 5449716893599968214844764662167288351196
4458422521382112986413133351991319951883539946557 5589949877426138732548347154557163874
2354 575742399479137223651794443498248632675811459264963758353632517223751616835
681518137248773553763384482473951642639218611557364896467888659642573313116899853 233863754687577248272259598924352636211777142147269176929386578761433925499372836488227
63541775853645131611257751169438369 58117896369
662267537266891287986326612119597229888635366389942191899586251553167239518379921873 91622858393855462755932486152285415692
39986775616551449772779216618192368328757563599 37474372675196
56982951144673598652431319281296 693553254162729274665146957596245756767163295733889963546191177
72744 94555849459883392891335953965356834265531267249817294
4748274358654747842137988261824579464245896144 542691694974621554456116282966968385345116453124694461841391865678881235593
2372235421789277342845174972 513218744244491555873331172589283265477314584362134
32353431745758392 7691
982635625718689856 717657537768148792647773228851879998791589161272393
139946361334416 7177637946815784898917733972885745
79874957836713797441249257624518681 7178812249159212757786218
11867413167293558366745498448638162533879729721163 2987241289526349332156148913573747762758668789877747676469822911854178735463967275985675795
62833281717243256634391636758119123871452959532 759312667763788314686212258849863999437283211288339214979631411537589883645544155211749571926
59871583474338855588391227276499692872 2792449779153584277925316221767465915
5538819948277151157245767965469973411713496664236866772861 2215775584965718588823267645931418258685953999586229862418121229712269947341777641592852748239844
443772857383321844987198998477168148373688491293519825919544324342574367891531625722651631124387 6971985951293737335195256386167548716529695314664111524361879559
7818677712541871223951261311762844949711241857632999 34488917955365943448355773326664
542591575178571442766559355942975374459398853969172 732942338571655372563754562523129614657138162124638724352154465569745
695212141583257411168764232878746256868144171931894995532399756117644592662136821169879983292 244583877671693819263611779847553964682696999528743755823946742883689551
7324243549292393549196679683989669268782834 23287557928524935283979751265558484574497636912247953562893919122781113967
3432675515327872119589551332359696681653989473728366853952239891667798715239637413311734445511614655 59436526172779262837327446325922433415167444129755318155673271182793928128428285544145681553133997
966968529917679158498165521181949785965859413212993392688 6422855986769975232295672961292772735
4658674274923712465152227664134699366377711359746838757663886517542 227121155459821945472171384154117427346
53773456757517221613137256581163865499888979152844852689711 9194982243411326467643142595651754453566331714739814142293198526411664635131458266736
89876333457271136895521738891853352429575745322221717649 12581552328335287739
48526135876986458833711332382274337331321 7739877512541994722715649899825664942225447527749456645759949968935
177789623199516973622395484547965782 383144439547469869177244575677749716357815969613
452432727652 42939918597916978717992574555284896551671458547891121221387498265454825225735385831
2996612657425447559413573639367264 7653642211496595278166491612976732666416228784727735421486743889719757776893517744542767353178264148
7687184834589661531354343925295295687965483996189959769473896612443 3
37372632922782371579594485739739538964835144737643676822129986282249212 979627656399388484438
32445395394353719559187736868725214783269465354281899385282142421725426714288 5159549994448277937284756
314141839869279972248474535561539891248522222 1351717991271349466734124991819638497327216818
9587576867176231381618826976699113727979594361845435988293189419961434175552795768746491 926275858476786654528114
668748996624622 5362786169591399769835992813217838872223531552595191143332234939677896892966639
5135461996189817595366267951151473777765641579531657348446528252268492887179211 44751535453953679157956392281222
997745718579488948411966449247699728961182957666745358452 1344793546458941837746621423777279452499779
78958523 5393331652762434859322763882241224694668332878353437
2465268331951984986311743735588462499358691731 6717777428735786455529479621979242618167627129294178674588373186655238556171121354
6913735942526117877333933796286448331468288933 79
3261133795854733815 83371592935939941653214355638834426198411
341363827857227384711858926282 98583913424171888194223525965973795997456834995185378832232982844652719133699943494
89959583629727675122568791551568631373893149299645474 894663924794964278
96523549295658986152879952883612168325713444131896543727262 35
275689525255766418 855327583436127944277411678598892636112112184129
952441343287178876165581445153 322843642655379183918447838459228913
227733 36436566229827436125125356819968289599543
488588399214595244529137521417575191296674 59145972197317593
97262593686555134379671582449212761851953475277247196929636834475591335417 583125912994285662947613612346261196514435318593899143865725851873673343994348213134341875661842759
292849 31513654431133922329192187423524645964636714924258645683954445418633618625587272449241218272812
5694484287 54277177426912199911952347194357637195178849
76335868663987569656 384512748433224847396918162997956
2791784313867632731466483423963535528 92321616512194351182212729674897
326755395211877383231676435663779881263544852873741727542662555763473512541684989331998 37375694252493766774656846476732
723449338629 354328927166937438767623892325211231675742487454822256879796786923368866299
5436177638318285191193428549651262936128818452162995819877969115156925519715749533591 93752311443526979118578953491244229718451365483149442675441
11781337367552231522727723432777586235324798565131 641475646947
6956884573 7342467551729824554795639497529689651
1524 662762697822247
714483227115835479859477356916648474574563284522989386146594784678361795114716 79795433563149519679512547
2118174 65272119982864894492151688389382834818464129
9196821773848119418233511453469864597775564351575 6334572944137194838388111425679417811892629778964366
26473327934426639535529746359761753673167784241885178679653198222461646867734828541889794 8272317888311915163472627454235968117861955118726516664188744762294973447582655326852
6645613453966561 8777286573877285575333557791921833973396353476914717784571298416542448181591159423917634
16452669485652123126251858328872971761867 568267673593712374662418988638169454432811685771228917866786994962469244
8184657918577367283717965591961241827145973965899525329712178327685894996858374939612746276 1911297389874271528684912619386655982267277698268162847382844482378486379156
1655793346372349178155116458836975959524557417882938838996324995231 14638974483393729152651998567195115196781
8813723657976955479684153785499358822178362796723971442116692234567617129667 8877844651636544928948878919717434
374782817998847115398549327279568382596637578441111272392317 948367853331262317611253615329593729261924977122438618657522647453477797969931548325619875525327
47821111235186731811638143669448652283635497139645475234714533466681844273654155811932344485881 7591188831683822539
91176823119959698453489166242812342589865284833597114989815988594471662385717159476138864625 2847677469769879885967945158653
2813646321894552181826466431425145318515454768144 689377764774333491462848997294359268739
462378484338721895838844118147763847349911782452242132193658272485198983245229924 7158581797327259745384228716856958238447784414914139295976343
27268459849283146992212656815629 4189784171944363675548892619773916616941492659193933479474
52468655774171661544638113558349373841991152359898217584792329553685281813 2379268282422774128451247733937343133498847757
6914263158698845248283598254567579152762542256637917958113264745652294 236791157911672536594486566
16617992538772115295378753859393535719763711585298319169338242724356598324567977559268212131 295693832337919181897126356216966
2212582249 6938572586784512296534159765151141684513299471262247226919947368
326663758725384793589451315291365361785271899315 95195117562848392854468278737722219235662325333548936885726365375952621956663767163
398 6248996652531518113826654389273281732711956394435641168823587933468824972345764421272327565355583
21788843384338481161925344851691227721482869663157336389128826183733221936198416374745698543364436 581123512129684794791923223569152322339
4764756381663652473245521815256534175425126718621763858863944733349 2256394886177593325468272213891311436695238444822859815858168361251916666
7871563993778426721 844757763966639973134989856764162264182262262535963118688
485412163829198397928972974164753112111489338531341418447554 777978819466276438536824644339482
524157251683585114637473975238344688481964494574484294892769492844597392728989787179642124384 796277896217796589577374859114125163379969961382624969248296543519243158693393792738362452934785144
31161 656273321395491757
139358341779144318367334413212 332146383956135222
1 467737183644998453379776572277723195943631384697185417425814131546483989581613964483
425447442715231712644268614544647839965696319247824 6526548845647835938646581231692795189858963343989918937295842423966
77329756177478572442918462273741267133221893497 212975538426687674681383845331571583
165932855488 76746989633
73483291786671936 599396857163915234584173792967864653459912453766575487122737821433311
2513869174655843248519183191329549181314822561359216355576136347916341276272559661957427819579 273344573158117751693637281529364617836739693569766178692961992291558874599144127981257
923869514641597627583892649171246654357627918656517888471181796752766922266293985585456578 5363313316589151621459146
516745468148774862974545919453236 488612886852451277549437327822124973434532478587122632119757414
2943921799156769373693919159696982541832213964191747649677 55437681275957517793243489853748817677555563
6637 442191269618142219284357279467382372331723454335991754216287642995796651225847235362
59672595717473624487492893287856776866762589 4859356439686427169558536168873566881599788959693355364365131645888833594
286527479441552359177453831476666816123893358986639478115746995783953925682818811987981825672 97765823699732254454459389942679461388818341447979528
92723862179622847719568559472419579445355885396842826993789148579941224888891735465685282 9181982253557699412914413738
589885576 933191567695919231144974331487676
9691413944163596818167161178955251987449829388523219762628894765346345982651884156827581728 44696217491372828321176
191634433152628924346 895665
36551245861598779787838579787869312127589426893794946441749967888745269865 23445596476633673319622111592482476312784846275
8143 563312872689116273753549293
99354387663467927519289746351217572568688594522736359195552222414282288439297624449642582122884555 9578225535883726554278865397329853
83783921388337999155487594489398557487848468749623116996511271535 63239678596363316516154466312811349156512584899361161955731261333557482751795282765944523846252856
627478315957396494366587135237867116531893777786384389541877515495164894423541645261 41939378769515728686426194879384455493226
454625697949872546612563239899143463321655449547496839533366929496665924 658498769429213521
665212717461536955917788816111383381265264271851771928369149292461673377173 35447484442975729326216129311282183648478167994329366954653656649866137942669711459779364843
957563166431158934418822 42527165265692317774539568172488769221318557471796834469117749639482
679 2449561936727153124921939685779468347484679877882155713457467271269932534358246177749358
5528743473496625989826984395142677747 5492752562829
92631394831724747 767586666182785779493843288227248862283326276626634
9431391128758665995875839437327327936228 37392585529
9765185241572623281726593295531716778412627864167595114923974189215144 38156757215297379277955126612196218774963796776466161561595398251496783534514731845157
6447212848566867947765957446538575537755384841877612564416646932165959337272576349251374975257821663 837826436568712983691241969743826837751995346787971215
769313688932288489463535293179219715414739325717937478115868391375 545649412181555992247828428
521784455896223212344765478888127763398245996231125313769665 88437282928745426396792764498258651519677339734355677161127414969555
6386398959 849337627151445916955879655529242367731135862391511615
77455381591816217353967465381 146971196468236341355892273347135437575852738644331992619549274171666559538714196297243291423743456
8187483718462154422686462833562929627499683837775383836687642 74972364498699298357493645222684741893559353717516975671317873
35629155161238263691353442943558942955113513772552796358995419 411292697553927693446348459913124653892452327748388734721538298559132445
131939574363966199349633189171543667212244539846157154293733158966558966669 15126551698
2351298219231544459382322755536248651319683263435752756197989432 582956235465111944353162212558975298254618831963934122836317287374539172316461721424
298499956486853992727182184422249912471998911396561436354546458132266489 587828885573369495411962784741277474371312719972641357362437381333225183416276591627
45965227966444843525939793534238413513529456259148929219684752522966887321335674846117 816351474549625977159586858751364499672593524861513967846983
26879622966234251666948379953988368254353268 328613
474617416988137381311236551845244432286661999857746932838941782 1884695359797995275899955977826279335385631228458387617178591685779565973539831622399118531
6795955899192326452261187119661733128961524524257826 23676243849954656481117461714131769337845593264299681595791723952338151933255571338348159722179
28655558942148236688 5877527262722491462713143812
564673139753818942844939381684226334351 31656985646384327284316437256841225383177884
33 5269736871579488365837192812
7645465 1934554971672486742419631861972841375739876731731721873829
454176134284551147145785611344963831212265196194333936326241289346555129461379162 5924875968
722311236936668544398314241963746581367266877754722379418778471431247 36129963134271586445819855692
43977178169447171361196263879628835711641188497587 48764254598242533385825186525932931558664361218743613139641663872433435
459444339662358626586374618687124561163859899241952737862276723483 917643894628491412918534648544319477497788498845942465997715421189247416338
2574693537646666279268526749823282462442329536237 9452983859
851344497645546317257166567529336223121 236214454263879424424537264
582169619987774238797669674913477658 2844758546149811351633414148557438541785761847874616874579615519874299348
3125 54596563372493562367148843484757453286112669372852447673948
1671211389455182 79396
567453936354455359746984352841135369581556798933322839756292571629 88426652372737763782771417931559116297344377314117762854718
685342585793341791335145322975114118193619325788315 828483841665342874769439961
427155955117885899317382935437243679779853576788475468872369773569886133211237 4877375994677641199416826478457174213923287951148491749791495436289535396316421424258962683167569
279973148454489462822898965987988768741365623759 95652697447581635122345896894913793966321587473217434426132893335577876385992468268
13614621383996783633796 15651512653834877
55445858135416298882534274344651867814449134977972885658225132444154534199611987425845411 81864797234227546458186678165545721876187481754541126679289888267586554624
3435258871328556139432964997266577768211856865512675564816436123164794831853791939876 971455689351297848683541178413815977782721812884395873235856653796613493368339792154769
812274368978438251549674895484625279583445472744224799787363991128268733639 316661814285748782757374624321156856774925915635
382239117944153619291137217 517341472565313385671
18551752419231268679295429 526591314863768263215368319978752
363513286117325961763431911349726765481418444998893724518526726937137438165694814518 3515848845616137354244978683289142723953548982632259322668312658452816
521338697888928768 59419892791136918231717195161712572111521723693364658897314726514653972833355483458
966186712 79888599161669789335788598185282712318724897482
14476963711848881795 85248895244944673913928648497412478577629874373736651479448386553995646396
217414257785322898492534174558972746595763294 148215556
447317412711857126447575677755935146895518349365368922614373935427697264745 677515355599955546681859999932144495258812497527583851484371628471246694188621777869222337122394
3356467453479555999645712635516 481
917441464689469116873379977817337111814159778274977592347897166575881814945327939928481911765 114466447571729133554869235182722195363693695845774638156523422849313352626362187283596558634136134
6321788678335249962749254313988129642694452551961686537521752799193318119392336996 82782367169
387 1882252248132524179752672149315419267799992253771921482137736779481461261324252641
74974512154947955127688649966145417458955569165587324291488137928775 4742763433791256566211754256
56551289821543369175281359192447332495163681868993844291147566937967 475644655683396523182944989421679999417969533951952681289749
75141485531717867222242569698576177736395156429845427579241395397742627 21771587316115612365449393338141129777395969
64597 917498224751327885916623843999962543
338296878348315838256488826532767864888646577441964564541919672295322318733433298418548148 19554671566393437615738195575789647897354895961
42525719115384152327997293391798688331645246553121234498958331667584158361564813878237152287 97587778274531239641815799333
8242482115634274125173867644416617615432226385897468658675841495454585278 28469816341281832841696118992453874897838
73235582396934643179889876791522469282148 7
57388836586 8787161756345283836642164892867825651653
2959352329135271 95987246918346556447938795349161439876634
373594756963367996615967931234472373337966571174557255587494988299613983 598521256515769271196391753666437534412755387397
794896965198876727532735285767926684433245982 586779353682978567637
545921659 433171788116419522322836567945923954663688325
759388185952464126444924425467166773569159183439796 1427397777669992624981142347432595181977328116273854694286
4398327999735512725481913394422663998756845878464272145132 87786251658715118715126957285525225952162
9814448125652 95723359352382741492741
1426481452832 24922763893669375397351968785596579521516912465182937839329959762669567329464727
5874611228531218998187669276721783432386811344 13461567
988884869656645414767685552112 577985554111123687386992524784415511158722815885535748667367437337421322639316945793
631144462299777869134635646498 586988628762528286871993529634138292555962562417125945527428311181251836333231975375
24169623848251394468971938785839586387675164221254185851769899128922479388428341114277278 6996747986432346845778373619
117365856811379738551588212984375811414366 438445585439795999146637171991318437567569838418
5454373139411939877992273627169541577344219394211654864326 65674649196363446593212575362288
2924176438815727472965678329262194268964368836563493228577165985181635533598492939455669158338227 543125514762239549575657888437893766432
49866464117248 8246167519573238214941457493468544876146
741918367957728728281128918365195315117934615369446144219585988644259693486755359726342 1351385868521421612647236124764171493958853188765869196124354434476976255134751532543629368
2895732451126197714239542849276445764778817746311191827353536942862533748189472235862285185 411337463733339168161958967542347964329154114865857236276785982381187793271144899
74479591127716719585593361713913649741299847888122234546 44866351119842464497623199168456
9 4563159928678855162588661113816251418196231973277846498699372526975525331
762875353954449927841449653846153332982 33486575687875276454962456
2239748473122617286279 6982394155123371497362986531249751672757326384619965235852761131312245854418974923
88561884826585819473 8493345658323565238413887276239746835718
86834927174352397464273176655319885 4214541616263397314355937561667644943147692198158388221738565723582513962848796
554179294988196267452552 369514982769172745552431249481251663367551652561
759893318464241212227577514856528484332467 525347127247981161543351763139934333159217387466542243317515499646427979245946527331251
421915172733792978634 8335652144792194475678466528855292888173114729679812444987329431228476911289522134855
37717867273531123336322363875177629479813665873731812992934815423746117469348761246374254627967 897358552488292967722428549859155251263549624934
462118623471121562443624731814215133986686784767427 128343323644742515957825887913739551137163399334128748986757811185136796729975252816147
967517169864112259373285255814525674336916639553 328248877699731441343913813967412311469158693799339529637341276
37583183539769922112838687153348531394666883297591589111 9938329577198239994752843937577763
816567519626595342825992126838327153788191354837634234694691162854965898889426954 84338472221762928647137716887896461938749634544847183446321337
7135422873363533314287393599491619812637964553412191531949282489361177466383376511961 5278826483732247949
8656635516859972864194824657561873731886485911831676384424774452528669466 27939479294772485714711785898381459738946582155
28438965678239 41192
193278435363399218887522 1463487453925879674648754918193
233348815893267281478765752166818958645 392934
8691388376922584594257648934136889914656485935545352535356669 16354351745437372824264774119713546344269736435477762375596676579321922284262
7655265949644976874427541796 83787991722362892541298745491
945768794115619364122696933357973916845216978949912486466288791894358367323444745845916989417768 7
1382699721436614112565861787242457883471858629658137729514 929422887591174861897121179397458646412343384354878972732342335563677662785555142667251
389712128522733895637534818545447524124155236746 487988236361478198136465682317581
2785538249986618683653583387833931 5195537
69923257157717829226637446548913662776759516778716174 54827838788826385456679485541394286829758895367979712877174331188465574523119843151953121524
831666254133683674724827524963725186235941146856996117186565117587466691194146668233585471419 83442768323635598624135367593
587155922397999293879152558346735298416641732814384 434281943339818473777738313589367822869482482781847
3913577 8287475361879164481117831514935276781426754719268979716891929
5512648898988644549247284326157484937321133545362688362138947119537745 1364129246766945111829
3493996946136253133352 93428689929143699362938743743749391113169386374538387791121886617812344433721451267163172773
99428974584116472439419192517454766199943443193457621119589 195558421217
4665947472552264256264251289994155336383245234525617484312913386914653 4373873893637343125816775892424641253947885221111372649114962162968334
364679755967165898451161512452974841555339 72473817812446566837649452974835423923151156426735489187716194
952228672964458842937324243969729456586792239414194534792711553752563657728726762 2954399997166553157728173264474113724785854149967281653224542346982229874473839991454825192
223289871474693929 939753793328547768248225475961428781682758613754974754
671277128654259132722561526753418511298964389447343189498977826879544528874921689795139736 9625832539948523348588679485353422886686169625823692979558396392656823766283244161
8528329394914393133817914654896955424342148671487115862373798454149769431365181512587822526532713 251
68136287847914 4634236216461445978341788268
1687141797267333435776829766 566655833684316519238517736897283416668774
59229633227957762864764766738239 75432788239491361652522184185184158992511934933
6455348715737412934144884813286565318277633 84281192446197764255861
2479216 5667394296117726219831735
77736164972611461341753 149219258158578263395944868164543355748
882932741935883753329343144563398132756676478232835215233284595461168818 9137719276348786899483217318791612631585457977455212347517683326598991887377482153563521
11444724931585435953995247622873118416689895789 6117412429
233112745644149553377436813481314135689236221544984321769381735624416274482276627594 35567129323554459449764745339917295327855295814796592882857819
696176718338681242126796382169741596419925613263232359187321225547597772 18898564362451584396899743135782715678919182518128833589742141699167812414199647213529241465
457694472794667549622164913442961421878445585381618136454569346873586962117896996913412616558513 19174283731795389178384994666919877634875276778257759412196237669524616712284448882186711
83148533414732658172 1617494531398283346914596115549384
3532686445162517144555577927753889571112942 34285824617138578647756824762822812839911157237353465418694824541635216111964356
66537759695686855428364696172135956627348531514 625595798117553421447211618381456794958298568481267
766958222597751994994525849824431395263127 6126127413997828617195811523614762845513918317131416777332967897698262539711721963341891746474913435
6835611485682887418835511323187314 5759745463892769496735479871889863733896481429532382394462595156833482431294398281686983121353476493
837879262397253464767814193474156621396262554 64563658611496289
448576853388439338599212181494177127283727842874438188323442955578463736658914446 28142459675143186644274891329732562669543185459948624798659852852592237567894861
2969589631655532954548715253876632666557366761518563482977528373967 366216941895172916156816493443529118673385815564997113761357359966955167572998965466723663
1166955611148853851615967969274828178178568564433854515559324698775634 44
7438975444334662 535419525625192765658933574517159362129572394568352699634585673599178865256314193375731
5181722679218569234427651283744844592254788237543442836521449585228 6589456938432867
91731269399851928467848159216 4982263411368712822283565989337888543512147976872849314151463463731751378777428571124568633314
587735952325944963198665833943816173149713872245784938175552 7561998633255886487913226941687582869637176318945599272822367449677517576168857279365268916
1711327393871121462948 311133274154841465146668827979932719791148246845684833
22798471438664432757578525962278172493421748145812849489219832682295 2313951547992487338815527753566495766355978255668782285751979135967378717151898764153
758335128744517596742733636251588789543263866627834 282337986733916
3338471385945 193121521861684785539167437652615969515681587226848815172146587
23472256712842391 5457185683723648
12563764927491332227764444 986769631664248844768582915682216435538222579984184878329959661144739578836336
7815753174145996639212431362614366514665151396523792186699495892569421162926561993 7441477976861432324355211
12889364285949488987473316885694167 2914937519484881736867141126833669
859261284169163558782388363351647314837173793792621346478898464281796646136579939277881922672397387 479293482397592447535881876755343452577183161231626617495688878132825844844892858555741322188182665
635715448673466372149493515361336486875941574766879971853455176 19696462288391898419393168326997427936435945194827585672351782247436419283574
958 2473359349416856428867841185361432
6257534259649682146735682162136665384 2243978981469721996581567462237375139739442278412363635962758425521923759939931588997368
419529838747739935186269818315289737256981548489429645169662643481386686336236829543 21278276146215162372847831774149419913331752628231878271167877213
6665869195654161417336329184767336985958446465653536815114633122721168118755946792399134 83491
1673279458324771332175843823437483 641599821753213789785714865736682298468732762136779365843936683595556
82359934778857766824928447869763244943944856698741622393876347942441747916553357 37687613684771549614419234381275721296594
321692225419219984687894984874396582454251483843953732845668439391528892537469 96215539792897754489768461111154399214117537158957793659
387111573849522437739195731352248343383864278923843858881661855848618217696585712 397433547776446647217776369715365821427658347118365531353938627
5963216825928451348 26218649459232375331924781322376767516
939648779737394736695129991134121589787639686296862791229663963426978465792 58138835714216347744745417254787533652311966612232363774175642968154
55738866191486397395433655891644889175469665943392715899454896665579789475774521451979 732451298597379846251971894
28787915731469669126611352353941574181881586956999263413785385299181121197476 19782219122767134122757869599288719618657458
84769351976727318312912936615295145199977118994457377553333865237561 4666236915189973815668748136454385564575247529921399444869274141516263331
8436245917317627119832564491837634173689464892857386899421447346793987584885582111776982994169 4482318988213256884193176246369995271192367129523826159426854243929372481376111146
16973918923638463153998249324999695295928838777147311694586746945845176733328 343179851166344338135813745422153773716443928372943124847339257816225986966573462
65799 451181722356939848971778451917295219614792
9798216647528168667119984948445381834314487159212671269122188718685758182527335478734377316668939354 575817975215592424822966545462639358962428
27455434881397753242692687867956445812712498234879238811945 82283383939177233187634152
819448957152177185585644757276886513976818459885879758444 741
3794519181142877 3498275888486485134899881
2158335 4118987582233756725993
962822388842453659743597487638425653178197386543647799489365879637977854155672268499677943343 95744
13734394139227135576514889577159545758636731485364547269557429884943989455897 9174152987796
1546759556782485415645637315331466732728124744413517988214922688398229821892796255746198396 8557934447191194823642167625491531741997776284367171839
154694461771948677562662422549823659923884417 629
268529819621 9476346195956184258698264619612692295789422
959636198958186943773486873984651889994916189756635943661937996 471648963885123361332285566994332511635995786698887191229485663495524425983314247
6545631339837442634656111268493714252159847218619944968121618919415938561372925399 18244166139767812134698545159
96214294917921624 78499257991172412976718426221574846938497835192863259178487295155438
8688566654629329161128839597771552832272923991928197257217722417462574 3821968528362791518925
4924566 4239844547
18754312224897728484167316762364221729225 6173227456869298363437849456644375663913831633965176775779396367297661147788661844418828999
987138392579433188367844772288683972425328957295777337736571276587412838296384537995634389459 898176337512331931364352871747622267562118734818485797533591954439887
62481114926715 358229786159694266861358722278159448415122812521494197636821
7268134 265731722834569833773479571157474558826932872813427781218344462642878918551359966295737814731171134
83192234844896351484832535698314179475148935926373266 678781824244
899551982535 6311469185
346183786295187452432689199975722476377845399113746561833938367881221746118427299177659934183643942 722955513985839766738161947525956317484363
66988659352614332272676 5326684158476956518421377
4187925258896652317465687482412188134473487 92354869652523152329637921347294759366599
3427151965821742431757592655556355612593926598366283523 672469519
9429421434895892489 6893271915117982449381218982241556759
586587875944674172528519731312651425156429632163762519731459728591493159366477922212197627261534 3491284146346631621119454151169723662821476847258936723464786461368857436958393619592497613822
3529827521142136487931977836234231551849573366554419368164972647655652887654562378717 5644764656
3479419559771322753126592229578996762892297451831536347958518979312371849623851 7563789
89411567956343282293722738643532195548729773768158154929675 6914888123564267373985923481237853686277731641475292859596425
9684736227237 71111
8825596479536651127311694972211991289871 9396695485497524937774713888613599298664996356966635274499987287245795375891982851666772523668
8662466416954228165893 83847843365889379
431979395758138458614655664582382456259912559555146569833331569293595462753489511358486231185 936973872989825791518257573577862884261271455318999323568533253727354321572783448714
2944299398822876 35346254255152
99984348973434387479679167344231115576836482592831331843821218949394717179214 47794366923318153532357578631347159977136769476
684718243222914854678174695 27162665735169394269519858532131442471
461591791659523934583647837257 332569399617843363245228525543153165159997111244275939571627488726644816549391817592778968838
7197839336214744572258859469396354492 2676842393453215684915812528587442467782161954565675292
17183615813762655435846572231252535771154188184494621595649 759737915365129982224226526424729383373962552315577982947433167359715
18686157138867399274571315235783799676712348 4541529319218995868824126481958757356416199256
439956869268788335244617175337474868586662585367397536451795 13378118268558444211378667744657411512621721558845934181364645835585258873344574
64274635694315662992988154452619159474456967827362294215669771445235137433186423226578114535416112 89
6597263181552731313997978937782599137128461877273655495241535 833617996529151351183996532351935357458576132619958382794489
78415989142511334419627622696983147642847564487798454995122231863634119343957981368139487278 69871571149358628795159976637987751581864
48763936166335267122958657566 5534668814627325869212186386713681431999981117322862918
62525621857226867 12523459574314231892386526966314318575146357162429287523374768
6799541535367363198156568914756714453184736614735151786386 8781359482952328935667639
77947195828922644115954264665337825727964555697 123586321383812756718966556686354582482343296932727311899248485
5629163839114558282334426838576333889571411449395574169 69436692239264446159576124749963495124953
62977845 6197828417574624834676788991619958485784329811155323467717183618792663234251959
18949655483597957428144352292459953412121484594927792883439267246193 2421663739363117652423118184194587
29912443186913833554472329865654613426939716581862 6175657333346813764144672861116
53682146551785913665789841584 99878414821554944581354685612354718594419815366379676996267842597443435634368171437196
637176846141623178771354 92849794895653443237481583749875682298947631739749639691212438
61117198768295793976614582892116492314647865599336443284837613795794875694111636416542679374 4748966246594111768715144
44739614439832591857683894864852284381128373695423121 6242861718172288676839977483646951739253834
7267478936145956334577481378923727 3996315247692371394462527445795455
9669754373137126342224389751382353327838695424287517424772816339487445669372 6959172434856584
59833 7413567457843428449919366748116915532792261987246819995964881573473181731
991965299124812838599117914598594111695547 6433467791936599759725639383523321693467333313152566234834246517697466638671199
4726578464265375568697637783528316871976476372539235698911869111915298388221817493 17278835492776223729861
886543978543825619 4544726925366687
19696974755448766973674639 26239638635992337546475
8843164837392868822855875935491871298326674213736443171 6135865229123677567337846194727126524687316823178446273348248353543463939691612558814717762569638295
6944362589817827599481821662754667323336881589359769789153 278496827693669891819117
731888933466378738456942996327164485584777519174983276629928352191522496726 559357128652674447939672395335732619858944143658974436571396971623872296
567398482312979176139726424315322157654456928532785215783357312398371396224 64257852181936157577366328163264581393637262748642541875496121822214568514445685873886362647
45166521937 6159554241727532212873737
38544873337236911395423364458934319834959668949 139175678415958612956536881872175375387277867431276945749698154766179888532354912474553161
1137788114794514783875613798165572247253644492336764673387756 9384981792996971776632638465571147892236168346629849135446567
39615968619774337181279899497539125167173348124845787123518195238261565299348289846659134397915 8588342716954727265926245245527222393147566514145655627929
44965178887624928774829811511938393765276279543842643723288678272196 36386168166313448393997339
28675758 65942965846643572384931915963865959493426
337532447947968413151983853799596319774265796595366541517 89368951195863211837186
3368797876133846263987514938462 6679616181459114
796 688261386962194189755759371373845815192442118865924711298549221594828325697144731336563672353846241
15968651131174672995693391667585566666566 5394527854561
7159914474624273249374224229381932134369733187487648898194626662662 7124881179238487117187526364286929467621618282966271765351197276326884462154172374425866
