91
1 74
99 22
882 1725
6 863
39954 1232
477 9818
5 175
9 563
946 82
12 78
4 1
842 83477
9592 7
5 966
2 75296
187 774
227 2
535 9652
2 481
3 16591
3 69
5435 29759
738 6169
196 13
884 151
65 32
57 662
542 21176
648 1379
7432 2
7 7134
7372 5582
25 2
5773 11
3619 692
9 79759
99514 946
5 22
29 7
6 1417
1 35633
7 5
3 97265
582 589
76935 6774
7853 55328
663 89899
8 62
812 83449
21555 13
39332 14871
1822 45
44 1719
1 593
92955 6
88 34974
746 25352
89464 34
472 21
18796 7
591 4969
1 1559
486 6
1293 32541
771 3
9518 21
21987 51
55 19
683 8
7399 24538
613 3
87963 7
39917 9
6 4
1 6
31 69
6 41
2 73774
879 4
15181 8684
871 55222
949 7623
7 3293
57712 6241
75 71
68235 25
4 66
7 88
6 81961
135 56
82 17
