77
6943818673722221951831849894823998453986173489746888826738847347332443841816532947273 53392277115745242
7453339518345674841325162389243291159694857553936413141648977282396845494 77784362711875897652791787641645177441329283266957138914516532866194
8646665649586886835522916892998335624684371638665239538621821731845641915917713 83871554373483839134453173134942521
7717799 2277673833133618161655685868624128451427181527353588159592271191242691277663174398425961183287
7556333679537932334187912717595562128847138115842767638542241954333297324579299237 7868258557722545129125217591765398924674775737338334478489429515779211212992486988843
24937957 6381219827279735514146476575815421332662177112143381274132156246917338588565797577149
399151831617773235852937792566546469368764433166722182655 689181736295866166162831628428273824648429872196648987634539632
58264963867129889432165995 6212748631315294984973842888276673461925218444616189
428133348144694933288613928339 73895741515651582438564224188969712879227335241
8872914672224769372841769695644686671139785648748652754893193439674991575977295692379546569329 788258964593959388941211982198965926769741577427655477713116163428316114737311497264739423671152382
62129729896544181611934668349175467746656673754259228114935499334857591592229 147546977858315882482442326662647742216393719888364162893274155554
56397367856 48835951467896718678668914611181328673587682655367431791737936285537589
7697324276567773863654945891469126767428766191248511775752668521847623223281283594291297614162926 2442879854853977342166476179294151163547459822473321441238125425445
58 8121837921938172746815535892944575364233835
639582412247431734561461835711833117659389576358455995 597511953177332315749674739655414831631995553393989472769384261379726136699
1359585672543945893144433712787596471649465183822384446952423978757624241484118882 6943516
9852452212221223873141977387838629843965757 313623555997423661674362829963
7411787413749376239975734699295887546956598278436566111116997 247432427324136985872398959846628657162887154691749991765811588319198265929641271571546588574582
156714424522862768281496 487678125896761665458489489491592146194788498352
812921678249768912326697388787145543664243842468918416113319645133794955774868155 224625885
783641117293483921751243916 88869582999949535189967375449942398645926174956331236764269724865754345449441245639797598855553252
636879 9385282623621984138836244927488874996637344861631616338219318832
2755946371852878638241877142278666211797588627442623 884471476567488686927184878429975744822587438998767792715334568579995452257851338381611
73229392416168673762954643615 44836169454758191834319291617988645721849751837598
17533419651677298186337511114523737465734655324288324587961773568832569177 95468
691863184939566764848 6
42499596625449979329433746376721728926343117791458 943424937994777372868938426284929477525227127816379745656687352194598354511748131737875
49689457484277661276229646294518162 471
953465681693318385661779882159598946243644629864735774296382762287776489733457 8858187189761252363781733712881182867725811883
7126186937299677 7195515579245259783915444411372823962581875487192814738332713432191962716
598933971191755697427977496344947489715614811398332597992768427885456326429649658892571 52168158235195548861915497157958894428696844261256281995839585479314363599
35486572265711426222469737756376361442 889873733715372998921215321146392818566772621128243
65542 7987823585155557351212498719636868249737639184446734268451
6542466866698686132144625514278225972582513616232675591768135157565911899794444721873268594311114266 16395918491823827781384628652557429974731369425938646799257531132629524187544125215
27588572554263737465351244312885899586761111344583 159643651198543719456544528745289484
721252988545928515532471658 96666148884668696679956815176368319498968673996131578669584228675321293736823562
68434715782287481833974294555672489943695847216294159968585914113491429618848894328661 898341365346236222946696893469915364593742619459132193562651531421514566268
8914831489544957591778954415811725418222819254855747941574526426685291536481958633695692586364 73275364586296166
36254935144994629479676894177515781287141543834283533822852551125154679717644979386284 869746161629275944635666674692595784841799471566357524182642626359867296126957533368951
252713272313182491559592183463724365649984627385242178185547529163547882687 381368326169177622462745
65 21439864618589613614235358125681598623165426382898519173842339222182316879194
56534248946542721899886238131668778816484936374678831871614434442 6997167311197898354431451927774798962193756826676
875484461825574137395823193 71944234799161621548129581171981218427588989287864683535714871384386965412139782879833467543414265
88953589181324734999649874448292625911834867358 4143616876787722511721431683553282161141917465277655496859438324121933665
7983829921796442873977493141 22788358193183489725185437185842973629982177334992
4619359195429757117498693913373688648731435262521449766635839 7255542
3581327362418535462829743722965123148941387159843669226651339151668325285942588149 467972415778637143159834554487169146763937749479216299521786874252145566721643896267713572315558731
257877971642675938246985884155 978297352161437
99132382513831622 417866427449397765518716423695571992932776713978314793437485526875484976417819123544263
3833958171674132937752746733976919711282118653662951914165323943499618964298763969122464235 8747274712699522421773333479697697934528172213853788382865625538467724963358586122622192476775968868
396541681119432349267565644452368556791968898691872125191656547385173196455 134746756217124
5462621754214299247966158628242163339271437612323412795849467665529938659464593 9821
8145338713476742216635975819113547762331139554158197871768143637285 86496254311728669261745189226397755915224813553859399223182889817853171959291366314
3494634337291169221923837346964176423596133459352363581924586 9774669764719569182531896497141259913
1722317832737945348315532538584921628554529335832 16388441918877521816913767577647533226998174662122818998934419682152281868424851667428
1231312845612568442823819367246396864444744495151482 9776551773898726314418513386
5779946817469613969215674971246467579535159856374157879563573328567136538471273221884685721 87998731351213397999948825964293358318258848761829584693373842498211374
39259474781688825296619624337642261759549181118724985938417778283896321644838187359 5174174663451858114492332335494347567597325414326564334
1467658185519747432346862677631312432936255132166 9343452894419527623786898774123997167326537258862373965467924
457513239587871272665 5631434864824911489393585383495993659696582279942893593191
75879682593157 174768358243639477355192477396659361417216989839647994625865
79437746226248255939914122268415313425643977342584712481634141761641414 965924986316816529145832257363126436195523647289425845415284254682494127136487494
465494995962782518451644645449759289897553971171753415872765 8484741214314682723243938233535146532171129247774226629852629226165251546337561879883565345383112228
21533259562965612718169911638144943321238125761914871395824443446895774449535369548172746333279 1819725741715723538836612
61937445634418884698213981719983688492242677282568124 364714156637613228636468892675171785123191426758569835735317473839482274849387173417221817641
2454591795558374492754954661379642516343572383812877362912517238499386541664458 4229252228284958242941388726116517783293587435231826786613456298624416892
79394615991826562466518473436693798749557871834124255818771897912364215483951721313 9517974796959149352659163825959298778371443918839344
1337749232619729318994797536773996127925227958 73792644732439346127399
936592291474337427526562686951894319466671 7491786418263814
8629896669588947514376853762263796347137813812413247329947263314 78452258359944
59634522533795476341497 1896779655323718812324341132922189846534424399
8665417856587174414892366816894519216625892872139629569861529541326493474337387146566874154147155138 88583136121991111155778238889312813296544599773292536953
161 39934833322242494764155617744333775485356631313488977439133416443193
9249874581183993663696185969729659357852372918264281915694759145447 653682342779734828725989678967751641885729177485384518685333342673718
2412956166754595957153137659161355821956251793186981542487558 3119395891173599222314512866444124489478774471858234965682357911
26678587752542821847187722349489711896139387447231547347141913125844336167398349383368 363755771485647572155253984527544688776654855472581624213
18824376517297999611237165752755157945834839927924432617125821236818619333669986379169468 9556449995966945541651581634626877244752975572312359347166397481564661345
