90 18
18 57 10 93 48 35 66 82 81 34 95 44 89 76 97 9 37 58
6 96 41 82 2 91 64 22 44 54 58 54 86 19 19 70 28 71
9 85 93 22 92 20 84 65 91 29 37 87 82 69 6 76 98 22
13 52 41 96 13 45 65 93 57 70 39 26 89 97 10 61 68 78
21 36 95 33 2 56 16 94 62 51 3 44 80 60 14 80 71 24
94 71 99 54 68 5 4 10 11 58 12 61 11 33 62 88 10 44
82 6 48 16 10 44 49 80 90 27 86 84 21 3 3 21 43 47
53 56 71 95 95 17 57 73 4 83 39 43 55 96 42 78 87 72
92 90 47 56 63 1 15 34 85 37 55 99 71 41 88 15 99 32
88 7 86 26 14 17 22 67 55 93 65 29 82 66 19 5 23 33
15 58 61 62 84 61 65 43 9 48 58 40 4 58 54 38 62 25
85 93 23 92 69 14 38 90 87 23 98 40 4 16 94 90 61 67
72 36 83 12 68 97 67 51 28 18 42 21 67 48 2 7 82 24
1 43 15 86 40 22 99 65 18 70 35 69 85 66 54 64 3 61
23 62 75 39 20 91 58 31 3 7 24 4 49 43 82 90 85 5
91 63 21 71 83 97 28 50 43 61 14 18 2 97 65 83 21 13
7 75 50 47 92 99 2 69 60 18 46 9 34 86 65 72 58 52
21 82 79 78 15 65 18 1 73 57 9 93 45 8 43 38 88 6
47 21 6 17 7 99 36 95 13 71 93 4 98 76 31 100 69 88
34 66 83 94 60 98 90 49 43 88 15 80 49 59 68 82 79 61
60 63 47 46 51 24 44 44 23 71 15 84 14 3 41 54 64 48
92 82 52 21 100 84 73 8 79 13 27 15 31 56 27 80 4 22
93 85 49 68 56 82 71 89 88 38 23 24 55 46 56 66 24 72
65 7 64 69 78 6 35 73 67 15 25 9 53 24 21 78 99 10
96 36 84 82 86 65 1 85 57 37 100 96 6 71 39 99 100 67
40 29 31 85 28 25 88 27 28 9 55 71 80 43 61 13 51 83
89 51 56 8 2 90 66 15 55 8 54 43 18 1 44 11 70 91
35 88 54 28 46 33 11 69 10 69 27 58 71 9 3 67 57 7
79 62 65 4 13 2 53 67 90 20 3 51 66 2 88 17 48 81
93 90 46 11 52 47 12 100 25 72 42 80 75 5 90 46 45 89
23 91 14 98 59 62 56 89 37 48 56 34 77 48 37 77 72 67
34 71 65 51 66 6 36 29 45 18 29 25 69 90 50 70 64 43
57 10 97 80 32 57 98 79 79 61 1 85 44 69 22 34 49 10
38 1 68 57 54 51 53 40 79 14 36 77 7 90 84 31 60 97
17 38 2 47 6 28 62 78 55 67 94 79 4 66 27 33 94 46
27 25 88 1 98 10 8 92 89 64 80 72 8 92 16 70 75 91
18 99 44 14 10 25 72 57 50 5 82 94 96 67 79 85 85 84
50 87 73 2 64 4 83 58 44 5 3 72 50 72 90 63 5 51
100 66 54 25 61 60 70 11 18 92 37 22 26 56 30 4 50 8
25 15 17 86 32 46 64 10 47 86 95 5 37 68 87 58 94 30
77 96 63 19 14 51 38 99 49 38 49 97 30 69 90 71 17 68
57 37 76 24 95 16 52 1 71 17 60 51 73 73 67 9 1 54
7 64 62 66 64 80 31 3 62 13 72 36 37 11 100 75 51 36
63 75 4 94 32 21 64 34 3 93 8 32 1 16 83 45 11 37
45 9 99 24 52 58 93 97 25 55 56 88 71 4 60 36 90 45
80 87 89 23 12 8 47 71 55 84 62 34 7 23 46 48 55 34
32 87 23 54 35 17 6 27 52 28 86 87 89 56 49 20 88 97
56 82 13 94 57 100 85 78 64 55 45 72 11 7 53 12 14 2
11 58 72 69 55 70 10 78 10 82 78 66 75 2 83 51 13 98
34 24 91 61 45 32 70 66 36 78 79 60 30 6 7 16 25 46
46 12 52 52 75 7 28 5 19 72 7 64 24 61 37 70 50 79
62 9 5 60 36 78 22 98 96 19 93 48 2 13 92 65 1 89
68 11 42 29 16 8 48 61 83 18 19 84 8 86 86 52 68 11
71 85 29 84 78 13 61 75 9 23 46 57 5 73 85 84 1 50
38 7 2 79 14 91 15 53 85 89 9 69 51 70 97 98 51 51
80 53 62 33 28 88 36 76 66 52 81 30 80 55 95 32 58 50
81 57 70 28 24 22 25 76 3 31 47 94 48 79 8 3 86 54
2 53 15 91 45 56 75 67 78 11 54 98 97 74 42 61 41 79
35 60 57 35 47 70 88 51 2 44 40 67 9 92 54 20 100 24
22 63 30 82 18 12 42 82 79 37 55 35 81 61 83 48 2 97
49 81 95 8 42 45 26 56 75 98 39 14 89 10 39 49 59 75
82 8 51 44 86 89 54 92 74 54 44 35 9 42 35 70 13 53
34 22 94 83 12 46 11 45 39 86 2 76 8 2 14 77 23 47
28 10 34 82 38 32 59 86 87 94 6 89 32 10 59 49 35 26
29 73 31 13 67 74 97 32 84 17 63 100 91 29 60 42 21 65
72 94 62 41 11 80 97 65 19 54 38 69 22 95 24 52 10 8
91 74 79 76 7 39 95 37 97 98 9 21 23 51 66 5 79 61
12 43 52 20 95 98 36 71 79 71 3 69 93 89 50 44 35 74
80 24 97 13 27 68 89 50 93 58 28 100 20 20 59 39 70 58
4 85 44 11 19 55 34 80 57 9 7 31 29 28 80 54 100 77
73 76 55 56 60 33 41 27 50 41 1 63 64 8 50 86 17 62
58 24 63 60 30 4 100 92 10 25 36 20 2 4 12 51 19 73
10 72 69 21 2 7 80 94 36 45 71 68 10 54 58 33 39 8
32 11 35 87 77 38 12 64 18 18 57 2 50 26 87 48 61 64
15 97 31 71 2 14 72 18 48 42 53 16 59 63 68 15 37 37
6 86 14 10 9 7 76 78 31 43 80 64 41 94 71 21 82 98
84 47 29 64 91 90 41 69 9 89 89 30 68 62 100 71 3 35
87 56 65 92 66 82 3 21 73 31 41 42 70 35 73 46 79 26
69 81 56 55 13 60 55 81 89 22 85 18 98 31 22 87 10 61
76 17 69 77 96 52 93 46 43 27 77 22 54 98 41 35 45 54
80 87 97 37 25 67 48 17 20 85 88 90 60 23 68 5 52 100
21 85 85 90 2 34 55 15 28 49 78 52 42 98 27 73 79 52
51 90 15 47 24 81 6 64 7 49 85 16 47 32 81 82 62 33
53 9 72 67 49 14 93 49 16 8 70 50 29 99 19 5 66 85
62 91 90 60 7 12 27 17 82 18 8 13 97 46 87 64 46 3
4 31 34 99 31 71 43 2 58 4 37 10 71 32 89 54 12 85
58 45 37 35 55 99 9 37 50 22 7 50 66 68 60 97 21 92
33 41 46 59 37 8 17 36 40 71 91 52 53 61 68 78 94 3
58 40 34 10 80 74 76 41 52 44 48 89 7 78 51 23 95 7
32 48 36 42 10 7 35 42 82 89 28 45 17 81 16 10 83 31
