30 99
23 47 94 1 16 49 46 14 59 42 80 89 75 68 30 1 69 37 83 85 53 34 35 67 65 55 56 71 43 10 66 91 80 25 99 82 1 64 60 41 33 12 34 95 88 88 65 89 29 46 79 82 88 44 98 64 17 95 55 99 75 16 42 77 14 19 60 7 36 93 5 34 9 64 68 13 87 22 46 26 47 46 70 22 84 9 16 24 61 6 30 23 63 83 14 43 14 34 53
83 27 47 60 37 14 97 93 85 30 77 9 92 46 76 85 19 1 43 9 32 42 91 75 80 83 63 36 89 77 70 13 17 30 38 69 63 38 22 21 90 63 57 18 90 46 88 48 63 39 65 4 21 8 72 63 66 37 19 87 74 56 84 41 98 36 35 11 59 8 57 27 59 68 26 67 88 93 41 86 69 6 86 2 29 29 90 13 40 82 99 19 97 42 15 50 29 70 11
68 10 47 24 81 77 55 63 34 66 53 16 15 41 18 67 9 5 17 17 77 94 9 81 77 60 64 53 86 5 1 87 45 19 96 43 87 39 90 15 30 44 54 31 37 41 45 57 18 44 45 89 99 32 15 97 33 1 77 98 67 69 92 94 50 90 76 60 89 98 39 77 79 65 82 73 97 4 69 22 62 37 21 12 78 31 35 41 51 32 89 89 81 29 69 85 17 51 88
100 14 90 2 29 97 91 21 80 43 20 54 30 80 37 4 17 51 73 39 21 26 31 7 30 64 83 86 57 98 58 3 80 36 8 17 21 84 67 11 52 38 17 52 28 96 6 79 93 90 3 71 46 48 58 51 47 54 65 42 90 11 96 83 51 64 63 45 30 76 64 51 92 8 65 36 34 34 86 35 70 21 44 10 64 90 68 20 77 99 75 43 70 39 68 45 94 73 59
23 8 44 27 24 43 7 20 64 74 80 41 94 94 57 100 12 2 38 88 4 81 88 51 97 29 21 52 52 10 85 95 82 52 40 73 18 87 11 35 15 27 51 8 20 32 41 31 77 9 4 4 58 74 63 10 51 48 82 92 87 84 16 7 45 82 2 76 76 37 22 67 65 35 64 36 80 67 10 38 38 70 20 48 2 53 53 77 36 71 72 94 41 29 12 96 61 38 97
96 90 46 87 55 34 8 61 8 13 23 16 9 68 3 9 1 13 52 53 1 18 99 92 70 79 89 55 95 60 48 9 32 12 72 61 31 19 92 86 98 91 44 67 31 45 80 75 27 84 74 56 68 18 79 51 100 36 91 5 35 62 72 37 91 75 65 67 82 32 50 6 59 42 84 7 92 64 17 50 74 72 27 1 34 15 29 38 20 12 70 19 18 97 77 20 20 31 35
96 51 55 56 88 51 84 41 100 18 85 58 98 62 56 62 84 57 49 57 77 42 5 64 72 91 39 58 99 75 49 62 62 71 94 14 18 22 30 5 66 8 16 70 25 38 20 56 21 77 95 2 41 5 8 57 56 63 92 34 26 49 35 91 39 76 10 63 18 75 98 97 57 13 82 78 79 46 47 7 40 26 96 92 72 42 73 68 36 44 71 36 71 5 8 86 74 45 12
62 68 74 34 33 55 34 66 58 63 99 40 69 12 56 63 68 22 52 39 62 2 34 49 63 24 27 56 14 12 27 2 39 97 75 36 4 96 56 64 21 77 48 37 66 29 95 22 84 35 92 92 3 40 36 37 97 92 26 91 87 68 88 94 65 17 36 19 17 69 58 61 72 15 11 51 6 33 15 48 29 30 85 70 62 52 21 9 54 82 43 11 62 26 34 38 81 9 17
62 34 32 23 87 38 27 57 34 24 44 13 23 81 7 29 27 66 41 30 61 22 79 40 67 66 45 69 43 98 77 35 8 73 51 40 82 63 79 35 11 70 35 78 54 76 3 56 98 66 58 96 73 28 28 77 45 50 62 61 44 14 42 43 24 62 62 47 75 23 59 81 30 18 29 92 96 74 56 67 11 34 20 45 89 23 62 49 40 28 62 52 64 56 94 11 51 91 77
52 86 17 56 24 21 24 68 48 10 17 54 29 54 70 98 7 8 61 73 70 17 2 89 39 23 89 3 85 77 46 46 59 83 54 11 14 34 1 60 21 30 57 52 51 31 68 18 83 43 61 50 45 50 44 5 8 11 23 99 14 66 70 56 30 41 16 63 48 88 85 10 57 7 32 39 59 57 22 27 85 17 43 12 4 57 3 41 44 62 25 9 75 47 58 46 96 29 37
14 9 35 2 40 70 94 12 8 99 73 18 40 44 16 83 97 12 18 87 30 81 23 3 46 73 27 6 96 31 27 92 76 59 67 3 55 15 7 50 68 85 48 49 30 48 78 41 49 90 91 68 54 42 13 7 33 36 41 79 70 83 22 62 74 33 49 28 86 64 23 3 100 44 49 95 77 60 16 5 74 37 100 25 31 44 35 57 86 96 97 47 14 99 2 39 36 88 66
11 97 21 15 97 92 50 60 74 35 4 4 64 85 92 10 48 76 53 6 84 96 73 28 25 30 43 69 35 88 19 54 78 6 89 69 25 84 33 99 9 3 15 16 27 90 2 76 9 22 82 35 44 9 50 56 29 81 54 10 87 20 68 58 45 91 1 14 16 12 88 75 44 46 34 35 95 47 61 18 64 23 13 28 99 62 73 58 48 39 11 78 6 33 38 22 82 4 76
49 65 13 54 51 16 57 36 18 14 69 38 95 82 24 89 50 61 77 8 3 30 24 45 63 27 86 72 58 84 96 70 49 33 25 28 36 71 7 79 80 15 89 31 78 26 42 19 42 74 98 28 87 98 3 25 5 72 67 73 74 58 67 14 65 96 84 72 32 81 43 31 44 73 67 83 56 8 7 21 46 43 21 73 77 52 99 1 62 14 39 71 97 11 24 94 30 4 98
95 4 79 92 30 24 85 22 50 79 3 13 98 25 28 74 7 92 32 85 81 28 99 22 61 31 27 19 85 30 46 72 42 70 20 57 50 68 26 53 4 87 75 24 48 30 84 98 64 44 16 54 48 51 15 4 38 50 71 57 78 87 32 100 11 40 53 3 71 27 65 93 33 91 86 34 82 72 89 79 25 47 75 79 42 18 25 15 58 93 75 53 38 15 27 47 57 4 7
6 19 97 52 83 87 37 28 26 100 55 26 77 69 20 43 58 14 22 2 11 71 19 60 43 21 24 1 30 92 11 78 39 25 41 68 78 67 70 34 36 59 94 90 10 48 100 93 85 86 31 11 44 51 34 10 57 37 83 84 22 77 87 100 40 17 81 43 97 61 37 75 7 75 20 94 91 97 89 100 70 57 82 98 98 90 68 32 4 34 48 25 2 28 46 76 75 5 2
61 87 37 59 74 72 62 34 46 91 74 22 100 12 88 82 50 37 91 37 66 55 86 87 5 36 100 89 10 13 26 53 77 98 59 9 80 90 64 37 22 95 92 25 95 25 24 100 27 27 100 12 60 100 2 95 84 60 18 15 48 93 20 83 2 30 3 14 23 32 37 77 21 96 48 95 71 100 58 44 13 50 89 63 1 100 85 78 1 3 70 39 26 25 40 77 7 23 6
75 96 66 31 85 59 62 28 45 63 72 91 63 93 29 39 21 67 86 74 92 81 74 91 62 24 26 2 27 25 51 60 69 41 68 83 96 20 25 90 40 12 67 26 37 24 33 84 58 80 79 50 44 94 70 10 53 14 81 28 28 18 94 18 58 29 13 80 24 45 58 97 65 68 40 45 58 59 34 16 13 48 92 64 25 76 53 74 38 83 31 35 100 96 92 14 31 38 19
30 25 93 40 81 26 64 32 15 98 41 55 27 67 53 42 42 91 65 30 73 45 39 36 6 35 80 82 26 15 99 70 58 39 73 61 6 9 54 28 50 29 65 68 47 44 8 50 87 27 91 20 79 54 19 5 72 57 22 45 31 95 24 13 49 51 16 65 42 23 26 18 4 47 81 99 67 38 31 15 65 34 85 60 98 40 95 97 91 65 60 5 98 10 4 17 97 90 7
8 74 13 9 68 40 1 22 48 30 64 49 45 70 52 64 12 99 90 19 81 38 28 1 60 31 41 15 73 1 53 46 56 95 18 2 97 78 32 19 11 22 9 21 62 2 71 86 14 11 45 83 71 69 56 52 96 82 91 95 63 36 74 98 78 71 98 57 26 31 12 11 54 65 9 20 69 37 10 78 89 67 6 34 66 10 14 39 84 49 15 8 32 98 84 99 78 44 42
22 5 71 19 61 10 77 82 73 99 74 80 47 100 83 22 94 84 38 58 95 19 64 82 12 63 68 53 5 8 55 2 60 95 3 23 72 2 63 22 97 13 17 94 10 15 66 39 30 37 95 21 78 21 50 45 2 90 25 100 36 98 4 43 7 83 48 51 19 82 100 63 72 42 58 58 92 85 89 54 15 94 25 29 48 71 55 48 88 55 7 2 46 44 75 6 28 66 36
69 58 34 22 59 2 52 23 40 62 46 73 29 40 21 4 3 92 16 87 54 99 30 38 84 25 97 27 10 63 62 93 95 88 8 99 5 91 76 53 45 61 94 82 68 30 92 40 69 89 92 29 62 73 16 77 29 72 29 57 77 35 74 48 96 49 66 23 33 84 100 77 97 61 36 17 58 6 16 54 6 92 65 47 63 91 44 38 33 35 93 31 28 95 29 63 76 58 34
61 50 90 48 21 82 89 34 62 21 77 63 65 38 95 38 21 15 15 82 99 47 18 80 16 65 28 2 34 35 45 48 54 87 93 99 70 95 13 78 7 8 94 12 83 35 87 56 10 96 4 83 64 50 2 28 22 93 45 74 16 13 98 25 80 29 99 97 21 37 44 40 11 62 100 83 32 33 26 18 54 55 1 71 8 73 8 11 13 69 65 70 65 39 21 70 7 28 48
87 81 86 10 78 58 49 36 75 53 88 37 64 62 9 5 97 89 7 1 93 11 50 89 98 26 100 100 40 78 93 81 8 1 2 51 51 63 16 42 2 83 49 30 17 99 3 64 32 69 25 8 1 1 28 85 81 44 49 11 89 57 99 85 26 94 100 56 11 34 61 62 95 22 8 35 96 28 58 54 32 18 15 2 22 52 6 47 46 46 92 70 11 97 36 26 7 82 13
100 32 64 52 47 76 13 93 91 52 1 60 44 20 85 52 90 38 73 29 15 74 60 96 28 19 56 52 66 16 18 51 19 95 51 42 63 14 86 30 98 53 88 13 18 55 15 99 31 75 27 27 6 19 69 67 95 12 98 30 40 64 93 9 10 74 72 77 71 76 17 56 5 38 56 32 34 71 80 57 23 29 93 69 61 86 56 83 87 37 21 11 9 100 99 45 88 82 98
47 96 9 73 30 100 28 71 97 8 25 87 72 94 8 83 70 85 91 42 3 87 99 77 88 5 93 34 86 57 39 75 52 9 86 7 96 3 15 25 83 22 89 64 7 92 43 12 15 96 18 52 40 93 19 39 4 43 99 73 3 100 5 15 59 37 34 35 65 23 70 27 29 62 27 49 18 44 60 52 31 98 28 62 79 94 15 77 83 53 87 52 4 78 27 95 54 80 76
81 8 55 49 64 42 86 16 94 38 100 67 76 37 45 22 40 29 98 32 25 100 47 82 43 66 48 57 25 45 7 82 50 65 37 11 18 32 72 10 16 10 33 96 37 54 4 38 50 39 43 88 41 98 72 16 43 3 6 34 95 39 27 58 19 93 6 96 21 82 81 8 70 45 87 58 68 29 49 5 45 39 17 23 35 30 13 3 79 27 65 47 34 74 74 96 49 73 73
65 49 53 79 8 46 82 65 45 83 72 41 36 77 40 17 32 29 24 72 56 35 20 9 84 73 75 24 49 49 94 6 2 6 85 13 48 63 43 64 25 23 54 45 1 12 14 12 72 41 20 34 76 89 33 21 12 28 62 55 39 58 63 66 64 55 85 68 47 65 88 31 52 96 5 74 57 41 73 94 4 24 97 29 3 33 96 92 15 60 23 48 39 79 18 79 16 46 31
64 39 45 98 65 14 8 41 46 83 43 59 84 42 14 95 39 6 87 74 91 34 13 52 26 57 56 51 34 62 61 42 85 73 48 67 27 97 33 63 23 79 46 70 86 29 11 7 44 55 7 74 52 18 76 40 20 51 14 66 30 15 14 77 72 20 39 28 52 17 49 53 57 49 47 99 34 87 77 27 83 36 49 100 84 90 6 51 5 70 57 89 94 65 59 92 42 92 36
47 84 47 49 67 61 88 54 63 37 30 85 74 6 38 26 100 59 80 2 20 28 75 89 21 25 47 38 96 12 31 17 44 17 87 50 15 54 15 45 18 7 70 6 64 39 14 8 75 11 93 51 84 86 46 11 8 3 2 70 88 13 52 50 44 15 32 93 15 39 47 58 22 69 85 82 47 80 3 84 56 25 75 47 16 33 30 83 35 95 93 40 32 4 92 67 7 39 49
4 14 55 34 47 97 25 78 84 72 80 2 97 12 11 99 4 40 7 82 59 15 17 29 73 90 6 95 44 23 36 81 74 26 1 48 79 1 48 15 31 5 69 87 3 65 14 90 32 8 78 55 54 55 86 47 32 61 43 77 86 47 68 11 39 84 69 23 3 42 78 82 88 14 86 70 55 12 65 25 63 11 91 63 89 43 81 30 32 51 91 29 79 48 84 23 15 43 87
