27 31
23 48 26 22 77 17 68 53 37 6 56 91 17 91 79 90 100 85 48 68 21 79 87 43 75 7 70 46 16 48 62
98 18 64 29 9 98 71 9 10 99 64 34 61 11 21 100 39 28 61 2 26 84 34 12 92 20 44 21 65 49 72
64 29 41 88 32 35 74 70 16 91 28 91 97 19 6 4 59 54 94 78 1 3 40 49 80 60 81 63 42 7 6
95 6 83 50 1 50 53 67 100 34 60 53 81 46 33 33 74 53 25 36 14 90 67 83 19 64 2 40 23 92 80
53 22 12 77 69 42 56 70 69 68 87 78 62 28 18 95 75 76 71 73 77 4 42 76 32 39 14 84 90 27 2
13 78 86 17 67 77 68 40 90 29 21 96 63 71 49 69 75 52 27 43 64 60 98 42 98 17 3 35 56 14 7
75 31 1 85 58 49 11 7 48 85 1 16 92 78 36 76 33 49 57 84 51 40 91 61 89 19 53 73 61 1 37
64 4 83 25 54 65 88 46 33 38 94 83 66 83 9 76 77 93 59 92 3 12 52 60 98 26 67 79 80 41 39
38 57 94 70 36 93 90 32 53 56 10 3 53 35 9 78 14 65 100 43 82 2 76 68 64 8 12 32 22 58 18
13 60 83 72 41 62 94 37 28 24 82 31 88 6 12 13 12 29 49 34 89 44 53 38 72 82 74 50 49 76 63
83 51 63 96 86 97 41 28 37 98 83 4 47 64 98 66 78 66 48 11 46 50 73 11 23 54 74 83 44 50 6
95 67 94 16 88 53 30 41 22 96 93 88 77 48 41 100 47 40 72 10 80 66 32 42 55 8 53 26 38 74 64
31 21 87 4 26 85 69 99 93 56 61 28 94 92 21 34 86 30 1 88 18 61 11 71 21 61 59 25 87 27 80
72 76 63 20 69 89 73 74 30 43 85 25 88 35 9 53 38 23 68 99 41 11 8 17 18 11 57 70 44 91 57
38 80 86 90 41 74 59 17 99 49 22 37 76 44 41 15 79 78 28 29 14 78 2 74 76 95 85 10 17 41 32
64 83 76 5 7 10 89 31 1 87 78 65 40 79 92 5 33 32 6 29 39 99 68 71 25 93 87 70 15 62 24
90 18 44 49 43 48 93 9 6 71 89 54 57 37 80 97 41 15 98 29 15 3 47 1 13 51 70 79 99 7 32
2 86 54 25 93 59 20 31 24 66 12 89 4 46 77 33 13 57 45 69 93 29 92 6 32 87 8 39 45 75 53
23 85 5 64 47 97 31 83 87 52 75 15 26 93 17 80 6 95 60 84 80 20 84 94 39 22 93 80 61 68 71
62 46 9 33 36 26 23 71 87 8 7 8 81 13 21 77 37 36 84 19 22 95 93 30 49 77 51 100 88 2 74
89 41 65 15 34 36 47 92 58 93 48 79 72 94 72 28 76 26 99 45 36 16 41 70 42 95 75 28 63 54 58
85 22 18 39 93 48 39 10 85 92 38 62 64 13 33 76 22 65 79 21 34 68 10 15 31 62 94 97 49 61 8
7 60 48 87 42 56 27 87 79 31 67 19 80 75 12 68 78 86 59 88 71 17 53 75 30 57 7 63 81 92 61
16 17 7 84 72 83 3 79 2 34 2 92 74 57 29 30 94 63 5 26 91 2 18 45 44 3 63 80 40 32 30
37 91 73 11 54 58 95 37 74 25 28 19 33 63 19 93 70 98 60 65 11 73 8 15 58 52 60 21 56 82 43
95 72 62 13 88 26 61 71 75 2 31 6 66 80 89 18 49 85 24 17 34 93 77 40 16 59 8 29 11 71 22
87 75 88 70 5 17 29 57 88 45 64 73 54 98 58 65 12 4 35 41 31 32 57 43 80 93 71 89 55 22 90
