94 89
90 98 36 91 2 77 81 75 19 72 59 1 77 53 9 96 40 52 43 10 38 61 99 26 36 30 68 16 69 8 1 92 65 10 52 25 70 23 66 34 49 19 65 90 87 63 64 58 90 87 9 95 85 23 10 51 67 17 32 83 24 78 30 3 13 100 79 74 97 98 39 20 1 53 34 11 64 90 28 40 15 72 18 36 56 98 74 80 53
34 55 77 23 56 39 15 9 78 80 43 47 20 71 10 97 19 62 48 94 27 57 39 9 10 87 8 85 48 85 31 31 19 78 69 92 41 9 66 66 79 47 53 9 17 28 74 54 78 22 5 19 25 38 73 57 49 18 47 6 60 52 17 52 58 3 71 88 11 92 72 64 85 58 30 38 97 42 7 31 1 29 17 64 3 11 4 24 85
33 73 22 12 39 36 81 3 88 94 34 82 27 49 37 61 27 57 31 86 21 43 70 3 85 29 95 8 49 82 88 71 86 1 31 93 69 67 42 34 66 71 38 32 81 48 74 4 94 19 22 14 62 87 42 13 79 70 62 42 4 92 90 6 67 35 13 56 37 75 22 100 3 95 34 36 41 32 91 29 81 1 71 32 35 98 39 98 64
66 34 99 94 52 34 16 28 41 4 72 92 82 45 54 26 36 52 68 5 88 80 38 46 66 69 67 80 69 71 15 46 84 65 93 73 62 98 84 52 38 7 94 67 6 15 95 10 29 94 20 13 5 6 87 38 81 63 85 52 99 59 62 34 34 88 94 57 66 51 71 85 15 38 29 80 60 32 34 2 31 21 41 63 75 98 80 67 74
16 7 65 74 89 10 30 18 42 6 6 46 11 26 76 8 78 60 9 77 28 95 54 83 50 84 84 41 18 37 95 5 98 88 53 97 88 78 9 89 7 51 20 56 8 70 36 75 40 36 81 2 52 28 39 4 81 2 3 3 14 25 11 22 97 75 48 37 48 22 52 100 86 40 93 40 70 19 37 94 51 87 73 21 37 56 63 57 22
7 11 90 78 92 67 81 40 76 15 22 55 2 66 73 25 63 74 12 33 74 44 22 71 39 5 56 74 56 18 17 61 11 87 27 79 45 36 40 11 41 14 87 34 99 10 51 75 53 25 27 1 10 40 88 34 17 62 38 34 99 92 64 3 8 51 95 17 7 43 83 78 72 81 44 7 23 97 69 65 42 84 78 45 40 94 96 24 79
85 63 50 48 55 13 46 49 98 74 37 91 35 20 34 2 63 1 85 9 84 30 76 24 72 39 29 72 39 91 12 7 66 8 30 38 19 46 63 75 22 6 9 75 77 98 81 30 39 74 78 59 98 46 1 26 76 87 1 99 8 93 28 44 34 33 12 78 75 38 27 76 78 95 68 93 8 78 76 43 59 39 86 3 93 25 75 46 54
11 43 96 19 2 88 59 82 66 48 70 78 36 48 71 83 27 61 52 64 44 31 29 6 24 3 34 93 47 44 47 73 8 46 64 4 85 94 76 35 46 79 100 2 14 58 58 41 25 22 85 33 70 14 68 11 67 14 11 49 53 75 63 68 74 3 60 60 97 27 39 23 89 37 20 44 22 74 81 12 75 15 99 38 46 51 51 38 24
10 86 35 23 48 20 50 64 17 97 56 48 45 18 76 5 42 19 44 15 38 73 99 78 91 49 40 60 46 68 100 17 36 26 63 84 32 64 30 76 80 21 63 63 65 77 25 70 90 32 62 93 34 67 61 29 93 90 71 40 6 40 90 78 85 84 39 59 58 21 65 33 1 1 45 35 11 58 63 77 69 63 85 50 69 22 10 100 42
47 59 17 83 67 4 14 84 90 1 84 96 75 82 15 45 50 4 51 63 28 80 97 20 86 6 43 72 28 38 87 53 61 85 3 100 1 67 79 55 84 71 35 29 75 16 77 68 46 10 82 15 94 27 86 15 13 8 15 29 36 11 86 38 3 48 28 57 33 85 17 25 22 5 42 90 37 13 69 51 9 66 94 40 24 67 16 55 90
37 4 46 78 34 56 28 18 36 57 8 79 47 34 75 41 78 7 100 53 70 47 51 68 44 56 49 63 41 34 90 68 65 5 39 69 65 55 77 31 53 10 58 53 67 11 27 83 39 16 5 13 80 51 48 23 38 40 86 21 63 43 60 26 29 33 19 54 14 83 87 79 69 35 80 52 37 8 80 66 26 98 24 70 81 35 80 34 22
69 92 41 4 6 55 37 11 90 41 77 31 75 77 15 50 51 65 100 34 41 17 35 67 70 88 70 18 2 44 48 28 9 94 19 42 70 42 87 8 43 74 83 9 27 68 81 88 57 51 54 99 90 5 40 33 1 76 86 86 15 88 26 88 39 68 88 42 76 16 5 11 85 9 61 25 76 15 67 14 73 44 100 67 48 6 15 6 36
60 8 13 93 4 45 51 85 77 37 43 72 57 82 3 51 11 94 91 31 23 71 58 71 52 50 42 93 85 62 95 63 62 61 29 57 86 92 15 68 51 48 17 38 78 97 5 48 42 83 44 74 74 30 93 91 88 36 100 51 90 81 88 50 85 52 53 83 80 99 73 39 84 8 77 61 3 89 96 18 23 11 57 81 69 45 46 65 96
3 56 69 5 96 48 59 70 40 47 78 34 91 76 90 87 53 69 90 75 87 42 3 15 36 36 29 96 40 87 91 62 87 74 5 60 60 19 71 59 23 3 8 15 54 53 21 93 12 3 26 85 85 12 100 62 32 12 61 52 51 1 89 96 21 26 12 56 100 89 1 83 62 16 33 1 69 65 99 93 55 34 26 21 41 72 55 96 29
76 21 37 51 72 71 89 95 28 85 50 42 22 43 60 24 33 75 24 65 83 97 94 44 66 29 71 5 54 43 88 39 75 82 11 93 34 86 93 23 47 88 49 68 3 78 56 62 47 1 97 83 21 9 19 3 36 68 78 79 9 66 67 16 9 21 88 84 83 92 83 47 16 70 60 25 16 100 28 54 86 46 16 50 8 70 57 29 12
2 38 15 1 17 52 28 49 88 37 88 22 99 41 20 40 25 63 46 50 9 35 74 87 45 86 1 80 28 1 63 42 47 21 54 38 25 34 31 14 95 20 82 69 16 51 74 43 66 21 63 29 89 83 76 12 81 25 67 47 37 66 2 76 35 20 80 45 96 96 21 8 56 26 37 49 97 67 87 36 81 94 98 48 32 67 46 33 5
21 64 84 31 51 56 85 42 26 46 26 47 44 87 65 65 3 24 36 57 27 21 72 93 88 14 28 38 91 3 60 49 21 42 34 72 29 49 75 55 60 45 64 37 73 93 79 50 61 84 3 4 8 65 80 59 75 12 75 30 65 4 81 71 23 39 43 83 56 77 100 56 71 75 67 54 77 82 20 85 75 77 55 46 23 64 69 6 6
20 8 57 77 21 13 75 27 83 52 94 46 95 99 31 11 78 20 53 83 14 51 28 23 9 98 83 26 40 69 32 5 93 93 46 42 53 36 43 61 76 12 31 85 13 39 46 38 50 61 95 31 50 44 7 87 78 26 59 96 7 9 26 94 73 79 95 65 19 16 82 78 6 16 22 40 96 73 73 56 37 72 4 20 39 47 45 21 17
73 32 3 87 43 62 74 3 96 13 37 77 72 65 53 3 49 65 21 48 46 95 6 74 59 74 78 35 70 16 70 27 10 84 71 96 41 28 84 38 43 53 79 45 83 72 51 21 40 83 97 42 80 97 14 38 85 81 40 58 44 68 51 40 63 1 58 13 55 44 75 77 16 25 73 36 73 11 3 63 85 29 6 30 15 2 23 6 40
65 36 15 1 90 75 97 92 81 6 97 73 79 13 27 37 84 60 56 13 92 17 45 49 78 67 9 16 95 88 33 65 35 98 80 38 45 22 28 87 15 27 18 71 81 25 21 17 7 12 44 78 29 14 16 35 77 76 27 62 15 80 35 89 80 90 20 25 71 93 38 18 6 11 60 31 78 82 98 46 46 93 94 98 87 14 70 67 21
19 14 92 93 66 85 53 32 40 94 94 86 42 96 90 83 47 14 21 50 90 94 51 81 76 96 91 83 34 51 66 92 89 48 54 75 14 41 13 25 95 36 26 44 55 33 43 99 67 62 20 20 11 44 54 92 47 60 58 29 28 88 57 65 98 92 95 58 27 57 54 8 34 97 72 71 43 30 19 79 18 34 43 91 23 88 55 5 68
89 63 58 6 63 47 80 91 86 91 76 86 35 13 79 78 52 61 23 5 51 60 4 71 39 29 68 15 41 31 95 26 31 83 1 81 30 19 39 15 27 14 8 30 25 54 33 68 39 98 16 30 43 78 72 88 27 14 62 79 11 87 45 92 41 47 58 29 77 76 21 15 38 66 2 48 100 14 91 11 34 2 50 4 84 93 40 100 100
55 16 36 91 63 47 32 38 80 85 16 50 33 75 31 12 43 60 75 12 95 86 87 55 67 77 38 44 23 28 26 30 34 26 41 11 100 40 59 59 35 3 45 77 25 43 8 47 85 84 19 39 35 10 18 72 1 35 72 75 60 79 75 62 20 29 44 66 7 74 52 30 70 51 43 100 12 74 38 72 35 37 55 67 28 11 70 8 15
4 69 23 89 35 14 75 10 21 98 29 37 81 59 29 41 93 87 67 71 11 34 51 23 59 19 58 93 96 20 46 92 77 85 7 90 2 73 45 41 81 91 16 26 21 63 29 77 96 74 47 62 92 24 88 16 52 35 81 40 7 23 14 4 79 45 13 51 73 38 16 59 29 75 93 46 4 72 41 36 16 12 13 88 22 63 53 55 44
59 47 70 76 38 20 61 16 34 44 52 62 100 2 19 94 53 10 60 9 12 27 17 8 56 7 33 50 6 62 70 2 27 68 58 60 28 42 56 32 27 47 43 34 44 30 1 63 8 80 63 83 96 63 47 50 52 23 90 100 83 76 83 1 14 84 13 7 5 97 17 53 72 53 32 41 49 19 74 59 100 66 47 85 91 95 18 25 11
79 76 100 29 22 87 55 43 63 7 87 17 69 51 45 24 46 36 96 39 48 63 70 71 78 85 63 41 84 51 25 31 12 73 22 42 88 59 43 91 81 23 57 46 52 38 20 72 66 24 36 5 42 70 26 8 49 74 28 66 61 27 89 43 47 75 6 41 27 62 91 46 31 39 52 52 43 71 20 98 82 63 89 52 19 29 99 18 49
31 25 6 30 28 59 50 62 20 34 77 78 83 31 53 30 88 19 21 40 86 57 95 37 15 65 55 16 99 45 96 49 82 16 22 38 80 79 32 27 92 7 83 15 66 27 60 60 79 43 44 72 92 57 98 19 16 14 78 5 91 10 49 82 30 17 76 69 26 73 61 13 16 63 45 31 19 44 91 12 98 7 12 6 28 12 76 65 46
62 60 77 54 35 55 51 28 82 57 25 61 1 45 26 73 16 28 8 16 4 1 69 77 2 60 6 4 20 28 3 19 77 22 30 28 15 27 41 66 100 12 74 15 40 19 4 3 59 32 32 29 24 53 91 75 53 51 28 100 42 69 15 2 92 35 81 37 98 58 65 48 45 8 24 82 55 99 44 42 52 44 60 73 27 11 59 89 2
100 73 86 17 38 22 72 80 94 5 15 67 15 62 32 2 72 23 2 22 15 11 79 9 1 15 83 79 49 31 46 58 31 71 56 13 83 84 11 17 6 35 73 5 37 32 79 54 81 48 90 60 55 80 96 97 86 86 77 90 28 2 41 90 50 39 48 72 97 22 69 94 2 10 98 60 32 88 98 66 33 1 14 57 54 5 34 100 42
17 53 7 87 97 55 79 93 8 68 11 13 69 32 90 52 86 59 80 18 5 81 93 47 77 93 35 25 1 5 79 98 63 27 43 25 60 9 29 32 69 77 93 50 61 78 1 15 30 72 31 71 21 52 79 7 70 99 82 5 10 99 36 65 4 31 81 4 76 86 48 92 16 44 64 7 56 79 12 88 29 39 93 78 74 1 7 73 96
60 1 52 52 76 61 49 62 8 29 77 56 22 55 40 64 47 93 20 69 83 41 49 10 7 98 53 59 57 98 28 19 15 77 3 40 32 58 91 82 72 73 96 96 53 36 22 69 30 58 8 16 94 44 23 13 94 40 66 35 41 45 31 100 86 98 47 44 68 49 48 89 99 90 43 6 69 21 62 70 5 26 89 13 26 64 25 68 95
88 80 7 20 32 34 18 47 27 93 86 94 88 53 100 83 67 90 40 1 20 33 20 33 21 99 6 36 97 33 48 61 23 50 11 10 13 21 79 56 16 54 80 26 18 43 4 18 76 7 79 36 91 70 35 84 100 85 10 84 40 96 2 88 84 12 69 23 38 23 37 39 63 66 60 81 84 62 26 74 97 57 59 82 28 41 87 17 76
63 24 57 55 18 30 53 37 55 7 77 10 49 95 91 48 86 71 70 40 36 48 36 25 15 93 91 81 39 17 33 4 52 34 61 79 42 23 20 70 74 50 66 68 49 26 65 22 47 11 46 12 62 84 22 88 81 36 23 26 29 40 82 51 62 67 63 19 12 63 71 35 10 96 75 85 84 90 87 52 87 4 63 3 54 32 19 72 93
60 2 10 18 78 85 87 10 63 48 83 42 69 78 46 24 57 75 90 93 75 16 82 26 19 7 81 1 82 33 10 56 23 95 41 77 53 68 86 76 25 38 18 71 26 23 15 77 87 55 35 39 63 38 31 57 65 6 5 51 3 30 18 8 89 59 84 36 37 73 81 2 99 22 38 72 98 96 43 79 80 40 64 39 48 84 68 45 18
5 35 19 63 71 60 82 3 84 40 93 18 93 9 50 45 99 21 8 34 28 56 83 56 81 7 36 4 73 84 43 38 36 34 56 43 14 90 45 87 21 42 62 9 40 94 55 61 74 39 14 79 13 41 83 69 35 94 96 81 98 5 32 13 36 14 49 27 60 26 45 11 27 87 63 31 44 39 49 88 35 60 71 6 41 13 16 54 45
94 52 34 74 84 72 65 93 45 23 15 21 84 78 55 25 69 87 2 32 26 94 34 15 65 57 29 82 4 82 90 64 83 11 52 90 9 76 69 46 13 43 79 89 73 62 83 86 15 57 62 87 9 78 11 67 6 50 15 82 13 41 14 24 85 81 31 100 27 15 68 5 56 20 20 86 61 1 14 61 97 76 47 40 47 19 46 100 30
34 86 79 13 54 68 24 11 75 29 11 15 61 55 82 54 6 95 30 54 8 37 42 70 78 94 49 48 11 93 64 30 62 7 86 10 66 30 53 82 98 98 97 79 72 94 81 26 81 75 6 34 86 87 87 64 67 6 92 74 97 42 40 87 38 45 68 32 34 39 85 78 49 99 1 98 47 2 27 32 3 39 39 59 11 88 7 83 34
29 80 83 61 50 92 61 45 5 3 9 52 69 75 21 71 25 4 32 15 46 78 65 34 11 8 1 53 41 80 58 58 12 27 13 71 87 70 56 75 29 16 57 73 59 65 92 26 56 50 64 84 43 5 99 68 100 69 85 75 74 2 65 11 51 22 5 42 46 51 100 62 63 18 63 77 28 47 82 34 90 24 62 1 82 46 97 59 7
32 51 14 25 17 1 47 92 88 94 58 13 41 15 87 84 59 16 55 40 9 84 25 18 87 4 4 48 61 29 35 10 1 82 32 20 97 60 80 29 30 36 57 21 96 21 83 14 61 44 96 7 9 54 45 53 46 1 14 30 57 73 39 34 81 18 76 34 89 42 50 37 83 63 75 83 40 14 73 31 12 68 37 7 5 52 27 18 20
22 40 52 4 81 88 15 78 46 74 76 41 24 84 58 6 72 77 47 45 44 88 100 36 48 56 55 4 5 41 22 93 2 27 84 33 66 5 72 87 46 98 65 11 86 79 98 39 96 33 33 75 3 19 16 71 15 64 36 5 9 84 95 7 93 54 19 56 80 56 34 61 68 76 97 9 61 74 94 51 92 2 70 42 54 3 30 43 38
89 61 58 94 40 100 67 34 60 10 93 59 80 45 21 38 66 48 2 36 1 96 48 39 67 85 82 94 38 9 36 90 70 80 48 13 22 32 64 61 60 26 20 76 30 54 55 73 48 78 53 83 17 9 18 30 74 72 78 71 23 16 74 64 74 52 36 99 52 9 92 13 48 18 56 54 32 96 57 94 18 95 53 73 18 80 1 71 4
91 86 42 80 1 50 10 51 8 65 74 85 78 9 84 18 76 17 51 73 74 14 65 67 25 40 48 20 89 60 19 41 8 2 26 88 39 68 95 58 30 53 81 57 45 59 15 19 30 11 12 19 48 69 90 79 35 95 23 69 8 29 57 15 3 80 28 57 73 70 48 38 79 47 30 55 30 46 72 80 63 90 36 60 94 81 57 55 66
34 10 42 19 61 65 7 23 27 40 93 34 5 21 98 55 91 45 45 4 89 8 88 72 91 43 28 65 67 26 49 63 20 20 14 41 3 96 31 80 45 55 54 99 24 12 9 47 3 83 32 93 8 17 51 5 48 4 70 55 44 41 50 94 59 40 99 50 46 93 61 91 65 63 95 66 20 94 45 86 39 67 47 87 31 59 81 40 9
88 45 83 38 28 89 60 14 54 29 50 10 37 39 70 42 37 72 63 50 7 48 70 25 99 59 67 61 54 32 61 26 40 34 48 87 50 87 18 17 81 29 44 39 44 5 92 92 47 31 74 80 21 47 89 97 28 27 100 33 77 23 20 34 9 56 23 70 39 76 7 24 90 18 67 94 32 92 65 34 22 88 74 46 45 17 76 9 35
2 98 26 19 83 71 98 96 16 86 2 34 22 61 8 38 40 21 42 70 59 84 56 92 4 85 46 18 100 77 5 33 55 78 1 10 15 65 22 90 19 49 32 75 30 31 93 83 63 69 98 1 55 29 42 47 75 42 13 11 28 64 99 31 15 7 18 50 3 100 43 83 15 96 55 4 33 96 70 2 65 90 31 10 65 77 82 21 95
84 51 4 72 38 2 21 13 80 55 12 22 59 90 100 95 25 95 56 90 91 83 66 44 52 36 35 67 3 49 51 50 32 29 9 84 34 93 81 92 18 31 1 63 56 79 92 44 90 59 5 85 94 62 33 99 83 28 26 93 67 14 44 15 65 42 31 47 94 54 79 43 57 26 68 93 20 68 27 40 59 69 18 12 79 92 23 86 46
28 65 63 6 90 76 49 66 8 7 77 100 10 86 63 64 98 44 90 59 24 33 82 76 21 23 73 57 62 87 69 73 72 34 88 57 10 33 20 47 1 57 4 64 81 66 2 61 49 5 5 34 58 20 32 85 98 8 15 42 43 82 71 64 2 20 31 9 19 81 60 49 35 99 50 48 59 5 69 78 24 9 51 78 45 39 67 18 39
42 80 32 6 18 37 20 97 49 47 70 80 94 50 46 12 92 37 14 4 68 20 59 45 13 86 44 37 14 80 33 60 93 31 78 53 4 90 96 63 94 92 86 27 31 45 99 48 94 77 49 72 36 68 51 18 22 30 10 26 33 42 82 78 32 26 41 46 100 42 75 15 37 17 3 15 2 69 21 38 6 61 46 99 66 9 32 74 63
12 33 30 57 81 67 86 55 52 14 36 51 15 95 98 66 56 62 88 48 7 98 21 99 65 61 67 29 87 92 42 35 17 68 13 7 53 53 31 90 89 18 95 20 3 78 46 90 35 70 71 60 87 88 87 5 18 98 57 36 24 35 10 33 57 10 27 49 15 41 16 8 89 77 10 62 47 4 94 42 36 13 93 60 30 68 7 96 59
50 70 18 90 36 11 55 65 61 48 16 57 72 19 13 49 30 85 63 61 19 55 68 64 91 39 78 63 9 46 3 19 35 40 21 44 43 40 24 93 32 5 17 26 78 24 88 10 47 92 95 5 22 83 37 27 60 61 52 67 53 24 86 11 58 88 82 32 59 51 24 44 41 16 4 60 27 99 36 16 81 80 70 36 32 57 46 89 82
25 65 56 35 43 47 94 38 45 55 6 72 50 64 44 86 7 75 47 91 58 45 54 12 99 76 1 15 33 93 38 24 68 99 59 80 38 38 41 98 88 19 76 46 7 87 53 29 93 83 56 63 97 25 22 61 19 48 81 61 37 56 94 13 17 56 31 95 72 39 39 48 92 83 34 9 10 54 15 2 64 82 4 80 92 83 49 32 1
9 6 77 95 98 33 3 77 81 46 24 29 92 69 43 73 76 61 40 89 23 4 55 16 67 38 55 59 74 28 82 35 89 62 89 33 86 67 53 86 42 94 77 13 97 92 53 61 17 79 90 7 94 73 68 47 74 85 75 99 47 98 67 70 62 84 27 72 58 93 44 46 5 23 40 67 75 58 88 14 71 34 1 3 87 86 8 91 2
27 75 14 95 61 9 30 1 8 16 73 47 9 68 81 30 24 2 83 48 93 42 4 43 13 7 82 89 87 70 70 41 64 95 81 92 68 62 18 43 28 82 96 73 7 60 1 32 39 43 56 100 94 26 35 12 41 46 52 72 41 85 96 68 24 10 77 43 25 52 26 94 14 75 36 61 19 66 75 85 45 97 92 66 67 78 82 89 53
83 83 58 12 90 56 89 9 79 54 52 51 29 91 87 45 100 60 68 2 96 88 96 55 82 88 28 89 26 12 96 2 78 84 65 88 13 82 49 81 27 59 27 79 3 36 61 46 73 28 77 97 22 32 38 7 12 59 40 91 10 18 31 96 3 48 62 40 76 83 13 2 7 17 44 89 47 73 62 10 22 92 8 20 62 65 67 93 13
65 43 48 63 87 64 98 99 17 1 57 68 40 100 14 77 38 89 74 37 81 46 52 72 22 21 98 17 39 2 57 13 20 29 79 78 78 62 58 86 15 94 31 35 41 98 62 14 56 32 24 90 88 96 31 24 50 49 2 96 88 12 36 12 98 90 45 3 68 93 51 87 15 15 28 37 70 78 17 3 21 88 3 73 62 23 16 73 72
26 36 42 82 100 26 13 78 25 18 67 42 73 14 29 39 59 13 100 11 16 55 15 58 6 77 44 6 18 17 70 80 30 21 90 88 39 2 86 15 44 32 57 14 97 63 11 55 86 56 31 10 87 58 46 47 51 33 88 55 6 34 9 18 47 53 43 71 87 22 10 69 27 50 17 23 68 22 13 42 2 62 13 56 24 33 66 34 72
78 18 63 93 10 41 47 55 43 47 98 73 30 19 48 69 98 16 23 10 99 71 87 33 7 78 69 18 91 74 71 55 93 55 50 70 64 52 51 96 62 45 96 1 53 41 16 80 40 51 16 7 8 56 25 92 1 74 9 26 14 1 34 13 97 70 69 5 66 65 22 28 53 80 33 88 31 92 86 5 85 69 100 62 46 82 89 82 93
65 45 12 100 2 57 26 71 44 99 87 40 15 89 86 22 8 74 6 10 81 97 51 24 40 32 100 81 89 59 85 92 97 28 53 61 92 2 42 9 27 34 24 91 58 68 13 79 38 38 28 23 70 38 75 84 27 27 57 51 79 17 43 3 33 21 46 74 30 6 26 90 27 88 48 29 56 66 44 56 16 4 46 64 97 69 55 19 34
79 3 66 44 49 91 100 23 66 29 84 30 83 20 83 4 7 53 43 15 38 60 78 86 19 14 85 79 5 12 16 49 56 91 47 12 7 44 17 35 67 52 40 44 82 51 86 2 81 32 81 84 4 72 21 61 92 21 99 97 64 72 74 17 57 19 61 41 35 12 59 93 44 24 56 74 12 50 21 41 2 41 75 25 81 23 28 46 14
79 69 68 21 2 13 33 68 48 82 55 87 45 76 85 99 86 23 8 100 52 73 29 85 93 26 88 17 80 85 61 24 39 11 28 54 43 36 39 9 47 47 59 58 61 39 83 37 54 57 17 63 73 67 19 3 23 56 17 44 60 34 64 24 22 96 38 96 1 54 81 51 25 57 77 22 92 26 60 28 75 18 61 26 5 92 46 41 45
25 35 9 8 56 100 25 79 86 9 75 43 14 85 77 16 93 100 63 70 11 74 61 34 98 58 25 45 22 3 80 9 55 93 14 2 18 87 15 14 95 14 77 62 80 89 18 43 48 8 82 91 41 1 21 20 76 16 19 63 53 70 68 90 36 18 32 40 59 40 42 31 24 96 35 60 59 27 28 34 83 61 23 69 79 3 66 22 84
58 36 11 59 94 93 87 93 72 96 40 54 44 85 17 50 22 43 80 100 45 17 33 8 36 47 76 47 69 91 94 89 47 48 74 7 69 68 93 28 24 76 39 32 32 2 34 51 65 96 6 75 10 57 78 17 100 46 17 22 53 89 17 58 78 63 8 72 85 46 62 7 58 32 18 1 19 42 95 27 78 31 35 85 78 19 6 4 4
30 42 33 2 53 64 17 94 94 53 32 85 35 70 85 62 93 55 86 8 65 22 35 58 22 23 12 2 39 90 21 66 74 73 97 37 96 65 82 95 81 16 94 84 64 18 80 54 93 78 71 43 91 71 68 69 82 55 50 34 56 79 23 14 8 63 21 92 50 69 36 9 83 11 7 71 32 32 26 98 33 9 5 81 13 20 15 74 7
12 39 1 94 96 68 2 52 49 22 54 1 50 23 36 94 5 12 88 49 42 47 43 62 1 78 72 74 66 57 94 99 23 54 37 97 92 89 19 71 64 75 4 29 25 69 66 54 37 24 34 73 98 28 39 92 35 16 66 71 95 33 57 51 34 41 21 19 22 44 97 11 2 39 47 90 71 41 99 67 42 81 71 78 31 39 82 99 74
99 30 7 22 73 74 22 68 2 33 60 62 86 36 8 50 11 22 22 65 51 34 93 43 42 48 17 17 28 96 93 72 45 15 48 50 88 62 86 22 5 4 20 17 40 27 37 62 18 27 35 86 56 17 98 84 99 32 57 83 72 56 74 33 31 79 40 1 70 6 62 47 10 12 99 62 69 57 60 23 76 90 98 90 51 22 23 50 12
64 80 39 79 35 16 25 76 20 77 65 92 51 68 37 19 6 61 82 24 63 98 33 10 58 12 27 59 3 88 34 76 92 57 85 27 47 8 70 32 66 23 95 34 20 74 2 15 34 52 2 84 58 9 35 86 11 100 72 85 50 38 90 86 85 50 20 76 51 19 52 54 23 75 96 23 37 54 69 93 95 55 51 73 66 75 94 77 92
95 14 71 97 62 71 43 34 18 15 82 8 57 59 48 70 73 23 66 48 19 23 83 80 68 25 28 82 22 36 25 21 56 87 52 94 83 68 84 17 56 27 70 99 67 63 4 13 15 63 68 4 59 80 1 54 27 19 72 55 4 71 13 57 24 23 87 52 94 16 85 30 15 16 71 82 11 66 99 69 82 26 38 93 75 50 50 76 100
72 33 64 4 82 76 20 14 10 75 92 3 94 28 67 3 70 4 23 92 30 94 7 92 50 49 100 66 73 75 76 88 80 54 4 17 97 79 6 71 79 56 71 20 55 92 56 66 28 90 10 49 63 49 52 60 100 21 26 76 42 19 47 62 83 82 30 56 41 74 76 28 39 55 41 35 22 25 51 13 21 45 25 61 75 31 57 15 55
31 62 84 17 12 19 85 87 67 32 22 37 73 83 2 38 67 12 2 26 35 6 69 76 66 73 82 73 79 35 17 27 27 95 60 21 7 70 86 47 50 54 70 92 44 73 33 15 18 51 93 71 74 11 39 82 10 81 65 30 40 83 48 73 63 20 19 34 55 97 8 50 62 71 58 2 68 16 11 80 24 2 38 33 56 26 86 50 19
58 27 88 50 86 77 73 52 89 77 85 93 23 13 14 50 6 56 53 32 47 95 96 50 32 5 39 9 46 43 50 31 50 49 97 30 24 4 35 85 86 45 99 39 11 86 85 43 38 84 100 31 74 26 3 61 15 68 20 11 65 91 13 85 45 29 71 88 48 60 47 90 46 11 81 90 66 3 24 53 76 61 73 1 20 31 96 46 50
18 11 72 2 92 60 35 60 31 52 61 95 85 12 30 96 15 25 62 89 15 83 61 86 21 52 34 22 64 12 64 28 43 51 41 21 90 20 22 64 33 8 31 41 67 51 19 11 63 1 99 98 50 60 89 54 66 65 33 70 73 40 14 11 54 28 33 53 53 68 12 96 27 85 97 17 97 88 80 54 43 74 23 7 64 2 25 5 54
89 42 75 4 64 54 56 99 69 1 32 35 9 4 32 17 72 69 13 90 14 56 72 5 100 89 63 48 7 87 24 23 44 8 14 60 60 94 37 13 89 88 47 11 92 71 58 90 97 44 57 73 17 15 59 30 38 13 37 52 54 59 84 65 51 14 12 56 6 15 28 84 83 70 63 13 43 41 71 13 83 12 75 34 39 20 65 91 98
14 42 2 14 30 88 100 85 27 27 11 54 22 62 47 59 72 67 28 87 96 23 6 54 14 1 14 77 70 43 40 47 60 20 72 15 70 21 12 50 36 9 78 51 15 23 63 49 56 88 15 42 8 19 46 75 80 24 71 83 60 63 27 68 100 60 95 20 68 61 41 22 32 89 40 31 37 95 94 36 35 73 31 59 65 86 28 55 74
15 57 24 37 70 17 15 17 34 15 87 47 79 2 72 30 21 45 95 39 58 42 58 94 80 100 19 41 45 60 19 42 19 1 25 13 84 92 78 82 44 18 51 15 78 36 80 9 60 26 65 28 39 94 66 73 86 20 65 98 8 66 85 41 41 70 66 37 47 34 40 32 66 70 97 39 47 33 100 51 89 80 54 53 32 29 92 48 86
20 49 1 84 39 92 68 70 37 34 99 9 63 42 64 53 29 73 67 58 25 42 13 39 35 67 46 53 49 39 70 7 53 22 70 30 14 84 49 92 18 72 64 41 77 92 26 93 5 44 68 49 61 18 52 86 94 34 55 2 89 83 72 29 7 45 63 72 3 70 76 85 39 80 62 65 60 81 20 74 100 6 22 80 66 28 46 28 42
74 52 26 20 17 56 64 71 15 89 83 70 69 33 23 4 21 31 6 31 21 94 66 74 50 45 46 70 70 19 22 70 9 28 58 65 27 100 59 93 44 49 57 62 66 72 100 29 81 97 48 43 74 45 78 31 28 79 19 2 30 83 72 34 27 69 65 12 97 51 91 90 76 65 67 20 62 23 48 51 74 24 87 89 100 80 10 61 15
62 90 23 61 28 15 43 67 40 70 58 2 96 22 66 44 68 95 71 3 69 78 23 15 37 58 82 98 71 19 30 57 14 29 28 24 14 63 13 88 91 37 44 1 93 10 97 85 66 8 95 10 43 23 64 76 19 3 27 64 86 39 30 75 24 20 62 22 69 48 42 100 84 42 85 18 6 72 42 18 4 47 13 89 6 45 97 52 20
26 60 6 60 44 22 41 29 98 79 72 18 69 77 72 39 95 35 44 77 56 46 32 9 44 46 28 92 60 80 94 54 36 65 5 29 78 90 95 5 3 42 99 94 19 36 51 20 33 46 4 1 25 57 6 32 17 50 93 54 15 6 63 69 86 85 26 25 40 71 28 38 94 75 44 54 94 88 11 12 78 81 40 9 72 18 17 34 14
88 82 61 45 57 55 90 65 97 18 25 20 80 65 3 15 3 29 31 72 35 11 30 63 39 80 66 54 90 18 81 41 73 64 59 61 98 61 91 91 82 32 78 24 35 11 71 85 35 20 60 36 30 96 100 99 54 64 48 21 75 56 61 53 78 35 84 42 31 58 51 35 38 19 41 1 48 83 27 10 96 40 17 35 12 85 18 62 71
51 30 45 37 28 49 73 30 98 16 70 63 47 91 20 89 66 62 23 62 63 74 75 71 44 85 36 3 81 95 87 60 81 46 14 40 52 52 63 61 59 100 83 89 95 69 87 77 100 4 87 31 77 15 60 79 53 91 11 28 28 100 6 80 44 67 33 78 52 10 26 41 56 26 70 83 96 29 99 39 32 67 23 50 78 20 36 25 90
87 25 89 86 86 73 15 69 37 23 97 12 53 92 12 8 22 38 49 30 38 97 45 5 12 41 21 91 51 19 7 95 92 11 37 34 56 60 21 55 67 24 83 38 18 44 40 43 45 33 89 83 73 22 25 4 72 84 74 21 97 42 44 1 33 39 84 1 69 77 93 8 44 7 20 90 5 11 5 11 86 45 32 82 57 13 93 42 58
63 86 33 49 14 26 17 27 28 55 12 28 68 26 5 83 32 71 84 51 36 86 41 6 7 58 88 78 98 84 15 20 36 30 1 39 70 40 42 28 96 37 49 70 90 71 26 65 6 1 48 92 77 52 53 78 13 77 24 22 37 47 43 49 40 8 11 88 13 40 76 12 54 49 35 91 97 91 22 28 8 74 52 27 98 8 86 32 5
13 57 89 2 37 97 13 23 62 29 52 43 11 97 2 68 16 91 21 35 2 24 43 58 72 95 20 92 32 57 70 6 19 28 74 94 58 69 54 55 88 82 38 22 45 24 71 61 93 74 42 46 17 52 88 58 97 1 57 92 54 59 8 24 73 45 15 41 34 3 5 24 33 86 53 98 62 85 99 55 70 41 43 20 33 45 91 32 14
66 16 12 5 10 52 19 82 40 58 82 33 26 19 7 21 67 100 1 26 87 45 18 98 70 39 9 73 42 52 2 88 59 28 83 88 24 76 51 21 17 94 15 79 21 26 44 87 43 53 4 63 69 95 85 35 88 47 59 23 5 86 47 48 24 49 8 72 4 2 21 75 22 55 23 97 45 25 82 81 79 92 4 23 8 86 37 37 60
32 19 99 23 32 35 60 93 6 82 79 23 29 25 62 68 69 12 10 11 23 10 18 4 11 69 38 98 72 58 70 72 69 91 16 43 21 40 94 37 92 39 82 61 87 19 10 8 26 24 84 23 97 89 22 88 33 71 28 42 73 66 60 94 74 68 27 53 89 43 57 66 19 4 34 93 22 19 92 55 18 1 66 51 64 9 65 88 51
58 44 21 2 43 3 76 38 12 13 23 21 46 30 75 35 2 1 81 73 62 46 8 68 12 15 58 75 64 68 1 79 97 70 88 74 13 8 57 86 16 41 62 95 25 50 27 22 52 90 99 17 24 32 84 15 15 40 45 7 75 32 40 7 86 94 38 31 55 65 61 50 30 9 64 33 73 47 91 69 97 92 10 10 46 68 21 52 28
39 21 10 4 7 58 24 85 55 45 14 49 3 26 4 70 42 97 27 56 8 29 52 23 28 30 47 84 35 98 60 25 60 54 25 82 100 14 49 77 74 61 22 82 47 9 42 46 42 72 89 26 12 74 44 7 86 83 26 48 35 7 29 32 55 51 77 10 82 59 43 23 18 25 65 45 75 88 49 19 57 2 61 36 92 38 49 73 31
30 88 30 72 99 85 99 15 6 45 21 62 74 47 92 44 41 40 38 56 1 51 43 97 67 40 51 37 37 58 94 83 10 38 75 87 56 55 97 54 32 95 6 15 23 22 97 45 38 17 24 6 16 87 54 75 38 73 28 63 80 37 45 2 84 74 37 87 6 98 96 92 17 53 78 89 24 7 31 68 39 96 31 42 22 32 96 33 7
50 70 47 24 3 70 53 93 37 79 24 84 64 35 85 46 61 65 22 38 10 87 62 49 30 63 75 54 62 37 14 34 37 23 34 30 40 87 41 75 11 35 4 28 19 2 73 51 71 69 97 87 72 61 26 11 80 56 53 2 15 51 47 99 37 15 2 75 3 55 49 99 86 75 55 62 49 28 77 39 57 54 59 67 56 44 15 56 60
14 92 65 49 60 40 89 87 13 85 51 40 39 18 24 88 100 31 87 96 55 83 22 7 13 37 86 65 47 27 14 44 88 56 24 61 15 59 20 17 96 36 16 4 66 63 41 30 10 2 23 74 52 67 3 86 99 45 9 45 54 87 16 1 30 19 4 11 95 83 77 36 95 87 54 67 3 63 25 77 98 2 98 18 75 45 30 14 78
83 34 94 18 69 63 100 3 29 66 39 53 36 20 59 50 22 98 51 64 97 36 15 73 57 20 79 43 17 76 35 52 87 26 67 52 44 44 35 92 35 73 5 12 34 34 66 48 70 4 19 63 93 1 3 99 62 98 73 94 52 88 29 53 93 12 4 5 30 76 12 38 37 88 73 62 59 99 59 88 18 10 42 13 10 50 23 69 83
7 12 17 19 68 14 21 82 75 52 65 83 19 64 25 52 82 78 84 28 99 6 58 30 31 86 15 41 51 39 27 56 70 60 6 12 96 43 30 99 94 17 25 95 48 40 24 38 25 49 39 83 4 27 37 75 32 75 79 35 86 68 29 74 52 17 46 92 37 93 38 47 83 13 28 93 94 75 24 43 79 75 58 70 88 15 50 90 31
31 18 29 26 52 11 52 48 22 26 95 93 43 59 45 97 96 68 60 78 29 73 21 79 3 78 60 86 22 38 86 1 43 84 10 76 77 59 89 28 9 19 75 92 65 28 29 34 22 51 79 28 62 12 30 96 76 6 89 37 53 62 20 69 73 4 15 44 94 35 5 81 2 90 77 33 64 58 53 22 40 71 48 90 14 10 41 45 55
56 7 6 83 99 7 69 11 94 14 16 49 42 28 39 96 74 27 64 16 37 80 23 28 59 94 62 24 48 14 25 25 84 6 58 62 76 53 62 53 23 48 26 83 61 40 37 72 69 30 43 96 76 31 64 57 9 54 69 85 2 36 77 67 75 40 71 41 43 14 34 97 11 36 75 32 67 91 69 34 63 70 80 69 32 65 75 62 4
