22 33
95 27 98 82 30 5 8 6 76 17 81 30 73 33 13 94 28 83 79 37 1 57 99 31 17 42 10 42 58 35 50 54 37
45 8 98 97 19 76 31 58 40 21 83 94 81 80 99 89 67 90 55 10 73 23 16 62 49 44 27 10 13 77 74 18 94
49 38 53 91 47 62 97 89 9 75 39 54 66 97 12 92 25 99 34 39 6 75 92 91 24 20 72 58 93 75 5 90 100
6 41 90 43 13 24 99 86 9 40 71 72 59 12 37 70 6 55 77 9 48 31 67 39 38 63 60 46 40 94 45 70 2
21 55 43 6 64 43 50 36 23 98 74 7 56 17 78 25 6 42 89 25 23 65 37 67 37 71 42 67 68 53 89 51 60
17 59 13 81 78 86 79 33 56 20 2 44 22 3 56 45 9 65 83 36 83 9 70 88 84 90 25 29 58 94 57 3 68
9 61 53 69 11 56 44 30 44 95 81 62 65 57 9 24 1 84 52 34 42 25 55 53 99 90 27 24 69 87 21 89 82
7 54 80 93 28 65 32 67 77 39 45 66 10 72 30 7 87 27 48 4 54 20 8 50 33 14 12 88 73 95 94 73 28
40 36 89 34 96 90 48 51 74 47 44 85 57 49 33 78 2 64 39 17 52 33 5 97 79 96 78 88 47 62 74 34 84
77 20 85 21 75 59 82 38 24 65 62 51 5 93 47 62 6 39 77 74 26 99 76 1 3 67 59 91 58 40 46 86 72
93 59 63 73 25 83 18 49 57 8 53 35 24 77 95 92 78 99 95 11 13 42 61 64 90 85 33 62 40 7 85 9 5
21 83 76 76 57 41 73 63 58 25 82 96 92 91 4 59 35 96 64 96 23 7 92 56 17 59 51 21 66 66 9 24 18
30 18 28 12 4 31 33 51 55 97 63 28 48 17 21 30 59 5 5 24 20 58 66 44 40 44 10 6 50 90 50 99 6
7 52 50 17 100 68 5 28 45 38 86 96 28 19 41 25 53 86 20 93 75 38 81 60 72 36 77 73 20 52 82 10 91
95 3 67 66 63 92 37 57 33 59 66 6 52 41 54 66 43 10 47 45 63 1 18 55 60 77 20 85 34 1 98 3 71
17 4 20 35 97 68 40 51 30 35 1 77 99 51 72 15 14 44 23 83 5 39 44 68 12 20 37 95 26 37 3 63 48
2 88 20 98 57 52 95 88 7 56 62 61 78 45 74 17 80 98 73 42 73 57 41 39 36 53 21 24 15 21 45 1 42
13 32 97 86 92 65 77 26 73 42 79 55 26 15 30 84 70 4 95 79 75 47 95 98 21 4 100 27 95 16 77 71 38
39 41 68 37 90 36 21 30 11 52 97 84 15 40 95 43 72 26 97 7 93 84 19 72 37 92 1 78 3 23 99 63 82
57 47 51 27 95 74 68 93 94 43 8 11 76 54 22 78 93 20 93 59 66 22 38 47 38 66 9 96 67 6 53 44 6
52 63 76 99 53 59 78 98 42 83 57 94 78 39 56 40 7 58 1 23 98 7 99 2 34 43 51 22 6 88 51 83 58
25 47 87 71 4 41 53 88 16 64 95 80 29 60 69 87 79 75 16 1 54 97 43 6 33 78 32 56 64 38 68 30 53
