78 18
27 22 72 36 60 72 61 71 37 50 100 73 85 3 32 3 45 8
23 8 58 75 33 53 4 78 12 9 19 50 89 17 93 28 65 43
30 36 2 58 34 37 23 3 94 82 93 15 2 42 7 15 23 78
46 23 79 75 33 13 47 96 29 18 58 96 45 21 98 93 96 95
30 41 6 92 35 53 67 7 31 95 59 41 80 11 29 15 32 32
19 63 63 83 7 17 70 77 61 84 20 13 20 67 84 56 93 97
88 9 93 23 93 71 43 24 57 22 29 66 74 88 57 12 58 55
69 61 64 38 28 71 18 40 35 47 54 22 61 32 61 34 56 11
44 46 56 28 15 26 31 36 57 63 61 65 9 35 8 98 50 21
66 80 28 4 49 66 53 9 96 65 88 23 69 98 84 24 24 28
26 26 76 100 3 82 8 55 79 69 86 4 93 76 11 50 29 13
8 34 1 88 36 7 42 62 32 12 10 17 96 28 69 31 73 95
19 63 100 38 97 98 46 36 89 36 25 96 99 50 52 19 29 66
62 84 99 89 69 91 97 72 38 55 54 84 44 26 10 6 34 61
87 32 40 92 68 37 2 8 97 100 100 67 36 14 65 89 27 38
65 78 86 29 63 52 16 21 77 58 15 89 12 68 16 61 32 81
68 34 99 98 56 52 80 74 82 50 47 36 28 63 76 60 38 35
77 32 12 88 51 55 65 1 74 29 5 32 76 76 42 30 48 10
13 53 9 77 45 28 77 48 49 8 19 73 97 14 5 63 70 64
1 30 81 17 64 93 45 11 98 32 7 71 53 97 77 29 36 3
42 72 40 53 100 32 94 79 74 48 9 53 44 88 66 40 55 47
61 61 91 12 86 14 62 38 31 57 79 97 36 4 70 31 87 54
73 89 31 88 21 38 49 31 8 55 58 8 73 5 86 5 65 34
45 51 46 61 57 72 24 48 45 64 97 44 9 12 21 85 1 17
83 93 75 24 60 21 61 6 71 88 45 6 94 75 64 53 14 6
1 84 95 97 47 39 5 27 98 84 62 29 42 82 5 5 6 3
57 24 10 31 33 49 16 100 37 38 34 28 97 98 90 59 65 24
44 70 80 19 74 57 49 43 58 69 88 59 66 47 27 60 82 94
8 64 63 54 29 43 14 19 1 77 55 56 15 78 53 19 10 76
79 30 33 15 25 91 3 7 46 13 64 32 10 90 85 22 34 83
90 49 63 18 96 45 63 1 65 96 25 63 73 76 6 23 8 39
86 92 29 100 58 88 14 69 23 28 48 79 1 22 60 8 48 2
28 56 45 82 18 53 52 50 54 3 29 3 11 90 48 78 39 60
15 100 8 14 98 76 8 69 94 21 96 43 1 55 88 13 58 7
66 25 100 41 6 89 10 76 36 90 57 1 39 37 61 93 65 38
54 50 46 82 48 18 37 86 29 17 16 15 86 70 77 62 5 48
99 35 65 71 55 27 64 8 87 92 61 33 29 40 38 25 9 40
59 30 48 93 80 41 68 11 94 92 10 52 69 82 55 82 39 87
88 91 33 77 74 23 73 46 93 2 74 4 49 100 77 47 44 19
43 70 38 44 5 87 96 70 15 65 78 72 77 98 54 52 90 21
92 39 20 26 77 67 28 81 51 78 45 11 30 54 38 28 19 25
21 72 59 3 46 96 89 15 82 64 13 23 52 72 54 12 60 95
94 4 5 68 69 64 98 43 85 82 62 48 43 30 9 52 80 91
96 89 48 54 77 92 22 5 81 4 61 96 54 31 45 37 60 67
68 87 11 74 28 14 3 75 13 24 94 29 86 76 80 100 40 67
96 58 65 26 41 80 52 26 36 98 4 55 55 53 80 84 78 36
34 43 7 35 21 31 13 15 94 75 20 29 6 44 44 60 16 82
13 74 66 26 25 8 5 78 74 32 11 19 71 31 13 59 77 79
35 96 10 57 24 98 29 34 72 57 42 95 1 89 26 74 41 69
75 63 51 6 77 14 45 91 100 81 19 42 95 7 49 92 69 89
69 92 16 70 84 7 88 88 60 17 82 87 2 91 95 88 22 82
20 64 57 94 34 62 21 52 67 10 55 15 57 38 47 5 81 82
96 2 2 69 94 31 59 14 86 37 3 32 1 42 53 61 14 91
55 79 5 19 77 100 72 83 71 7 95 100 77 11 51 54 75 40
68 7 1 86 50 51 52 40 84 34 56 83 93 61 56 57 33 14
2 20 85 26 83 76 13 34 16 69 55 1 87 100 80 19 48 22
84 27 44 60 29 30 82 9 91 85 62 33 44 86 91 18 31 21
57 11 60 65 3 60 29 80 99 8 17 22 73 4 83 54 82 10
1 92 5 84 93 14 60 1 42 7 61 2 32 50 88 3 1 80
12 31 10 57 12 70 17 65 74 4 10 25 67 6 62 60 92 14
3 76 48 19 82 69 13 84 29 33 70 29 42 86 32 50 47 12
63 3 56 80 74 75 67 92 39 14 85 67 41 39 97 77 48 10
72 96 59 43 27 50 83 55 79 72 77 37 63 54 66 85 4 22
47 25 41 70 40 10 72 78 70 69 53 23 56 42 89 59 42 12
79 76 87 41 47 33 93 5 73 71 7 37 39 37 16 39 68 26
49 37 6 52 5 88 27 57 28 54 19 41 53 89 24 40 91 89
26 75 59 44 85 41 65 91 70 100 31 15 50 84 71 33 2 17
44 83 13 52 27 82 99 91 84 10 29 40 5 42 82 79 59 53
16 74 20 94 30 56 23 5 43 91 29 56 20 29 65 21 64 93
87 47 6 66 82 100 87 92 51 79 28 2 2 96 46 64 45 59
30 65 26 33 23 51 20 7 31 73 18 89 99 38 40 62 42 11
85 22 40 40 91 47 84 32 32 52 36 93 4 94 3 50 39 46
73 27 80 16 36 13 52 30 3 10 53 13 87 60 29 84 32 50
88 73 16 36 36 87 74 22 10 91 45 93 79 78 8 67 44 12
64 30 85 54 90 81 37 64 18 42 1 89 43 3 71 17 83 8
58 54 30 15 40 64 94 55 18 14 46 34 86 87 3 24 62 31
9 97 74 32 23 77 57 44 88 81 69 53 58 10 63 78 21 13
57 19 24 30 64 1 59 85 79 35 16 82 11 50 12 70 33 61
