57 97
25 20 13 93 70 41 68 25 60 70 41 1 28 55 54 20 14 17 22 3 23 42 43 1 39 85 31 18 52 100 89 31 69 22 33 55 21 45 22 88 37 33 23 95 53 64 13 96 55 57 19 48 36 56 93 44 66 12 11 30 99 60 5 44 33 77 88 84 18 9 62 66 19 86 80 24 35 34 100 29 88 13 5 53 72 79 97 89 51 86 16 16 14 9 78 2 67
97 99 60 75 5 4 85 46 55 40 13 87 55 95 20 21 26 25 80 42 4 13 5 78 82 36 100 60 26 98 87 62 82 49 69 28 68 34 75 17 66 70 99 97 56 93 56 22 65 70 42 4 55 40 20 51 32 53 45 79 19 49 77 35 73 97 74 36 81 63 49 73 28 12 65 54 50 73 21 76 4 97 29 88 56 72 33 49 98 4 78 12 36 65 48 93 85
75 20 4 3 58 11 52 33 35 90 36 99 28 56 25 49 66 14 8 54 68 65 84 66 54 79 14 40 39 65 51 37 77 61 61 25 89 2 56 26 43 43 9 37 11 30 11 48 9 55 58 75 30 61 63 90 72 82 63 31 70 75 1 70 21 89 69 33 47 24 7 86 66 58 63 5 18 28 11 10 86 2 79 18 13 74 57 39 35 25 72 52 14 44 82 58 10
82 19 82 95 21 89 69 93 29 86 83 73 31 96 58 41 84 35 69 16 47 41 19 64 91 50 11 44 37 26 68 10 40 39 55 31 33 74 13 85 95 37 15 34 92 71 34 100 100 93 79 97 65 45 45 11 13 27 80 5 50 51 90 21 41 60 57 56 13 35 1 60 7 90 57 56 89 68 29 34 95 30 15 23 22 64 5 97 59 17 65 41 39 96 80 100 84
34 4 87 18 89 5 57 98 44 68 36 77 66 27 11 88 87 54 88 70 92 19 79 41 19 87 96 58 33 22 73 68 70 23 100 12 57 4 5 7 27 1 47 20 11 10 99 55 92 39 60 20 3 17 64 40 64 72 2 61 19 95 88 59 63 10 11 65 91 49 72 22 7 41 33 49 43 88 40 36 46 30 65 54 45 90 31 41 45 68 63 90 76 21 2 59 2
24 61 80 85 79 12 9 73 53 86 23 36 24 18 15 94 83 23 22 53 7 56 66 65 35 11 64 71 9 10 8 34 40 4 51 34 56 67 28 65 41 88 78 14 2 19 58 26 84 20 38 81 96 93 73 91 31 68 94 54 61 21 77 97 98 76 99 87 77 71 29 47 85 15 54 62 35 33 84 61 93 11 63 90 18 20 79 43 78 27 64 51 65 16 3 61 39
29 49 86 35 95 91 41 73 40 50 75 40 48 90 84 53 99 79 57 49 57 31 6 2 77 35 2 32 45 83 55 57 49 4 28 48 65 68 43 50 25 81 29 84 94 4 86 13 70 22 59 4 98 1 68 74 12 38 87 90 21 55 10 78 31 11 97 47 68 16 84 54 22 46 53 52 61 18 35 25 34 63 1 26 31 81 26 56 86 62 89 71 20 50 12 25 83
86 30 15 8 8 36 68 43 67 1 94 50 39 41 88 17 27 25 84 12 21 38 67 16 54 29 52 56 22 95 68 27 17 93 8 44 58 30 25 100 67 92 67 10 4 95 60 17 44 26 84 11 75 82 54 82 55 84 85 17 44 82 87 76 42 28 99 25 40 24 33 98 20 50 38 64 6 96 61 22 86 63 2 45 91 76 76 21 8 19 40 90 88 19 81 60 15
23 22 18 84 39 83 82 25 79 61 65 68 18 49 45 96 34 5 8 81 16 35 62 1 49 89 87 3 92 75 33 82 73 87 12 72 5 19 1 48 29 97 82 7 51 6 40 29 89 12 84 31 38 56 38 59 36 32 45 23 45 18 15 76 49 75 47 70 91 86 73 7 53 6 73 37 53 51 31 31 88 84 81 30 64 28 64 42 6 57 37 99 14 89 81 90 20
27 36 24 29 13 2 26 89 79 72 14 98 50 67 92 59 57 35 48 94 2 78 50 2 56 58 94 32 35 59 51 89 35 36 32 6 77 90 32 96 96 55 75 44 30 88 56 94 36 33 62 54 62 48 55 47 25 11 65 11 48 62 56 25 5 79 4 80 26 16 89 50 82 46 60 71 69 73 87 70 60 64 90 81 36 64 50 84 98 1 8 53 67 69 45 64 76
29 3 5 66 84 91 60 50 66 54 76 14 43 28 38 34 82 77 59 58 25 60 23 45 66 17 77 62 38 46 61 40 64 45 53 94 90 37 26 4 43 52 48 82 90 71 8 57 52 29 50 94 58 3 3 46 70 77 19 30 6 75 10 70 52 6 60 50 50 49 10 64 90 82 48 39 89 61 37 100 26 40 1 40 92 36 2 41 26 25 66 43 19 14 53 94 23
89 20 76 32 56 1 37 88 31 53 33 90 62 78 88 38 35 61 8 29 79 45 39 66 13 77 54 61 52 50 35 22 93 90 29 19 10 52 73 19 1 61 25 72 48 44 84 80 37 88 43 79 11 66 90 96 77 73 43 91 43 74 57 42 56 71 84 74 45 37 4 9 44 77 21 80 30 45 79 61 8 2 5 16 89 16 89 90 87 48 99 15 96 25 73 63 73
94 25 25 3 51 6 51 9 49 14 38 4 45 100 39 6 16 54 26 36 27 1 62 19 55 97 67 86 66 83 69 7 57 98 1 80 55 41 13 25 96 44 54 40 55 90 57 73 32 4 91 67 4 83 48 58 80 1 20 44 52 89 3 74 75 56 33 49 78 57 89 36 72 49 26 74 89 67 50 99 7 45 33 68 66 32 28 15 58 53 63 43 39 70 58 31 59
8 66 62 86 32 99 2 88 99 23 66 18 7 92 59 18 66 86 8 73 32 77 25 62 79 61 89 65 16 62 72 75 85 12 22 27 82 7 42 79 52 61 40 24 35 31 97 39 32 12 58 26 48 97 94 26 100 52 70 8 82 40 10 37 85 3 5 16 73 8 43 27 17 31 73 59 18 90 62 85 54 6 35 29 77 72 83 6 89 67 97 17 48 17 89 15 74
40 26 72 32 29 19 45 83 51 72 82 97 25 14 93 19 83 23 4 21 71 64 24 35 82 22 32 77 65 53 91 61 57 96 58 100 88 63 89 95 16 30 38 54 13 21 42 39 56 68 14 92 15 40 3 19 20 27 42 98 83 25 39 63 92 36 9 15 45 93 91 16 43 2 36 93 28 48 71 28 100 63 13 59 70 71 92 27 39 72 75 85 72 75 54 20 95
29 8 56 30 56 79 71 50 37 41 4 68 20 60 30 89 79 3 64 56 100 1 50 44 12 100 100 77 38 10 24 10 51 68 86 98 90 26 26 6 79 4 3 18 80 73 88 21 53 84 73 91 100 22 59 65 67 42 100 56 18 10 43 30 19 23 46 71 92 20 58 47 33 47 78 46 71 1 76 31 28 52 6 7 77 35 72 56 90 91 55 14 45 6 82 100 50
36 98 57 43 70 73 60 1 81 57 57 25 57 84 52 4 41 94 31 38 80 19 34 22 66 1 28 70 1 57 35 69 7 75 97 90 25 56 30 15 83 100 6 70 8 34 81 20 53 68 7 30 75 34 31 75 63 27 44 52 93 23 51 5 68 80 86 76 64 89 74 87 78 100 53 54 50 12 15 29 35 10 27 56 74 58 87 8 30 63 49 83 3 46 54 19 71
85 13 72 20 13 11 30 78 21 40 4 98 61 86 65 11 48 81 86 31 65 32 12 97 75 94 25 8 22 100 50 35 86 35 91 58 58 69 35 69 17 93 98 81 91 93 99 58 64 97 99 73 3 57 48 68 19 53 8 88 63 99 65 98 47 60 70 27 47 32 92 86 51 23 6 53 62 8 54 90 39 64 30 74 51 10 24 63 97 86 97 89 91 39 87 11 68
54 77 92 37 10 81 46 47 56 90 87 21 73 3 80 54 41 64 35 60 51 16 29 75 47 89 20 94 78 50 76 43 23 98 65 92 14 7 64 66 12 15 51 99 53 89 48 44 29 64 53 7 22 21 60 32 21 29 81 48 69 86 47 74 81 15 26 31 75 29 43 83 52 1 56 38 92 27 77 77 53 8 7 86 36 61 46 96 52 36 99 99 9 63 30 18 7
57 89 1 37 32 58 44 22 45 3 73 86 66 28 13 37 54 78 90 3 22 69 34 97 14 17 40 14 47 17 35 24 60 28 83 40 38 64 49 57 40 64 26 71 4 40 29 19 95 23 22 33 74 83 90 25 92 58 4 28 89 7 83 67 78 67 94 98 88 89 73 46 30 57 7 91 97 41 74 90 66 67 44 46 73 57 88 61 63 72 46 46 7 67 84 53 71
6 21 83 92 98 73 43 80 30 39 77 78 82 42 74 38 76 29 65 39 96 80 79 21 19 31 84 56 31 60 72 53 13 25 72 24 95 73 66 22 40 14 13 67 57 35 83 3 88 36 55 29 59 79 50 75 47 40 64 40 35 83 93 91 71 66 71 10 78 62 43 28 64 29 40 52 40 48 54 78 93 40 47 11 86 46 69 6 78 6 26 58 71 62 96 34 49
46 91 73 5 42 20 41 19 23 30 53 79 30 31 15 9 70 98 4 70 20 96 71 47 65 15 42 65 58 18 94 36 20 77 84 68 93 93 1 78 65 52 1 77 42 56 13 37 9 30 86 88 89 55 15 70 89 44 52 61 1 79 91 34 8 32 75 95 13 94 18 74 98 10 77 94 76 93 1 59 10 63 6 47 44 97 88 10 31 82 36 26 95 100 26 98 38
46 44 49 75 27 66 44 48 74 16 20 91 15 1 32 94 5 17 43 76 9 8 69 41 32 68 1 22 70 28 54 93 33 13 24 18 80 74 83 52 83 10 84 22 59 69 51 97 84 2 31 87 85 67 79 4 15 43 35 20 53 34 51 89 5 87 89 73 48 61 76 73 31 92 29 6 74 93 96 6 56 54 95 68 63 13 23 84 21 66 5 98 82 28 27 71 59
93 57 43 46 100 22 85 98 81 8 60 20 80 85 14 3 87 73 76 83 61 26 72 15 26 6 80 40 8 5 6 59 37 49 6 55 83 59 49 62 34 96 48 28 75 1 11 34 18 15 91 80 85 32 60 71 38 58 14 29 3 43 1 2 34 5 47 1 80 34 61 86 14 25 60 44 22 100 25 47 4 14 5 57 63 31 51 2 31 20 49 91 90 33 89 44 16
78 33 20 28 37 91 77 31 84 35 90 90 75 32 4 35 21 8 51 31 19 22 74 79 59 42 74 83 27 72 47 98 83 51 17 37 15 40 72 36 79 57 38 57 61 94 42 6 11 97 59 57 8 76 57 5 34 36 30 90 25 21 54 61 91 25 82 64 65 54 11 33 67 84 63 78 47 58 33 96 73 5 21 50 85 70 37 50 50 47 37 57 68 48 68 88 58
19 84 17 2 72 95 83 53 14 93 3 18 14 93 5 61 19 22 82 2 51 75 59 77 17 7 23 5 59 86 39 52 11 71 89 61 44 56 29 89 46 98 93 10 41 11 65 78 97 83 51 69 49 13 13 45 16 3 98 58 4 48 3 28 47 36 22 96 52 68 24 90 11 58 100 92 56 56 91 65 100 67 38 69 41 90 7 45 13 13 27 81 60 31 50 55 68
96 55 57 93 69 21 31 47 1 98 43 34 44 1 52 70 99 88 7 26 11 86 64 67 94 92 92 75 82 29 87 75 87 26 43 30 59 48 41 46 33 28 66 75 43 10 34 23 30 42 90 15 94 7 32 16 14 28 22 96 13 93 67 44 62 98 12 87 49 19 92 63 43 32 67 66 8 52 27 26 16 33 76 10 53 41 39 11 59 77 1 28 8 59 93 9 54
93 77 88 32 33 36 80 69 75 87 30 80 44 18 2 52 98 14 26 91 12 19 6 59 34 90 36 86 41 1 20 1 30 77 89 62 41 5 79 69 56 40 11 59 78 72 41 70 55 43 45 43 29 77 30 64 55 82 54 89 83 55 73 67 79 37 93 11 53 69 59 1 64 55 48 95 74 12 97 26 47 20 63 58 64 81 19 25 91 100 87 3 70 17 95 24 68
98 4 15 55 65 15 2 56 92 93 62 54 87 72 72 80 77 49 13 70 60 53 19 65 41 34 97 51 64 12 49 51 24 65 33 8 30 61 54 71 25 55 96 31 23 68 59 27 10 79 28 52 1 1 50 90 68 78 30 31 14 54 68 91 66 37 84 59 91 83 34 42 88 15 78 40 10 26 25 79 68 96 77 30 36 71 50 82 54 50 47 96 55 12 51 97 60
87 94 27 80 18 86 68 18 50 81 10 8 53 1 44 94 63 50 78 89 77 8 72 79 66 86 69 96 30 78 39 44 72 97 3 76 60 36 7 68 9 63 39 1 72 10 13 12 46 23 32 47 96 73 7 10 44 63 89 6 96 69 1 4 14 94 34 37 61 48 85 34 60 15 43 3 28 94 54 34 95 98 38 15 29 93 65 52 73 26 47 10 46 13 21 53 5
26 1 72 93 37 39 100 100 98 76 8 61 27 20 71 35 28 77 16 91 50 53 31 63 51 46 33 3 50 67 98 74 7 30 96 40 39 88 48 72 94 31 83 46 94 100 18 78 5 45 36 42 9 36 30 79 18 60 21 76 51 30 32 4 15 66 28 39 54 20 98 71 56 80 84 46 68 77 93 60 68 75 6 80 42 52 4 1 42 87 8 18 86 51 57 48 50
24 85 9 65 65 88 45 95 80 70 12 43 59 60 71 77 22 3 36 42 96 13 73 37 16 35 45 44 70 84 39 4 2 11 94 20 13 93 52 20 40 32 88 86 13 2 57 98 20 29 73 31 76 26 90 30 100 90 46 38 100 63 70 27 42 75 96 44 72 29 96 19 67 48 65 73 52 40 13 100 38 34 3 94 80 90 14 80 25 62 48 80 19 9 75 75 89
8 43 97 78 73 92 15 92 34 16 64 5 76 46 61 69 20 13 61 65 50 73 55 28 55 25 65 65 91 7 70 92 55 27 6 54 98 37 52 82 72 7 20 99 41 100 59 78 56 83 75 88 20 15 91 93 36 73 45 79 26 55 73 58 20 20 84 46 92 8 90 73 14 88 56 42 14 88 78 34 68 46 42 85 24 23 27 1 76 12 49 4 55 16 21 84 27
59 96 28 71 77 84 31 8 1 70 36 25 23 24 20 97 45 1 23 20 25 86 58 61 29 34 22 84 4 57 51 98 37 26 97 97 83 60 52 86 54 38 31 48 70 100 81 57 96 67 92 81 76 63 28 1 71 39 31 41 6 78 72 33 97 37 49 75 34 69 75 99 31 96 67 53 19 54 79 72 61 89 28 4 20 11 40 9 78 32 60 34 84 39 6 83 36
48 57 69 96 11 36 34 39 5 57 87 17 54 30 64 6 53 20 60 41 11 6 44 78 63 7 63 36 3 48 88 72 38 72 48 21 94 59 94 60 98 13 17 33 21 56 63 99 56 36 32 3 83 68 23 89 79 54 70 95 94 23 34 83 2 4 74 82 40 80 8 63 92 51 56 90 91 58 94 34 1 77 23 88 71 7 89 79 66 99 68 76 76 41 66 36 67
2 69 100 60 40 52 75 3 68 29 22 83 11 64 23 66 79 66 99 15 72 10 40 93 8 1 60 29 44 47 27 46 86 51 81 34 58 92 99 86 32 1 53 6 4 4 42 35 73 20 55 18 67 9 45 93 78 66 58 10 90 37 17 41 15 24 66 92 61 38 59 8 95 60 24 6 15 17 94 19 70 25 65 9 46 41 15 24 68 93 21 79 100 18 30 14 100
58 27 85 8 87 34 22 70 58 33 19 63 5 29 93 4 38 82 22 65 89 74 30 58 9 45 21 61 22 14 50 60 55 88 92 40 61 47 61 89 50 24 26 68 66 60 74 88 74 70 7 88 10 14 93 88 22 38 68 48 11 73 50 24 46 60 23 19 30 35 11 51 35 1 76 84 89 83 45 91 35 62 67 66 60 39 25 97 41 76 97 84 70 23 99 67 66
46 34 74 3 4 41 36 27 72 68 25 77 1 97 16 35 88 39 87 90 15 71 10 19 8 14 67 22 37 69 22 61 40 40 54 65 17 54 89 16 83 88 31 69 53 39 20 13 13 61 46 73 100 70 95 74 52 42 32 10 75 9 35 13 87 27 99 12 99 27 10 95 27 56 77 54 70 79 74 35 1 44 76 47 61 98 12 10 86 93 50 57 99 59 63 46 74
61 33 45 35 4 26 43 37 36 21 56 22 4 49 45 71 72 72 26 70 83 33 64 76 34 100 44 29 31 31 63 68 9 43 33 60 96 26 41 10 24 24 82 76 65 93 21 61 9 3 42 40 58 4 16 57 51 84 37 13 98 43 8 12 77 91 59 80 64 88 15 14 10 60 37 29 12 93 17 27 17 73 1 31 81 45 53 9 75 53 95 47 68 67 20 16 44
64 69 36 67 33 81 57 86 71 4 81 32 33 22 79 7 27 74 29 98 92 6 95 33 13 8 2 67 91 61 42 11 10 39 12 3 51 73 81 47 51 3 42 8 88 55 68 67 45 3 26 48 35 49 24 30 92 17 32 85 82 53 8 69 48 81 89 10 67 26 32 9 15 58 65 29 58 94 71 86 76 92 15 83 78 41 20 55 85 21 2 50 75 96 57 15 39
98 56 83 19 11 73 71 10 6 52 24 89 86 89 94 96 59 88 95 34 71 70 73 96 56 4 62 57 21 3 17 43 42 61 45 100 95 14 75 92 23 97 34 6 95 26 50 6 13 92 29 12 80 100 33 55 35 61 65 22 72 92 27 51 37 93 55 30 5 60 7 69 64 76 30 92 28 89 52 21 31 97 90 32 16 58 51 87 83 27 70 11 21 57 48 47 34
63 96 10 84 51 8 37 86 7 54 11 1 88 89 83 7 8 96 13 25 37 89 86 60 78 38 87 56 19 45 8 60 2 28 64 59 25 55 76 58 19 44 24 33 92 6 97 57 44 12 42 94 34 16 61 37 40 27 92 74 69 94 38 45 74 32 90 60 15 38 51 92 46 24 4 61 23 95 70 64 55 85 89 38 28 41 19 58 80 16 90 47 42 5 60 73 87
37 30 90 35 46 68 22 1 4 67 92 81 4 49 16 53 63 55 14 92 73 97 26 3 9 88 69 67 49 96 39 58 70 83 61 61 99 98 84 52 41 55 83 97 80 92 78 42 89 100 92 10 60 90 41 89 78 84 44 62 61 49 13 34 47 36 9 48 31 5 53 34 94 94 73 41 50 25 97 96 3 38 100 87 79 7 17 100 67 44 33 98 40 6 5 75 31
98 8 100 62 75 59 69 67 73 68 31 2 37 15 12 57 38 91 50 37 87 95 31 99 74 88 73 36 12 85 82 66 17 66 25 36 94 57 75 12 54 99 31 47 69 79 64 29 27 4 87 27 39 84 15 24 26 38 38 80 74 53 22 58 37 24 69 50 64 53 58 20 16 53 53 79 49 52 60 54 78 28 15 54 4 29 93 43 3 79 77 56 21 89 31 95 43
64 83 16 46 9 78 24 44 26 44 43 81 91 55 18 66 36 70 32 46 4 13 71 70 7 22 56 6 53 10 73 90 89 20 87 4 70 60 33 46 37 84 100 71 25 84 19 62 8 95 75 42 100 79 97 74 35 96 52 24 53 91 5 62 71 50 29 90 82 95 17 48 47 66 4 67 24 64 94 97 9 10 26 29 14 93 18 67 2 92 92 42 26 50 47 48 88
29 53 79 40 93 10 50 5 18 19 99 3 85 48 57 16 16 43 73 65 33 44 98 3 17 96 71 52 69 96 82 1 14 78 74 17 6 16 26 37 52 75 9 95 94 60 11 60 85 93 49 23 46 97 36 54 68 86 53 68 64 69 8 49 43 28 65 35 40 77 74 41 97 51 26 32 52 19 57 83 94 38 79 7 59 11 17 10 74 39 17 90 49 77 42 11 69
29 24 29 65 34 99 16 12 21 34 48 42 1 84 65 49 23 45 55 10 33 81 24 54 16 42 87 1 21 69 89 86 53 5 87 34 80 70 7 19 64 23 7 51 45 38 77 34 59 34 65 15 68 84 69 18 10 59 17 46 28 88 45 5 55 46 69 76 84 25 56 38 28 69 10 66 6 12 73 56 48 78 77 55 13 64 66 35 17 75 9 18 26 48 50 55 96
75 39 84 36 98 15 16 53 87 48 31 44 95 63 18 71 39 3 77 91 51 65 64 8 91 76 93 4 28 86 20 66 53 25 19 70 34 69 50 90 71 99 28 69 97 43 82 44 38 5 86 47 78 3 86 12 67 76 6 5 89 2 59 13 37 71 95 5 24 3 84 35 43 77 58 50 30 82 25 42 5 7 83 75 83 50 14 71 23 15 9 95 63 82 43 26 30
23 60 76 43 21 58 5 41 92 49 86 50 60 19 22 27 24 29 15 64 46 44 65 18 61 87 71 46 12 70 15 82 51 46 43 92 75 21 96 81 26 61 45 93 29 9 19 58 30 48 59 24 71 100 44 19 65 19 63 62 77 82 81 36 5 89 85 58 68 61 51 41 1 23 56 63 90 39 71 71 80 70 3 67 59 99 66 84 56 93 45 24 34 73 10 44 35
74 69 86 86 100 54 37 65 13 70 48 78 98 96 47 44 6 50 67 79 63 24 48 18 97 48 7 65 78 1 12 42 2 74 8 70 8 7 81 51 25 74 80 23 21 42 70 50 56 66 95 89 44 32 54 90 76 68 61 3 59 75 92 63 79 83 41 95 22 97 32 23 43 65 95 51 42 88 35 1 35 7 15 47 86 15 28 2 89 9 9 2 60 56 32 76 81
2 30 52 10 68 13 9 77 93 98 77 17 79 42 42 58 88 39 73 68 56 56 6 13 4 46 9 62 18 72 66 24 31 94 49 49 72 45 91 54 97 7 69 52 56 28 76 80 28 85 89 15 59 22 5 75 92 64 24 24 94 92 56 23 99 60 54 4 22 85 38 21 18 38 73 96 97 33 35 69 48 95 3 7 45 33 2 49 56 3 79 3 22 49 91 45 1
40 6 87 82 57 70 90 81 90 42 74 29 83 48 13 16 19 65 80 41 93 88 61 10 22 14 67 27 82 7 57 41 14 100 96 2 64 71 46 3 43 82 19 53 92 64 59 7 78 58 22 54 46 79 70 96 33 62 87 73 83 78 54 13 63 87 29 97 37 17 37 4 63 14 93 80 92 67 25 86 24 73 90 4 50 42 25 19 99 20 92 17 28 86 12 50 59
9 29 90 67 33 5 5 30 26 53 1 20 40 17 90 69 14 68 11 94 85 1 17 58 7 52 30 69 6 55 97 100 74 38 63 60 95 65 51 82 2 97 64 23 99 45 53 20 31 44 27 84 73 78 24 15 11 9 42 96 30 42 91 37 3 38 32 53 83 45 75 56 67 90 97 88 37 25 52 86 14 28 60 14 74 15 75 61 78 81 34 80 87 36 2 67 71
19 17 100 98 13 94 35 76 37 68 78 53 37 79 28 8 77 43 21 16 82 100 5 93 87 35 98 4 67 4 76 29 28 100 84 85 85 22 14 91 100 60 94 83 53 66 77 29 31 92 25 85 7 15 2 42 56 11 60 3 64 83 87 19 52 33 36 85 51 86 15 93 5 78 51 48 54 63 84 17 23 60 75 85 81 7 32 29 32 35 14 69 88 16 52 46 3
72 72 75 50 18 33 65 72 14 82 47 70 5 51 95 44 66 15 93 23 36 19 64 3 44 61 84 77 99 41 85 13 54 39 36 49 9 36 84 28 18 4 15 69 22 34 94 35 80 26 23 93 100 3 88 51 59 10 57 17 98 76 22 79 81 76 80 77 15 24 25 29 60 95 75 93 91 89 51 52 79 37 68 28 44 69 57 58 8 12 11 78 20 42 50 66 50
67 78 29 55 39 96 40 82 37 26 48 92 73 73 91 73 11 66 68 88 47 53 55 29 46 50 98 83 41 41 57 35 79 61 91 97 32 10 10 40 90 53 63 45 67 38 53 41 52 77 74 60 68 17 49 14 46 16 83 51 50 92 82 7 47 12 89 64 90 10 41 27 32 76 92 40 18 8 28 84 43 63 63 35 77 41 74 88 2 53 16 67 64 19 65 18 91
95 98 67 57 12 17 6 86 60 47 62 21 60 28 40 2 81 52 18 5 76 78 13 4 95 42 43 5 26 17 16 98 21 64 75 72 43 62 70 39 33 40 41 25 46 40 72 72 96 71 9 99 74 88 100 81 87 12 84 20 41 13 72 65 86 33 27 47 22 42 59 4 71 57 7 71 37 34 25 46 42 58 65 44 96 28 31 51 75 45 53 18 60 55 77 6 36
