48 62
19 4 49 28 61 7 55 4 35 5 76 32 12 49 68 44 11 73 1 32 49 3 43 18 13 54 80 61 11 43 81 5 67 40 5 17 44 37 44 43 68 29 92 45 52 78 48 14 70 19 94 97 82 48 62 16 86 84 73 21 99 35
19 20 58 44 15 31 41 52 49 47 70 40 29 22 6 81 93 43 79 53 71 43 49 92 62 50 62 83 99 34 10 71 55 36 61 87 85 84 38 12 31 41 95 78 96 65 7 36 70 57 70 22 73 38 51 20 67 58 83 58 94 43
65 43 88 91 100 60 3 58 96 73 81 68 26 61 44 62 22 37 81 35 52 74 98 91 30 49 61 83 62 50 16 26 29 42 91 15 74 77 84 81 1 80 96 84 32 69 98 19 15 4 39 39 73 66 59 88 89 29 45 27 97 40
85 78 35 7 66 51 74 69 68 79 54 84 18 91 8 63 58 21 25 31 97 64 44 26 95 55 98 54 64 66 16 65 34 20 63 38 88 23 59 59 10 42 14 62 76 4 12 8 96 1 18 83 97 99 87 93 93 54 79 93 11 68
96 79 27 13 14 84 12 26 32 88 2 56 25 43 89 93 73 93 19 19 70 48 69 3 55 38 48 33 38 97 6 6 57 10 11 6 89 23 31 12 84 27 53 54 31 33 17 94 92 53 34 88 11 40 85 4 4 94 49 22 90 58
71 53 93 71 99 15 22 4 26 91 68 42 23 22 87 18 2 20 67 58 28 35 64 98 34 46 36 16 91 62 50 13 25 3 66 2 19 37 59 90 42 82 36 47 20 95 84 8 74 25 1 46 98 89 63 25 41 70 39 83 75 72
61 64 62 97 82 41 12 53 61 58 95 91 99 76 70 97 99 17 50 90 23 72 85 63 25 96 27 19 57 32 62 76 50 54 20 13 15 48 16 49 82 30 14 40 40 27 45 45 6 81 86 90 61 93 78 100 5 42 52 56 59 14
43 77 30 43 47 55 36 76 68 54 83 15 23 63 31 10 26 76 53 31 78 40 74 74 72 18 21 86 98 39 14 75 35 61 91 65 87 36 70 51 68 97 50 44 56 30 4 64 18 70 2 80 93 40 23 65 73 33 70 8 80 81
67 58 56 87 92 12 82 88 98 16 76 17 86 20 45 91 86 95 58 91 66 73 37 16 43 5 1 15 86 26 1 8 48 7 32 53 26 86 96 71 96 21 74 15 21 63 60 82 88 1 52 84 40 44 99 56 84 15 62 90 42 8
46 38 25 77 99 64 92 88 92 30 6 55 28 66 41 94 70 91 9 83 32 92 29 62 26 47 56 58 19 97 71 95 100 53 39 28 4 94 88 96 40 8 50 78 55 75 5 23 98 17 68 46 92 89 54 40 31 81 75 34 91 60
72 23 81 89 40 99 95 9 53 97 78 31 40 98 85 61 39 90 30 46 34 83 92 76 92 50 16 37 28 77 48 19 86 44 27 67 14 32 84 83 59 13 26 18 16 50 59 91 85 57 19 16 28 87 87 1 28 32 89 81 10 97
95 57 80 64 34 32 88 91 68 60 26 80 92 18 56 86 91 88 73 46 41 40 30 57 55 19 83 89 45 7 97 35 54 35 83 100 69 58 50 89 96 41 1 29 72 18 72 64 49 45 39 28 87 92 20 60 94 19 60 17 86 41
4 61 64 62 55 68 71 96 19 2 80 6 71 33 74 99 85 12 80 2 76 87 93 44 29 24 61 67 81 56 97 28 55 47 11 53 46 60 68 98 87 99 42 52 33 84 2 50 68 27 36 51 36 41 86 12 61 79 9 70 99 14
47 41 70 87 51 62 60 1 86 39 73 72 12 93 56 69 66 11 9 29 53 76 13 40 18 95 44 99 64 90 43 44 77 7 72 15 63 33 42 48 86 25 20 67 24 95 45 81 98 12 38 58 61 90 28 93 27 81 71 50 47 3
93 67 58 41 69 72 54 57 49 18 37 63 40 55 41 63 44 76 39 96 75 51 73 85 36 47 59 71 23 71 12 31 58 7 34 98 50 27 57 11 23 86 37 15 77 33 45 56 33 41 59 30 55 5 7 29 9 15 86 18 41 6
6 67 51 88 66 24 58 17 29 1 73 26 61 44 42 55 54 59 98 57 21 67 30 25 87 39 60 93 6 29 24 16 67 34 89 18 93 30 92 83 24 92 76 97 88 18 74 30 42 76 65 26 37 50 68 56 28 73 26 63 85 45
21 84 25 94 86 82 35 44 74 54 74 56 16 61 72 70 37 55 26 44 31 89 23 3 54 65 9 39 22 7 65 48 49 89 40 34 29 8 56 26 40 59 18 59 47 73 76 39 42 72 3 98 85 77 30 28 52 21 38 16 46 51
89 69 22 68 37 87 16 83 77 69 29 87 66 34 51 40 8 50 35 44 1 87 84 54 54 73 15 46 88 77 86 60 89 3 50 12 42 15 36 34 20 78 55 30 37 31 39 3 77 17 60 55 11 1 83 67 44 97 27 85 93 3
32 15 90 10 5 68 66 16 72 35 18 53 25 50 8 9 49 8 4 30 44 55 95 3 78 59 49 35 20 39 96 40 57 70 57 22 69 34 61 51 51 89 27 41 87 7 74 74 92 47 43 25 39 37 86 45 85 11 38 50 100 76
94 5 97 79 27 17 39 42 8 43 81 64 48 78 38 31 29 54 88 1 94 95 84 75 4 73 11 79 3 61 49 50 86 78 23 6 17 43 40 31 51 37 49 84 95 25 57 68 12 1 22 11 34 93 22 14 91 15 66 3 35 9
50 66 86 57 95 40 45 96 43 95 27 100 27 71 67 69 21 19 83 4 43 75 6 73 15 28 25 6 75 66 100 74 71 13 78 37 35 67 55 56 26 84 12 99 68 34 56 69 16 20 28 94 96 94 27 63 15 7 64 91 4 99
65 42 74 12 13 12 67 95 78 74 44 31 92 70 29 85 5 27 21 76 19 37 91 43 85 59 21 22 5 37 57 69 72 68 73 90 46 65 94 32 86 38 3 32 54 32 80 53 40 49 17 84 5 61 18 92 25 77 48 55 3 17
55 37 28 27 53 84 24 74 56 67 54 4 89 72 75 3 55 18 18 45 39 46 93 73 51 32 29 9 32 29 35 51 60 47 65 51 5 39 59 58 26 93 46 96 22 100 53 34 75 26 2 79 97 28 25 3 12 23 65 61 48 52
63 1 11 96 99 57 44 84 38 22 86 13 79 17 82 15 27 64 94 39 67 45 60 49 95 14 61 85 90 22 55 25 11 10 55 39 29 2 47 65 93 36 42 98 94 93 23 83 89 93 24 13 36 37 18 74 24 1 48 73 5 9
88 51 47 9 43 68 83 44 47 11 86 15 82 6 35 64 32 33 15 62 72 15 22 100 90 83 35 67 9 40 97 33 48 10 90 21 76 92 86 71 36 11 88 97 93 94 59 19 4 13 27 23 66 10 16 12 24 54 11 5 55 90
50 81 46 14 87 65 2 70 59 67 47 75 99 21 66 27 72 6 36 76 33 1 88 66 96 77 29 41 73 67 73 33 57 83 46 38 8 46 7 77 73 50 67 21 73 26 99 51 53 36 86 58 28 14 93 30 47 51 37 11 52 62
5 33 32 44 9 62 56 1 94 49 68 47 90 70 55 3 61 4 72 15 52 78 95 8 65 98 95 13 85 97 7 30 32 47 94 58 37 64 94 92 82 35 48 57 71 4 9 31 91 6 42 14 68 82 64 72 38 79 83 24 44 100
28 44 36 9 69 33 95 8 18 40 83 85 18 20 99 55 33 64 59 22 28 26 10 91 58 55 44 28 32 3 7 69 76 45 22 74 16 32 8 7 69 24 25 53 91 29 65 53 56 6 22 22 3 23 50 100 34 8 85 28 51 52
2 60 11 69 98 75 5 25 47 71 67 5 47 83 16 54 67 85 5 44 69 80 57 87 11 36 49 72 15 33 42 33 89 19 1 32 1 74 8 82 33 43 6 32 80 51 46 8 33 57 86 53 24 42 50 33 31 56 12 56 59 43
11 51 29 24 25 57 53 86 46 51 16 87 93 64 47 46 34 68 28 43 74 8 86 46 64 100 46 15 93 11 90 52 52 2 58 90 87 35 27 26 94 53 37 32 70 17 33 6 95 2 46 35 65 21 79 15 90 36 80 61 62 82
64 48 65 29 52 88 98 16 96 40 64 48 89 96 89 85 50 30 20 89 95 92 45 60 52 23 4 39 23 45 64 30 67 44 35 57 27 44 36 69 6 25 70 68 4 64 44 13 63 5 41 92 42 35 88 12 15 86 43 59 49 1
6 20 77 24 90 2 97 8 7 95 68 5 44 35 100 16 33 32 92 23 68 50 10 40 43 76 87 98 81 37 98 49 53 37 100 76 50 57 38 46 18 53 90 8 79 63 11 35 47 27 28 6 20 6 8 58 47 57 88 88 1 82
83 89 46 85 80 43 74 26 11 85 16 29 88 42 80 29 88 16 82 95 33 84 17 99 40 94 81 85 98 23 89 91 41 90 42 63 83 43 22 79 38 48 55 14 48 76 20 37 18 22 4 87 79 8 89 19 46 98 2 67 47 99
77 56 87 23 89 20 62 61 50 51 25 44 90 77 58 77 58 84 41 21 50 98 53 98 83 72 46 7 41 22 81 92 1 17 50 75 47 20 1 45 98 39 48 17 33 25 48 88 57 74 7 13 40 13 64 7 75 22 26 7 88 29
74 71 84 92 14 1 67 97 59 41 60 48 8 93 33 86 24 9 38 38 78 30 62 33 84 17 77 61 49 79 53 5 96 57 45 43 41 13 76 9 72 98 89 67 85 87 37 17 12 4 87 26 95 17 56 43 60 19 79 40 31 42
56 10 44 87 83 14 72 66 57 84 1 63 38 21 54 2 95 55 35 74 2 16 91 25 72 63 90 19 8 78 25 38 59 74 59 48 21 94 53 35 87 63 93 67 97 67 59 9 10 47 68 99 7 83 79 67 14 76 71 61 37 4
79 69 85 70 4 83 89 61 73 27 34 15 60 43 83 28 80 76 43 62 93 71 83 49 28 76 46 100 38 27 37 68 93 22 78 60 9 59 15 7 49 42 64 64 40 88 92 5 37 35 96 86 60 31 27 32 61 38 55 61 52 39
67 49 90 66 25 7 14 20 47 11 22 11 6 26 73 31 70 100 95 36 31 40 57 95 53 32 88 95 95 96 2 51 43 62 29 7 48 27 27 40 57 33 28 2 63 24 39 60 39 5 39 96 46 96 84 3 44 83 25 66 44 24
48 50 61 45 56 84 98 93 2 45 30 22 87 94 77 86 1 14 30 68 86 11 13 68 55 17 24 46 38 82 36 77 52 100 94 76 26 57 94 5 21 48 39 45 85 81 27 92 53 9 10 6 70 88 29 96 68 83 41 51 47 54
33 71 2 81 80 63 41 78 57 93 23 66 69 97 68 98 91 77 90 63 60 66 84 42 72 36 84 87 64 18 99 40 42 32 66 2 46 17 79 34 82 59 1 49 18 59 18 16 85 42 61 18 93 38 21 25 18 28 59 94 95 9
12 66 87 4 70 42 87 64 75 79 33 32 20 96 45 68 62 26 39 11 100 56 88 39 26 45 82 68 37 85 51 75 10 14 30 26 29 73 34 13 63 4 12 54 41 5 53 31 61 5 11 58 6 71 30 34 84 52 69 47 94 25
23 78 22 55 97 94 10 51 72 59 57 26 92 9 12 27 78 50 88 1 48 46 91 39 93 23 65 22 57 38 41 12 14 50 96 99 43 24 25 63 64 40 62 70 47 9 73 26 75 78 87 60 88 91 55 16 72 13 23 39 2 62
80 95 61 14 37 73 7 12 74 50 23 76 66 58 71 25 27 64 40 90 23 40 36 42 21 71 23 4 70 1 53 64 38 11 78 42 87 21 35 45 74 12 92 63 75 94 73 77 78 7 51 94 71 15 2 21 12 7 65 67 13 53
50 48 71 10 22 56 49 69 67 95 97 95 58 44 22 6 38 19 85 35 66 55 64 22 22 9 32 38 53 16 17 38 31 87 86 73 45 53 18 74 62 98 4 16 11 51 6 52 59 82 69 53 47 25 87 28 28 85 48 91 59 19
34 96 99 6 58 64 57 17 31 75 68 33 85 26 96 98 13 46 67 65 39 46 46 47 30 70 28 56 83 84 47 5 25 88 15 48 4 27 69 20 11 43 80 99 100 46 88 100 98 23 10 85 25 78 48 27 46 83 75 58 31 83
88 73 74 69 8 4 93 12 79 84 52 2 79 31 89 53 59 92 39 85 99 43 88 69 11 21 10 99 5 14 17 81 32 41 11 48 1 96 33 70 68 62 94 19 48 77 27 11 72 54 5 1 86 31 13 11 49 48 65 38 75 61
18 8 60 24 11 1 81 66 25 64 26 42 63 60 24 69 82 3 55 83 36 12 79 85 20 77 76 87 36 84 94 16 40 22 14 22 47 43 65 87 88 54 40 69 40 76 77 68 61 37 19 35 5 71 19 11 13 66 98 17 73 23
56 26 91 54 55 95 96 44 82 70 28 66 34 2 3 62 32 9 61 74 72 15 70 35 53 95 38 99 58 22 2 31 43 78 35 90 97 84 85 35 41 28 54 81 84 57 67 16 29 80 10 85 69 88 69 37 5 45 85 9 9 51
