53 93
58 5 33 31 54 35 16 98 60 83 53 51 89 41 33 28 88 100 80 63 66 77 75 99 83 38 25 10 21 83 88 79 100 95 16 27 45 53 15 20 84 7 74 87 12 58 74 15 66 11 96 53 40 13 58 73 97 9 52 31 98 67 91 64 28 91 73 89 3 93 57 73 80 97 22 14 94 52 75 43 54 84 3 13 78 71 98 37 35 9 4 29 86
80 73 87 63 29 76 18 42 83 23 97 72 98 35 36 16 49 19 81 73 87 85 57 79 15 60 82 66 99 78 45 66 11 69 60 79 34 40 38 33 96 75 51 75 90 81 81 98 10 73 81 85 78 63 58 67 10 97 74 67 46 30 6 19 90 39 82 18 11 75 2 67 72 65 68 5 59 47 38 65 83 75 17 8 78 40 24 24 11 18 9 21 50
6 83 15 27 69 61 39 59 85 22 4 77 79 41 19 11 92 44 89 18 15 38 35 97 84 52 40 25 28 40 9 89 91 98 68 63 28 3 68 76 65 87 18 64 100 27 34 2 78 42 18 92 28 92 89 79 76 90 15 5 5 21 71 48 73 34 87 41 99 47 32 46 80 12 67 88 74 17 59 36 29 12 1 88 40 82 17 80 7 16 72 69 36
47 81 74 64 73 20 82 85 39 85 75 68 32 52 66 92 19 26 89 6 54 88 35 90 86 85 2 73 61 22 41 84 93 6 78 70 50 98 48 83 70 17 53 31 31 32 71 51 66 92 3 53 56 70 43 72 82 35 69 99 73 34 15 40 28 91 19 20 89 73 34 73 96 60 67 75 52 90 97 80 17 37 75 29 84 11 65 47 12 50 14 26 7
79 80 100 3 58 14 97 83 28 76 20 58 77 33 83 67 8 84 1 33 51 36 55 89 83 14 33 52 63 85 40 70 37 42 48 96 40 75 48 10 60 53 15 60 59 80 52 83 16 24 85 96 27 51 63 35 37 32 68 71 23 36 29 14 20 47 56 83 45 42 35 30 64 42 55 90 78 65 77 84 75 28 68 58 21 59 19 53 40 44 53 24 31
3 68 51 10 23 4 70 84 68 42 63 17 44 19 25 46 18 16 56 41 27 40 16 48 100 69 23 97 72 65 73 28 55 69 7 70 80 94 91 39 59 46 67 17 67 78 68 85 80 90 42 41 66 23 3 79 44 86 38 40 2 21 63 35 94 35 41 20 61 49 98 89 52 29 7 34 27 2 62 15 44 24 100 55 86 5 4 18 31 37 85 99 81
61 67 64 76 60 97 23 7 67 25 21 45 67 21 44 2 44 72 41 85 36 32 24 100 79 39 42 72 1 18 40 39 23 50 24 13 83 98 17 99 88 94 32 89 22 86 71 83 43 4 88 67 47 60 56 64 16 40 82 99 87 42 17 30 96 27 87 42 54 24 76 13 18 42 23 34 92 43 74 76 43 83 66 10 48 4 76 96 93 89 55 69 61
28 48 21 43 33 42 90 36 23 35 88 30 52 29 6 42 9 8 27 90 93 84 22 31 38 68 58 30 52 46 89 59 65 29 40 31 71 1 57 73 3 48 52 45 16 14 16 55 36 43 97 78 98 100 18 42 26 51 85 23 90 44 16 33 32 5 94 47 8 14 15 65 25 85 100 17 96 81 70 1 38 62 39 44 77 3 78 2 28 73 46 83 13
91 44 51 77 97 52 80 65 58 8 35 11 43 1 39 16 83 37 66 43 87 18 34 84 46 52 32 61 91 80 78 95 46 2 8 3 5 85 25 80 95 39 60 41 29 91 99 85 62 24 100 1 68 3 55 79 89 71 55 84 58 18 87 100 25 63 19 78 95 47 7 53 43 86 96 76 21 67 2 47 95 94 95 1 74 88 27 1 30 18 57 85 26
57 98 83 59 26 73 11 59 42 83 88 20 91 23 43 20 31 19 73 48 87 100 17 37 50 85 97 8 77 56 6 72 20 67 79 38 68 78 44 79 22 17 3 31 16 24 3 19 33 38 93 26 52 84 93 31 37 85 55 90 68 15 94 48 55 5 75 29 21 30 37 57 10 79 81 8 26 57 54 12 97 2 48 23 93 74 8 77 96 94 87 73 34
43 93 25 76 22 37 35 27 44 87 45 33 72 2 69 32 86 65 53 41 55 41 6 35 36 65 57 90 57 71 13 7 24 95 95 89 5 23 76 15 76 45 76 45 49 98 64 41 78 45 71 58 38 38 96 13 13 91 20 39 97 96 1 90 10 3 20 89 88 91 91 10 91 79 66 35 59 13 77 92 58 34 94 79 46 74 14 31 15 52 85 59 26
27 56 79 4 80 52 88 47 26 93 47 93 60 57 49 56 53 32 17 55 22 90 75 76 93 30 71 94 81 80 6 21 66 88 4 71 57 46 30 82 22 23 65 96 84 57 31 30 69 70 1 97 79 1 81 90 21 9 70 25 50 9 77 77 8 46 63 49 67 70 56 14 57 45 22 6 15 60 34 42 49 28 4 90 15 49 52 5 97 34 63 92 99
98 1 18 74 39 66 66 21 43 1 23 62 73 94 52 91 100 53 91 72 18 41 4 30 1 41 73 63 37 28 84 68 33 62 80 73 91 29 4 16 52 48 80 37 53 20 67 45 41 24 77 83 28 65 24 100 9 76 60 76 28 54 89 98 89 78 46 66 80 43 51 72 48 33 43 84 52 82 8 51 32 46 79 79 82 77 66 70 38 30 84 53 49
57 14 53 45 57 52 40 5 53 96 73 33 59 82 62 47 15 71 59 47 58 79 36 58 25 15 20 13 3 9 12 64 15 98 57 39 72 22 60 41 22 80 77 2 82 75 82 50 51 1 79 28 26 74 87 67 24 15 50 59 78 67 27 83 90 14 12 76 6 92 100 7 9 63 87 61 97 65 20 49 40 5 28 42 59 26 99 66 65 44 75 28 33
55 62 88 72 98 71 18 76 62 92 40 89 57 41 16 15 52 52 65 41 84 81 15 68 84 7 88 97 78 55 19 74 54 41 17 5 42 82 25 69 19 27 66 85 32 16 23 94 71 84 78 7 17 62 68 79 30 10 23 87 18 66 4 58 39 53 38 12 98 33 15 25 31 13 78 56 89 15 95 39 34 11 93 63 53 85 63 34 66 5 74 12 93
51 28 84 17 22 64 27 72 91 45 3 86 92 95 59 68 53 75 21 48 65 66 92 94 6 32 38 75 68 70 76 68 3 96 58 80 22 21 40 29 33 7 61 23 82 90 72 60 80 53 50 64 17 10 92 58 36 30 30 19 88 68 68 59 69 72 50 57 70 78 100 40 98 74 11 47 16 31 73 73 81 68 95 92 90 37 50 48 98 37 59 17 91
72 57 15 74 20 48 38 88 34 22 100 42 13 33 11 65 6 28 53 47 46 66 56 13 14 92 67 96 12 22 27 11 83 40 81 22 50 30 45 60 78 34 55 30 78 50 25 14 9 81 33 17 82 52 100 6 18 58 47 94 28 100 92 74 3 32 1 45 90 67 1 98 69 67 90 29 10 75 83 36 88 26 93 12 11 30 25 24 49 31 39 95 86
56 41 40 6 6 46 47 43 90 48 39 45 77 23 8 42 58 25 10 51 98 82 88 65 1 2 70 40 55 85 88 61 34 7 86 81 19 89 32 78 94 94 24 36 46 28 21 51 40 9 67 78 87 13 44 18 88 29 3 34 34 65 25 71 26 83 24 88 70 43 69 88 65 51 19 36 1 79 8 32 19 1 16 44 26 76 49 79 68 72 4 62 81
50 48 69 9 70 73 28 65 5 6 45 88 60 50 90 38 69 80 95 66 21 80 78 62 51 41 8 20 84 5 24 24 62 35 48 33 53 82 27 20 68 17 67 71 54 42 92 22 82 20 67 32 16 9 54 21 47 31 15 84 61 60 51 73 92 15 11 41 22 43 97 59 19 22 73 33 39 54 79 18 70 15 12 16 26 98 25 34 85 37 76 14 50
38 97 61 8 22 42 56 24 72 79 49 28 62 25 22 63 29 98 98 24 45 54 79 87 15 30 27 85 69 71 3 61 59 64 88 59 13 26 10 60 38 51 84 37 58 31 81 72 93 22 74 76 53 55 61 64 88 1 15 89 88 2 48 49 80 98 4 35 44 9 4 24 21 7 84 81 33 29 21 68 49 57 56 91 90 17 29 61 75 24 1 33 50
5 23 40 60 11 35 56 49 60 42 26 22 21 53 86 23 48 19 98 46 10 9 30 78 79 90 11 7 26 65 62 56 30 1 22 67 50 64 72 13 64 54 77 96 25 70 36 25 92 69 9 49 99 46 6 98 10 22 95 56 52 54 30 62 8 10 69 27 80 3 14 84 62 27 92 92 8 9 100 89 11 89 64 66 97 51 48 98 62 54 35 87 98
87 33 54 62 5 84 36 88 78 94 58 82 43 5 19 57 23 62 67 22 93 57 24 38 62 8 52 97 11 32 78 43 13 51 50 44 8 7 86 79 14 97 77 15 25 69 36 44 64 14 73 50 87 66 63 55 63 66 38 48 85 74 18 10 26 92 26 71 82 31 36 82 1 96 79 71 39 75 2 10 21 28 54 28 28 40 34 68 64 31 42 73 39
46 57 59 4 53 69 31 97 35 6 93 78 73 56 87 6 71 16 54 10 79 97 89 27 37 77 87 28 17 36 56 96 84 49 1 34 100 96 99 72 96 39 57 55 88 64 31 1 71 52 39 8 35 22 100 68 15 13 35 69 60 57 41 24 42 75 46 96 25 35 5 46 98 49 31 53 28 97 98 15 24 86 59 58 15 8 59 8 42 57 100 46 68
79 43 88 22 73 83 16 71 63 87 51 24 85 27 11 79 96 6 47 30 97 69 12 52 63 25 68 62 3 7 69 97 55 38 86 18 98 91 25 57 68 31 4 42 69 46 6 86 17 95 90 51 30 16 81 86 50 11 49 40 5 93 87 44 88 33 68 51 6 59 26 62 13 41 17 29 77 2 88 85 62 97 76 32 78 71 36 30 1 44 90 7 51
38 46 56 39 32 50 32 73 100 12 22 50 39 60 15 31 70 17 89 52 17 57 69 75 54 85 94 68 33 57 78 20 49 70 58 82 38 12 55 84 58 37 25 18 30 12 56 23 20 72 81 76 63 71 56 28 7 63 100 20 82 51 34 85 8 62 77 15 81 71 91 46 50 97 88 72 85 29 43 38 47 60 59 77 41 93 88 51 12 43 62 39 48
91 16 42 33 65 66 41 26 69 62 58 14 41 32 99 86 92 24 91 84 98 85 71 43 66 87 41 99 65 89 100 23 54 70 33 70 13 18 13 39 18 32 7 83 83 6 48 49 8 86 85 17 28 55 79 67 75 4 63 10 93 87 38 38 58 19 47 78 83 61 67 31 70 7 3 48 36 86 90 43 96 90 30 12 5 79 19 75 34 24 49 71 4
41 49 57 3 99 94 8 85 54 77 62 89 53 95 15 3 45 60 52 70 70 3 26 69 51 77 13 32 19 74 59 4 92 11 24 42 8 28 25 15 14 7 74 42 76 69 76 17 21 85 21 72 93 93 23 58 41 75 59 12 46 94 94 25 84 53 35 41 29 54 85 20 3 49 15 91 66 91 35 2 77 32 4 19 8 40 29 3 41 57 1 55 65
10 84 38 37 12 12 88 34 72 40 48 1 99 30 41 84 100 53 53 28 77 72 68 97 3 34 31 85 39 9 9 87 57 72 77 43 80 93 41 90 70 56 12 10 59 23 25 71 92 91 85 92 46 2 4 58 95 18 76 7 8 94 25 74 74 56 70 6 100 96 50 30 74 51 15 42 73 14 20 30 15 26 61 71 59 63 94 67 19 64 49 44 100
77 7 88 19 73 71 81 74 85 48 2 74 38 87 69 3 11 69 20 37 23 72 98 59 30 49 26 30 63 81 62 39 8 27 65 90 54 99 42 4 31 67 34 50 76 96 40 68 80 50 26 56 29 60 94 53 89 13 28 69 57 65 2 76 8 89 46 10 23 46 57 20 33 93 73 24 58 68 19 81 19 96 96 14 84 74 18 35 4 8 53 78 23
96 44 66 41 41 25 98 99 48 32 65 54 9 31 45 4 82 36 78 78 26 75 34 37 45 89 46 16 37 88 90 17 26 84 71 60 47 82 58 80 98 7 27 59 52 44 12 78 27 52 20 88 43 78 4 92 53 60 34 4 59 6 84 94 97 5 84 16 53 45 88 96 39 88 20 36 12 81 76 68 15 72 48 50 50 51 62 93 19 53 40 23 82
56 54 88 78 39 68 59 91 27 23 65 42 99 51 70 11 12 40 74 5 37 39 45 57 69 78 100 19 89 93 64 92 78 49 54 6 57 76 39 35 16 57 7 15 91 18 89 91 10 51 35 69 49 99 44 74 12 95 28 91 96 89 24 40 67 10 31 6 97 7 11 39 84 48 27 7 92 91 82 87 84 15 58 22 35 58 20 5 90 74 85 32 38
82 74 42 53 30 77 36 100 32 56 25 60 56 43 75 20 66 97 31 28 32 37 75 72 6 22 65 24 51 6 7 11 57 81 1 35 73 18 62 62 59 46 95 72 4 91 20 77 18 82 16 18 90 1 38 3 47 19 51 99 34 82 19 88 3 63 31 60 6 51 62 84 15 64 65 89 51 19 43 63 56 10 2 43 23 21 18 84 54 79 83 96 39
90 97 77 50 96 67 14 29 20 44 26 74 27 95 48 57 32 23 98 22 60 1 56 92 35 57 60 96 66 22 22 30 29 83 8 46 96 37 47 64 47 18 13 32 58 32 12 21 32 60 5 19 75 18 80 84 71 93 27 41 60 82 57 62 49 12 99 82 32 34 86 85 50 91 66 63 62 22 42 58 71 31 19 10 88 24 82 64 56 99 19 96 8
35 20 14 78 50 14 38 1 56 70 58 36 50 52 69 12 98 82 43 20 93 22 51 74 46 88 83 76 12 96 55 29 97 95 84 69 27 2 85 94 30 76 45 71 93 9 55 42 7 15 21 27 41 43 24 61 30 83 61 96 78 83 79 86 90 15 63 60 11 68 74 65 21 76 71 27 90 76 5 92 78 71 75 76 60 35 69 98 98 48 8 42 45
49 61 75 21 66 88 79 34 49 20 13 55 41 51 73 93 55 48 15 36 86 17 71 100 97 59 59 98 57 100 49 60 67 90 22 44 78 59 61 27 38 7 43 49 35 73 38 31 71 95 21 96 42 24 8 95 61 82 84 37 27 18 97 6 39 44 36 74 38 64 69 45 8 95 15 87 84 60 2 58 24 77 32 76 13 48 33 67 2 18 25 12 71
36 40 66 20 61 61 74 7 46 33 33 48 100 68 62 11 42 75 90 52 72 7 54 22 5 82 49 75 3 81 89 66 66 74 78 66 24 62 5 7 8 71 52 7 83 17 78 83 9 30 46 40 29 25 61 28 29 78 40 71 75 92 21 86 55 38 96 10 42 6 79 34 74 78 95 58 84 8 83 21 72 21 19 35 84 61 68 85 59 76 71 100 61
39 72 59 56 4 20 8 30 9 70 26 49 30 64 16 22 38 14 94 18 30 6 81 35 61 64 92 75 37 48 88 12 36 21 57 13 5 24 7 48 45 45 90 96 88 68 90 10 98 37 85 19 23 60 48 50 91 60 75 42 5 79 85 78 24 46 82 49 97 6 6 55 59 88 86 26 83 65 75 93 83 69 80 7 42 99 86 98 86 50 81 73 79
85 90 64 88 14 63 77 44 19 69 73 88 81 68 9 55 76 47 7 60 95 83 71 70 44 22 37 19 43 44 83 51 69 93 72 70 45 61 53 22 13 81 82 41 41 14 63 76 83 4 26 7 1 34 14 81 81 48 54 61 58 47 9 78 29 14 9 70 52 3 3 79 69 28 34 31 11 48 15 39 49 77 95 50 31 98 79 79 70 90 16 26 64
61 87 85 52 38 99 69 12 87 72 31 19 99 1 37 45 36 62 17 63 88 11 54 35 75 96 45 42 73 81 57 99 47 51 99 34 38 42 94 92 45 30 17 46 67 82 77 31 86 96 92 73 90 20 74 60 28 80 38 58 27 61 99 81 9 96 20 58 16 16 77 60 89 19 86 51 90 77 98 29 18 51 52 73 77 30 2 70 37 11 29 13 25
84 66 99 17 90 29 67 54 11 88 24 57 61 1 51 59 45 95 42 59 15 86 27 29 31 82 2 24 22 94 59 47 100 24 34 6 9 15 63 72 81 33 33 57 2 50 34 45 1 29 39 17 71 94 60 62 3 80 62 27 11 48 83 89 22 95 44 42 7 26 28 5 68 28 51 62 41 15 11 82 75 86 16 20 59 31 21 92 11 27 65 5 50
76 39 74 21 7 76 58 53 22 53 59 77 50 44 66 2 1 99 25 93 17 3 36 81 62 10 64 92 14 57 18 47 5 83 38 11 16 100 39 28 17 13 12 36 14 96 31 49 18 75 5 49 38 78 52 51 48 51 62 8 84 60 26 93 38 57 87 75 69 78 71 26 97 54 33 46 36 41 53 49 51 39 80 18 6 66 44 96 2 43 19 19 13
11 30 57 80 19 79 3 11 29 35 69 71 25 87 57 58 16 21 54 50 35 73 63 94 34 59 85 64 100 1 39 7 65 75 99 75 1 19 18 37 75 46 33 56 32 33 68 60 74 76 95 98 3 74 39 91 67 87 95 6 32 2 32 51 41 34 87 52 32 43 91 92 45 52 22 89 49 58 44 1 9 45 50 18 70 63 31 95 11 37 32 63 16
95 22 89 98 83 56 62 3 37 74 40 76 6 83 44 78 87 41 20 55 45 24 66 54 95 73 8 76 65 77 53 27 59 81 38 14 87 94 20 39 44 42 88 31 51 18 50 85 96 48 87 53 18 72 95 67 26 41 27 29 3 72 70 96 92 25 68 49 29 39 51 15 30 81 99 38 97 95 21 54 52 48 27 89 61 28 40 97 23 57 20 7 94
35 95 48 62 93 28 76 41 51 55 78 47 91 46 45 54 27 44 100 89 15 89 11 100 48 19 18 81 91 10 39 35 30 69 84 51 15 21 53 72 37 42 22 63 86 45 83 65 4 91 40 35 46 45 16 44 47 88 4 54 88 53 82 25 85 16 99 97 38 60 69 92 51 4 78 16 80 56 95 5 65 14 80 55 2 95 30 90 22 38 14 49 65
36 78 100 94 78 16 35 69 10 12 93 47 26 48 97 59 69 63 37 100 18 73 48 62 36 19 56 81 54 61 62 71 40 84 75 36 3 1 61 91 48 33 94 74 69 95 61 68 42 46 68 22 19 33 26 53 99 81 30 2 72 93 84 97 53 62 55 32 50 28 76 67 77 56 23 32 33 39 54 32 82 92 18 11 2 59 88 34 51 63 42 9 42
41 82 26 52 42 69 61 67 64 37 40 33 93 17 42 10 11 66 22 80 42 4 97 5 18 23 86 28 30 2 20 87 47 79 44 25 37 96 22 98 61 30 89 68 44 69 70 18 48 84 13 68 53 69 53 31 68 25 84 24 40 70 46 1 71 93 40 8 66 27 70 49 39 45 11 99 40 34 40 80 42 14 5 20 95 2 41 51 91 69 21 98 92
40 33 82 38 16 8 92 75 49 34 81 13 60 40 8 85 49 78 75 63 19 62 2 22 8 28 19 69 45 57 7 43 17 43 2 77 51 32 42 6 83 70 64 1 94 96 22 13 78 86 99 28 36 20 96 10 82 33 41 52 95 22 27 23 75 53 21 39 36 3 15 43 42 6 69 12 57 94 8 26 53 81 98 77 51 34 99 100 26 29 8 39 19
96 75 93 10 48 73 92 12 55 22 81 12 56 42 41 49 76 61 93 65 60 34 91 18 93 60 68 79 99 71 5 58 97 20 54 67 35 59 70 84 6 64 59 91 20 20 49 64 54 36 27 15 73 80 59 62 50 36 46 63 85 57 24 7 91 67 86 65 17 28 89 25 36 47 50 49 6 84 37 43 6 4 17 62 28 79 90 94 83 87 5 90 88
3 48 57 46 81 25 76 95 71 100 97 35 83 85 85 88 77 97 72 61 75 1 66 75 6 16 28 21 3 72 25 45 60 62 74 95 87 74 82 41 29 48 68 27 83 67 97 1 100 98 38 21 6 85 94 49 25 63 89 97 5 100 78 77 19 39 80 93 10 75 69 83 3 45 27 4 90 30 13 52 28 95 88 39 38 30 60 38 10 22 50 63 11
76 44 9 84 96 74 22 98 33 15 12 7 30 72 14 31 7 14 14 89 4 61 11 6 94 84 58 32 10 67 49 83 88 59 56 54 75 4 46 67 36 78 55 17 11 10 76 79 94 64 74 45 50 24 3 4 72 4 79 34 95 36 5 74 98 72 26 24 31 61 64 94 73 17 50 17 60 19 46 46 1 72 19 80 18 39 85 22 17 36 92 75 30
1 94 50 85 64 97 85 22 10 60 74 81 44 37 2 23 69 33 59 80 29 56 76 21 47 9 94 25 66 31 96 93 66 58 79 55 15 15 67 79 26 37 21 57 39 91 56 40 17 64 88 61 94 92 13 21 43 34 55 25 8 57 14 65 92 50 45 47 63 94 72 99 22 12 54 64 34 76 77 29 74 91 14 97 65 74 65 94 57 8 31 100 36
57 13 42 19 19 88 51 60 7 80 77 85 43 69 25 44 59 63 73 59 64 72 24 7 93 11 59 46 45 83 59 66 12 57 64 24 59 61 7 66 90 32 57 7 45 24 58 95 2 25 78 66 89 47 59 81 61 49 83 46 8 91 55 2 27 67 92 54 33 26 18 28 82 41 13 69 12 12 88 22 49 38 17 77 45 39 12 80 7 27 32 82 1
35 45 90 94 76 52 1 86 55 98 52 55 99 62 94 94 69 34 41 95 53 85 26 91 19 74 58 5 73 84 64 50 48 98 42 15 92 92 70 9 55 19 81 14 78 17 51 20 7 10 96 42 96 50 23 8 93 26 92 53 11 41 58 37 4 2 78 64 17 92 55 68 21 32 89 89 45 75 17 65 87 56 37 25 95 2 15 29 15 52 15 44 66
